1
516.7953,198.2006,54.6483,30.1714
506.7521,199.4350,53.9014,30.0185
503.0291,198.6066,53.8828,30.0285
486.8718,197.7502,50.9184,30.7769
482.6103,197.4038,49.0742,30.3074
478.7235,196.5569,48.4524,29.6486
2
0
0
0
0
1
405.4226,205.4498,42.5542,42.4532
2
0
0
0
0
1
2
0
0
0
0
1
2
0
0
0
0
1
2
0
0
0
0
1
159.1031,168.8456,29.8445,42.6302
2
0
0
0
0
1
103.6079,179.7736,42.6482,36.9577
2
0
0
0
0
1
141.2745,144.2987,39.0831,31.1546
2
0
0
0
0
1
193.9552,195.3621,33.8005,31.6863
2
0
0
0
0
1
161.1894,205.7123,34.0700,31.4193
186.6605,180.0265,33.3064,32.1777
173.2583,198.3347,34.1436,31.4575
193.3360,175.6806,35.5177,30.2049
176.2857,208.9215,34.6351,31.3156
2
0
0
0
0
1
187.2745,220.8458,31.8736,40.7952
178.3158,223.4386,30.4661,42.1330
2
0
0
0
0
1
214.4059,240.5514,29.8600,36.5491
2
0
0
0
0
1
267.0586,216.8600,43.1048,46.1256
296.5559,212.0203,40.4525,50.2019
301.8535,201.6077,40.5422,50.2498
2
0
0
0
0
1
2
0
0
0
0
1
269.8674,298.2338,47.7178,35.3037
2
0
0
0
0
1
233.3810,264.7473,49.9888,50.7402
2
0
0
0
0
1
268.9767,272.9916,57.5311,49.4399
241.3561,294.3989,63.1095,45.2286
225.2917,313.3377,61.5495,46.2010
2
0
0
0
0
1
2
0
0
0
0
1
2
0
0
0
0
1
2
0
0
0
0
1
2
0
0
0
0
1
223.1132,376.6845,40.7556,33.7362
2
0
0
