111.0000,98.0000,25.0000,101.0000
113.1231,105.7196,25.0661,99.6191
110.9397,105.2022,25.3618,99.0353
110.9112,106.4426,25.4428,99.1837
109.0525,106.4962,25.4901,100.3472
108.2552,106.8775,26.7866,101.4372
105.6264,108.4514,27.8553,102.5592
104.0318,110.8911,29.5567,100.9808
100.7330,112.4036,29.7217,99.5470
100.7330,112.4036,29.7216,99.5470
94.1194,121.3036,29.7704,98.2701
92.3627,128.6532,29.5143,97.6451
90.5364,128.3332,29.1828,96.9561
90.4150,137.2150,29.2857,96.7951
89.8827,137.8376,29.3996,96.6005
89.5745,138.3984,29.4957,96.4547
96.7716,138.9613,29.6196,96.2499
96.0152,139.7824,29.6513,96.1971
88.0641,140.3195,29.6720,96.1632
88.2171,140.8034,29.7925,95.9586
95.6892,141.2645,29.8622,95.8275
95.3990,141.8923,29.9711,95.7167
102.2998,142.5719,30.1024,95.5308
101.8432,143.0692,30.1793,95.4105
117.0353,151.1859,30.3836,95.0282
171.5232,102.9935,29.8462,96.2447
170.2196,94.9801,29.8102,95.8256
171.9744,109.7435,29.4044,96.7057
172.1205,101.2352,29.1987,97.2055
172.1205,101.2352,29.1987,97.2055
172.1205,101.2352,29.1987,97.2055
172.1205,101.2352,29.1987,97.2055
170.5732,99.6365,29.1435,96.9040
170.5732,99.6365,29.1435,96.9040
170.5732,99.6365,29.1435,96.9040
170.5732,99.6365,29.1435,96.9040
170.5732,99.6365,29.1435,96.9040
170.5732,99.6365,29.1435,96.9040
170.5732,99.6365,29.1435,96.9040
170.5732,99.6365,29.1435,96.9040
184.3684,107.7267,29.6069,95.9691
184.3684,107.7267,29.6069,95.9691
184.3684,107.7267,29.6069,95.9691
184.3684,107.7267,29.6069,95.9691
184.3684,107.7267,29.6069,95.9691
184.3684,107.7267,29.6069,95.9691
184.3684,107.7267,29.6069,95.9691
184.3684,107.7267,29.6069,95.9691
184.3684,107.7267,29.6069,95.9691
184.3684,107.7267,29.6069,95.9691
167.1882,115.5015,29.2616,96.8917
167.1882,115.5015,29.2616,96.8917
146.6039,93.8265,29.2392,96.9550
148.1205,94.5935,29.1879,97.0473
146.9617,94.8351,29.1914,97.1319
146.9617,94.8351,29.1914,97.1319
146.7858,94.8084,29.2755,96.9615
146.7858,94.8084,29.2755,96.9615
146.7858,94.8084,29.2755,96.9615
146.7858,94.8084,29.2755,96.9615
146.7858,94.8084,29.2755,96.9615
146.7858,94.8084,29.2755,96.9615
146.7858,94.8084,29.2755,96.9615
146.7858,94.8084,29.2755,96.9615
177.2289,87.9256,29.3116,97.9486
177.2289,87.9256,29.3116,97.9486
182.1721,93.3545,29.2906,99.3355
182.1721,93.3545,29.2906,99.3355
182.1721,93.3545,29.2906,99.3355
182.1721,93.3545,29.2906,99.3355
182.1721,93.3545,29.2906,99.3355
182.1721,93.3545,29.2906,99.3355
180.3763,84.6022,29.2092,98.6022
175.3251,93.0483,29.4893,99.5299
175.3251,93.0483,29.4893,99.5299
175.3251,93.0483,29.4893,99.5299
175.3251,93.0483,29.4893,99.5299
177.7108,97.9021,30.1790,101.9291
164.3091,91.0423,30.5868,102.1195
164.3091,91.0423,30.5868,102.1195
164.3091,91.0423,30.5868,102.1195
164.3091,91.0423,30.5868,102.1195
164.3091,91.0423,30.5868,102.1195
164.3091,91.0423,30.5868,102.1195
164.3091,91.0423,30.5868,102.1195
164.3091,91.0423,30.5868,102.1195
164.3091,91.0423,30.5868,102.1195
164.3091,91.0423,30.5868,102.1195
164.3091,91.0423,30.5868,102.1195
164.3091,91.0423,30.5868,102.1195
174.2923,82.5682,30.8241,101.4601
176.7014,82.0602,31.0703,100.8005
176.7014,82.0602,31.0703,100.8005
176.7014,82.0602,31.0703,100.8005
183.4337,81.3808,31.3027,99.8908
183.9032,80.3869,31.6001,99.0384
182.4723,80.9303,31.9262,97.4844
183.5555,82.2181,32.0861,96.7068
183.5555,82.2181,32.0861,96.7068
183.5555,82.2181,32.0861,96.7068
184.5053,88.7588,31.6105,97.3617
184.5053,88.7588,31.6105,97.3617
181.9325,88.7413,31.4145,97.8156
181.9325,88.7413,31.4145,97.8156
181.1455,81.9443,31.3436,97.2217
180.9804,80.8839,31.2586,96.4918
180.9804,80.8839,31.2586,96.4918
178.8842,76.4524,31.3145,95.8937
178.8842,76.4524,31.3145,95.8937
173.9191,82.6398,30.8858,96.7104
169.3119,82.1779,30.5153,97.8217
170.4624,80.4161,30.3840,98.2061
170.4624,80.4161,30.3840,98.2061
164.6433,63.1961,30.3641,97.2451
158.7455,66.1103,30.1484,95.9759
159.5731,66.3800,30.0871,94.5791
159.7382,66.6649,30.0880,93.8077
159.3658,68.3217,30.1272,92.1658
157.2886,69.0683,30.1834,91.2637
152.3610,71.6921,30.0973,90.7305
154.0726,77.8702,30.0314,90.3771
159.9264,115.7857,30.2989,89.8239
159.9760,115.9956,30.4007,89.6138
159.9760,115.9956,30.4007,89.6138
165.5506,86.4164,30.3710,89.4181
169.9548,81.6809,30.3372,88.9965
169.9548,81.6809,30.3372,88.9965
169.9548,81.6809,30.3372,88.9965
169.9548,81.6809,30.3372,88.9965
169.9548,81.6809,30.3372,88.9965
169.9548,81.6809,30.3372,88.9965
169.9548,81.6809,30.3372,88.9965
169.9548,81.6809,30.3372,88.9965
169.9548,81.6809,30.3372,88.9965
184.8883,95.2353,30.3931,88.5962
184.2135,96.8776,30.3759,88.3920
186.2727,96.8867,30.3258,88.1253
186.2202,98.3241,30.2845,87.6972
184.8271,100.4196,30.2993,87.2249
184.8271,100.4196,30.2993,87.2249
184.8271,100.4196,30.2993,87.2249
183.3878,109.0257,30.0435,87.2792
185.0785,109.3103,29.8394,87.5297
184.0864,107.7647,29.6077,87.5140
184.0864,107.7647,29.6077,87.5140
184.0864,107.7647,29.6077,87.5140
184.0864,107.7647,29.6077,87.5140
184.0864,107.7647,29.6077,87.5140
184.0864,107.7647,29.6077,87.5140
184.0864,107.7647,29.6077,87.5140
184.0864,107.7647,29.6077,87.5140
184.0864,107.7647,29.6077,87.5140
184.0864,107.7647,29.6077,87.5140
184.0864,107.7647,29.6077,87.5140
184.0864,107.7647,29.6077,87.5140
184.0864,107.7647,29.6077,87.5140
184.0864,107.7647,29.6077,87.5140
184.0864,107.7647,29.6077,87.5140
184.0864,107.7647,29.6077,87.5140
184.0864,107.7647,29.6077,87.5140
184.0864,107.7647,29.6077,87.5140
184.0864,107.7647,29.6077,87.5140
184.0864,107.7647,29.6077,87.5140
184.0864,107.7647,29.6077,87.5140
184.0864,107.7647,29.6077,87.5140
184.0864,107.7647,29.6077,87.5140
192.6208,114.3529,29.6413,87.9833
192.6208,114.3529,29.6413,87.9833
192.6208,114.3529,29.6413,87.9833
193.7429,92.9230,29.6554,87.8267
191.9405,92.2035,29.7016,87.3084
191.3439,93.2429,29.7112,87.1036
191.3346,94.0454,29.6738,86.8618
189.4286,92.1395,29.6187,86.7427
189.4286,92.1395,29.6187,86.7427
184.9964,98.3110,29.4839,86.7831
184.9964,98.3110,29.4839,86.7831
186.7698,99.6860,29.2792,86.8463
186.7698,99.6860,29.2792,86.8463
186.7698,99.6860,29.2792,86.8463
186.7698,99.6860,29.2792,86.8463
186.7698,99.6860,29.2792,86.8463
186.7698,99.6860,29.2792,86.8463
185.1137,99.9726,29.0929,86.7466
185.1137,99.9726,29.0929,86.7466
179.1992,100.1578,29.0170,86.7951
179.1992,100.1578,29.0170,86.7950
174.1077,93.2540,29.0857,86.6312
174.1077,93.2540,29.0857,86.6312
174.1077,93.2540,29.0857,86.6312
174.1077,93.2540,29.0857,86.6312
174.1077,93.2540,29.0857,86.6312
174.1077,93.2540,29.0857,86.6312
174.1077,93.2540,29.0857,86.6312
174.1077,93.2540,29.0857,86.6312
174.1077,93.2540,29.0857,86.6312
174.1077,93.2540,29.0857,86.6312
174.1077,93.2540,29.0857,86.6312
174.1077,93.2540,29.0857,86.6312
174.1077,93.2540,29.0857,86.6312
174.1077,93.2540,29.0857,86.6312
174.1077,93.2540,29.0857,86.6312
174.1077,93.2540,29.0857,86.6312
174.1077,93.2540,29.0857,86.6312
199.8998,92.9247,29.2127,86.5748
203.9151,93.2214,29.3376,86.4349
201.5743,91.2815,29.4475,86.1582
201.5743,91.2815,29.4475,86.1582
201.5743,91.2815,29.4475,86.1582
201.5743,91.2815,29.4475,86.1582
206.0347,100.3979,29.4080,86.3093
206.0347,100.3979,29.4080,86.3093
206.0347,100.3979,29.4080,86.3093
206.0347,100.3979,29.4080,86.3093
206.0347,100.3979,29.4080,86.3093
198.4811,136.9253,29.1991,88.0164
198.4811,136.9253,29.1991,88.0164
198.4811,136.9253,29.1991,88.0164
198.4811,136.9253,29.1991,88.0164
198.4811,136.9253,29.1991,88.0164
127.4687,138.8818,29.2903,89.2484
126.1760,140.0506,29.7696,91.3672
126.1760,140.0506,29.7696,91.3672
126.1760,140.0506,29.7696,91.3672
126.1760,140.0506,29.7696,91.3672
126.1760,140.0506,29.7696,91.3672
126.1760,140.0506,29.7696,91.3672
126.1760,140.0506,29.7696,91.3672
126.1760,140.0506,29.7696,91.3672
126.1760,140.0506,29.7696,91.3672
126.1760,140.0506,29.7696,91.3672
126.1760,140.0506,29.7696,91.3672
126.1760,140.0506,29.7696,91.3672
126.1760,140.0506,29.7696,91.3672
126.1760,140.0506,29.7696,91.3672
126.1760,140.0506,29.7696,91.3672
126.1760,140.0506,29.7696,91.3672
126.1760,140.0506,29.7696,91.3672
126.1760,140.0506,29.7696,91.3672
126.1760,140.0506,29.7696,91.3672
126.1760,140.0506,29.7696,91.3672
126.1760,140.0506,29.7696,91.3672
126.1760,140.0506,29.7696,91.3672
126.1760,140.0506,29.7696,91.3672
125.6697,140.0223,29.9205,91.1559
125.2409,140.2058,30.0621,90.9505
125.2409,140.2058,30.0621,90.9505
125.2409,140.2058,30.0621,90.9505
125.2409,140.2058,30.0621,90.9505
125.2409,140.2058,30.0621,90.9505
125.2409,140.2058,30.0621,90.9505
125.2409,140.2058,30.0621,90.9505
125.2409,140.2058,30.0621,90.9505
125.2409,140.2058,30.0621,90.9505
125.2409,140.2058,30.0621,90.9505
125.2409,140.2058,30.0621,90.9505
125.2409,140.2058,30.0621,90.9505
125.2409,140.2058,30.0621,90.9505
125.2409,140.2058,30.0621,90.9505
125.2409,140.2058,30.0621,90.9505
125.2409,140.2058,30.0621,90.9505
125.2409,140.2058,30.0621,90.9505
125.2409,140.2058,30.0621,90.9505
125.2409,140.2058,30.0621,90.9505
125.2409,140.2058,30.0621,90.9505
125.2409,140.2058,30.0621,90.9505
125.2409,140.2058,30.0621,90.9505
124.9283,140.5706,30.0817,90.9452
124.9283,140.5706,30.0817,90.9452
116.9908,146.7158,30.4736,92.1426
116.9908,146.7158,30.4736,92.1426
116.9908,146.7158,30.4736,92.1426
116.9908,146.7158,30.4736,92.1426
116.9908,146.7158,30.4736,92.1426
116.9908,146.7158,30.4736,92.1426
116.9908,146.7158,30.4736,92.1426
116.9908,146.7158,30.4736,92.1426
147.7983,147.0958,30.4209,91.8636
147.7983,147.0958,30.4209,91.8636
147.7983,147.0958,30.4209,91.8636
147.7983,147.0958,30.4209,91.8636
147.7983,147.0958,30.4209,91.8636
147.7983,147.0958,30.4209,91.8636
161.5610,108.9365,30.4725,92.1566
108.4672,132.4274,30.7274,95.0004
109.2344,139.6078,30.7747,94.9683
109.2344,139.6078,30.7747,94.9683
102.1719,155.6471,31.5187,94.9494
96.3924,155.0863,32.0638,95.1299
96.3924,155.0863,32.0638,95.1299
96.3924,155.0863,32.0638,95.1299
96.3924,155.0863,32.0638,95.1299
96.3924,155.0863,32.0638,95.1299
96.3924,155.0863,32.0638,95.1299
96.3924,155.0863,32.0638,95.1299
96.3924,155.0863,32.0638,95.1299
96.3924,155.0863,32.0638,95.1299
96.3924,155.0863,32.0638,95.1299
153.4248,147.4411,32.1262,94.7491
153.4248,147.4411,32.1262,94.7491
153.4248,147.4411,32.1262,94.7491
153.4248,147.4411,32.1262,94.7491
153.4248,147.4411,32.1262,94.7491
153.4248,147.4411,32.1262,94.7491
104.4272,132.6347,32.2149,95.6289
104.4272,132.6347,32.2149,95.6289
104.4272,132.6347,32.2149,95.6289
