276.0000,161.0000,73.0000,74.0000
277.3441,161.1235,73.6108,76.2755
279.4573,159.9542,74.2935,77.8259
282.2084,159.8079,74.1622,77.3740
285.3928,159.6213,74.0584,76.9903
294.0594,160.4619,69.5311,72.7148
295.4771,161.3446,66.7243,70.2576
302.8857,159.8042,66.9901,70.4829
301.5814,161.1398,69.6198,71.6382
308.4763,160.0541,70.2513,71.9600
308.7841,160.3795,70.3082,71.4965
303.5787,162.5458,64.8978,71.2068
320.1577,155.6007,63.7139,71.4397
314.1844,148.6507,63.7036,71.3336
309.9626,149.4109,59.2857,69.3476
309.9626,149.4109,59.2857,69.3476
319.9138,140.4023,59.7845,69.0965
320.8880,141.3696,60.8310,68.4512
320.4052,142.7843,61.3471,67.9491
319.7142,144.8726,61.7726,67.4488
319.2606,146.3704,62.1704,67.0313
318.6887,148.8758,62.5832,66.4710
318.8014,150.7301,62.8741,65.9890
319.0410,151.7868,63.1579,65.7297
319.8334,152.6638,63.2623,65.7794
317.0332,154.6361,63.2629,64.9893
316.6685,155.3431,63.4878,64.7954
315.4736,157.4693,63.6268,64.5044
315.0602,158.8853,63.8265,64.2841
315.0255,160.3243,63.9460,64.2449
315.8245,160.2278,63.6569,64.4761
314.7207,166.3784,63.5659,63.9821
313.1796,173.6568,64.2635,61.4549
311.8203,165.9030,64.2697,61.5493
312.6852,172.3102,65.0066,60.2324
310.5501,165.6703,65.1408,60.8459
311.1134,164.7937,65.1641,61.5380
311.0181,163.6848,64.8926,62.0935
312.6902,164.0159,64.1404,62.5720
319.1566,164.6911,62.3162,62.9869
311.4520,165.8643,61.7717,63.5266
312.1545,167.4581,61.5009,64.0791
311.1861,169.1826,61.3206,64.3990
310.3036,170.6908,61.6232,64.8835
308.7017,175.6237,62.2499,64.9738
310.1024,174.0815,62.3781,65.0757
311.5063,173.0170,61.8824,65.5685
305.1530,188.5908,63.5706,62.1033
306.9738,179.7031,64.1735,61.8306
308.2333,178.7099,63.8242,62.3717
309.0749,177.3469,63.6461,63.2382
306.1660,193.5269,65.2094,59.5535
306.2830,183.9799,64.5012,59.4634
313.4057,178.4656,62.2140,60.3537
313.7060,179.5919,60.5150,61.4981
314.4634,179.3285,59.3295,62.1841
314.5120,179.2497,57.9978,63.1812
314.4137,179.0889,57.1423,63.6929
314.2735,179.2911,56.7093,64.1658
313.3368,180.0645,56.6289,64.6734
313.3382,180.4227,56.5060,65.4805
309.7947,197.5291,58.2571,62.1156
307.9860,200.1595,61.4083,57.4268
307.6210,209.1099,64.2915,50.2670
307.8369,209.3590,66.0778,47.9281
309.1381,202.7316,66.6078,47.0073
309.4563,203.5180,67.0826,45.5707
310.0627,204.6609,67.3234,44.4058
309.8657,206.0392,67.7013,43.1389
310.4682,210.8782,68.0204,42.0963
291.0170,191.6697,60.7778,49.5570
292.7903,191.0035,55.9205,54.9744
293.2736,195.9289,53.7998,56.8650
295.9208,201.2320,50.1729,60.9026
294.8112,199.9294,49.3279,61.5149
297.2723,203.6109,46.2656,64.2000
316.0489,229.4241,54.5416,52.3075
313.3773,229.1522,56.0457,50.4617
335.4236,204.5511,51.7105,55.4071
322.6187,209.8674,52.2983,57.1467
332.7925,207.2617,49.8486,60.8955
297.9624,199.1983,50.8506,60.2148
285.3600,212.2245,47.0505,64.2011
285.3918,212.8077,45.2933,66.1955
285.6244,213.4901,43.8089,68.1974
284.1234,205.5496,43.1617,68.2593
298.0992,205.3165,44.3466,67.2949
283.1479,206.3609,44.0532,67.4798
298.0430,199.5733,44.8624,66.5735
283.2251,206.8600,43.8900,68.3332
297.8589,228.7865,45.1085,65.6376
304.0528,213.9890,45.6999,65.6420
304.2240,213.4345,45.3065,66.0276
303.4267,212.7949,46.0988,65.7049
302.5779,220.3867,45.7991,65.4937
301.2474,227.7077,46.2404,64.8879
281.0703,200.0297,44.6345,67.0394
302.3727,222.9874,46.5142,65.2426
299.9124,232.5484,51.4565,60.4309
281.6753,201.3862,49.3796,63.0655
303.1801,224.5765,51.1587,61.2734
302.2974,229.4764,57.7899,53.9510
281.6240,207.1515,55.7227,56.8084
282.8143,205.7342,54.0682,58.7670
282.6376,199.3457,53.1815,59.5223
303.2667,231.6701,59.6588,51.5931
283.0130,206.8472,57.4341,54.2868
303.7144,228.5717,59.3465,52.4870
302.3134,232.0876,63.8901,47.0774
281.1250,207.2001,61.1446,50.3037
303.5536,229.2420,62.3297,49.0572
281.5271,204.2075,59.9178,52.0918
304.0659,225.9033,61.2183,50.8745
303.6336,227.0575,62.4390,49.5550
302.5731,229.9476,66.5980,44.5573
302.8102,230.0167,67.3185,43.7466
300.7368,232.9411,69.8163,40.1032
300.7553,233.1646,71.0995,37.7516
279.1834,210.0406,68.9236,40.3760
286.1632,196.3125,67.8103,41.4045
301.6326,195.5044,66.1108,42.7672
281.8187,205.9177,61.6601,48.1124
283.5147,203.2891,58.6597,51.9164
283.1138,200.9851,56.3165,54.2632
305.8236,223.3829,57.6888,52.7935
305.9228,224.9093,60.1699,50.4588
305.6918,226.5359,62.8663,47.8254
302.9224,230.5515,66.6690,43.3292
302.0018,229.6653,67.3359,42.4707
280.4330,206.1699,64.5060,45.9733
280.9944,203.7387,61.3870,49.7422
281.0208,201.3062,58.7472,52.3813
306.8431,224.4244,62.0590,48.6026
305.1243,226.7111,65.6752,44.6462
303.6877,228.1452,67.1801,42.3433
303.7809,229.1202,68.5912,40.0248
302.6392,228.1904,69.1930,39.2068
301.7376,227.8876,69.7726,38.4413
300.7966,228.0668,70.5941,37.4995
300.2162,227.1695,71.1246,36.8017
300.2318,227.9133,71.7219,35.9889
299.2344,227.9393,72.4286,34.4479
300.0046,226.9155,72.7156,34.1525
300.3795,226.1843,72.8042,33.9727
300.4419,226.1857,72.9657,33.6448
294.7669,226.4247,72.7515,33.5266
299.8118,224.6822,73.0246,33.3236
294.9389,217.4763,72.1171,33.9991
290.9798,218.1700,70.7925,34.7879
286.9588,223.8706,68.5882,34.9218
289.5147,223.7068,66.6345,34.9728
301.6122,223.0601,67.0217,34.8564
301.3780,223.7603,67.3256,34.4904
300.3615,223.0263,67.8044,34.1923
301.3907,189.6358,63.6100,38.3418
306.9035,176.9101,62.9808,39.1886
305.9362,177.5517,62.1806,40.0939
319.2427,182.5735,61.3854,40.7300
306.1869,182.6291,60.4251,41.8995
311.0687,182.1841,60.1878,43.0486
305.4739,188.3505,58.7338,45.3112
306.6509,181.3324,55.1707,48.2292
308.5659,180.2826,50.9515,50.6150
319.9791,205.0182,50.8467,50.9008
312.9624,177.9453,48.5806,52.4664
316.5447,204.3564,50.4567,52.7915
310.8751,176.7292,46.2661,54.9551
311.7860,182.0310,44.2653,56.5846
312.6307,174.8043,42.7346,56.7714
323.5020,163.1447,43.5335,56.1643
316.0720,174.1988,42.9932,56.3676
315.8462,173.5476,42.5845,56.2519
315.8745,161.6499,43.4659,55.5397
315.0796,173.1307,43.0823,55.4096
320.6342,165.7433,44.5253,54.3925
319.8640,176.7807,45.4434,54.2016
312.7505,176.2063,47.1118,54.1516
317.0925,170.0993,48.4269,53.8451
309.4711,176.5663,47.0815,54.6889
315.1141,170.7381,48.5515,53.5207
315.7777,176.4238,48.7807,53.0968
315.5775,176.1033,48.9456,52.5150
300.8264,149.5321,49.9387,51.5504
300.1180,155.5932,52.2803,49.3066
297.9285,156.4597,55.8267,45.7151
297.8972,161.9242,57.5493,44.0959
309.9752,180.7025,57.6035,44.0521
297.0549,161.1287,59.5701,41.7075
309.1567,185.8035,59.0706,42.4019
301.8307,160.1716,59.7511,41.5967
294.9630,155.2310,59.8346,41.3022
300.5568,160.4577,60.6553,40.3397
312.5437,178.1876,59.7845,41.8227
298.9612,157.6372,60.6137,41.2216
297.8659,156.5793,62.1811,39.5456
310.1230,162.2545,61.9093,39.6982
297.3604,155.3617,63.2948,38.2858
309.1596,161.0133,63.1069,38.2222
315.0231,179.5173,61.8429,39.1709
314.8588,178.4093,61.0380,40.3388
315.8767,178.5677,60.2352,40.7766
316.4658,178.0845,59.0378,41.5675
321.9810,178.0816,58.4390,41.7695
321.3082,183.1502,58.0892,41.8755
320.1538,177.2354,57.6664,42.1452
300.5375,160.4360,58.7036,40.7537
306.8304,160.9625,59.4402,39.9111
318.3926,180.2500,59.1795,40.4792
319.0899,186.8594,58.0728,41.3892
318.5839,187.3185,57.1815,41.9543
318.0051,205.0156,57.1218,42.6366
312.4535,186.0406,56.3472,42.9812
306.2924,155.5943,57.0750,41.8245
306.2174,161.0279,57.0065,41.6568
300.1013,161.0340,57.9681,40.8224
299.9856,161.3129,58.5164,40.2953
305.3171,165.6878,58.0161,40.6748
310.2143,170.8915,57.4585,41.1400
298.2771,154.1046,58.0586,40.1546
296.9651,154.3963,58.3686,39.9209
296.4469,150.2814,58.8240,39.0920
302.2730,154.1064,57.8811,39.8930
302.3679,159.4150,57.5170,39.8727
302.7323,165.0139,57.0158,40.2110
320.6409,188.1933,56.6738,41.0419
315.2481,194.7313,56.6453,40.9669
315.6034,194.9056,56.6628,40.6968
302.4938,201.0287,56.1139,41.5224
314.9795,194.1727,56.3940,41.1979
301.6279,200.6424,56.3498,42.0167
265.6825,160.8824,54.2465,43.5337
264.3349,159.4911,53.1786,44.1816
270.5845,164.1333,52.7943,44.3777
319.4795,183.0080,53.3728,44.8417
295.8859,137.2148,51.7497,47.1638
284.7188,122.7421,51.7432,47.2000
293.0928,132.5615,50.2377,48.8056
266.8830,155.0732,48.5256,49.5493
273.7915,154.7154,48.4094,49.4849
285.1776,116.8611,48.9236,49.9705
287.4819,127.6725,48.2604,50.5784
262.4134,150.5662,47.2510,50.9560
280.6606,118.7013,47.4286,51.0810
282.4474,123.8802,46.7939,51.4370
282.4474,123.8802,46.7939,51.4370
283.4182,123.5301,46.7753,51.4099
257.5044,152.0423,46.1822,51.3676
257.5044,152.0423,46.1822,51.3676
257.5044,152.0423,46.1822,51.3676
257.5044,152.0423,46.1822,51.3676
270.4638,145.8331,45.9832,51.5208
270.4638,145.8331,45.9832,51.5208
257.4355,150.7620,45.5715,51.4589
257.0096,149.9812,44.6688,51.2709
257.2741,142.7602,44.6334,51.3146
268.0095,149.9385,44.3662,51.1068
273.9290,143.9173,44.1387,51.3744
280.4035,150.4796,44.6030,50.7021
267.1502,155.2070,44.4041,50.6342
267.1502,155.2070,44.4041,50.6342
267.1856,160.3157,44.0538,50.5574
273.7278,164.4206,43.9078,50.4677
273.7095,168.9654,43.7728,50.3458
274.0753,167.8627,43.4860,50.1449
320.7024,161.7162,44.4711,49.1945
331.9792,183.4170,42.8751,50.1474
331.3682,187.5079,42.1770,50.1629
308.6681,169.5958,42.2541,49.0139
287.1922,175.3686,41.5696,49.2761
303.8392,174.1169,42.0425,48.5160
302.6433,173.6974,42.7029,47.3654
287.1347,185.9176,42.6129,47.5904
309.8360,179.1718,42.9225,46.8187
327.1507,157.9812,43.5428,46.1396
327.6671,157.2009,44.0578,45.5591
337.3216,195.2114,42.6180,46.4089
337.5620,188.6035,41.5236,47.6588
338.1109,192.6439,40.0065,48.6123
337.6821,192.2283,39.4499,49.0735
336.5030,191.8417,38.7877,49.4824
337.1484,189.9169,36.3026,51.0598
338.0134,188.4391,34.8216,51.8926
338.4145,188.1212,33.8176,52.3599
338.7426,187.0468,31.5349,51.9981
340.3462,185.4077,30.4293,52.4589
340.2515,183.3673,29.9140,52.3692
319.9698,231.1199,30.9724,50.4083
339.8794,183.3740,30.5272,50.0662
339.6512,177.7634,30.4403,50.3754
340.6699,181.8241,30.0256,49.5132
340.3199,179.8925,29.5566,49.9178
340.5471,178.8695,29.3196,50.1857
340.8020,187.8650,29.3232,49.6501
336.7397,172.6659,29.6738,49.3071
340.3057,166.5493,29.4388,49.6135
339.3788,170.0643,29.2695,49.3315
324.6685,223.7721,31.0150,48.1761
303.9196,198.3521,31.8816,47.6396
325.0784,224.2930,32.6307,46.4993
314.1069,223.1271,33.3497,45.8849
298.6472,198.0761,34.5354,45.0729
288.6650,203.9852,34.5207,44.8452
298.3938,197.8572,35.2125,44.3332
288.8556,202.2447,35.0012,44.3122
277.4098,172.7827,35.3083,42.2934
296.6762,153.9062,35.4829,41.9365
297.1780,158.0950,35.6584,41.8699
276.6459,174.5604,35.7313,40.6379
291.1024,203.7148,35.5870,40.7974
295.9580,198.0598,36.1889,40.1085
295.6624,198.6097,36.3540,39.7031
326.1029,212.5353,36.3653,39.2707
297.3774,199.3435,36.7420,38.5793
278.6241,181.1599,36.8264,36.0839
314.0577,181.9564,36.7486,35.3661
278.2361,183.0192,36.3427,33.4388
312.5394,178.5438,36.2830,33.1456
277.4535,181.3079,35.6628,32.7401
312.6094,175.5695,35.4671,32.5869
278.8667,178.7062,35.1092,31.8006
279.7585,171.3353,35.0952,31.7701
316.6788,170.6394,34.8144,31.7667
281.5046,177.6964,34.9818,31.3964
307.1522,198.0416,35.1248,31.7653
283.8119,178.3040,34.0223,30.9114
312.5048,194.5077,34.1514,31.0305
287.6693,177.5001,33.8726,29.7213
317.3632,186.1410,33.2144,30.3035
292.4184,178.0153,32.3813,29.1272
320.2402,188.4278,31.3765,29.7598
295.6784,179.4200,31.3587,29.3607
323.4468,186.6169,30.8208,29.4449
297.0737,180.6529,30.2665,28.0637
329.4646,187.2846,29.6360,28.3274
300.5348,183.7095,29.3424,27.2381
329.3847,190.4073,28.9476,27.2430
303.9681,187.0426,28.6866,26.6912
306.5232,189.8963,28.0897,26.4394
306.4675,192.4721,27.3633,25.7389
309.0826,195.3034,27.2529,25.7885
311.6737,195.5872,27.2582,25.8014
284.0489,196.1596,27.2278,25.6945
280.9180,195.1887,27.8077,25.9506
281.5754,199.5614,27.9998,25.8718
284.0153,199.0466,27.7773,25.9715
284.7466,199.5656,26.7473,25.9004
287.0406,203.9447,26.7095,25.8727
286.1479,203.5279,26.8801,25.9715
283.5887,206.0782,26.7744,25.7562
280.1894,203.0598,26.3672,26.0897
279.7295,200.2262,26.7725,25.6554
287.1833,212.8557,26.9214,25.4942
280.4575,203.0842,26.7090,25.6312
290.3336,215.5806,26.5214,25.3339
279.8895,205.6896,25.7793,26.1079
290.4289,219.3004,25.8986,25.9398
280.0245,206.1280,25.0694,26.8352
280.0245,206.1280,25.0694,26.8352
279.4365,206.1952,24.4374,27.4637
278.9191,209.0402,23.8523,28.0842
281.8987,208.8943,23.3597,28.5101
275.5564,205.6049,22.7753,29.2430
275.5564,205.6049,22.7753,29.2430
275.5564,205.6049,22.7753,29.2430
275.5564,205.6049,22.7753,29.2430
273.0198,188.4375,22.4946,29.5996
292.2540,217.2304,23.4627,28.2324
282.2058,210.4710,23.1661,28.4969
294.2759,197.9196,23.4637,27.9826
294.8622,198.9178,23.5583,27.9185
294.1653,202.4541,23.6694,27.7151
296.4105,203.2836,23.7264,27.6616
295.4941,206.7468,23.8643,27.3258
295.8986,190.0982,23.9907,26.9146
294.9436,191.0113,24.0917,26.5662
313.1876,158.7406,24.3120,25.9390
312.4925,161.7410,24.5284,25.4201
312.4925,161.7410,24.5284,25.4201
311.9395,167.5464,24.6945,24.9272
284.4532,167.5579,25.0031,24.6169
285.3347,167.8906,25.3196,24.6418
290.6428,189.8738,25.8985,23.3975
282.2759,176.7710,26.0416,23.2018
283.4005,173.5707,26.1775,23.3421
280.9230,176.8514,26.2553,23.1398
281.8087,179.8888,26.2809,23.0218
281.8765,179.8623,26.2607,22.9564
279.8792,180.1569,26.3403,22.8335
280.7308,180.4320,26.3686,22.6967
281.8675,180.6383,26.3974,22.5103
279.9683,179.9729,26.4193,22.3188
277.5345,180.4777,26.4474,22.2362
299.4317,165.0373,26.3431,21.6646
305.0425,179.6633,26.1786,21.3093
304.9093,181.8461,26.0083,21.1219
286.2686,203.0797,26.3615,20.4967
280.7250,190.2937,26.2772,20.5069
280.9091,189.5052,26.1849,20.4616
281.7302,191.4152,26.1281,20.4385
279.8947,188.4068,26.0292,20.5160
280.1226,188.7125,25.9922,20.4810
302.5665,170.2481,25.9919,20.3328
306.0899,184.5783,25.7379,20.3947
304.2127,181.7354,25.2653,20.1896
300.8233,181.0785,25.2049,20.1661
295.5660,181.2411,24.9500,19.8827
299.1931,197.0445,24.7255,19.9185
291.1071,182.6295,24.9123,19.9972
288.1855,184.5777,24.7605,20.1985
287.8389,184.0816,24.6228,20.2517
290.5918,198.2052,24.1696,20.2262
285.0225,183.8419,24.0909,20.2917
310.6453,182.8513,24.1729,21.0370
301.7257,165.1370,24.2653,21.2714
304.7186,178.4911,24.0483,21.8569
295.6423,162.9541,24.1342,22.1116
300.6998,173.3679,23.6109,22.5602
289.8375,158.2876,23.5379,22.6615
295.1405,166.2594,23.3923,22.9357
286.3540,153.8116,23.3973,23.0780
291.4860,159.1078,23.2363,23.2455
291.4860,159.1078,23.2363,23.2455
297.1091,159.7863,23.2240,23.2206
285.0359,149.9452,23.0652,23.3186
284.9401,149.3410,23.0323,23.3480
284.9401,149.3410,23.0323,23.3480
284.9401,149.3410,23.0323,23.3480
314.5012,148.6932,23.1547,23.2741
314.2789,145.6993,23.1636,23.2778
311.0804,142.7907,23.1249,23.3066
302.8672,160.9059,23.2109,23.3369
303.1838,157.9138,23.1633,23.3284
303.4496,157.5699,23.2374,23.3643
301.0230,155.0016,23.2845,23.3745
303.2966,155.7648,23.3448,23.3892
324.6621,162.5503,23.5016,23.4044
325.2162,162.7340,23.5298,23.4038
325.4677,165.2698,23.8699,23.4229
325.9991,168.1152,23.8965,23.4497
308.8572,143.2637,23.8840,23.6476
327.2785,172.0069,24.0926,23.8875
309.2506,148.4426,23.8289,23.2780
327.9183,177.3191,24.1488,23.4330
328.8822,179.9409,24.3344,23.4721
308.6249,153.2970,23.8528,23.0555
306.1835,177.5733,23.9550,23.2043
330.4984,185.2030,24.0013,23.3243
308.7831,158.6092,23.7672,23.3466
332.1079,187.1735,23.7458,23.7738
310.1316,163.3795,23.5049,23.6579
334.5807,191.6444,23.7628,24.1733
310.6043,168.7743,23.5870,23.6594
336.9602,197.4388,23.4303,24.7476
312.2398,176.9776,23.2510,23.8231
338.9521,204.4020,23.3442,24.3241
312.6200,183.0807,23.7366,23.7354
340.1672,208.8631,23.6587,24.1892
313.4966,187.3730,23.7813,23.8618
341.1457,211.7284,23.8635,24.2475
311.6834,188.1467,24.3393,24.6679
341.5873,211.8924,24.5584,24.8536
313.2718,189.9144,24.4049,24.3601
342.8385,213.1266,24.5193,24.6652
314.2425,190.4990,24.6120,24.5028
342.7512,211.4288,24.8716,24.8340
314.0793,189.0342,24.8028,24.2369
286.8694,192.9040,25.3282,24.0974
314.3288,189.4425,25.2659,23.5572
317.8622,212.1073,25.5112,23.5423
314.2903,190.7417,25.4775,23.0222
345.7304,212.0078,25.4675,23.6381
314.8528,191.6363,25.5772,23.2194
315.5726,191.1138,25.2938,23.3093
348.2416,211.6364,25.4393,23.6680
316.4062,189.9501,25.4057,23.6275
348.1602,208.0174,25.3646,23.7804
316.3773,189.1629,25.5491,23.8140
314.0998,189.4190,25.7509,23.5569
313.5736,190.2311,26.1954,22.8772
313.9672,190.3854,26.4112,22.7682
317.7200,212.2863,26.4446,22.9731
317.9263,212.6781,26.5589,23.0654
315.3681,215.7341,26.5989,23.3078
315.9164,215.6979,26.6872,23.5239
316.4816,216.0405,26.8279,23.6158
316.8068,216.3637,26.9543,23.7173
317.2665,216.6959,27.1300,23.8687
317.7921,219.9464,26.9139,23.7678
318.0682,219.0802,27.0757,23.9373
318.6770,218.4017,27.2454,24.1240
319.2167,214.7446,27.4078,24.2647
308.5890,194.2389,27.5733,24.4178
321.1339,209.9461,27.7460,24.3663
321.1487,212.5103,27.9048,24.5290
321.0212,214.9655,28.0643,24.6791
320.8459,214.1486,28.3420,24.9576
320.3210,213.4288,28.6093,25.3023
319.8397,212.7646,28.8262,25.5518
316.0115,209.2037,28.8538,25.5545
291.9684,195.4426,28.8933,25.7480
273.9499,212.3381,29.1960,25.9358
273.7440,214.8155,29.7206,26.2355
291.4065,193.6758,29.9740,26.3682
274.1296,217.1569,30.3752,26.6493
292.1935,194.9802,30.4830,26.5627
329.1014,183.0893,30.6019,26.9465
328.8276,181.4237,31.0997,27.5901
328.8811,180.2950,31.1631,28.1919
331.5042,179.5488,30.9004,28.5645
328.2530,186.2593,30.9997,28.5634
330.5795,181.7697,31.1730,28.8438
291.7818,200.4579,31.3449,29.1303
279.3011,226.6122,31.6378,29.2604
292.0392,202.8168,30.8067,28.9396
328.9395,184.0273,30.8824,29.0155
293.4372,206.2184,31.1071,28.7802
281.4143,233.0315,31.2585,28.3234
277.7879,230.4651,30.7584,28.1959
289.7284,208.0973,30.2594,28.0858
279.3007,231.5777,30.5114,27.8078
305.9337,241.3051,30.9583,27.7377
305.5889,240.0300,31.0842,27.6127
333.6954,247.9720,31.2898,27.4755
330.7263,244.2665,31.2658,27.3422
332.9929,244.8285,31.5122,27.3563
331.4340,244.1889,31.8656,27.3675
330.0636,242.8302,32.1416,27.6097
328.9226,241.6953,32.4191,28.0990
327.9658,238.9079,32.2633,28.3178
301.5433,231.9705,32.3570,27.3878
300.4554,230.7744,32.6589,27.5548
327.1197,231.0476,32.5587,27.1061
326.4114,233.3382,32.4939,27.5146
326.4447,229.5157,32.4193,27.3628
329.0273,226.7135,32.4021,27.3974
299.8163,219.0258,32.4839,27.2965
299.2022,218.7773,32.0327,27.0849
300.3588,215.8558,31.8769,26.8535
300.3588,215.8558,31.8769,26.8535
300.9324,212.5048,31.7896,26.8792
300.9324,212.5048,31.7896,26.8792
300.9324,212.5048,31.7896,26.8792
301.4796,213.6839,31.7213,26.5813
302.4563,214.2608,31.5880,26.4070
303.3073,214.2146,31.4997,26.3290
300.9680,214.2725,31.3749,26.0975
300.9680,214.2725,31.3749,26.0975
279.1418,209.9421,31.1436,26.0223
279.1418,209.9421,31.1436,26.0223
275.8079,207.0520,31.1515,25.9541
264.5669,202.5466,30.3984,27.0066
264.0501,202.3890,29.8861,27.7141
264.0501,202.3890,29.8861,27.7141
284.9704,210.8395,29.7195,27.6102
285.5150,215.4946,29.4818,27.2344
291.8381,216.0607,29.5337,27.1105
287.5183,194.6795,29.3566,26.9396
284.6584,218.4478,29.2416,26.2251
285.1222,218.7298,29.0636,25.7699
285.6366,219.1514,28.6413,25.3719
286.0175,219.5988,28.2122,25.0724
285.5695,220.0441,28.1215,24.6671
285.9731,220.1880,27.8752,24.4578
288.7438,220.0901,27.8083,24.3816
288.3394,220.0335,27.7025,24.2551
288.5022,220.2710,27.6024,24.1835
288.5022,220.2710,27.6024,24.1835
272.4416,212.7699,26.7791,24.7456
294.2225,199.0597,26.7793,24.5580
293.2147,196.4858,26.7844,24.5335
293.2147,196.4858,26.7844,24.5335
293.2147,196.4858,26.7844,24.5335
290.7594,197.4144,26.7731,24.5141
300.1443,217.1780,26.6423,24.4730
277.5864,219.2950,26.1927,24.5536
271.4678,199.8525,26.0359,24.3843
277.3853,202.7795,26.0141,24.3875
283.4431,215.4508,25.6472,24.8452
303.1855,196.7799,25.2271,25.0482
302.9063,194.2948,25.2589,25.0435
309.4236,219.9897,25.5756,25.1695
309.1443,194.9228,25.3992,24.9973
303.1140,195.2208,25.4429,24.9791
318.7079,221.1468,25.8444,25.0806
321.0005,221.0829,26.1414,25.0448
321.4334,218.7758,26.4194,25.2213
323.9259,221.3006,26.7275,24.8629
324.4153,218.5666,26.7909,24.9418
324.2500,220.9076,27.6029,25.1522
324.7270,219.8365,28.2651,25.3062
327.2972,219.3266,28.6204,24.9608
327.0011,221.8241,28.6356,25.1207
326.7163,218.0048,28.7713,24.7573
313.6077,196.7652,28.9260,24.8976
326.6445,219.0881,29.2775,24.8974
326.0736,221.4776,29.2872,25.0234
325.9628,220.6568,29.3927,25.1420
324.7208,216.3130,30.1854,25.8891
311.6391,194.0629,29.9950,25.9643
323.1573,215.9525,30.1275,26.2321
312.3681,193.4102,30.0770,26.3383
323.4085,214.8897,30.4774,26.4162
326.1682,214.5641,30.8650,25.9770
309.2069,192.7209,30.7375,26.0495
321.1975,215.0935,30.5893,26.1771
308.0897,190.6210,30.3260,26.2292
316.1819,158.3093,30.2421,25.9848
315.2405,157.6187,30.1859,25.9418
312.3690,160.0312,30.0754,25.8683
323.2380,182.3797,29.9501,25.8553
323.2380,182.3797,29.9501,25.8553
322.9078,180.2556,29.9462,25.8116
322.0885,181.0676,29.9143,25.8569
328.9391,180.9698,29.8151,25.8034
328.7649,181.1981,29.8912,25.7499
328.7649,181.1981,29.8912,25.7499
329.2277,181.7339,29.8931,25.7459
321.7057,212.5427,29.3239,25.1553
304.2334,218.3078,29.2256,24.9962
303.2737,214.8858,29.6641,24.6821
303.2737,214.8858,29.6641,24.6821
314.1991,212.5901,29.3038,24.7057
316.6876,216.5887,29.3098,24.6982
316.2639,213.9141,29.3082,24.6326
311.5825,217.1726,29.5266,24.4148
308.1145,217.9576,29.5387,24.3085
306.8711,220.3203,29.6945,24.1914
306.3033,223.2739,29.7124,24.1672
305.3975,220.7821,29.7394,24.1535
301.4246,223.5482,29.8619,24.0265
301.1166,223.7550,29.9909,23.8899
297.7174,224.2534,30.0059,23.7191
294.8914,224.9508,29.9314,23.6234
294.8914,224.9508,29.9314,23.6234
297.1145,224.2034,30.1415,23.5275
296.3742,223.3434,30.1967,23.4402
296.8250,222.4928,30.2654,23.3809
296.5377,220.4119,30.2368,23.2563
296.5377,220.4119,30.2368,23.2563
296.4941,221.7024,30.1998,23.1031
296.1753,219.2091,30.0978,23.2146
295.8193,216.5290,30.2164,23.0345
295.7719,220.8906,30.0693,23.1025
295.7719,220.8906,30.0693,23.1025
296.2956,221.7168,29.8802,23.0211
296.1097,222.4175,29.8124,22.9416
296.1097,222.4175,29.8124,22.9416
296.4601,222.6061,29.1946,22.7948
296.6244,223.2758,28.7814,22.8521
293.7480,223.7966,28.3995,23.0891
293.7216,223.7981,28.2886,23.1875
296.8656,224.0336,28.2407,23.1857
303.9997,230.7715,28.5831,22.7837
303.9454,224.8825,28.6804,22.7069
310.3073,228.4910,28.8522,22.5418
297.2526,231.1497,28.8347,22.6043
296.6538,233.4187,28.5773,22.7659
289.7677,220.4587,28.4033,22.8744
289.8726,223.3909,28.2470,22.9063
293.5451,223.3345,28.0555,22.9691
293.5451,223.3345,28.0555,22.9691
297.1574,226.3970,27.9238,23.0750
297.1918,213.2713,27.8665,22.9862
297.1918,213.2713,27.8665,22.9862
305.1839,185.3791,28.9598,22.5222
307.9426,184.7930,28.9878,22.4715
306.7061,185.6893,29.4721,21.8887
306.4668,183.2857,29.8259,21.2743
305.8087,183.2281,30.0603,21.1793
304.6991,182.3694,30.2833,21.2179
304.6495,182.2993,30.3633,21.1372
312.3547,191.3543,30.1201,21.4161
301.9833,178.6804,30.2230,21.4209
311.5768,187.5516,29.9467,21.6380
298.1972,178.0982,30.1416,21.5800
311.7740,190.8964,29.9457,21.9416
312.4383,193.7863,29.8154,22.2049
298.8018,181.2556,29.8402,22.2115
295.2907,181.9429,29.8056,22.2107
294.7243,184.5222,29.4828,22.6486
305.1068,164.2617,29.2346,22.7483
288.7607,190.0337,29.6118,22.9646
284.9740,189.7259,29.4637,23.1683
287.9310,191.9177,28.7431,23.5143
287.7687,188.8666,28.4525,23.8515
284.1750,189.5862,28.3152,23.9995
284.0649,192.3357,27.6683,24.7183
301.7767,195.2620,27.5165,24.9261
284.8802,190.3105,26.9639,25.7508
287.6632,189.3840,25.7773,26.2057
287.5687,189.5864,25.1772,26.4817
288.2427,189.5302,24.9692,26.5894
292.0766,189.9565,24.5145,26.9178
291.4478,190.1040,24.2676,27.0819
295.0004,192.4005,24.2894,27.0960
294.6921,191.2813,24.0601,27.1114
291.3802,190.7570,24.1858,27.0299
291.1030,190.2706,24.1879,27.0080
290.8868,189.8254,24.1307,27.0334
287.9651,160.7038,23.8597,27.0639
291.2955,161.1219,23.7953,27.1013
312.6866,137.7327,23.7601,27.0825
296.0026,138.3023,23.6574,27.1324
311.1192,138.2588,23.9123,26.9408
310.8141,140.3318,23.9520,26.7350
308.3934,140.7932,23.9584,26.6674
307.4986,140.7886,24.5696,26.2463
307.3274,142.0187,24.6201,26.1887
306.6907,142.3036,24.4466,25.9625
306.9731,143.3020,24.6786,25.8995
304.0577,146.7385,24.6630,25.9514
310.3773,155.1356,24.9932,25.9400
309.4631,151.8096,25.2686,25.9248
312.0637,160.5940,25.3594,25.9222
311.9058,162.5166,25.8327,25.8887
309.1827,159.4265,25.9233,26.0031
309.1827,159.4265,25.9233,26.0031
299.3062,148.8555,26.5273,25.4551
299.3062,148.8555,26.5273,25.4551
296.0169,146.4328,26.9380,24.8479
319.1176,135.7940,27.3961,24.5451
319.4769,135.6375,27.7440,24.2634
319.1690,135.4588,27.8430,24.2023
319.1690,135.4588,27.8430,24.2023
319.1690,135.4588,27.8430,24.2023
315.9248,135.3744,27.9988,23.9554
315.9248,135.3744,27.9988,23.9554
316.2589,134.7249,28.0225,23.9339
316.2589,134.7249,28.0225,23.9339
316.2589,134.7249,28.0225,23.9339
316.2589,134.7249,28.0225,23.9339
322.1644,128.7917,28.0053,23.8589
309.6194,157.3717,27.6701,24.5297
295.7176,182.8009,27.9897,24.3806
305.0340,202.4161,27.9470,24.4197
292.0496,187.9312,28.2949,24.7293
302.0314,160.7222,27.9545,24.6165
292.4203,146.4484,27.9274,24.5086
301.8413,162.7721,28.0931,24.5612
288.4197,191.4740,28.0683,24.8663
287.7555,190.7343,27.7210,25.0749
284.4915,189.4843,28.3210,25.5187
283.7863,188.1346,28.2105,26.0007
283.5040,190.7478,28.1652,26.0301
283.0987,190.3075,27.9896,26.0054
279.3933,185.7032,27.9180,26.1841
285.3112,192.0562,28.0066,25.9659
274.9534,183.9391,27.9326,26.1346
274.7586,183.5232,27.8598,26.2346
271.6342,181.9200,27.8110,26.6461
272.2070,181.9252,27.5836,26.6801
271.3360,178.3646,27.3264,26.8072
270.5063,178.5106,27.1495,26.8959
270.0433,181.4821,27.0016,26.9606
273.4406,184.2144,26.9829,27.0188
279.5930,190.1665,27.1847,27.0693
299.6249,200.0785,27.5905,27.1318
320.5741,212.7634,28.0024,27.3505
296.5372,195.6021,28.4136,27.3600
290.0655,194.3405,27.9920,27.4432
317.1827,211.0880,28.3442,27.3586
294.6520,193.0941,29.4166,27.6751
287.6361,192.1930,29.0055,27.7986
288.4627,189.1943,28.4873,27.9673
286.0092,189.2321,27.5319,28.1487
286.6174,189.1680,27.1340,28.2412
287.4267,189.4361,27.1417,28.2327
287.6352,188.6669,26.9182,28.2945
287.5672,191.3490,27.0994,28.2620
322.3368,199.2798,27.5204,28.0789
289.2354,190.7990,28.1757,28.1997
299.7935,212.1661,28.3928,28.2400
286.1522,186.8495,28.3141,28.3401
295.7025,211.4886,28.9755,28.0616
283.6389,186.1459,29.2831,27.5735
292.7999,211.4093,30.1568,27.5240
279.9487,185.3426,29.0410,27.6622
286.6446,210.5988,28.9943,27.5568
277.6535,185.7390,28.0784,27.5642
281.8390,211.2422,27.9714,27.5151
276.5102,184.2518,27.4491,27.4478
279.6233,211.3927,27.4951,27.2795
279.0112,211.1353,27.7171,27.2810
278.5086,210.9784,27.8903,27.2327
278.1839,210.7790,28.0838,27.2316
277.9910,210.9528,28.1459,27.2144
277.9910,210.9528,28.1459,27.2144
274.4626,212.0917,28.1708,27.1796
274.4626,212.0917,28.1708,27.1796
273.7131,186.5037,28.1540,27.2282
301.6479,208.1909,28.0425,26.9269
274.1722,184.6510,27.2733,26.7643
275.7741,183.7977,26.2631,26.3068
275.7741,183.7977,26.2631,26.3068
276.9969,184.1394,24.7466,25.4871
276.8722,180.4014,24.7388,25.3197
271.5262,200.1657,24.7959,24.9128
278.1232,175.9723,24.8359,24.7198
299.3099,195.1650,25.3044,23.8829
323.3606,215.8784,25.4368,23.4683
298.8115,191.5687,26.0364,22.4066
322.4699,212.4975,25.9900,22.1426
298.9122,189.7972,26.2019,22.5493
299.1996,186.0699,26.2437,22.5178
301.2736,182.4550,26.2922,22.4778
299.1177,181.5770,26.6420,22.3551
324.4551,187.0994,26.8087,22.3294
300.5074,178.2624,26.8653,22.3193
297.9844,177.8030,26.8839,22.3112
323.5354,186.1267,27.1882,22.5449
301.0194,175.8005,27.2472,22.4711
323.2299,187.3288,27.2250,22.8534
300.3185,173.8589,27.4965,22.9809
297.6653,173.6859,27.5170,22.9674
298.0295,170.9878,27.5311,22.9513
311.1632,157.3226,27.6306,23.1100
295.9875,172.4479,27.6578,23.3284
299.2754,172.5092,27.6641,23.3223
316.1880,189.0673,27.7918,23.5601
294.4188,172.2494,27.5635,23.8843
294.9022,172.0349,27.5648,23.8871
295.1992,171.9691,27.5639,23.8958
295.4149,171.7989,27.5703,23.8961
295.6420,171.7638,27.5823,23.8894
295.8087,171.8270,27.5882,23.8888
309.4835,156.2465,27.4759,23.9556
296.5684,136.9214,27.6017,24.0305
296.6762,137.0877,27.6539,24.0146
296.4972,136.3799,27.6673,24.0022
276.6889,158.3626,27.7910,24.4695
296.3900,141.0058,28.0261,24.6019
276.1438,159.5596,28.1334,25.2359
262.0729,146.6725,28.2339,25.0832
278.0921,162.6129,28.1513,25.2743
263.6419,148.6664,28.5076,24.9017
280.1039,161.3715,28.4159,25.0209
266.0940,148.8373,28.6556,24.5106
282.6419,161.6763,28.5920,24.8593
265.4423,148.3828,28.9592,24.4689
271.6493,144.5860,28.9451,24.4773
270.9945,144.5283,28.9590,24.4067
281.9657,160.5455,28.8845,24.6515
302.0445,149.3504,29.0172,24.6713
304.8086,145.3431,28.9920,24.7096
324.6473,134.3018,29.0928,24.7174
303.9892,110.7029,29.8770,24.2747
310.7479,113.6220,29.9321,24.2169
310.7479,113.6220,29.9321,24.2169
310.7479,113.6220,29.9321,24.2169
310.7479,113.6220,29.9321,24.2169
310.7479,113.6220,29.9321,24.2169
310.7479,113.6220,29.9321,24.2169
310.7479,113.6220,29.9321,24.2169
279.4510,139.7430,29.8342,24.2805
268.3352,121.7456,30.0210,24.2589
278.8679,133.0434,29.2881,24.0103
280.4328,133.1313,28.5088,24.1957
280.4328,133.1313,28.5088,24.1957
269.5314,110.0058,29.2411,23.5029
282.6109,126.7150,28.8365,23.6710
272.0853,109.9112,29.5150,23.0169
283.1057,129.0226,29.2228,23.2268
275.6642,111.5086,29.6752,22.9722
286.6770,125.5378,29.0287,23.2132
278.9456,108.4791,29.2870,23.0286
272.7949,104.7888,30.1487,22.3494
286.7542,122.0707,29.4898,22.5731
279.2047,107.9224,29.8240,22.3981
279.3215,107.0066,30.2293,22.0986
276.2752,103.7290,31.1153,21.4220
276.2752,103.7290,31.1153,21.4220
276.2752,103.7290,31.1153,21.4220
289.3277,126.6584,30.6422,21.7044
291.6005,126.4052,30.6055,21.7612
291.6005,126.4052,30.6055,21.7612
294.0923,127.3777,30.5683,21.7965
288.0145,110.2933,30.9334,21.4179
297.7073,139.0881,29.7433,22.0856
300.3805,122.2639,29.8622,21.9346
303.1770,144.8929,29.2300,22.2099
304.1004,147.4169,28.8893,22.4342
305.1819,148.3486,28.8458,22.4680
306.3615,149.2731,28.7855,22.5051
310.2039,148.9564,28.7584,22.5501
307.4556,149.0314,28.7642,22.5543
278.1449,164.5043,28.3378,23.0260
278.6813,166.5956,27.8276,23.7330
279.0617,166.0198,27.5428,23.9460
279.2802,165.6170,27.1670,24.3737
279.5379,167.7668,27.0952,24.6212
260.7704,186.5199,27.0842,24.9253
260.7883,185.4289,27.0328,25.1711
261.0528,184.3882,27.0558,25.3986
261.5529,183.2658,27.0627,25.7019
260.6523,182.0764,27.1309,26.0259
263.9320,181.7776,27.1657,26.0319
263.7701,177.5643,27.2622,26.1270
264.2860,176.5670,27.3131,26.1545
264.6474,175.4961,27.3510,26.2630
268.1405,171.4403,27.3707,26.2454
268.8759,167.0203,27.4584,26.2423
269.1002,166.3499,27.6679,26.3517
292.6800,138.0546,27.5823,26.1914
296.5567,152.1494,27.7037,25.9739
297.3876,152.9085,27.7894,25.8474
271.1656,159.7995,28.0378,25.5192
294.4664,139.4312,28.0064,25.0815
271.3160,161.7648,28.1319,24.9456
295.0289,142.1117,28.0847,24.4633
298.3935,156.1010,28.1143,24.5299
299.1044,162.5422,28.2930,24.2435
299.3794,164.8052,28.4837,24.0282
301.9626,165.0329,28.7614,23.8375
299.4576,167.5706,28.8965,23.4252
299.6316,169.7686,29.0120,23.1850
299.6334,169.3106,29.0812,22.7731
297.4214,170.1701,29.0887,22.5995
298.5125,171.3021,29.1219,22.4056
299.3661,173.4508,29.2554,22.1941
301.7390,173.1631,29.5078,21.8377
299.1587,173.6306,29.5563,21.6375
299.5320,173.9862,29.6465,21.3253
271.3495,173.7024,29.4474,21.5188
274.1748,176.5363,29.3874,21.5290
300.8458,165.7185,28.8408,22.6919
300.5370,170.0953,28.8762,22.6282
303.4608,170.9737,29.0186,22.3032
306.4381,171.2350,29.0675,22.2108
306.4093,171.2927,29.1044,22.1585
306.3439,171.4254,29.1498,22.0801
306.3439,171.4254,29.1498,22.0801
279.6674,175.0986,29.2099,21.3013
304.5735,165.9929,29.3414,20.9981
329.8490,167.3058,29.8235,20.4932
310.7441,189.8500,29.2205,20.8918
311.5138,192.1084,28.7886,21.3940
310.9296,189.7467,28.7819,21.4043
310.5977,192.7035,28.7681,21.4306
310.2521,192.8467,28.7576,21.4572
280.9439,181.0009,29.1985,20.9963
280.9439,181.0009,29.1985,20.9963
274.6634,164.8667,29.2153,20.8939
280.6866,181.2983,29.2589,20.7416
271.9958,171.8961,29.2390,20.6471
279.1256,199.7173,28.4634,21.3985
285.6952,196.7256,28.4016,21.7283
285.8513,196.1113,28.2501,22.3239
260.4547,166.1537,28.1378,22.6361
257.8275,158.9292,27.9665,22.6352
253.8836,162.5082,27.8734,22.5029
253.8836,162.5082,27.8734,22.5029
250.0925,165.8970,27.7059,22.1313
250.0924,165.8970,27.7059,22.1313
249.6396,168.4151,27.9794,21.9205
267.8750,165.3202,28.1943,21.5167
255.7850,168.2505,28.2399,21.5263
255.7850,168.2505,28.2399,21.5263
281.5133,177.3331,28.1844,21.8676
282.0693,174.1324,28.2443,22.1538
282.2790,173.6640,28.5074,22.7822
282.2545,169.7893,28.6212,22.8400
282.0764,172.5864,28.6301,22.8836
282.3635,178.3286,28.6301,22.9240
282.4061,177.5334,28.6506,22.9706
280.0447,170.8510,28.6781,23.4464
280.7791,166.8201,28.7143,23.5809
281.0813,169.3668,28.9111,23.9477
305.2658,156.5074,28.8646,24.1364
305.4930,156.2213,28.8625,24.1686
279.2458,169.7814,28.9673,24.4625
302.7182,159.5616,29.2785,24.6312
278.7033,170.4432,29.4734,24.8321
278.2489,170.3660,29.5759,24.9122
299.7152,159.0806,29.8170,25.1024
336.5922,161.2332,30.0759,25.2067
335.7776,159.7453,30.1824,25.5732
336.0218,158.2668,30.3775,26.4150
336.3302,160.2965,30.4921,26.6142
336.3377,158.9899,30.6267,27.0508
326.0853,137.0316,30.5262,27.1877
336.0310,160.9584,30.9287,27.2461
332.4112,163.5929,30.9477,27.2875
332.2771,162.8597,30.9440,27.3062
332.2807,165.5808,30.9561,27.3276
332.0898,164.5697,30.9823,27.3571
331.8890,163.4618,31.0221,27.3910
330.9080,159.3955,31.2034,27.5215
331.5398,162.4070,31.1909,27.5348
331.3114,158.0510,31.2303,27.5578
330.0326,156.3814,31.6005,28.0597
329.6028,152.5701,31.2586,27.9604
332.9565,159.7030,31.1589,28.1705
331.6508,154.7375,30.9435,28.4329
302.2120,157.9032,30.6655,28.8011
303.3294,162.4100,30.5852,28.6484
302.2973,162.0482,30.4745,28.5920
301.3547,157.9850,30.3496,28.8772
301.3547,157.9850,30.3496,28.8772
298.5237,154.2464,30.2555,29.1333
328.1981,161.6667,30.1028,28.8141
327.8429,161.2749,29.5498,28.1221
306.8056,142.5749,29.6544,27.8059
329.2912,161.1082,29.9605,27.0941
311.8828,139.2563,29.8419,26.5328
307.2928,157.1509,30.1141,25.9959
333.4687,163.7690,29.7335,25.3118
318.5905,135.7659,30.1219,25.3625
309.0641,153.2675,30.4100,24.9532
333.7259,160.6635,30.1994,24.7644
319.9730,131.9551,30.2440,24.9727
310.4033,148.3565,30.7516,24.8394
310.2451,146.3063,31.1969,24.6969
310.8024,145.4851,31.1700,24.6494
311.4055,147.7217,31.1897,24.6993
312.3111,144.9226,31.2793,24.7215
312.7209,141.7347,31.5856,24.8552
330.1802,123.5622,31.5934,25.0556
315.5474,141.5725,31.8107,25.2139
333.3696,123.1729,31.7419,25.4412
316.3074,140.4786,31.9055,25.8500
339.1576,161.5690,32.3583,26.3295
339.4599,161.5346,32.8737,26.7383
319.4549,187.4079,32.9908,27.1917
318.0058,182.4884,33.1906,28.0211
317.6372,186.3315,33.3490,28.3862
314.7057,181.6475,33.9774,29.4014
313.2649,180.7375,34.8939,30.3327
312.5296,181.0350,35.3164,30.8732
311.3027,183.8445,35.3306,30.9134
310.7135,181.7979,35.4392,31.2737
309.5379,181.5835,35.3517,31.3432
308.7678,180.8947,35.1076,31.5015
308.3051,180.0432,35.0195,31.8361
307.2650,182.8733,34.9578,31.7674
304.3329,182.5536,33.8727,31.2184
303.1707,184.3540,33.9314,29.8396
298.6887,186.8515,33.7726,29.7137
299.2140,185.4180,33.8764,29.0052
295.5988,187.7003,33.7119,29.1339
294.8387,186.2705,33.4409,29.1891
295.1033,184.9359,33.5024,28.4212
294.7410,185.7407,33.6995,27.7171
294.0894,185.8022,33.6246,27.3465
294.0226,186.6558,33.8101,26.6836
293.4847,184.1460,34.0192,26.5715
292.8457,185.0751,34.3857,26.5433
289.1284,186.2609,34.3123,26.4862
286.4350,189.1056,34.2009,26.1524
289.5147,186.3416,34.7286,25.9237
288.8844,187.3579,34.9910,26.0079
287.8318,188.1640,35.0945,26.0399
286.8071,188.5095,35.3450,26.0050
283.8428,196.3685,34.8281,25.6454
284.2675,188.9468,34.8251,25.0926
284.0424,200.7974,34.4681,24.7196
284.2554,201.4434,34.2111,24.6678
284.2554,201.4434,34.2111,24.6678
283.3051,202.4865,34.0598,24.6320
276.3900,190.8576,33.0270,24.6006
258.4274,171.4895,32.9922,24.5367
266.2221,171.9481,32.3419,24.7408
258.2774,177.7558,32.3047,24.6715
258.7239,176.7168,32.4824,24.4722
266.0226,176.5499,32.0686,24.5153
276.7992,150.8854,31.6158,24.4456
276.7992,150.8854,31.6158,24.4456
298.6332,142.5028,31.2689,24.6913
298.1703,141.0843,30.8856,24.8717
303.9921,119.4899,30.9261,24.7700
306.6143,119.0340,31.1976,24.5586
298.7872,139.1519,30.8250,24.7105
298.7872,139.1519,30.8250,24.7105
298.7872,139.1519,30.8250,24.7105
298.7872,139.1519,30.8250,24.7105
298.7872,139.1519,30.8250,24.7105
298.7872,139.1519,30.8250,24.7105
298.7872,139.1519,30.8250,24.7105
298.7872,139.1519,30.8250,24.7105
298.7872,139.1519,30.8250,24.7105
302.7599,160.5607,30.8107,24.7249
302.7599,160.5607,30.8107,24.7249
303.2607,163.0931,30.8541,24.7601
328.0479,169.3665,30.8618,24.8479
328.0479,169.3665,30.8618,24.8479
327.8072,166.3773,30.8581,24.8592
330.6611,166.2967,30.8562,24.8813
327.8221,169.0912,30.6030,25.0722
328.0633,165.6310,30.5957,25.0831
330.9270,166.1161,30.6036,25.0840
330.6769,167.2637,30.2247,25.1695
330.2559,167.5070,30.2182,25.1747
330.5061,167.8875,30.0278,25.1868
330.4969,165.1767,29.8542,25.1584
328.6682,165.1429,29.4990,25.1351
329.3811,190.3987,29.3996,25.1583
328.9469,162.3807,29.3142,25.1440
328.5841,187.5474,29.3425,25.1722
328.5810,187.6445,29.2128,25.1345
325.1119,160.1189,28.9352,25.1386
328.9237,187.6411,29.1856,25.1570
322.7539,161.1294,28.8762,25.1241
356.0577,182.4094,28.9016,25.3613
349.8419,158.0647,28.5118,25.2604
357.7265,185.2552,28.3444,25.7513
350.5273,163.6651,28.3234,25.7504
351.3788,166.0882,28.3394,25.5573
359.0918,192.1843,28.4751,25.6971
325.0135,176.1859,28.5917,25.4938
296.9147,180.5544,28.5269,25.4066
297.3518,181.7360,28.6715,25.3140
327.9962,179.4021,28.3848,24.4738
328.1200,180.2773,27.8473,23.7393
327.9069,180.7739,27.5932,23.3527
324.6407,177.9529,27.5897,23.3544
328.6553,183.7776,27.2009,22.9317
328.5107,183.6230,27.0339,22.5216
334.9928,199.9347,27.0632,22.5192
328.6613,184.4259,26.6727,21.8727
328.4844,184.4384,26.4034,21.5602
326.4096,184.1190,26.4630,21.3835
326.1428,184.4862,26.5089,21.1831
326.1428,184.4862,26.5089,21.1831
324.0959,184.4315,26.1187,21.1957
324.2198,184.4536,26.2578,21.0576
322.2112,183.7099,26.1912,21.3565
321.8844,185.9188,26.4564,21.5097
322.0543,182.9817,26.4575,21.5170
322.8984,185.5488,25.5435,21.8615
322.8758,185.3372,25.4609,21.8758
322.6494,185.4996,25.5202,21.8367
322.7084,185.3014,25.5283,21.8477
322.8279,181.7777,25.3621,22.1151
322.8279,181.7777,25.3621,22.1151
323.4039,179.2348,25.4062,22.0004
323.5796,179.4926,25.4131,21.9991
311.5480,161.2196,25.4418,22.0159
322.9922,167.2615,25.7892,21.7253
308.3760,158.0112,25.8603,21.7274
320.5621,163.8930,26.0254,21.3346
317.8223,160.2813,26.0161,21.3530
317.9983,159.7691,26.0043,21.3662
317.9983,159.7691,26.0043,21.3662
317.9983,159.7691,26.0043,21.3662
317.9983,159.7691,26.0043,21.3662
318.3085,159.6818,26.0024,21.3689
318.5096,159.6255,25.9972,21.3727
318.7501,159.4607,25.9918,21.3787
291.8449,159.4073,26.2253,21.4217
294.9293,159.1652,26.1829,21.4706
294.9293,159.1652,26.1829,21.4706
294.9293,159.1652,26.1829,21.4706
294.9293,159.1652,26.1829,21.4706
292.3001,155.6534,25.9642,21.6513
292.3404,154.7971,25.9522,21.7214
292.3404,154.7971,25.9522,21.7214
283.4164,145.0439,25.9798,21.7522
289.8142,120.0206,25.9108,21.7666
281.2256,111.3270,26.0376,21.7718
278.2234,105.8530,25.9318,21.6647
278.7456,105.3212,25.6360,21.6284
278.9153,104.6160,25.3715,21.6391
275.6127,109.6217,24.9873,21.9374
281.2760,103.5764,24.8663,21.8287
281.8458,103.9498,24.7440,21.5248
282.4499,103.6959,24.7221,21.2895
285.0976,104.0303,24.7682,21.1588
285.0976,104.0303,24.7682,21.1588
282.6086,104.0662,24.7332,20.9400
282.6637,103.9523,24.7391,20.8962
282.8450,103.9740,24.7312,20.8303
282.9723,103.2454,24.7772,20.7596
286.0334,103.0121,24.7551,20.7123
286.4312,102.2337,24.7415,20.6694
289.6398,101.7542,24.7468,20.5547
289.9590,101.2984,24.6675,20.4881
290.4163,100.9752,24.5839,20.3965
290.6668,100.4076,24.4552,20.3109
291.0620,99.9214,24.3043,20.2206
291.5543,99.6852,24.1935,19.7723
291.6564,99.0416,24.2017,19.6635
294.2381,98.7070,24.2358,19.5994
294.2772,96.1123,24.2332,19.4175
294.2772,96.1123,24.2332,19.4175
291.0153,99.3052,24.0836,19.5012
291.0153,99.3052,24.0836,19.5012
282.8399,104.9292,23.9827,19.4242
282.8399,104.9292,23.9827,19.4242
306.7961,101.4058,24.0853,19.2491
295.7932,96.3388,23.9276,19.1612
290.0328,101.9355,23.7916,19.1585
282.7087,107.2124,23.6229,19.1414
295.9352,96.0372,23.5813,19.0993
296.2176,95.5392,23.4925,19.0694
298.5096,89.7650,23.4966,19.2090
301.0762,88.8902,23.4786,19.3861
311.1739,92.2739,23.8259,18.5129
302.5896,83.5013,24.0174,18.6861
300.7888,80.0410,24.0352,18.7995
301.3917,81.9916,24.0505,18.8280
301.7943,81.5900,24.0819,18.7725
302.0049,80.9808,24.1167,18.7103
302.0049,80.9808,24.1167,18.7103
304.7061,83.1653,24.1525,18.6878
307.3761,77.6590,24.2538,18.7208
307.3508,77.7872,24.2953,18.6823
307.3508,77.7872,24.2953,18.6823
307.3231,74.6745,24.3859,18.6244
311.9872,93.7056,24.4865,18.5066
311.9872,93.7056,24.4865,18.5066
317.6914,106.6735,24.4290,18.5501
318.5823,120.9782,24.4031,18.6034
301.7224,124.4476,24.3862,18.5756
307.3609,122.2187,24.1935,18.5969
310.0268,120.2156,23.9870,18.6597
312.0343,117.8037,23.7690,18.7214
306.5175,112.0789,23.7557,18.7815
309.4646,118.3391,23.9067,18.8069
317.2721,118.4663,23.5628,19.0347
317.3411,115.7324,23.2955,19.2373
311.8443,101.8157,23.3107,19.0653
311.8443,101.8157,23.3107,19.0653
319.4268,87.7890,23.3345,19.0300
319.4268,87.7890,23.3345,19.0300
330.6158,95.5511,23.1477,18.9850
330.6504,95.4996,23.1473,18.9880
333.0623,98.0710,23.1492,18.9866
333.0044,97.7974,23.1383,18.9956
332.6397,98.0199,23.1359,18.9933
324.3499,121.9904,23.0284,19.0601
310.7634,125.3521,22.9389,19.0054
302.2547,111.2966,22.5278,19.6062
320.2109,124.6157,22.5267,19.7084
311.7240,127.6969,22.4169,19.6335
317.5590,124.5389,22.3409,19.6713
314.7055,126.6806,22.1776,19.9194
317.3885,124.5758,22.2161,19.7792
315.2157,124.7462,22.1749,19.7287
312.3220,125.0543,21.8539,19.8227
311.9990,130.1946,21.8168,19.8483
311.5865,130.0126,21.8092,19.8657
311.0028,129.6537,21.9395,19.7709
307.8372,129.1720,21.9899,19.7025
317.8463,121.2336,22.1216,19.4252
333.7737,94.5280,22.3515,20.5410
328.3910,91.4768,22.3135,20.5834
328.4039,88.5106,22.3092,20.5625
328.4682,85.7298,22.4709,20.3958
328.5608,88.2757,22.5081,20.2963
331.1776,80.5901,22.5822,20.1038
328.7676,81.0143,22.6958,19.9388
326.5451,81.1628,22.8076,19.7589
326.3607,81.7670,22.9006,19.6058
353.4304,88.7168,23.3979,19.9577
328.6638,74.3024,23.6418,21.0432
351.0342,90.1764,24.2828,21.2723
327.8091,75.7003,24.2066,21.5187
348.1260,92.0773,24.8012,21.7434
324.2549,79.2439,24.7720,22.0801
345.1097,93.2496,25.2147,22.3822
323.2098,80.4464,25.1918,22.5812
341.3084,97.5904,25.5447,22.7046
338.9556,96.8619,25.8775,23.2293
307.0937,111.1803,26.2905,23.5093
306.0103,111.2785,26.6155,23.8651
290.8719,132.1709,26.6448,24.0926
304.0128,112.8331,26.7286,24.4073
291.2095,131.3055,26.9581,25.0268
303.9510,113.7239,27.1141,25.2635
291.1967,132.3218,27.0958,25.6123
303.7390,112.2298,27.0279,25.9100
306.1385,111.9766,26.9931,25.9261
290.3275,134.0675,26.8286,26.1170
302.7277,113.5445,26.9253,26.7085
302.6167,112.6401,26.8203,26.7113
332.3545,105.5729,26.8516,26.8779
301.3360,114.5435,26.6068,27.0074
329.5268,110.9772,26.8542,27.0849
329.5176,113.1671,27.3222,27.1532
298.9581,115.9246,26.9492,27.2448
298.7136,114.9948,26.2228,27.4977
326.8138,113.7760,26.3812,27.5481
297.5161,116.1978,25.6402,27.9968
324.2714,115.2831,25.8440,28.1288
324.6805,115.2867,25.8471,28.1349
321.6237,121.6703,25.9145,28.0683
321.4020,124.7220,25.9284,28.0809
321.4020,124.7220,25.9284,28.0809
320.3733,130.4453,25.9482,28.0427
317.1603,140.8796,26.1816,27.6711
334.9208,125.0722,26.2520,27.3624
344.6795,118.2215,26.0599,27.4508
334.1928,103.9416,26.5504,27.0423
330.6592,106.3541,27.2822,26.9102
331.4948,134.8173,27.1682,26.3210
318.2069,141.7383,27.1389,26.2564
315.0063,142.0501,27.1371,26.2143
314.5162,142.0103,27.1275,26.1895
311.5013,148.2040,27.1123,26.1555
311.8242,144.7254,27.1099,26.1621
325.9951,135.2286,27.0878,26.0527
328.7560,134.9024,27.0958,26.0489
329.9144,104.0254,27.1713,25.9437
323.7619,133.3938,27.0845,25.7701
329.9468,103.1275,27.5677,25.5040
323.6882,133.6329,27.1190,25.3534
329.1041,103.2629,27.5507,25.1724
328.3696,105.4397,27.8351,24.9825
324.3407,136.8318,27.7430,24.4670
328.2501,106.5965,28.2186,24.3742
350.7693,97.8704,28.0693,24.4342
346.8065,98.5406,27.9360,24.4396
346.7104,98.8048,27.7137,24.4520
346.7967,101.2628,27.5806,24.5520
347.2805,98.5786,27.5145,24.6592
348.0225,101.0306,27.5081,24.9120
345.8077,97.1663,27.4716,24.9875
345.8077,97.1663,27.4716,24.9875
345.8077,97.1663,27.4716,24.9875
345.8077,97.1663,27.4716,24.9875
345.8077,97.1663,27.4716,24.9875
346.5448,120.8102,27.5062,24.2460
334.2173,131.4765,27.1009,24.2234
346.8115,121.6028,27.1533,24.0892
347.4031,121.0100,27.2087,23.7540
348.0232,121.0433,27.1573,23.2249
348.0568,120.8236,27.1453,22.9968
350.8666,120.2879,27.1580,22.8737
350.7965,119.8534,27.1951,22.7201
353.7324,119.3843,27.2682,22.5730
350.7380,119.0790,27.2505,22.5005
350.4133,118.5623,27.2016,22.5723
353.3324,114.9544,27.3063,22.4972
356.4310,114.5059,27.2605,22.5025
353.4157,114.1086,27.3787,22.3840
362.2825,110.6492,27.4943,22.1155
362.0398,110.7875,27.5205,21.9725
361.9369,111.0304,27.5535,21.8310
362.0455,110.8609,27.4683,21.7359
349.7821,111.2170,27.6900,21.3673
322.1551,113.6503,27.9183,21.7733
315.8033,93.9973,27.7809,21.7736
293.5490,106.0886,27.3218,21.9409
294.1010,105.1285,26.4445,22.6103
296.5952,107.6755,26.4276,22.5639
296.3362,107.2021,26.3573,22.3976
293.8553,101.1284,25.9084,22.6664
296.9933,106.6269,25.8838,22.6474
297.0082,106.3172,25.8861,22.5983
306.3117,124.0622,26.0422,22.6231
306.3117,124.0622,26.0422,22.6231
306.3117,124.0622,26.0422,22.6231
306.3384,123.9202,26.0539,22.6112
306.3648,123.6513,26.0552,22.6110
306.3534,123.4058,26.0589,22.6075
306.3534,123.4058,26.0589,22.6075
306.3949,123.2743,26.0575,22.6108
306.5446,123.1531,26.0564,22.6125
306.7134,122.9948,26.0629,22.6099
307.2075,116.9167,26.1501,22.6089
292.3891,101.3354,26.0709,22.6820
292.4503,101.3001,26.0580,22.6777
292.6861,101.4954,26.0255,22.7073
295.3790,101.0836,25.9721,22.6949
277.1439,124.4477,25.8690,23.0975
277.1439,124.4477,25.8690,23.0975
258.9944,108.4995,25.3419,23.4947
233.3856,105.3640,25.4232,23.0708
236.1152,113.6309,25.4019,23.0887
266.6880,118.8043,25.4464,23.4758
260.4422,109.1983,25.2303,23.4879
238.4586,111.7873,25.2484,23.5833
237.6694,108.3937,25.3262,23.2308
268.1719,119.9045,24.8318,23.6353
249.1105,116.5792,24.8699,23.7010
277.3352,125.6529,24.7324,23.9330
250.2929,118.4840,24.7247,23.8332
277.5983,127.1165,24.9623,23.9589
277.8643,126.9578,24.6826,24.2576
287.4188,105.2119,24.4669,24.3264
278.7436,99.1190,23.9875,24.4196
296.8281,104.4833,23.4145,24.9261
293.5870,104.5179,23.1709,25.0998
296.5068,104.0684,22.9462,25.3081
312.8037,83.5163,22.7690,25.0978
313.2426,83.5432,22.7859,25.0903
298.2184,83.2947,22.4335,25.3839
292.1822,88.7711,23.1965,25.7030
292.6668,91.0648,23.4933,25.8165
292.6668,91.0648,23.4933,25.8165
292.8523,93.9629,23.4261,25.8259
292.5755,97.1670,23.3718,25.8144
292.5289,99.9005,23.3604,25.8042
290.0674,103.2598,23.4227,25.7800
292.6449,100.6700,23.4142,25.7363
295.8797,103.9204,22.9080,25.9560
295.7038,104.0358,22.5269,26.0773
292.8584,106.5980,21.8271,26.4774
293.0786,106.4676,21.2894,26.9362
292.4457,110.2099,21.4671,26.5946
291.6517,112.5217,21.8210,26.3540
291.4584,112.1137,21.6154,26.7001
290.9787,111.4945,21.4658,26.9643
290.1964,111.7245,21.1091,26.7815
287.6154,112.5001,20.8756,26.6360
290.2383,116.0362,21.0071,26.4549
281.2772,116.7586,21.5162,26.2079
286.7313,116.1516,21.4658,26.0707
286.5454,116.9090,21.5794,25.9234
300.9659,113.8053,22.0505,25.6029
279.0748,119.3560,22.7830,25.2777
278.5927,119.4189,22.6780,24.6588
278.7736,118.4666,21.7277,24.6022
290.6221,118.3663,21.8120,24.3409
277.9850,123.2994,21.8190,24.2040
286.7942,119.8145,22.0394,24.1336
274.5119,125.0322,22.3342,23.7153
274.6692,124.7058,22.1195,23.0110
275.0269,129.6400,22.1901,22.7295
272.0708,126.2893,22.2957,22.4698
271.5505,126.3631,22.2062,22.5558
277.0262,132.8276,22.2492,22.4060
274.0023,132.1674,22.0314,22.4664
270.9473,126.4417,21.9326,22.6458
270.6835,123.4646,22.0759,22.5827
284.4614,128.5541,22.4415,22.7219
284.2745,128.1410,22.8425,22.6488
278.3255,118.8944,22.8008,22.6498
278.0516,116.0739,22.8335,22.5692
274.6120,135.6446,22.5803,22.6218
274.2146,133.3778,22.4710,22.6759
276.3454,133.0142,22.3779,22.5185
272.6843,130.3426,22.3356,22.4555
274.8795,132.8958,22.1326,22.4943
289.2630,132.9960,22.5395,22.3958
277.2820,135.9420,22.3162,22.4684
286.1426,132.3462,22.3951,22.5044
274.1103,134.8477,22.2418,22.5460
287.4902,126.0190,22.8568,22.4912
270.0544,134.8053,22.9360,22.5587
275.0037,135.3920,22.8108,22.6154
274.2485,134.7440,22.7715,22.6782
274.2485,134.7440,22.7715,22.6782
273.8153,134.5766,22.6625,22.8307
279.0977,138.0015,22.6602,22.8303
278.4279,137.3478,22.4719,22.8529
277.6021,136.7773,22.2714,22.8844
306.5099,157.0746,22.5777,22.7557
306.3485,154.1724,22.6036,22.7300
303.6381,154.0527,22.6302,22.7141
294.5677,162.3187,22.4955,22.7480
317.0296,184.2860,22.6674,22.5872
317.0296,184.2860,22.6674,22.5872
317.0296,184.2860,22.6674,22.5872
317.0296,184.2860,22.6674,22.5872
320.2726,186.3251,22.7541,22.6024
320.3986,182.8615,22.9807,22.6662
323.2365,185.3377,23.0207,22.6675
322.9174,184.8395,23.0779,22.6729
322.4112,186.8226,23.1859,22.7127
319.8125,183.5265,23.4501,22.8154
322.8476,186.2851,23.6047,22.7808
320.4166,186.0263,23.7324,22.7929
320.1755,185.8484,24.1562,22.7496
325.4109,185.6620,24.2300,22.8589
320.0591,184.9058,24.5751,23.1569
320.2619,187.6650,25.0270,23.0859
320.1588,185.1846,25.0660,22.9760
320.0540,185.4924,25.0496,22.9426
314.6250,174.0362,25.1089,22.5454
323.7162,188.8688,25.3489,22.7227
315.3232,174.5781,25.2227,22.4602
324.5530,192.0145,25.4931,22.6008
315.7243,174.3400,25.3318,22.4660
321.8227,192.1889,25.1693,22.6769
316.9027,174.6374,25.0372,22.6981
326.4273,192.8400,25.0401,22.8890
320.1213,177.2490,25.0367,22.8616
322.6065,176.7095,25.0245,22.8878
325.3871,179.3919,25.0143,22.9174
325.1979,182.1662,25.0694,22.8885
323.0811,179.1839,25.1173,22.7944
320.2075,178.9719,25.4694,22.4499
317.1248,179.1943,25.4633,22.4637
317.1850,179.4947,25.5020,22.4324
324.2150,182.4382,25.5061,22.3903
336.4617,194.1636,25.5234,22.6172
324.2047,182.1739,25.3472,22.3424
336.0453,196.7578,25.3934,22.4560
335.7082,196.6657,25.3395,22.5582
332.3125,199.2700,25.2806,22.7039
332.1095,201.9803,25.3179,22.8857
328.8452,201.6638,25.4591,23.1222
328.4206,204.0494,25.5311,23.1830
327.9356,204.0234,25.5443,23.3372
327.6326,206.7309,25.7147,23.3965
327.2395,200.0423,25.7699,23.3069
327.7999,211.9119,25.7370,23.3431
327.2483,208.0304,26.3083,23.5616
326.8163,207.7711,26.6174,23.7008
324.2412,207.8740,26.3805,24.0689
324.4210,207.8549,26.5634,24.2871
323.8687,208.0811,26.5900,24.2401
323.4743,208.1780,26.3129,24.1143
324.7550,210.0860,26.0012,24.3689
322.1361,206.9334,26.2180,24.7157
322.5398,208.8947,26.4557,25.0773
319.4569,205.9101,26.9728,25.3984
316.4639,206.7854,26.5405,25.3329
315.6716,207.1312,26.8026,25.3931
315.1903,207.7872,26.8343,25.5465
312.9992,208.8521,26.4811,25.6723
307.4404,191.5179,26.5490,25.4501
313.5031,213.7067,26.6757,25.2861
312.9157,216.7437,26.5220,25.3710
313.4365,216.9672,26.2580,25.7203
311.1851,203.5850,26.0389,25.2906
311.6771,203.2507,25.8881,24.9954
311.7815,203.6654,25.7551,24.6577
311.3383,203.9192,25.6595,24.4566
311.2097,204.1850,25.5741,24.2349
310.9884,203.8731,25.4956,24.1237
310.6834,203.5319,25.4459,23.9730
310.2328,202.9345,25.4349,23.8696
317.0288,223.8844,25.6053,23.8937
314.4365,221.6571,25.0911,24.0894
314.6681,219.1406,24.9316,24.4343
317.1698,219.8880,25.0073,24.1330
316.9607,219.9142,25.1732,23.8246
319.2508,217.7115,25.4117,23.6870
316.4219,217.4332,25.2479,23.9047
319.1942,214.6399,25.4846,23.9860
319.1210,211.7202,26.0411,23.8681
315.8599,211.7691,25.8089,24.0248
321.7433,207.9190,26.6517,23.8252
322.2722,202.0660,26.8826,24.4192
325.2798,204.1266,26.9303,24.5884
325.9938,202.8511,27.1581,24.7621
323.5963,198.6953,27.3008,24.9969
326.6126,198.1618,27.4058,25.0757
324.1889,197.1773,27.4798,25.1998
317.4802,190.0916,27.3855,25.2429
307.4847,167.0956,27.5338,25.1798
304.1932,166.8930,27.5187,25.1073
303.3601,166.8015,27.4374,25.0997
300.4606,166.1984,27.5121,25.1164
297.8747,163.1239,27.4813,25.1790
307.1058,189.4066,27.5206,25.0015
304.7302,189.4878,27.6136,25.2581
305.4223,189.8132,27.5658,25.4537
305.4223,189.8132,27.5658,25.4537
305.1753,190.2965,27.4871,25.5964
302.5949,190.5463,27.4557,25.8750
303.2696,191.0155,27.4971,26.0110
303.8885,191.5683,27.6593,26.1711
301.2088,194.6163,27.5192,25.8318
301.7263,194.1724,27.3582,25.5085
302.3810,194.3552,27.0997,25.1510
307.8984,193.8916,27.1210,25.2469
304.4350,183.9043,27.7188,24.6128
295.2260,170.8699,27.7390,24.5607
302.5872,193.6713,27.6794,24.7466
305.8374,190.4509,27.6523,24.8728
305.3309,193.2443,27.8325,24.7119
305.7106,189.9458,28.1111,25.2209
306.4398,192.3167,28.4049,24.9886
312.4625,191.5245,28.4225,25.1421
309.6248,188.2768,28.3839,25.3080
309.2934,187.6920,28.9501,25.6622
309.4160,187.1171,29.7827,25.9828
309.4035,186.2539,30.4304,26.3188
309.2784,186.3484,30.5398,26.4816
308.7189,186.7619,30.7984,26.6991
308.1666,186.7061,31.2185,26.8369
308.9347,186.5786,31.3074,27.3462
312.1761,186.6066,31.2245,27.3970
308.2123,189.5169,31.5696,26.9101
309.2239,185.5082,31.7959,27.6173
309.5841,184.8235,32.0664,28.3065
310.6672,183.7039,32.5027,28.6632
310.8234,180.7785,32.7814,28.4289
311.7537,183.4480,32.8776,28.6750
312.6780,185.9847,32.8754,28.7679
312.0319,184.7331,33.2969,28.6352
312.3428,178.1598,33.7037,28.1484
297.8228,162.5280,33.6606,28.2820
312.8750,185.1184,33.5644,28.3940
335.8813,175.8931,33.4324,28.5743
335.6824,171.7175,33.4214,28.6617
335.6824,171.7175,33.4214,28.6617
311.3817,190.1838,33.3421,28.5663
304.9660,190.5392,32.2919,29.2301
298.3106,174.0220,32.4474,29.0198
297.6984,173.0684,32.5558,28.8228
297.6269,175.8640,32.6736,28.6456
297.6716,175.1087,32.6409,28.5963
310.3405,196.8417,32.6120,28.6933
299.8672,177.0549,32.4427,28.5528
300.9099,176.7862,32.3531,28.4575
300.8321,176.5224,32.1094,28.4083
311.4885,198.0165,32.1370,28.7014
311.9184,200.6847,32.1615,28.7070
308.0181,192.7068,32.0496,28.9385
304.8065,173.9655,31.7813,28.8328
312.7928,194.0190,32.0330,28.8964
304.5109,197.2454,31.6725,29.2068
301.5460,189.7512,31.0259,30.0482
305.5233,174.3148,30.9213,29.8441
306.7254,173.2906,30.9697,29.7691
319.1053,195.1724,31.0348,29.7015
320.0454,197.9464,31.1832,29.7344
322.3767,194.5630,31.6134,29.5991
311.4574,170.2775,31.1609,29.7058
311.5137,169.3347,30.9856,29.7730
311.6525,168.9404,30.9451,29.7540
312.0437,168.6177,31.0276,29.7436
312.4712,171.3750,31.1891,29.6380
313.1584,170.3544,31.3274,29.6324
310.0950,170.2158,31.3839,29.6112
321.7653,194.0792,31.5770,29.6576
318.4709,171.6764,31.5430,29.3217
311.3647,171.3105,31.5917,29.2796
318.5607,195.6978,31.4025,29.1475
323.7023,175.7591,31.4959,28.9855
334.8581,137.6013,31.3923,29.1626
303.1351,136.8346,31.8718,28.6106
318.4878,152.0025,31.5916,28.5751
302.7226,136.3364,31.9055,27.8313
303.2346,135.5853,32.2946,27.1223
322.2320,150.6058,32.0657,27.1248
306.4481,135.0310,32.2846,26.7455
305.5921,134.4419,32.4935,26.4647
305.0848,131.4528,32.5002,26.2468
317.1866,146.0163,32.1805,26.6695
302.5062,130.1534,32.5123,26.5430
301.6683,129.0553,32.8975,26.4240
313.0660,140.1545,32.3214,26.8011
297.7040,124.4439,32.3811,26.7688
306.4065,135.8631,32.2531,26.9462
294.2423,120.2261,32.4707,26.9106
294.2423,120.2261,32.4707,26.9106
293.6223,119.5216,32.5319,26.8687
289.0897,115.0328,32.7070,26.6811
285.2424,114.0671,32.9370,26.3831
298.4362,128.8566,32.0149,26.7711
286.0622,113.4445,32.3395,26.4341
281.4148,112.8870,32.7333,26.1041
293.6650,130.8315,32.1514,26.3851
281.4067,114.9626,32.4502,26.2381
280.3872,114.6264,32.5940,26.1762
288.8813,133.2950,32.3137,26.4876
277.2219,117.6921,32.4868,26.2348
288.0700,135.7581,32.0090,26.4816
276.0946,119.8575,32.2039,26.3357
284.8252,138.5913,31.6802,26.5903
276.1154,119.7763,32.0740,26.4989
284.1036,138.6691,31.6592,26.6387
275.3815,119.9011,32.2123,26.6573
274.8901,126.6458,32.4219,26.5044
285.8501,141.3561,31.9866,26.6078
273.9381,122.0454,32.2932,26.6996
276.5558,125.4307,32.4792,26.7161
287.7420,143.3518,32.3761,27.0098
279.5000,124.3323,32.1517,26.7582
279.2059,130.8526,32.8506,26.3993
277.8568,126.3028,34.0760,25.7102
277.0364,113.9198,34.1785,25.6854
287.3185,135.7611,34.2826,25.3889
311.0870,173.6897,33.9587,25.7757
325.3303,142.1711,33.6078,26.1258
288.3400,134.0191,33.4608,26.0797
285.3436,136.6211,33.6512,25.9698
288.3814,135.7468,33.4130,25.7950
300.4596,151.2948,33.2821,25.9362
288.7299,135.7823,33.1199,25.5893
302.9796,150.7827,32.7794,25.8929
288.6063,135.0716,32.9737,25.5681
291.6924,135.4016,32.7377,25.3103
306.6580,150.3253,32.5000,25.4142
291.3261,135.2306,32.6311,25.0555
291.5568,134.5973,32.4524,24.9209
306.3867,153.0927,32.2191,25.1006
291.2829,137.6972,32.5461,24.7930
290.9350,137.3356,32.4037,24.5545
290.7264,140.0689,32.4621,24.1235
301.1335,157.0855,32.1797,24.4421
289.8478,139.1810,31.9472,24.1732
297.4460,153.5377,31.6077,24.6064
283.5900,138.4574,31.9715,24.4879
284.1683,137.4026,31.8213,24.4875
294.8001,154.1637,31.2355,25.1458
283.5760,135.7317,31.3931,25.2660
283.2766,136.0727,31.1728,24.8077
283.0308,138.8164,31.3868,24.7087
303.8035,121.6156,31.6889,24.0598
282.6739,137.9979,31.8406,23.9774
282.3675,140.7619,32.2053,23.8159
282.1914,136.5046,32.1816,24.2361
280.0421,135.7149,31.9449,24.5935
283.4332,138.1461,31.9716,24.6229
282.0414,140.7195,32.4697,24.5603
282.5516,140.1198,32.0115,24.4948
297.5647,157.6686,31.7971,24.9023
283.3531,139.5089,32.2031,24.4235
282.5638,139.6056,31.9158,24.5927
282.2789,139.5823,31.7874,24.6862
296.8783,160.8718,31.5292,25.1104
281.6485,141.6597,31.9122,25.1720
277.9673,138.2326,31.9784,25.1461
277.9673,138.2326,31.9784,25.1461
277.5288,138.2795,32.0270,25.1306
280.7675,141.6617,32.1438,25.0981
277.0899,141.2416,32.1521,25.1433
279.9257,140.9812,32.1136,25.4131
280.0145,143.5437,31.9432,25.3366
276.6046,143.4040,31.9843,25.3517
280.5267,143.3959,31.0303,25.2329
295.0604,160.6977,30.9155,25.3951
280.0178,142.1543,31.0670,25.4104
279.0041,141.4291,31.1829,25.4197
278.8663,143.7121,31.2972,25.4385
293.2888,160.6867,31.1283,25.7782
278.4124,142.2767,31.2193,25.6258
292.9187,162.8860,31.1334,25.7468
277.6539,144.5117,31.0771,25.8582
295.5844,130.3121,31.2064,25.6214
308.5329,111.3589,31.4716,25.5699
307.8195,111.2553,31.5211,25.5455
329.8596,135.2708,31.4978,25.9674
329.8596,135.2708,31.4978,25.9674
328.6718,137.7969,31.5596,26.4677
325.2661,137.3483,31.5536,26.6337
325.4130,137.7122,31.4012,26.7562
325.4130,137.7122,31.4012,26.7562
325.4130,137.7122,31.4012,26.7562
325.4130,137.7122,31.4012,26.7562
325.4130,137.7122,31.4012,26.7562
324.5587,140.4191,31.3702,26.8639
342.4571,125.0023,31.5748,27.1074
322.8138,142.1089,31.6748,27.3747
340.7062,125.9151,31.6740,27.4771
340.3535,124.6375,31.8165,27.3921
341.2526,123.7937,31.7625,27.3859
337.5337,123.4965,31.9118,27.2914
333.8755,119.3252,32.3258,27.1764
310.5647,136.7322,32.3716,27.5364
291.9746,152.3126,32.4813,27.1604
288.1641,149.0056,32.5684,27.0767
288.3022,145.7941,32.6788,26.9681
288.3022,145.7941,32.6788,26.9681
287.1513,164.3440,32.8266,27.2048
267.9227,193.1647,32.6843,27.8422
257.2492,184.2977,32.0511,28.1746
269.4040,195.8981,32.0308,28.3236
281.2620,169.0115,32.2765,28.4391
272.3761,202.1352,32.4452,28.5167
257.7818,189.5783,30.4943,29.3558
275.9700,203.6420,30.5786,29.1870
257.9137,194.6579,29.4583,30.0810
279.7087,202.2864,29.5778,29.7565
284.3504,172.1505,29.9617,29.2661
291.3849,142.5859,29.7741,29.2918
290.8548,142.0300,29.5525,29.1613
289.5468,142.2368,29.7338,29.1837
286.4771,141.4579,29.9235,29.5071
285.2672,142.5638,30.0115,29.7345
284.3145,143.8554,29.9171,29.7878
282.8381,144.9419,30.2120,30.0279
281.5020,146.2591,30.3088,30.1298
278.6080,147.5189,30.4763,30.1320
278.6080,147.5189,30.4763,30.1320
285.4737,182.0489,30.4696,29.7176
323.2236,200.2144,30.0003,29.5674
349.4919,184.6037,30.5250,29.5752
346.6068,184.6496,30.6024,29.3344
324.9012,198.5776,30.3161,29.0880
350.1248,179.0036,30.6851,29.2110
347.0696,177.8119,31.0184,29.2347
347.6813,174.1913,31.0378,29.1302
324.1159,189.3777,31.0414,29.2860
284.8925,184.0702,31.5120,29.3954
304.4419,205.8929,31.7456,29.9157
283.7393,181.3376,32.5007,29.9923
304.2655,204.5081,32.7014,30.5526
283.9451,179.8354,33.5930,30.8547
305.1824,204.2794,33.6419,30.9215
285.0311,179.2421,34.2809,31.0789
309.1058,204.0371,34.1727,31.1527
286.7802,181.8122,34.6810,31.2205
328.0752,186.6763,34.6590,31.2081
306.8529,165.9477,34.8085,31.4578
313.8951,174.2051,34.7922,31.4501
291.7308,195.2681,35.0531,31.5715
313.5780,179.4600,34.5731,31.1480
297.1024,201.3284,34.6053,31.2088
288.9288,188.0655,34.3057,31.4015
300.6088,204.0272,34.2864,31.6721
342.0167,203.5343,34.3879,31.6043
303.4852,203.0872,34.3314,31.9028
307.8397,198.9657,34.3387,31.8855
307.1933,202.0669,34.2538,32.0536
294.3346,184.4026,34.0504,32.2014
281.2284,167.9596,33.5129,31.8743
282.2500,167.3203,33.0932,31.2527
299.1061,139.5220,33.0888,31.0358
286.6808,166.4682,33.1260,30.6781
286.6808,166.4682,33.1260,30.6781
266.3892,154.1508,33.6456,30.5844
287.8763,167.9478,33.1088,29.8371
288.2493,169.2920,32.6288,28.8913
289.2908,168.9888,32.7814,28.4455
290.1048,168.9564,32.7760,28.4610
293.4846,169.1861,32.7783,28.4765
270.8579,156.9248,33.1089,28.6155
274.4260,153.6605,33.2299,28.4054
258.3073,157.2457,33.6271,28.8700
296.1602,171.8155,34.3613,28.8614
299.9471,171.9893,34.3588,28.8785
276.6472,162.9715,34.6327,28.8419
301.4534,177.3324,34.2143,29.1758
284.1795,168.0532,34.1402,29.2038
304.4076,182.6507,34.0958,29.1776
303.6966,179.2732,34.0710,29.2430
282.2480,171.1159,34.1793,29.2137
278.8481,171.5623,35.0820,27.8721
279.0748,171.8190,35.0056,27.5216
299.4608,182.7951,33.9984,27.3672
298.7907,182.4726,34.1022,27.8469
298.0527,181.8818,34.0646,27.9757
298.0527,181.8818,34.0646,27.9757
298.0527,181.8818,34.0646,27.9757
293.1048,180.8970,34.9735,28.0188
292.7438,184.0605,35.0607,28.2238
288.2772,180.8335,34.9990,28.2880
288.2510,181.5779,34.8690,28.3235
263.9263,169.7429,35.6299,28.3013
268.2165,170.1989,36.0615,27.6889
263.5906,170.7523,36.6601,27.5044
267.9670,170.8424,37.3035,27.0143
285.3255,182.7750,37.0227,27.1759
288.6828,182.0169,36.0425,27.3206
292.0753,182.8352,35.9644,27.3161
291.5524,182.3488,35.8115,27.3048
287.3165,181.4575,34.4460,27.6571
287.5715,173.3843,33.8283,28.1275
287.5715,173.3843,33.8283,28.1275
287.5715,173.3843,33.8283,28.1275
311.3496,205.0419,34.0131,28.3739
304.4371,192.7756,33.6827,28.4863
295.5927,181.6967,33.6039,28.4866
310.2090,203.5230,33.4279,28.6841
307.3842,199.8726,33.0209,28.8181
306.7351,197.2493,32.9689,28.5504
303.5641,196.7895,32.7131,28.2384
302.9435,193.9569,32.4964,27.3144
302.7380,194.3315,32.1019,26.6644
313.6313,222.5635,32.2966,26.8801
303.0052,195.4056,31.6180,27.8105
299.9157,192.6339,31.5857,27.8477
308.3799,220.1991,31.6317,27.8224
298.6887,194.1844,31.1273,27.8891
298.8105,191.2539,31.2585,27.6415
296.7076,193.8775,30.5634,27.5662
297.2241,190.7943,30.6553,27.4749
296.9851,192.0105,30.5357,27.5584
297.9697,192.7484,30.5219,27.5590
297.6932,192.9124,30.2127,27.6442
297.3374,191.8764,30.2150,27.5726
301.0710,220.0394,30.6532,27.8083
295.7814,191.2010,29.2031,28.2470
294.0378,187.4635,27.9075,27.8224
295.1988,213.3133,27.8243,27.7508
292.7009,183.7754,27.5511,28.0540
291.9667,207.7604,27.8229,27.8423
290.9547,177.9683,27.3395,28.4941
288.2882,202.8783,27.5599,28.2688
287.9634,200.2872,28.0070,28.2877
289.2880,171.6099,26.0850,27.9753
286.9897,196.6988,26.0583,27.8430
287.0048,194.3156,26.0095,27.7879
289.3072,164.6933,25.7337,27.0125
285.2065,191.3966,26.2007,27.3171
284.1709,188.9598,26.8035,27.3301
284.5996,188.9402,26.7167,27.1442
287.7112,155.8427,26.5939,27.0825
307.5311,185.3916,26.7939,26.9899
309.7495,184.3885,26.7646,26.9553
330.7597,187.0434,27.0347,26.9809
305.7709,179.5277,27.3787,26.7492
285.5716,144.1589,27.3489,27.0210
302.8626,175.6103,27.3937,27.1813
305.2850,176.1347,27.4257,27.1655
326.3593,185.3747,27.7885,27.1199
301.4236,174.8669,27.9379,27.0603
304.0457,175.4290,27.9773,27.0704
323.7434,185.4878,28.4626,27.1259
298.0339,174.2471,28.8271,27.8091
322.9045,183.8002,29.5049,27.9321
294.5501,171.4814,29.9875,28.9938
291.9756,170.3788,30.0660,28.9450
318.3476,178.0691,30.3253,28.9387
291.7608,163.7252,30.9130,28.7894
282.5459,128.5465,31.6421,28.7423
289.2613,161.7534,31.7488,28.9567
281.5888,125.8142,32.3525,28.9043
265.3103,144.8524,32.5384,29.0963
281.0934,121.7637,33.0532,28.9539
288.5191,156.7187,33.0884,28.9244
281.6147,122.0637,33.3336,28.8861
265.7429,148.8169,33.4528,29.5119
281.4832,124.3665,33.8400,29.2323
267.8231,155.1093,34.5176,29.0737
282.3654,130.0162,34.6810,29.1096
269.4206,160.9959,35.4918,28.7874
281.5804,135.1143,35.3342,29.0286
270.3226,167.6422,35.1113,28.7078
280.1425,141.9417,34.3900,29.1337
273.0090,171.4552,34.2317,28.8252
281.7618,145.8538,33.9896,29.0525
276.5996,177.0078,33.8250,29.4734
277.7987,177.6774,33.6463,29.4541
282.4797,147.2509,32.9831,29.5420
279.4484,182.0159,32.8057,29.8666
284.1899,151.1709,31.0417,29.5889
281.7732,184.1470,30.9538,29.5934
285.3066,153.5968,30.4307,29.5279
316.7440,183.6780,30.1403,29.5008
287.4323,159.4611,29.9868,29.7701
288.7813,193.1773,29.8912,29.5771
289.8045,164.4811,29.4124,29.2326
290.5502,167.1503,29.3599,28.7776
324.3199,190.1981,29.4432,28.5764
290.4408,167.1146,29.2903,28.6764
287.5019,164.2159,28.7696,28.7215
286.7410,164.8712,29.5129,28.8893
285.2623,162.0904,29.6592,28.9114
281.5943,159.2446,29.7656,28.9590
279.1302,157.9197,29.9077,29.0824
278.3532,155.1517,29.8013,29.2277
275.9629,154.9134,29.5113,29.1438
273.5341,154.7854,29.1309,29.1653
273.6646,154.1327,29.1595,29.2475
273.4948,153.0065,29.7832,29.7912
271.9334,150.3086,30.5736,29.9315
270.8310,186.7481,30.7332,30.9907
266.1165,148.8102,31.4556,31.0829
261.2529,186.7086,31.1744,31.5158
253.8667,149.7674,32.3146,31.5392
244.8434,145.8730,33.4479,32.5002
241.1488,184.0039,33.6588,32.7635
258.3127,183.1830,33.3141,32.9022
253.5280,178.6583,32.8550,33.3434
219.4437,135.1190,34.0201,34.2758
214.7045,130.7129,34.3016,34.0890
210.6983,126.2948,34.2868,34.3827
213.6876,121.2655,34.5575,34.7467
209.9081,115.9143,34.7811,34.7567
212.6117,111.3121,35.4337,35.7469
213.2409,107.5747,36.1304,36.6118
216.0322,103.8563,36.8696,37.2663
217.0507,99.6920,37.6258,37.8786
219.6893,96.4867,38.3708,38.1523
223.5649,136.3492,38.6272,38.0923
221.9760,93.0348,39.2780,38.6045
226.0233,133.0772,39.4766,38.4154
225.0710,92.6217,39.4006,38.8055
268.2978,136.3396,38.8670,38.2618
307.3604,146.4295,39.1663,37.5904
313.7292,145.5634,38.1818,38.8892
317.7684,154.6648,37.4048,37.8873
318.6447,159.1514,36.7797,36.3075
320.6112,158.8317,35.0766,35.0461
322.1373,157.4129,34.9558,34.8887
322.7923,154.0078,34.3239,34.9161
289.2512,159.1353,33.5397,35.0053
289.6179,149.9683,33.3842,34.8884
290.1408,145.2899,33.4891,34.8253
295.3309,140.9664,33.4562,34.8122
334.2347,127.7314,33.5222,35.0050
304.0644,134.8286,32.9915,34.9683
342.5305,121.6921,33.4025,35.3427
312.1072,126.8523,32.7527,35.2540
312.7337,123.0789,32.7678,35.2733
312.9681,123.4029,32.7125,35.3556
308.1487,122.7842,32.5680,35.4635
308.2821,122.5500,32.0140,35.8222
307.9366,118.4060,31.8303,36.0396
328.6662,123.3232,33.2989,35.6942
368.4394,115.4092,34.2253,35.8611
369.5342,115.5154,35.0038,36.0252
355.7922,114.9334,33.6854,36.8321
373.6173,114.4819,34.6334,36.7759
373.7955,112.9424,35.1893,36.8909
330.0292,121.7313,38.2091,37.0358
372.6647,108.8140,38.8063,37.5879
328.3820,118.8106,39.5131,37.7315
373.1144,107.5058,40.4449,37.9784
374.6535,107.7215,40.7440,38.7891
