142.0000,125.0000,91.0000,40.0000
145.9207,124.0427,86.8066,40.0430
145.9207,124.0427,86.8066,40.0430
145.9207,124.0427,86.8066,40.0430
131.4527,110.8499,87.1783,39.2560
131.4527,110.8499,87.1783,39.2560
132.7855,112.0703,87.1015,38.3333
132.1757,112.1223,87.0901,37.7102
123.9429,106.2884,86.9185,37.1066
123.0244,107.0311,86.8484,36.7102
123.0244,107.0311,86.8484,36.7102
123.0244,107.0311,86.8484,36.7102
123.0244,107.0311,86.8484,36.7102
146.3495,107.0819,86.6432,36.6681
146.8031,106.8853,86.1515,37.0669
147.2132,106.6972,85.6688,37.4713
147.4808,106.5679,85.4668,37.5574
147.8722,106.3910,85.0052,37.9428
66.3546,114.1945,84.5632,39.7286
74.5370,112.1687,83.9942,40.6837
66.4015,103.9893,84.4747,40.0921
66.4015,103.9893,84.4747,40.0921
66.4015,103.9893,84.4747,40.0921
66.4015,103.9893,84.4747,40.0921
66.4015,103.9893,84.4747,40.0921
66.4015,103.9893,84.4747,40.0921
66.4015,103.9893,84.4747,40.0921
66.4015,103.9893,84.4747,40.0921
66.4015,103.9893,84.4747,40.0921
66.4015,103.9893,84.4747,40.0921
66.4015,103.9893,84.4747,40.0921
66.4015,103.9893,84.4747,40.0921
66.4015,103.9893,84.4747,40.0921
66.4015,103.9893,84.4747,40.0921
66.4015,103.9893,84.4747,40.0921
42.7609,103.8741,83.8476,40.2869
43.1785,103.8143,83.6183,40.4659
43.5983,103.7547,83.3968,40.6448
43.5944,104.5755,82.7832,40.7795
44.0483,104.5112,82.5711,40.9431
44.4287,104.4744,82.3332,41.1087
36.7287,104.9294,81.7967,41.1935
36.6381,105.6038,81.6682,40.9032
29.4670,105.5178,81.3977,41.0823
29.9314,105.4562,81.1528,41.2152
37.1440,106.6637,81.6529,40.7359
44.3000,107.2280,81.6249,40.0081
44.3000,107.2280,81.6249,40.0081
52.0313,108.1415,81.6816,39.7121
60.2311,100.5386,81.4630,39.3865
68.4463,101.3523,80.8751,39.4120
68.4463,101.3523,80.8751,39.4120
69.3730,101.9801,80.7007,39.4150
70.7598,94.4878,80.6749,39.2692
71.4900,95.5565,80.7898,39.1216
80.2698,95.1244,80.5876,38.9069
81.1856,95.8535,80.4987,38.8440
89.7721,89.1767,80.6703,38.6636
89.7721,89.1767,80.6703,38.6636
89.7721,89.1767,80.6703,38.6636
89.7721,89.1767,80.6703,38.6636
89.7721,89.1767,80.6703,38.6636
89.7721,89.1767,80.6703,38.6636
89.7721,89.1767,80.6703,38.6636
89.7721,89.1767,80.6703,38.6636
89.7721,89.1767,80.6703,38.6636
89.7721,89.1767,80.6703,38.6636
89.7721,89.1767,80.6703,38.6636
89.7721,89.1767,80.6703,38.6636
89.7721,89.1767,80.6703,38.6636
89.7721,89.1767,80.6703,38.6636
89.7721,89.1767,80.6703,38.6636
89.7721,89.1767,80.6703,38.6636
89.7721,89.1767,80.6703,38.6636
89.7721,89.1767,80.6703,38.6636
89.7721,89.1767,80.6703,38.6636
89.7721,89.1767,80.6703,38.6636
89.7721,89.1767,80.6703,38.6636
89.7721,89.1767,80.6703,38.6636
89.7721,89.1767,80.6703,38.6636
89.7721,89.1767,80.6703,38.6636
89.7721,89.1767,80.6703,38.6636
89.7721,89.1767,80.6703,38.6636
89.7721,89.1767,80.6703,38.6636
89.7721,89.1767,80.6703,38.6636
89.7721,89.1767,80.6703,38.6636
89.7721,89.1767,80.6703,38.6636
89.7721,89.1767,80.6703,38.6636
89.7721,89.1767,80.6703,38.6636
89.7721,89.1767,80.6703,38.6636
97.2986,96.6559,80.3835,38.8287
104.7794,96.9945,80.0984,38.9846
104.7794,96.9945,80.0984,38.9846
104.7794,96.9945,80.0984,38.9846
104.7794,96.9945,80.0984,38.9846
104.7794,96.9945,80.0984,38.9846
90.2210,89.1652,79.7286,39.3440
90.2210,89.1652,79.7286,39.3440
90.2210,89.1652,79.7286,39.3440
90.2210,89.1652,79.7286,39.3440
90.2210,89.1652,79.7286,39.3440
90.3789,96.5589,79.3116,39.6574
90.6179,96.4977,78.9909,39.8772
75.8840,126.1781,79.1030,39.5706
76.1227,126.1220,78.9094,39.6317
76.1227,126.1220,78.9094,39.6317
76.1227,126.1220,78.9094,39.6317
76.3062,133.4642,78.7400,39.6657
76.4577,133.3228,78.3991,39.9047
91.3738,133.2781,78.2265,39.9179
84.1761,133.2260,78.0004,40.0631
76.9862,133.2581,77.9299,40.0413
69.8823,133.1227,77.6307,40.2453
62.8625,133.0269,77.3183,40.4582
0.0000,94.8092,64.4607,43.2609
48.3521,68.2111,62.4245,45.1643
41.8859,75.7048,61.8478,45.6674
61.5436,123.5102,62.5236,44.9970
0.0000,115.5197,58.1750,46.0220
0.0000,114.1917,57.4536,46.2862
0.3486,112.9891,56.9214,46.9716
7.0675,112.1815,55.8529,47.6466
5.7269,106.5149,54.8136,47.8128
0.0000,111.3523,52.5850,48.6549
12.9906,110.5456,51.7989,48.9203
12.9994,116.1906,51.6149,48.8116
0.0000,121.4340,50.9001,48.9358
0.0000,122.0698,49.4708,49.1106
0.6495,123.4031,49.1573,48.6551
1.6099,124.6513,49.8333,47.0204
1.9025,125.7031,51.2532,46.1014
2.9071,126.7604,52.9625,45.0865
3.4032,132.3411,53.5052,44.3455
3.6042,132.4058,54.5938,43.8056
4.5721,132.3573,55.5695,43.3672
5.1355,133.0525,56.9686,43.2966
5.6984,132.8849,57.3225,43.1629
4.9098,134.0307,59.0613,42.9865
5.2604,135.8602,60.2521,42.4269
5.3018,136.0129,61.0672,42.1035
5.5045,141.2544,61.5956,42.0508
5.3938,140.3352,61.9476,41.8302
6.4530,139.2787,62.8219,42.5135
6.7708,139.4882,63.1864,42.1066
8.6071,138.4793,63.1892,42.1086
10.0423,137.7940,63.1279,41.9825
10.5050,137.4174,62.8658,42.1376
17.9713,141.3492,61.2692,43.9288
11.3156,141.1438,62.1816,43.5827
10.5747,141.8803,64.6288,42.9205
11.3062,140.9538,64.6770,43.9305
11.9591,140.7663,65.9196,43.9764
12.6755,145.2080,63.9189,44.7001
13.1652,143.0446,62.8062,45.3564
12.0692,143.5147,62.6693,46.4125
10.4822,144.6124,63.4400,46.7786
8.6778,145.6924,64.6042,46.8539
7.7607,146.4026,65.1385,47.7904
6.3733,147.2218,66.7215,48.4934
4.9844,147.8352,67.1024,50.3728
3.6374,147.9428,67.6938,51.8368
3.6799,148.9040,68.5227,53.0627
3.5989,149.5132,68.9633,53.6738
3.3007,149.9397,68.3160,53.6303
2.2727,150.7257,67.0823,53.8260
2.6544,151.9400,66.6114,53.1873
2.3563,152.9953,66.8296,51.8039
1.6524,153.3941,65.8372,51.3040
1.6482,153.2393,63.9907,50.3382
1.5675,154.1407,62.0452,49.7885
2.5387,154.1497,59.6650,48.8680
2.0785,154.4102,57.5088,47.9635
1.8353,153.0705,55.0768,48.5454
1.8721,151.6456,52.9622,48.6628
2.3249,150.7921,50.8745,49.1939
0.0000,150.0800,47.7576,48.8651
0.7552,149.4686,46.8218,48.1166
0.5751,148.9469,46.2134,47.0084
1.0706,148.1307,45.8440,46.7153
1.9967,148.0340,45.9108,46.2171
2.7246,147.6114,46.2697,45.4364
2.4770,147.0328,45.8830,45.5665
12.7854,147.6544,48.1766,43.1635
17.4036,148.7042,51.0359,40.1809
16.7821,149.7860,53.8092,37.1859
15.9040,150.8109,55.8634,34.2831
14.9559,151.1155,57.2850,31.9577
14.0667,150.3656,57.4007,30.7750
13.7270,149.4633,57.5057,30.0745
13.2967,143.6529,58.0374,29.5095
8.8218,143.3990,58.1537,29.2934
8.9956,143.1437,58.5089,28.7919
9.3063,142.7099,58.5365,28.7714
4.2522,141.8233,58.5802,28.6844
4.6030,136.1953,58.8652,28.3506
4.8170,135.4690,59.0730,28.1686
4.9116,134.9490,59.4171,28.0583
15.8586,139.9256,59.3506,28.1108
15.8586,139.9256,59.3506,28.1108
10.4435,134.1375,58.8515,28.4815
16.4413,133.8133,58.2444,28.9971
16.7254,133.3433,57.8301,29.3252
0.0000,143.3457,57.5816,29.4359
0.0000,143.3457,57.5816,29.4359
0.0000,137.0717,55.9853,29.6875
0.0000,137.0717,55.9853,29.6875
0.0000,137.0717,55.9853,29.6875
0.0000,137.0717,55.9853,29.6875
0.0000,137.0717,55.9853,29.6875
0.0000,137.0717,55.9853,29.6875
0.0000,137.0717,55.9853,29.6875
0.0000,137.0717,55.9853,29.6875
0.0000,137.0717,55.9853,29.6875
37.7580,120.2127,54.9519,30.2860
37.3285,119.8268,54.8068,30.3802
43.3119,110.1992,54.1310,30.0968
43.3119,110.1992,54.1310,30.0968
43.3119,110.1992,54.1310,30.0968
43.3119,110.1992,54.1310,30.0968
43.3119,110.1992,54.1310,30.0968
43.3119,110.1992,54.1310,30.0968
43.3119,110.1992,54.1310,30.0968
43.3119,110.1992,54.1310,30.0968
43.3119,110.1992,54.1310,30.0968
43.3119,110.1992,54.1310,30.0968
43.3119,110.1992,54.1310,30.0968
43.3119,110.1992,54.1310,30.0968
43.3119,110.1992,54.1310,30.0968
43.3119,110.1992,54.1310,30.0968
43.3119,110.1992,54.1310,30.0968
43.3119,110.1992,54.1310,30.0968
43.3119,110.1992,54.1310,30.0968
43.3119,110.1992,54.1310,30.0968
43.3119,110.1992,54.1310,30.0968
43.3119,110.1992,54.1310,30.0968
43.3119,110.1992,54.1310,30.0968
53.6538,120.7703,54.9608,29.5241
53.6538,120.7703,54.9608,29.5240
53.6538,120.7703,54.9608,29.5240
47.8698,116.3994,55.3467,29.2033
47.8698,116.3994,55.3467,29.2033
47.0115,116.7710,56.3363,28.3046
47.0115,116.7710,56.3363,28.3046
47.4329,117.1864,56.6328,28.0096
47.4329,117.1864,56.6328,28.0096
47.4329,117.1864,56.6328,28.0096
47.4329,117.1864,56.6328,28.0096
47.4329,117.1864,56.6328,28.0096
47.4329,117.1864,56.6328,28.0096
47.4329,117.1864,56.6328,28.0096
106.0629,132.9359,54.8287,30.1902
122.1962,128.2455,55.7250,29.8672
132.1852,122.7950,56.8963,29.4823
132.1852,122.7950,56.8963,29.4823
169.3882,124.0052,57.6479,29.1090
187.1725,138.3417,55.2581,30.6721
180.0322,127.4604,56.3131,30.3313
185.1263,121.2300,56.4648,30.2521
190.7695,121.1752,56.2654,30.4173
191.0070,121.1190,56.0750,30.5734
191.0083,111.2650,56.4347,30.0009
191.2607,111.1917,56.2290,30.1712
191.5154,111.1216,56.0215,30.3387
197.1903,111.0249,55.8394,30.4649
192.4858,111.7558,56.3897,29.9827
244.5578,134.3824,47.6285,39.2971
210.0081,113.2184,48.4391,38.1241
198.3512,113.3631,51.3240,36.2294
244.7330,122.6981,47.4064,39.8465
210.2543,111.0941,48.4601,38.8702
204.3924,112.5526,52.1510,36.1707
203.0515,113.4094,54.1932,35.2690
202.6408,109.9020,55.5253,33.8033
259.4568,120.6453,55.5514,33.8165
264.2389,120.4954,55.5685,33.6981
263.3440,120.7360,55.6454,33.3081
262.6089,121.0840,55.5731,33.0215
263.6201,121.3280,55.5676,32.9811
264.5494,122.1040,55.4506,32.9041
269.5035,122.7070,50.4965,32.9147
269.5035,122.7070,50.4965,32.9147
269.5035,122.7070,50.4965,32.9147
269.5035,122.7070,50.4965,32.9147
269.5035,122.7070,50.4965,32.9147
269.5035,122.7070,50.4965,32.9147
269.5035,122.7070,50.4965,32.9147
269.5035,122.7070,50.4965,32.9147
276.3540,107.3216,43.6460,33.4206
276.3540,107.3216,43.6460,33.4206
282.0256,107.3362,37.9744,34.1470
286.0532,111.9266,33.9468,34.1895
286.4578,142.3643,33.5422,33.8894
286.4542,142.7355,33.5458,33.5189
285.7249,142.8049,33.7028,32.9192
285.3105,142.7565,33.9484,32.3632
285.0708,139.9693,34.1189,31.1994
285.0708,139.9693,34.1189,31.1994
284.2375,136.6840,34.2225,30.6160
281.0672,140.8794,35.1391,29.8585
281.8239,137.5564,35.3664,29.4413
278.7091,134.2547,35.8412,28.9869
278.3740,131.1980,36.6426,28.3238
278.1267,131.8532,37.0366,28.0352
277.7342,128.4184,37.5744,27.5717
276.5705,129.0037,38.4648,26.8824
275.6102,129.5789,38.9855,26.5907
273.3718,142.2887,40.9164,24.4022
273.0946,145.9580,41.1470,24.1723
272.9079,149.8633,41.3436,23.9715
272.0849,145.7960,42.6082,22.8192
272.0170,145.6281,42.8554,22.5294
272.2901,149.4191,42.9802,22.4020
271.4925,145.2045,44.0359,21.3974
271.0114,145.1774,44.7986,20.7610
270.8887,140.8846,44.8823,20.6663
274.2197,132.6472,44.9180,20.6290
273.1982,128.9120,44.8613,20.8515
272.3499,129.0720,44.7758,21.2462
271.8415,137.7675,44.8530,20.9696
271.9765,137.9175,44.9252,20.8473
272.1237,138.2782,45.2260,20.5009
271.2000,138.3879,45.7547,19.8037
270.8362,138.6824,46.2546,19.0259
267.5676,146.3219,46.0192,19.1982
272.1018,149.8918,45.3484,19.8394
272.3604,149.5267,44.7676,20.4897
272.5304,149.4983,44.3825,20.9832
272.4234,149.5474,44.1812,21.3239
272.3421,141.4670,43.9658,21.5823
272.3418,137.3704,43.7706,21.9085
272.1426,137.3678,43.7023,22.1489
272.0351,133.0404,43.5342,22.3450
268.2602,132.7256,43.1078,22.8166
268.5759,132.4529,42.6853,23.2595
268.9444,132.1751,42.2473,23.7150
269.2158,131.9162,42.0651,23.9309
265.4195,131.5229,41.9886,24.0455
265.7851,131.0638,41.9511,24.0954
266.1815,130.4549,41.8851,24.1852
265.4144,119.2432,43.6868,22.7978
265.2736,119.9387,44.3718,22.2022
265.3333,120.4972,44.8169,21.7974
265.0137,121.0447,45.6857,21.2148
265.0474,121.3485,46.1024,20.8577
264.8463,121.6564,46.8181,20.3230
265.1515,121.3886,47.1078,20.1332
265.6518,118.0482,47.8623,19.6110
268.7728,122.4358,48.5388,19.0426
273.2004,125.9989,46.7996,19.0741
277.4225,129.1617,42.5775,20.1050
283.0712,131.8245,36.9288,21.2993
290.6400,134.8340,29.3600,22.5931
298.0576,140.3138,21.9424,25.3950
305.3473,142.2948,14.6527,27.0908
308.3611,142.1258,11.6389,27.4123
310.9893,144.5138,9.0107,27.5661
310.7181,149.1525,9.0803,27.4946
310.7947,149.2913,9.2053,27.2989
310.8702,149.4019,9.1298,27.1235
310.9480,149.5335,9.0520,26.9489
310.9622,147.4620,9.0378,26.7899
306.4792,147.7758,9.5333,26.2100
308.8563,152.0204,9.5463,26.3783
306.4514,152.2804,10.0004,25.8828
306.2624,154.8019,10.4411,25.4621
308.3373,154.9529,10.5641,25.3137
306.0007,152.9510,10.9567,24.8955
308.0523,153.1720,11.0696,24.7620
305.6302,155.6009,11.4366,24.3591
300.8754,154.0257,12.3954,23.4648
300.5941,154.4318,13.2988,22.6250
298.2007,154.7126,13.8086,22.1397
298.1044,155.0105,14.1914,21.7679
297.9818,155.2802,14.5541,21.4314
295.6037,157.7328,14.9232,21.0724
295.4888,157.9939,15.3455,20.6609
295.4328,160.4765,15.6520,20.3598
295.3186,160.7429,15.9972,20.0001
297.5977,161.0328,16.3470,19.7064
297.4736,161.2770,16.6509,19.4317
297.3669,161.5081,16.8965,19.2147
299.7125,161.6629,17.0828,19.0632
299.7024,164.1079,17.3423,18.8568
299.7342,164.2471,17.5236,18.6914
297.4673,164.4260,17.7325,18.5027
297.5047,166.8383,18.0550,18.2303
297.4504,169.3053,18.3444,17.9536
297.4371,169.4287,18.5638,17.7287
297.4637,169.5396,18.7329,17.5731
297.4544,169.6952,18.9496,17.3942
297.5339,169.7907,19.0881,17.2845
297.5735,169.8540,19.2128,17.1633
297.5638,169.9368,19.3510,17.0230
281.4962,185.6910,19.5869,17.0876
278.6993,190.9106,20.3593,16.5537
278.6682,189.2314,21.0499,16.0725
269.8869,186.7630,21.0013,16.0025
276.7002,186.8526,21.3261,15.8056
292.4594,203.1146,22.3104,15.2745
297.2903,200.9668,22.2208,14.9536
295.1615,200.9035,22.1046,14.9790
295.3655,200.8450,21.9543,15.1315
295.5347,200.7225,21.8346,15.2220
293.3372,200.5946,21.7368,15.3135
291.0860,198.1550,21.6971,15.3333
291.1656,195.7555,21.6863,15.3625
288.7666,195.8298,21.9641,15.1472
291.1167,195.8297,22.1329,15.0179
293.4274,195.8413,22.4185,14.7664
291.1712,195.7726,22.4915,14.6890
291.0689,195.8431,22.8266,14.4919
291.0964,195.9257,22.9245,14.3958
288.6953,195.9943,23.2303,14.1512
288.6127,198.3558,23.5817,13.9566
286.2179,198.3740,23.8969,13.7447
283.8160,198.4007,24.1269,13.5695
281.3899,198.4697,24.3793,13.4004
281.3651,196.2012,24.5924,13.2204
281.4495,196.2608,24.6159,13.1916
283.8902,196.3879,24.8054,13.0462
286.1962,196.6209,25.1552,12.8556
286.2713,196.8007,25.2719,12.7399
286.2452,196.8791,25.6226,12.5455
283.8336,197.1048,25.9568,12.3416
283.8937,197.2424,26.1090,12.2291
283.8221,197.4075,26.4926,12.0244
283.7338,197.6651,26.8497,11.8160
283.6877,197.8587,27.1090,11.6471
283.5058,198.1864,27.6456,11.3652
283.3182,198.5264,28.2528,11.0385
280.9106,198.6186,28.5595,10.8875
278.6956,198.4867,28.4407,10.9841
278.8311,200.8092,28.4058,11.0564
278.9717,200.6740,28.3289,11.1239
281.4304,195.9324,28.4984,11.0533
281.5496,195.9680,28.5033,11.1046
281.6065,195.9459,28.6241,11.0717
281.7609,195.8858,28.5541,11.1295
281.8303,193.5543,28.5781,11.1877
279.4214,193.5231,28.6795,11.1782
279.4641,191.1020,28.8983,11.0698
279.5394,188.6015,28.9791,11.0877
279.6121,188.6579,29.1029,11.0591
279.7857,188.5358,28.8474,11.2806
279.9527,188.4459,28.7204,11.4144
280.1730,190.7510,28.3992,11.6827
280.4180,190.5432,28.0064,12.0227
283.2180,192.7792,27.4708,12.5609
286.0168,192.5917,27.0117,12.9654
288.7069,192.4905,26.7039,13.2524
291.4108,189.8586,26.4063,13.5432
294.1356,187.1725,25.8644,13.8343
294.4261,186.9191,25.5739,14.0935
294.5982,186.7462,25.3575,14.2725
294.7864,186.7675,25.1519,14.4167
295.1147,184.1125,24.8710,14.6984
292.7995,183.9460,24.7476,14.8505
292.9348,183.8378,24.6658,14.9525
295.6316,183.6480,24.3684,15.1474
293.3588,183.4350,24.1764,15.2984
293.6299,183.2073,23.9053,15.5875
293.7898,183.1144,23.8461,15.6758
296.5019,182.9939,23.4981,15.8652
296.6354,182.9930,23.3646,15.9437
299.1808,187.8300,20.8192,16.1952
296.9669,187.6528,20.7950,16.2560
296.9671,189.8721,20.8114,16.2491
292.3831,189.7567,20.8316,16.2821
292.4978,191.9996,20.8837,16.2919
292.5009,194.3062,21.0295,16.2047
294.8167,194.1713,21.2067,16.0911
294.8952,196.4236,21.2416,16.1131
297.4354,198.6502,21.1788,16.1928
297.3925,193.9543,21.2245,16.0695
297.2419,193.9930,21.2949,15.9233
297.3602,196.3069,21.2507,15.9505
297.5801,203.1292,21.0402,16.1956
297.8039,202.9228,20.9346,16.3222
300.3869,205.0970,19.6131,16.5168
300.4619,209.6863,19.5381,16.5454
302.9649,209.5433,17.0351,16.7761
303.0650,209.4849,16.9350,16.8248
298.7951,209.4650,17.0984,16.6591
298.9114,213.6961,17.1810,16.7030
298.9957,209.4840,17.2475,16.6419
299.0874,209.4948,17.2896,16.5743
297.0422,209.5047,17.2668,16.5765
294.8505,209.5601,17.4786,16.3920
292.7041,209.5729,17.6923,16.1857
290.5337,209.6579,17.9649,15.9042
290.6539,211.7327,17.9783,15.9035
288.6116,209.5564,18.0504,15.8320
290.7886,209.5428,18.1867,15.6879
290.7886,209.5428,18.1867,15.6879
290.7886,209.5428,18.1867,15.6879
290.7886,209.5428,18.1867,15.6879
290.7886,209.5428,18.1867,15.6879
292.9507,209.7199,18.4232,15.4695
292.9507,209.7199,18.4232,15.4695
293.0129,212.0786,18.6606,15.2537
276.6064,220.5086,17.8331,16.1649
277.0573,220.3660,17.1567,16.7941
277.7316,213.6760,16.5781,17.5745
277.9183,213.3379,15.9822,18.4747
278.1209,213.0552,15.4880,19.2468
282.5908,213.1188,15.4210,19.3365
285.0721,213.0739,15.3103,19.5970
285.2816,217.6163,15.2702,19.7245
285.4884,217.7420,15.2211,19.8944
283.2765,215.6595,15.2064,19.9667
283.2765,215.6595,15.2064,19.9667
283.6121,222.7253,15.4514,17.2747
283.6121,222.7253,15.4514,17.2747
285.6889,210.1372,15.2919,17.4924
285.6953,208.0352,15.1801,17.6603
285.7592,207.9888,15.0643,17.8798
285.7592,207.9888,15.0643,17.8798
285.6567,205.8888,14.9870,17.9552
283.7802,189.2057,15.2431,17.8362
285.9301,187.2023,15.2082,17.8838
285.7313,185.0099,15.2177,17.8433
285.7313,185.0099,15.2177,17.8433
283.7533,189.2917,15.3487,17.6536
276.8852,173.0977,16.4307,16.8246
284.5260,186.3364,18.8280,14.8793
288.9422,184.5992,19.2092,14.4636
273.2798,188.7508,20.8290,13.4470
272.8343,186.6557,21.6071,12.9155
270.6765,190.9411,21.7501,12.8248
286.7252,188.6408,23.0428,11.9563
286.4920,186.6688,23.5159,11.6575
275.7469,185.9992,22.5105,12.3733
279.8513,186.5257,23.3519,11.8012
279.9318,186.4011,23.3165,11.8342
280.0104,186.3897,23.2797,11.8667
277.9312,184.1931,23.2371,11.9014
260.7214,164.3545,22.6857,12.5332
247.3143,181.9235,22.9572,12.4123
242.5537,182.0236,23.6516,12.0797
246.7123,162.4595,24.1069,11.9308
242.3819,159.8671,23.4659,12.4866
242.3819,159.8671,23.4659,12.4866
242.3992,157.3556,23.1700,12.7603
262.9543,149.8267,22.7212,13.3240
262.9543,149.8267,22.7212,13.3240
263.0141,149.7510,22.5571,13.4960
274.2813,151.6144,22.2133,13.8985
274.4506,149.4613,22.2007,13.8901
274.6245,149.7059,22.0648,14.0594
270.3750,144.9161,21.8350,14.2926
270.4215,142.7638,21.7518,14.3352
266.1379,146.8816,21.3112,14.8912
266.1735,146.6397,20.9848,15.3851
270.8829,146.4824,20.8719,15.5626
287.3483,150.5427,19.6726,16.8297
289.5212,150.6402,19.6627,16.8347
287.5685,150.4094,19.4016,17.0720
278.5412,149.6836,18.5001,18.3951
278.7390,149.5478,18.2468,18.6673
267.1064,140.2847,18.2730,18.5295
255.3362,138.0591,18.8541,18.1742
250.1739,140.6360,19.7001,17.6543
247.7230,140.9751,20.0813,17.3454
245.1526,141.1639,20.3311,17.1404
254.6074,141.2070,20.9416,16.5682
261.8458,136.7068,20.9663,16.6359
266.8673,134.2627,20.7209,16.9107
266.9496,134.1656,20.6591,16.9752
266.4171,138.9315,20.6133,16.9878
266.4190,138.8174,20.6899,16.9361
266.5280,138.8164,20.6397,17.0003
266.8621,140.9542,20.2291,17.5677
261.7113,150.3671,20.5675,17.3448
262.2408,133.1290,20.2803,17.6430
264.6487,132.6473,20.2658,17.9331
288.3459,130.3184,20.6045,17.7751
295.4768,130.3908,20.9418,17.8018
295.3842,130.3548,21.1756,17.9025
301.0717,129.9726,18.9283,18.1144
296.1205,132.4742,19.1833,17.8138
293.7666,130.5574,19.4117,17.5322
298.5031,130.7095,19.4963,17.3773
293.4365,131.1882,20.5024,16.5659
295.8256,131.4356,21.0118,16.0090
295.9590,129.1171,20.9764,15.9745
293.6133,128.9924,20.9514,15.9865
295.9156,126.3648,20.7876,16.2329
298.5325,126.0062,20.4335,16.5244
303.8678,120.6272,16.1322,17.8490
308.7138,120.1932,11.2862,18.7074
308.6033,120.2225,11.3967,18.6197
306.6165,120.3790,11.7141,18.3383
304.5277,122.4356,12.0100,18.0551
302.5676,122.6129,12.3301,17.7401
302.4943,122.7934,12.6480,17.4279
304.2994,122.8570,12.8962,17.2086
304.1717,122.9393,13.1047,16.9938
304.0417,119.2418,13.3993,16.7825
303.8943,119.3615,13.6879,16.5479
303.7523,119.4424,13.9445,16.3472
303.6550,119.6212,14.1726,16.1369
301.5867,121.8411,14.6373,15.6746
301.4618,122.1058,15.0185,15.3337
303.3192,120.1850,15.1279,15.2497
301.2119,118.3971,15.5267,14.9641
301.1707,118.4585,15.7405,14.8342
299.2908,116.5658,15.7968,14.8252
299.3931,114.6420,15.7665,14.9058
299.4251,114.7451,15.8163,14.8754
301.4250,114.8499,15.9285,14.8051
301.5338,114.8413,15.9621,14.7864
301.4756,112.9389,16.0582,14.8277
301.4246,112.9705,16.1639,14.8417
301.4784,113.0475,16.2253,14.8679
299.5053,113.0517,16.3433,14.8459
301.5749,111.1110,16.3882,14.8800
299.6613,109.2984,16.4775,14.8525
299.7008,111.4873,16.5858,14.7521
299.6175,111.7461,16.7554,14.5815
297.6402,111.9795,16.9477,14.4420
299.5579,112.2163,17.1678,14.2706
299.5947,112.3895,17.3100,14.1166
297.6232,108.6622,17.4890,13.9954
297.6909,108.8466,17.5214,13.9611
299.6751,111.0648,17.7172,13.7964
299.7206,111.3981,17.8469,13.7116
299.7557,111.7410,18.0597,13.4783
299.7754,111.8936,18.1507,13.3739
299.8216,112.0144,18.1990,13.3405
297.9153,108.1237,18.2289,13.3027
298.0189,108.3896,18.3005,13.2285
300.0471,106.5311,18.3313,13.2094
300.1306,106.6271,18.3159,13.2228
300.1024,108.7636,18.3478,13.1810
300.2450,108.8111,18.2841,13.2039
300.3356,106.8780,18.2450,13.2529
300.4406,108.9448,18.1966,13.2890
298.5457,104.9688,18.2321,13.3268
300.6795,107.0050,18.2195,13.3863
300.8141,107.1031,18.2055,13.4361
300.9234,107.1843,18.1794,13.4632
298.9791,107.3714,18.2379,13.4091
299.0562,105.4369,18.1937,13.4665
297.1025,105.5112,18.2260,13.4868
297.1779,103.6143,18.1895,13.5449
297.2318,103.6417,18.1758,13.5894
297.2298,103.7906,18.2050,13.5811
297.3744,103.8659,18.2402,13.5936
297.2577,106.0468,18.4364,13.4377
297.3693,104.0638,18.4474,13.4763
299.4747,104.1056,18.4204,13.5216
301.6078,106.1387,18.2816,13.5406
301.7528,104.2101,18.2066,13.6029
299.8669,104.1021,18.2441,13.6380
297.8771,104.2161,18.2884,13.6022
297.9041,104.2907,18.3155,13.6082
297.9602,102.3425,18.3660,13.6101
297.9776,104.5069,18.4391,13.5537
298.0658,104.6188,18.5361,13.4731
298.0732,104.8760,18.6769,13.3783
298.2162,104.9977,18.7196,13.3414
298.3080,105.1847,18.7978,13.2250
296.3142,105.3645,18.9412,13.0934
297.6381,111.5942,19.5570,12.4909
297.5215,107.9515,19.8688,12.1256
293.5927,114.0054,19.9344,12.0866
297.6221,113.8275,19.9718,12.1192
303.9905,113.4573,16.0095,12.8586
304.0364,122.4102,15.7304,13.2084
305.8533,127.7298,14.1467,13.3622
305.8609,134.6532,13.9455,13.5898
305.9901,139.8573,13.9590,13.5672
305.9798,141.6935,13.9562,13.5421
306.0695,146.9898,13.8502,13.5334
306.1378,146.9349,13.8556,13.5192
307.8550,162.4996,12.1450,14.0453
306.1872,164.2663,12.2698,13.8451
304.2601,171.1827,12.7728,13.5587
307.6998,171.1813,12.3002,13.6911
311.0846,170.9861,8.9154,14.1270
308.2365,184.3684,9.2399,13.5745
306.6520,185.9739,9.7613,13.0559
306.5423,186.0907,9.9350,12.8747
306.4583,184.7760,10.1192,12.6697
303.5569,183.4014,10.3531,12.3625
301.9763,185.0257,10.4595,12.1649
301.8911,183.6969,10.6854,11.9460
303.2655,182.3684,10.8864,11.7676
303.2513,182.4866,10.9947,11.6388
303.1940,181.1934,11.1325,11.4939
303.1202,182.7939,11.2899,11.3267
303.0858,182.9150,11.4063,11.1996
303.0900,183.0175,11.5005,11.0873
303.0066,183.0281,11.5092,11.0812
300.1775,184.5389,11.5311,11.0583
294.2715,193.3187,11.7756,10.7708
294.1238,194.8148,11.8905,10.6648
301.1418,196.3602,12.0212,10.5917
305.6577,197.7605,12.0460,10.5715
302.6232,202.3051,12.5630,10.2123
302.6261,203.8233,12.5846,10.2466
305.5677,203.9807,12.6353,10.2102
304.0872,205.5578,12.6816,10.1700
302.7236,205.6387,12.7549,10.0908
302.5736,210.1329,12.9086,9.9862
302.6235,212.9945,12.9661,9.9691
305.4904,212.9323,13.0920,9.8906
302.5421,212.9400,13.2392,9.7691
300.9710,211.5478,13.6068,9.4864
300.9156,210.1234,13.7996,9.3456
300.8495,210.1992,13.9791,9.1606
305.3377,210.1481,13.9457,9.1263
305.2561,211.6447,13.9595,9.0824
300.8257,204.5170,14.1098,8.9829
302.1836,203.2265,14.2145,8.9663
302.2004,207.7468,14.1852,8.9969
305.0784,213.7222,14.2021,8.8713
305.0898,213.7495,14.2143,8.8182
305.1815,215.0834,14.1634,8.8091
296.4183,207.9434,14.4277,8.5974
299.2613,208.0419,14.5303,8.5200
300.6550,205.1417,14.6088,8.5232
299.2358,206.6464,14.6204,8.5278
300.7383,208.2049,14.5898,8.5334
299.2003,209.9612,14.7359,8.4051
296.2987,212.9445,14.7744,8.3743
297.6865,212.9056,14.8803,8.3305
297.7572,214.3404,14.8008,8.4022
297.7791,214.3615,14.7455,8.4386
299.3376,214.3977,14.5883,8.5199
303.7411,215.8538,14.6755,8.5275
303.7451,216.0118,14.7224,8.5113
303.7104,215.9199,14.7006,8.5409
303.7130,216.0211,14.7081,8.4895
303.7222,216.1293,14.7015,8.3517
302.2675,217.6865,14.8260,8.2537
303.4106,216.3770,15.0969,8.0840
300.5978,216.2966,14.9725,8.1793
303.5829,216.3961,14.9506,8.2571
303.7458,219.2858,14.7731,8.5064
303.7656,216.4075,14.8130,8.5392
303.7983,217.8709,14.7631,8.6057
303.7990,220.9742,14.7844,8.6203
299.4628,219.4020,14.5461,8.8949
298.0158,218.0679,14.6179,8.8579
303.7614,216.6436,14.7424,8.8620
300.8169,216.6785,14.7841,8.8352
300.8232,215.3340,14.8790,8.7543
299.2482,215.3051,14.9478,8.7403
303.9929,215.3747,14.9186,8.8102
304.0807,213.7805,14.8132,8.9021
304.0567,212.2514,14.7545,8.9436
304.1440,212.1559,14.6622,9.0407
305.8021,212.0501,14.1979,9.1981
304.3903,210.5549,14.1333,9.2542
304.4282,212.0974,14.1085,9.2609
304.4785,210.6332,14.0278,9.3359
301.6127,212.1079,13.9456,9.4117
300.1874,212.1101,13.9110,9.4263
300.2469,210.6625,13.8913,9.4145
300.2320,209.1833,13.8835,9.4089
287.1769,224.8328,13.9731,9.6918
285.6393,226.4342,14.1394,9.5822
278.1017,223.1630,14.0412,9.7589
282.5418,226.1511,14.0532,9.7789
279.1618,224.6233,14.0390,9.9329
288.2449,225.7168,14.0900,10.0219
297.6571,223.8927,14.2257,10.2198
303.5375,230.3953,14.5162,9.6047
308.4352,226.5445,11.5648,10.6312
307.0739,228.0759,11.6370,10.5860
308.5418,226.6470,11.4582,10.7575
308.5941,227.9370,11.3547,10.8408
308.6357,226.5549,11.2652,10.9696
308.6409,226.6103,11.2244,11.0262
305.7120,228.2973,11.5521,10.7642
305.6743,228.4822,11.7472,10.6154
305.6705,228.6870,11.9164,10.4831
307.2670,227.3682,11.8802,10.5343
305.8272,226.1607,11.9948,10.4469
305.6494,229.3467,12.2988,10.1956
307.1777,228.0461,12.2883,10.2267
301.5804,226.7171,12.3900,10.1419
305.7713,228.5644,12.7329,9.8360
305.8908,228.6494,12.7704,9.7899
302.9204,228.9606,13.1936,9.5080
302.9202,229.2676,13.4171,9.3966
304.3579,230.8596,13.5927,9.1404
304.3711,230.9747,13.7477,9.0162
304.3362,229.8289,13.8796,8.9216
304.3808,230.1250,13.9993,8.8304
304.3692,230.3406,14.0946,8.7360
302.9722,230.5538,14.2864,8.6255
303.0060,230.7330,14.4439,8.5330
303.0969,230.8599,14.5264,8.4865
299.7525,234.0607,15.5971,5.9393
299.5163,235.5379,16.2040,4.4621
299.4659,235.6126,16.4506,4.3874
299.2982,236.9089,16.9620,3.0911
299.3186,236.8979,17.0874,3.0975
299.3067,236.8842,17.2872,3.0931
299.2843,236.8827,17.4874,3.0987
299.2450,236.8790,17.7236,3.0824
299.2384,236.8895,17.9086,3.0780
299.2606,236.8501,18.0354,3.0907
299.3549,235.6897,18.0623,3.1877
299.3649,236.8774,18.2547,3.1226
299.3091,236.8407,18.4496,3.1229
298.0034,236.9470,18.6899,3.0530
298.0555,236.8415,18.7512,3.0937
298.0815,236.7899,18.8507,3.1074
299.3760,236.6871,19.0438,3.0739
301.0394,234.0372,18.5676,3.4178
301.2430,234.0915,18.3987,3.5829
300.0569,232.9143,18.2979,3.7045
301.6041,231.5917,18.0005,3.9909
301.7882,230.1593,17.6940,4.2913
302.0665,230.1703,17.3531,4.6313
302.2394,233.0683,17.2902,4.7525
302.4427,233.0735,17.1031,4.8882
299.8531,234.4666,17.1596,4.8851
299.9020,234.5402,17.2849,4.8511
299.9845,233.2381,17.3373,4.8726
298.7581,230.4296,17.2253,4.9953
298.7620,230.4644,17.3194,5.0074
297.4427,230.4704,17.3321,5.0310
297.5302,231.8583,17.2710,5.0980
299.0362,231.8366,17.1472,5.2097
299.1401,230.4509,17.0280,5.3363
299.2458,230.4573,16.8717,5.4950
297.9493,230.5189,16.8164,5.5711
298.0925,230.6181,16.6875,5.6921
298.2131,230.6354,16.5890,5.7741
298.3628,229.2251,16.4073,5.9413
298.4668,229.2179,16.2766,6.0663
298.5869,229.2053,16.1523,6.1828
298.6644,229.2492,16.1271,6.2464
298.7934,229.2538,16.0565,6.3497
298.9677,227.8699,15.9185,6.4713
297.6640,229.3076,15.8369,6.5745
299.1823,229.3121,15.7078,6.7086
299.2755,227.9023,15.6625,6.7758
303.4999,230.9429,15.6633,6.8577
303.5843,231.0832,15.6141,6.9480
303.5842,231.2634,15.6138,7.0013
303.5229,231.5487,15.5711,7.0345
300.4129,233.4518,16.3514,6.5482
303.5952,232.3076,15.9771,6.4636
303.7523,232.3086,15.8674,6.5641
303.7343,231.1009,15.7731,6.6538
303.8620,231.2621,15.7260,6.7136
302.6425,231.3765,15.6988,6.7921
301.3923,231.5570,15.7680,6.7639
301.5313,231.7104,15.8146,6.7800
300.2375,231.8862,15.8671,6.7758
298.8943,232.1205,16.0006,6.7294
298.9277,230.8796,16.0546,6.7101
299.0201,229.5282,16.0027,6.7985
298.9738,231.1718,16.2045,6.6778
299.0236,231.3825,16.2934,6.6445
302.0072,231.5052,16.3093,6.7091
302.1406,231.5795,16.3014,6.7573
302.3376,231.7135,16.2570,6.8134
301.0453,230.4288,16.2294,6.8852
302.6228,230.6689,16.2321,6.9590
301.2693,230.8602,16.2924,6.9469
298.4025,229.5098,16.3671,6.9331
298.4921,228.0794,16.2941,7.0154
298.7223,226.5762,15.9922,7.2782
298.8279,225.1214,15.8657,7.4126
298.9601,225.1377,15.7043,7.5587
299.1005,226.6066,15.5856,7.6859
299.2100,226.6330,15.4846,7.7829
299.2596,226.6295,15.4467,7.8177
299.3098,226.6594,15.4196,7.8451
299.3996,225.1843,15.3701,7.8781
299.4883,225.1393,15.2900,7.9776
299.5688,225.1692,15.2264,8.0404
299.6593,225.2248,15.1737,8.0815
299.7244,225.2735,15.0863,8.1759
286.5644,213.6215,15.1613,8.2598
289.4756,213.6663,15.2600,8.2567
290.9364,212.2427,15.2714,8.2866
292.3651,212.3249,15.3421,8.2693
292.4108,212.3983,15.3940,8.2566
292.3589,212.4589,15.5117,8.2485
292.3410,212.5737,15.6104,8.2162
292.3795,211.1241,15.5795,8.2955
292.3225,212.7739,15.6005,8.3144
292.1971,211.4576,15.8204,8.2055
290.7470,213.0823,15.7932,8.2302
289.2807,213.0319,15.6735,8.3789
290.7767,213.0834,15.7027,8.3959
292.2446,213.2134,15.7971,8.3449
290.7331,213.3048,15.8133,8.3529
290.7892,214.7799,15.6536,8.5048
292.2493,213.5022,15.8017,8.4091
290.6382,214.9858,15.9410,8.4116
292.1805,215.0735,15.9337,8.4532
292.1537,213.6865,16.0344,8.4159
290.6169,213.6806,16.0096,8.4774
292.2133,213.7126,15.9482,8.5677
293.7303,213.7931,16.0012,8.6693
292.1201,213.9110,16.0977,8.6964
292.1281,215.5535,16.1526,8.6874
292.1063,215.6077,16.3195,8.6032
292.0637,214.1972,16.4575,8.5630
292.1030,215.7862,16.4598,8.6091
292.1353,214.2877,16.4814,8.6724
290.5656,215.7757,16.4790,8.7219
292.1165,215.7598,16.5882,8.7233
292.1671,215.7269,16.6182,8.7487
292.1521,215.7759,16.7489,8.7049
292.1781,215.7569,16.8646,8.6715
292.2271,215.8506,16.9546,8.6450
292.2308,215.9222,17.0270,8.6382
292.2679,215.9976,17.0264,8.6722
290.6577,217.7161,17.1525,8.6385
292.2469,217.8170,17.2654,8.6519
297.1335,216.2165,17.3066,8.7171
290.5461,218.0431,17.5701,8.6562
290.5922,219.6797,17.5066,8.7729
290.6590,221.3207,17.4499,8.8631
290.7050,221.4060,17.4473,8.9108
289.0713,221.5348,17.4236,8.9722
290.7171,221.5364,17.4122,9.0320
290.8124,221.5525,17.2783,9.1708
290.8187,221.7059,17.3710,9.1521
290.8398,221.7911,17.3726,9.1838
290.9002,223.4795,17.3470,9.2225
290.9856,221.9138,17.3325,9.2704
289.2914,220.1780,17.3713,9.2842
290.9794,220.2241,17.3583,9.3042
291.0056,221.8865,17.3114,9.3809
290.9976,221.9133,17.3751,9.3524
291.0128,220.0953,17.3500,9.3717
290.7205,218.7950,17.9218,8.9772
290.6175,220.4579,18.1636,8.8346
290.5702,220.4879,18.3451,8.7216
290.5729,220.5326,18.4200,8.6843
292.1041,220.7146,18.7220,8.5274
300.6877,227.4779,18.5867,9.0582
300.8884,227.4644,18.4487,9.3168
301.0759,227.6178,18.3513,9.4865
301.2499,225.9125,18.2134,9.7662
