1
246.3955,131.0075,45.1922,79.4694
205.1598,151.0376,45.4055,82.8156
213.3522,159.7430,46.3472,81.2108
205.2016,148.9241,44.5661,84.7294
205.3361,146.1589,43.5106,87.2069
205.4316,163.5200,43.8291,85.3817
2
0
0
0
0
1
190.0037,107.6642,54.9176,73.5080
198.9098,83.3651,54.7036,72.3674
222.6642,88.9964,53.4693,73.7613
183.5064,93.9142,48.2496,78.1187
182.3404,110.4671,48.3055,77.1284
2
0
0
0
0
1
206.8087,82.1557,69.6348,57.3982
211.8082,84.0405,72.7555,54.4422
212.2330,92.4325,72.8429,54.0622
213.5380,92.6417,73.2331,53.4583
214.4561,92.9189,73.5135,53.1418
215.6755,101.1821,74.2443,52.3769
214.5936,93.2217,74.5100,52.3351
219.8676,100.5538,75.5059,51.4881
217.7721,107.9220,75.6781,51.5334
215.7029,84.2336,76.1026,51.2914
216.8006,83.9838,76.3300,50.3210
217.2553,77.3384,76.9981,49.4922
208.8987,92.0154,75.6350,51.2095
209.1267,91.3760,75.6661,51.1194
208.0701,97.3714,75.3522,51.5478
215.0356,90.8516,78.0014,50.2650
206.4821,89.0863,76.7593,51.4175
201.1816,85.1244,72.3816,55.4813
223.9628,77.2065,76.4109,53.1706
230.8671,83.9049,77.5893,52.6981
230.2172,84.0886,77.9400,52.6816
230.1372,84.3615,78.1795,52.5299
231.7649,84.9809,79.1101,51.7653
2
0
0
0
0
1
219.3502,131.5935,60.1459,71.3017
220.5449,129.5350,58.2422,74.2543
214.7040,117.3279,55.4887,78.3940
198.2179,106.5021,54.1985,80.0652
2
0
0
0
0
1
233.8740,87.1725,63.1193,66.7894
227.9913,93.2920,59.6929,69.5977
242.8916,86.6973,60.9651,67.8943
243.5844,104.7230,64.1035,61.5456
243.1269,105.9243,65.1499,58.4617
250.0857,105.8412,64.1989,60.1961
249.9201,98.0067,64.1238,60.0337
242.2329,97.5375,63.6548,60.4258
251.6141,104.5723,61.9243,62.3493
251.2819,118.5527,60.6460,64.0268
266.2534,116.8826,60.2158,64.9033
2
0
0
0
0
1
260.1182,103.4201,58.9830,82.5642
244.4837,92.0345,57.3779,84.9785
2
0
0
0
0
1
263.9478,51.5748,63.5830,83.1749
253.8559,76.5965,61.3315,86.2798
2
0
0
0
0
1
270.9294,73.5974,66.2277,83.6616
2
0
0
0
0
1
225.9508,69.1779,62.9545,84.8498
2
0
0
0
0
1
266.0954,80.8390,66.3252,68.9684
258.6479,72.0176,65.7070,69.0418
266.2051,89.2601,65.5406,66.8068
259.5819,81.0465,65.4836,66.1733
258.0037,81.9036,65.3172,65.0233
258.2455,67.9992,65.3727,64.3865
268.4215,88.8232,59.8428,67.7204
265.9853,87.2719,58.9060,69.4629
258.5440,77.8173,58.0729,69.5926
257.6452,63.6781,58.3356,68.6276
257.6452,63.6781,58.3356,68.6276
252.2236,79.9091,57.9985,68.4348
258.3188,101.3111,56.9362,69.5466
255.7184,99.6163,56.1405,70.3518
255.0027,104.9776,55.9535,71.1257
253.5687,111.2895,56.0615,71.0914
253.5687,111.2895,56.0615,71.0914
253.5687,111.2895,56.0615,71.0914
255.0535,118.3240,56.3372,70.6749
2
0
0
0
0
1
271.6749,104.6922,64.1830,62.8145
277.8537,97.0875,63.7327,62.3261
276.9541,110.9989,62.8375,63.0676
274.3352,118.1983,64.1669,61.2537
267.9349,123.5477,64.3750,61.0222
265.5457,113.8128,64.0136,61.9065
265.4416,98.2812,63.0817,61.8374
271.3247,98.2406,65.5751,60.5184
261.7764,96.4957,63.9971,61.5693
260.6750,97.0667,63.8536,61.4160
268.8423,64.3325,63.7018,60.1273
2
0
0
0
0
1
254.6366,59.0452,60.7183,81.7307
192.6898,134.0745,61.5181,79.9342
2
0
0
0
0
1
260.0000,99.8862,72.4257,60.8470
250.9597,98.5759,69.9077,65.1236
251.9498,93.4695,69.9595,62.9024
253.2334,94.2535,68.9921,61.9867
245.9737,86.1170,66.0385,64.4397
246.8080,86.9444,63.2982,64.7823
238.5562,79.0656,63.0660,64.1410
237.6382,87.4951,62.8422,64.2539
235.1929,89.7923,63.1334,63.4055
228.4137,91.4620,63.2382,62.7792
226.0010,93.4466,64.2104,61.0874
224.6372,87.7051,63.7612,60.7892
225.0883,81.7647,63.6706,60.2336
226.0444,75.0497,63.8115,59.3093
227.6945,75.8591,62.9481,58.8840
229.8286,68.7948,64.0231,57.2318
237.9292,62.0414,62.8556,55.1794
242.6435,62.9783,63.4486,54.5116
241.9755,57.9292,64.1189,53.4858
247.0095,67.6761,64.8462,52.4440
247.0095,67.6761,64.8462,52.4440
247.8141,82.4040,66.0001,51.3869
252.2013,89.9298,66.9593,50.5996
249.6589,91.6078,67.5926,48.0302
249.3773,99.0714,66.2535,48.5495
250.5571,98.7830,64.0331,49.9501
248.9532,93.0571,63.9164,49.1621
242.3655,91.8513,63.1133,49.0013
239.3794,125.9193,65.4100,48.4478
226.1547,131.2268,63.9735,49.1094
225.8999,130.3399,65.1904,49.3999
230.9543,122.5065,65.1546,49.8606
223.9895,131.7064,68.4695,47.9698
222.8500,124.6277,69.9196,47.1445
220.8374,124.3966,70.3706,47.0572
218.5188,130.4952,70.5184,47.2263
211.8643,136.7747,70.0707,47.8893
195.7241,142.3509,68.2652,49.9729
2
0
0
0
0
1
226.2262,45.1670,67.0013,91.5079
222.6988,46.0181,68.3637,90.6105
219.8267,46.7218,70.2058,88.4474
218.6035,62.8495,70.0932,94.3439
227.9338,54.5834,71.6624,93.8286
227.5293,70.7701,69.7576,98.0254
224.3413,61.1984,71.7233,95.6295
224.1175,63.3431,71.5302,93.9205
221.6490,74.3850,74.1951,94.1002
228.2522,78.1710,77.5732,90.3533
225.9461,88.7510,76.7983,89.1678
216.2545,106.3146,75.9500,92.4688
224.2056,97.3784,74.7653,91.9028
222.7728,97.6195,72.9640,93.4297
232.5072,104.4179,70.2239,94.4790
228.7702,102.0060,70.3444,95.3171
235.4437,81.7300,73.0521,91.6715
232.8837,100.1125,72.2415,94.7736
240.9773,87.5952,72.4057,95.6250
239.2789,76.4293,71.3469,96.6579
237.9761,73.9978,71.2039,97.8176
236.2479,70.6781,71.6518,98.9396
157.9860,117.0257,73.0388,97.9758
2
0
0
0
0
1
227.3455,21.0055,83.5426,81.9833
226.9825,9.9202,83.0004,84.1249
230.0046,12.5597,83.6968,83.4223
232.8093,24.1298,85.1122,81.6883
235.3235,26.2192,84.8504,81.2607
235.7470,38.4096,86.3440,80.1338
254.4928,65.8619,83.4312,85.8382
253.3326,70.3861,79.6459,93.6152
252.5357,74.0006,77.4980,100.4348
252.7810,79.1012,74.6215,109.1179
251.1048,73.6516,73.9764,114.7782
249.6338,142.9792,76.7238,115.7397
2
0
0
0
0
1
205.8000,28.2096,77.5118,92.9644
2
0
0
0
0
1
181.4144,48.3120,72.3582,88.3952
188.5009,48.5626,72.7945,87.3196
185.5098,65.3492,71.9961,90.6672
177.3975,81.3897,69.7232,95.9178
171.3740,86.4453,66.7016,102.0423
173.1740,82.8864,67.2296,102.3691
165.8553,65.9043,68.7078,97.5545
167.6371,60.9052,70.0999,94.6586
169.2093,64.2671,71.1671,91.7545
175.0192,64.0544,71.6983,91.0236
177.4407,57.5036,72.2426,88.0404
184.2838,49.3740,72.9582,85.6759
215.2974,52.8377,64.9991,93.1282
221.0086,126.6381,68.9371,87.2611
2
0
0
0
0
1
217.6087,26.0742,72.6767,111.1646
229.6673,33.4758,70.5794,116.5676
238.1772,7.5133,70.7732,119.1653
245.8998,19.7996,71.3870,118.6551
242.2056,19.2379,70.9780,118.6298
250.0920,28.2544,70.5778,118.3636
247.5981,30.4765,71.6859,115.4062
244.8316,49.9269,71.3027,118.8802
253.9283,58.5652,70.5544,120.4660
250.7992,67.1343,69.8990,124.0120
247.7726,90.5295,69.0275,127.6509
263.5480,98.6753,66.0101,134.6658
273.4586,152.8944,71.9837,125.3224
210.1105,56.5354,76.7119,119.8763
238.1848,53.8781,72.1135,125.0853
228.5685,48.9157,70.0877,129.0584
230.0667,44.9148,68.3266,132.6205
228.4646,107.0059,70.2937,127.0686
2
0
0
0
0
1
171.6148,33.5763,77.5231,84.9970
175.2584,30.6348,75.4957,90.9524
168.7896,16.8734,74.2781,98.7444
168.4209,44.6568,75.6564,107.3748
164.4570,37.4723,75.1870,95.9997
163.2963,41.5059,75.2491,91.7037
160.4637,61.5856,75.4883,92.7951
159.7703,67.5722,75.5878,95.6497
157.4337,73.8916,76.0568,97.3426
153.6501,64.9661,75.7777,95.1474
149.6255,67.4845,75.7806,93.1419
146.3657,69.6934,75.9481,89.9114
147.0351,78.7507,77.6320,88.8705
150.7825,58.2757,76.8607,87.8826
154.4800,41.2796,76.3668,86.8845
156.3220,46.9445,73.9197,90.8853
162.1237,32.9201,75.7614,91.4319
164.0846,25.0754,73.7319,90.6815
164.6942,10.5425,70.6245,95.2884
166.7301,8.2751,68.5541,98.0063
169.9346,7.7571,69.2980,97.3971
171.9631,15.3804,71.0342,97.5547
190.2334,15.2698,70.6823,100.7122
183.4435,21.7005,68.2266,105.9362
194.1453,18.2935,67.8278,107.1953
194.8425,16.5338,68.2594,104.3555
193.7910,19.2827,70.3015,98.8159
193.2493,26.5697,71.3145,97.8720
194.6700,33.5034,70.2848,99.2502
195.6557,26.0505,70.7641,94.6460
193.1140,37.1484,70.4527,91.5768
194.9649,44.4454,67.8913,91.9164
195.9547,39.4352,68.8122,87.5360
196.2674,51.8060,69.0226,83.1937
193.8119,54.2267,71.4732,77.9889
193.7612,55.8208,70.4280,76.7065
192.4567,50.9219,71.0221,73.4582
198.4177,51.3232,70.5992,73.2826
190.9501,56.7665,71.6755,73.5481
191.9444,38.2444,69.5456,77.5539
193.6418,30.6116,68.5988,76.6166
190.4690,25.7907,68.9999,73.8458
188.9789,29.1420,69.7758,71.9471
188.5658,23.5707,70.0459,69.5421
187.2907,16.3908,70.2466,69.3524
185.5415,28.9726,70.7782,67.3707
185.4767,29.8639,69.9216,67.1870
180.6587,29.9012,66.9725,67.1817
197.4652,55.7641,64.8923,68.0603
199.8892,60.5508,62.5270,71.8034
200.0878,58.7522,62.2824,72.1520
241.5280,52.7227,62.0578,71.0753
173.6741,42.2501,61.4530,74.8100
233.4008,50.8556,59.7655,74.1905
167.7625,56.1195,59.3992,78.5927
220.8316,54.2166,59.0575,78.2935
160.8092,71.8784,58.2332,79.7265
213.9544,61.3558,58.0330,80.0907
154.3210,86.4132,59.6026,79.5746
146.2738,101.1088,58.4108,82.5854
166.5118,112.8085,55.7774,91.1070
163.5501,96.5250,58.9659,85.3880
160.2250,97.9585,60.8837,82.6054
