51.0,47.0,25.0,62.0
51.6835994720459,37.95927047729492,24.55160903930664,69.07955169677734
33.56853103637695,35.77875518798828,20.703094482421875,67.23931884765625
30.561848640441895,40.75068283081055,21.840681076049805,68.24544525146484
34.420257568359375,38.3453254699707,19.98773956298828,66.82007598876953
28.288064002990723,35.75764083862305,25.52911949157715,70.4229507446289
29.92074680328369,35.15603256225586,23.99818992614746,71.32804107666016
27.77657985687256,41.74156188964844,26.460046768188477,65.32144165039062
31.131139755249023,40.66936492919922,22.203487396240234,64.74641418457031
34.98444843292236,28.176586151123047,19.39143180847168,73.70951080322266
38.37370681762695,34.03614044189453,16.839492797851562,64.11238098144531
40.22091293334961,34.074710845947266,14.2452392578125,62.63587188720703
0,50.72000503540039,31.5604305267334,38.990333557128906
0.8619794845581055,58.73859405517578,65.4171142578125,25.23443603515625
0.05323314666748047,53.17474365234375,59.291290283203125,30.95001220703125
76.04288578033447,31.209991455078125,31.81210708618164,66.52725219726562
84.65805339813232,33.731502532958984,41.47599792480469,66.96837615966797
80.0107183456421,24.043247222900405,39.917579650878906,70.72679901123047
72.0033884048462,21.0250701904297,30.59207534790039,73.88310241699219
58.38040065765382,14.505073547363295,56.051612854003906,78.59996032714844
49.097870826721206,1.7634315490722798,48.97017288208008,93.83625030517578
34.574446678161635,6.96026992797853,40.89354705810547,84.37610626220703
41.10138797760011,12.753627777099624,41.6422004699707,84.2439956665039
49.86462879180908,7.783535003662109,48.252681732177734,102.70209503173828
43.28633213043213,10.684852600097656,62.826480865478516,101.37355041503906
43.22307872772217,25.948741912841797,70.95884704589844,92.51007843017578
38.74293804168701,24.844310760498047,74.38186645507812,74.43595123291016
49.96182727813721,9.46856689453125,57.45943832397461,85.4637451171875
53.82701396942139,18.009063720703125,74.53121948242188,71.7635498046875
49.50688457489014,10.270633697509766,50.824249267578125,76.44072723388672
54.55608654022217,21.164825439453125,48.20381164550781,66.78170776367188
66.29734325408937,17.914417266845717,35.870452880859375,74.39324188232422
74.20381832122804,19.642967224121108,42.748069763183594,75.38681030273438
80.79204273223878,20.185474395751967,42.93037033081055,78.0344467163086
65.07038402557374,13.578193664550795,97.50614929199217,90.10990905761719
31.698779106140137,24.57323455810547,161.44198608398438,122.51118469238281
22.423998832702637,37.140892028808594,292.9312438964844,137.85914611816406
35.82048320770264,100.93914031982422,257.6250915527344,128.0882110595703
24.50154399871826,83.30489349365234,271.5614318847656,112.87373352050781
41.55223369598389,90.60687255859375,262.5228576660156,97.46759033203125
10.16125774383545,76.86249542236328,294.5301513671875,110.89152526855469
17.060946464538574,76.17865371704102,294.55126953125,102.93755340576172
23.676913261413574,72.60951232910156,284.97015380859375,105.15176391601562
0,59.55773162841797,297.41028118133545,138.4984893798828
8.092957973480225,118.55749893188477,294.650146484375,118.12560272216797
116.03308629989624,7.340614318847656,80.90166473388672,97.68016052246094
119.21542119979858,34.197731018066406,72.86746978759766,91.19004821777344
108.19942426681519,28.801795959472656,57.29646682739258,78.67079162597656
93.0072340965271,20.220462799072266,45.16270446777344,84.7776107788086
90.91512060165405,21.128822326660156,43.193077087402344,86.40379333496094
103.95151853561403,20.806781768798842,44.35108566284178,76.75740814208984
96.90567159652711,13.719680786132841,52.27110290527342,74.65507507324219
98.78354597091675,10.088661193847685,51.99916458129883,79.82887268066406
116.05367803573608,13.253501892089872,43.49671173095703,83.61723327636719
107.52926969528198,32.85938072204593,51.30988693237305,63.64522171020508
109.11095380783081,31.177536010742216,47.66592788696289,74.73281860351562
100.16944456100462,38.82954025268556,47.260555267334,67.7060775756836
98.88994741439821,32.36572265625003,46.051147460937486,78.07994079589844
84.96679258346558,28.72114562988284,43.44358444213867,76.62965393066406
83.90076780319214,14.504470825195341,47.310176849365234,85.11660766601562
101.71835660934448,12.31806182861331,49.09870529174805,84.88059997558594
117.74021863937378,20.34186553955081,54.0901985168457,74.87095642089844
118.04803609848022,2.2104377746582315,49.78697204589844,97.98555755615234
114.37544012069702,37.48256683349612,54.02873992919922,69.61192321777344
113.71861600875854,46.406135559082074,50.827938079833984,66.49900817871094
135.49039888381958,29.479961395263715,28.765512466430664,85.22148895263672
138.31531190872192,37.87561416625981,31.6076602935791,83.01757049560547
151.8516173362732,59.874370574951215,64.26325988769531,46.11540985107422
138.63319540023804,52.74546813964848,28.329833984375,87.45384216308595
107.9212908744812,42.86413192749029,39.30552291870117,96.56107330322266
114.32206296920776,16.212463378906307,39.21064376831055,110.81088256835938
102.85233640670776,61.2183456420899,56.7669792175293,66.57060241699219
113.2507758140564,27.94460678100593,52.95294952392578,104.87299346923827
77.89153051376343,9.394435882568416,68.59468841552734,114.3743667602539
36.04250478744507,33.07615280151373,128.6577606201172,84.40802764892578
48.59883260726926,61.251991271972685,217.07305908203128,121.97093200683594
172.05925130844116,37.04458236694339,145.48358154296875,79.97986602783203
162.64906454086304,46.54324722290042,148.48770141601562,77.03340911865234
181.04684591293332,47.22532272338867,131.62677001953128,92.62274932861328
116.05294561386111,54.8422660827637,74.74628448486328,102.49671173095703
94.0076041221619,49.59089660644534,73.94750213623047,97.44992065429688
126.19039106369021,37.62938308715823,57.85133743286133,104.29085540771484
115.29153013229373,28.772106170654325,47.7962760925293,104.9123306274414
98.95589017868045,27.455951690673857,58.480892181396484,86.44588470458984
71.00653219223025,7.415954589843778,109.49459838867188,128.13525390625
59.751779079437256,25.71778106689453,196.7493438720703,128.2324981689453
0,105.9821891784668,320,93.82483673095703
36.64115905761719,111.05953979492188,282.7759094238281,90.07461547851562
46.806427001953125,82.09083557128906,251.7646484375,148.75885009765625
0,118.40159225463867,320,69.63990020751953
55.497764587402344,71.8428726196289,248.5050811767578,141.68690490722656
125.1739273071289,95.10728073120117,187.9779510498047,123.63385772705078
24.893829345703125,71.2552719116211,295.1061706542969,137.2570037841797
64.23748779296875,97.3636703491211,255.76251220703125,138.9449920654297
57.19519805908203,18.722946166992188,249.75157165527344,179.79833984375
0,98.6707878112793,320,98.04004669189453
28.62945556640625,110.5458984375,277.834716796875,115.73086547851562
91.0102767944336,52.2236328125,212.66456604003906,141.49844360351562
42.52606201171875,106.42824172973633,276.68206787109375,123.07146453857422
0,110.63969802856445,317.39263916015625,91.98821258544922
49.19170379638672,93.44068145751953,183.42774963378906,146.55931854248047
6.7389678955078125,97.63128662109375,310.7085266113281,92.37427520751953
38.322357177734375,4.588611602783203,266.0875244140625,225.88229370117188
20.82875061035162,93.52700424194342,299.1712493896484,132.01332092285156
43.51677703857425,30.126407623291072,267.9612731933594,192.37591552734375
60.54315948486328,119.1861305236817,242.26849365234375,119.76434326171875
4.526863098144531,88.63428497314459,315.47313690185547,117.17626190185547
42.72714614868164,107.78030014038092,258.59625244140625,130.64710998535156
46.33202362060547,1.49779129028326,125.3172836303711,237.43630981445312
100.13208389282227,118.55627822875982,213.8221435546875,86.79833984375
231.35848999023438,9.612003326416072,83.62982940673828,166.31192016601562
242.9195442199707,9.678127288818416,67.42376708984375,130.65660095214844
235.25790405273438,14.895343780517635,69.77124786376953,86.859619140625
217.64945030212402,18.249362945556697,54.010982513427734,98.17318725585938
211.09256553649902,18.671615600585994,58.607540130615234,93.63855743408203
226.4010467529297,29.586128234863338,82.6951675415039,79.06502532958984
250.81789779663086,43.423501968383846,68.13648986816406,62.96684646606445
203.98600387573242,20.441505432128963,100.7862548828125,90.8891372680664
187.1997413635254,21.67423629760748,49.46333312988281,166.66619873046875
113.15676498413086,10.004924774169979,108.62704467773438,130.50836181640625
90.39226913452148,12.559391021728572,183.90692138671875,152.07228088378906
29.217403411865234,104.7233276367188,285.4266357421875,124.6661605834961
26.069393157958984,119.94998931884771,293.930606842041,120.05001068115229
12.765439987182617,131.13983154296878,307.2345600128174,101.25724029541016
10.630690574645996,124.32729721069339,309.369309425354,90.06028747558594
37.999473094940186,104.41364669799808,275.1243591308594,110.97309875488281
50.041099071502686,106.22795104980472,266.7761535644531,102.93305206298828
54.13608503341675,119.10495376586917,259.996337890625,90.59164428710938
60.67865705490112,126.38438415527347,251.9442138671875,75.31983184814453
21.64580488204956,133.59490966796878,293.7206726074219,85.23807525634766
34.85124921798706,128.23823547363284,285.14875078201294,100.40699005126953
53.81785178184509,110.65421295166018,224.13973999023438,101.70955657958984
27.356090307235718,111.58953475952151,285.2122497558594,99.47611999511719
8.488223791122437,111.21802520751956,246.60093688964844,90.11202239990234
21.776439428329468,112.69536209106448,258.6513366699219,109.11932373046875
1.3473317623138428,123.71085739135745,293.8581848144531,111.72633361816406
16.511470556259155,109.31171417236331,281.25689697265625,98.27242279052734
16.15645956993103,111.11370086669925,257.34368896484375,91.13542938232422
0,114.27502059936526,254.50702261924744,75.86747741699219
31.88377559185028,103.70428085327151,224.84878540039062,88.92771911621094
