213.0,121.0,21.0,95.0
191.85734939575195,121.7785415649414,45.736412048339844,97.06913757324219
205.8828639984131,114.70797348022461,32.37004470825195,98.19031524658203
195.982759475708,117.39797592163086,41.0307731628418,92.07019805908203
191.1757354736328,112.33163452148438,44.04548645019531,91.78643798828125
187.13168907165527,122.70175552368164,51.5185432434082,85.79268646240234
190.98851203918457,108.54498672485352,42.77364730834961,97.93059539794922
196.520601272583,109.08411026000977,38.00045394897461,96.78044891357422
205.53295803070068,108.21524047851562,28.170305252075195,91.30168151855469
206.66166305541992,108.50630950927734,24.29918670654297,92.85197448730469
209.7942304611206,107.86281204223633,23.94915199279785,99.76403045654297
211.47596263885498,105.88328552246094,22.178171157836914,102.27114868164062
213.38231945037842,105.39999389648438,30.155115127563477,100.59248352050781
214.44367790222168,95.5847053527832,30.814838409423828,115.24947357177734
212.98606300354004,107.07091522216797,36.622737884521484,100.25559997558594
213.18803215026855,108.35961532592773,33.2574348449707,96.16010284423828
213.9265079498291,108.08763122558594,36.290889739990234,94.82876586914062
206.76047897338867,105.44029235839844,38.051780700683594,95.64996337890625
209.61228561401367,104.53303909301758,31.989845275878906,96.61226654052734
208.05616188049316,104.48821640014648,31.158138275146484,65.29082489013672
211.53976154327393,104.00297927856445,26.920019149780273,91.3821029663086
213.85680770874023,102.26577377319336,25.867958068847656,68.40668487548828
214.52490234375,100.8110580444336,22.64019775390625,64.40960693359375
213.65887260437012,99.77752876281738,25.102970123291016,62.45331954956055
215.72117042541504,99.14677429199219,22.326244354248047,62.066253662109375
218.81903839111328,99.84126853942871,21.580337524414062,56.962406158447266
210.50350761413574,97.24546813964844,27.795032501220703,34.94549560546875
212.6363763809204,93.53273010253906,25.316503524780273,35.717491149902344
217.39444255828857,93.28062057495117,20.6878604888916,38.801795959472656
220.25966548919678,91.33444213867188,18.397249221801758,35.118446350097656
221.7834234237671,94.49750137329102,19.231752395629883,29.989273071289062
221.70159149169922,93.56450653076172,21.306068420410156,23.755630493164062
223.74244689941406,95.27299880981445,23.050392150878906,24.442115783691406
223.59890937805176,93.4931411743164,29.373668670654297,17.604576110839844
224.98974800109863,95.26284694671631,26.041202545166016,28.541597366333008
225.0501194000244,95.7348108291626,35.0123176574707,29.821348190307617
221.2384433746338,96.22869491577148,32.4112663269043,49.15947723388672
224.31321716308594,96.20863723754883,36.59123229980469,54.370811462402344
211.74432182312012,96.85417556762695,40.24711990356445,73.06072235107422
207.7062587738037,95.83633041381836,47.95817947387695,96.79253387451172
207.99474334716797,94.47698211669922,41.05949401855469,96.72216796875
215.8038215637207,103.51923370361328,52.78441619873047,90.71316528320312
214.0287857055664,101.70454788208008,44.94425964355469,108.65204620361328
218.20372200012207,104.55973815917969,47.92061996459961,100.83634948730469
218.3060646057129,106.35054779052734,36.36235809326172,98.11138916015625
217.0447597503662,106.3240737915039,32.45000076293945,104.56791687011719
215.6014518737793,110.99045181274414,33.07164764404297,99.61942291259766
210.5056037902832,110.30148315429688,39.92505645751953,98.34001159667969
200.60557746887207,110.20899963378906,57.05953598022461,107.80665588378906
199.03002738952637,115.69798278808594,53.90250015258789,93.41722106933594
196.86114120483398,113.04833602905273,56.153419494628906,94.28646087646484
194.6276340484619,112.92435073852539,53.6056022644043,91.54633331298828
194.21864700317383,107.37132263183594,46.99822235107422,95.99595642089844
191.2246379852295,104.58001708984375,39.41153335571289,98.90238952636719
192.6899299621582,103.02443313598633,32.49243927001953,98.57086944580078
196.6980152130127,101.45165252685547,26.682964324951172,98.15827941894531
197.52277278900146,100.6932258605957,25.380022048950195,99.68439483642578
192.38229084014893,100.2271842956543,25.97211265563965,103.9715805053711
192.13798332214355,103.62428283691406,33.80006790161133,102.93107604980469
187.4516830444336,109.06232833862305,44.896148681640625,98.02576446533203
185.46992111206055,111.77354049682617,49.46288299560547,96.42496490478516
187.4798355102539,110.08441925048828,43.74951171875,100.36201477050781
188.59565544128418,109.2113265991211,47.59672927856445,101.87089538574219
190.87829399108887,120.2612075805664,46.3748664855957,88.81532287597656
195.17189025878906,113.64655685424805,40.58113098144531,94.22203826904297
193.86571884155273,110.22663116455078,38.57842254638672,94.69358825683594
197.13240242004395,111.26348114013672,32.06509017944336,90.09906005859375
198.94250392913818,109.96167755126953,27.48582649230957,99.30290222167969
201.22949600219727,104.21086883544922,32.572593688964844,106.10307312011719
202.35568523406982,89.97812271118164,31.6857852935791,117.46935272216797
212.72915077209473,111.4753532409668,29.844676971435547,91.8708267211914
212.79364013671875,112.67290115356445,34.88612365722656,88.40982818603516
209.39801788330078,91.09552383422852,47.49617004394531,107.82413482666016
210.25411415100098,104.85579299926758,48.2083854675293,87.60456085205078
207.9637622833252,90.36267471313477,52.974910736083984,106.47624969482422
196.41793251037598,106.5904769897461,55.35419845581055,87.90873718261719
178.42461013793945,111.2960205078125,79.29524993896484,91.3538818359375
61.253814697265625,121.11801528930664,71.16780090332031,111.1500473022461
3.1986007690429688,117.97031021118164,131.82260131835938,112.61382293701172
183.32260131835938,83.87979507446289,46.58454895019531,107.47905731201172
189.72258377075195,58.10826110839844,36.259498596191406,132.73114013671875
186.52545547485352,81.92847442626953,36.448524475097656,126.93833923339844
188.10944175720215,61.347015380859375,38.05301284790039,114.47987365722656
190.14539527893066,71.34120559692383,44.51638412475586,106.50074005126953
191.7099895477295,60.106285095214844,42.76552200317383,111.13107299804688
192.10262298583984,82.56641387939453,42.395355224609375,79.47119140625
196.85619926452637,80.11572647094727,39.38362503051758,82.09040069580078
194.1219825744629,71.08924102783203,36.47998809814453,86.41142272949219
201.53542232513428,73.46951293945312,31.494447708129883,89.53923034667969
208.35550212860107,78.26132583618164,25.350473403930664,95.89676666259766
202.93901538848877,94.698486328125,27.549291610717773,87.4498291015625
205.16387176513672,95.6076431274414,21.603897094726562,94.12228393554688
199.27073097229004,101.32357025146484,28.710308074951172,91.16609191894531
205.69115543365479,104.59539031982422,23.542448043823242,83.38458251953125
207.76086235046387,110.08028602600098,21.19998550415039,56.58356857299805
209.89709186553955,115.73845291137695,21.2398738861084,44.968971252441406
201.89619064331055,121.69768142700195,40.61302947998047,73.1136245727539
207.22056007385254,121.71500968933105,29.291179656982422,62.6369514465332
208.04913902282715,131.50669860839844,26.355152130126953,54.33247375488281
209.55496215820312,132.34749603271484,23.043182373046875,45.82575988769531
209.0011110305786,136.14504432678223,20.329023361206055,42.00979232788086
212.6000747680664,134.2836570739746,15.473579406738281,52.455360412597656
213.20039176940918,135.82554244995117,19.60654067993164,76.83789825439453
208.34296035766602,139.5868968963623,19.940574645996094,59.278324127197266
206.7146167755127,141.21582221984863,23.861736297607422,51.293941497802734
202.64863967895508,141.12468338012695,24.686561584472656,40.943931579589844
202.6914520263672,141.32264709472656,25.55279541015625,34.14855194091797
206.39074802398682,134.48218154907227,22.00227928161621,36.76750183105469
218.5981731414795,135.69204711914062,17.03280258178711,50.03192901611328
202.74712753295898,138.09634017944336,28.25927734375,30.52178192138672
217.32344913482666,134.43787002563477,17.223134994506836,45.114891052246094
216.67627096176147,123.29262924194336,15.30163288116455,62.24458312988281
213.56316375732422,125.00779914855957,16.748687744140625,63.66676712036133
204.96553230285645,123.17930221557617,23.357051849365234,73.48197937011719
203.551926612854,127.42486190795898,30.863554000854492,70.00704956054688
206.56071090698242,125.75037002563477,33.107017517089844,87.04067993164062
199.22960472106934,185.1438980102539,50.103580474853516,87.4142074584961
196.57933044433594,201.00908279418945,60.02003479003906,73.92041015625
200.30999374389648,191.68014907836914,56.34978485107422,85.85821533203125
200.3310604095459,205.6164894104004,60.273380279541016,73.64657592773438
189.29466247558594,188.40096282958984,74.19200134277344,88.04468536376953
71.18745422363281,211.2311134338379,199.41099548339844,69.00419616699219
200.433349609375,125.97096633911133,73.15254211425781,132.3788299560547
60.53375244140622,165.40330886840817,217.4666900634766,114.21318054199222
81.01785278320312,132.66790390014648,192.30091857910156,130.52255249023438
139.73060607910156,128.62074279785156,134.17527770996094,117.57677459716797
165.9821853637695,58.53400039672849,84.6282958984375,131.9922637939453
76.7766075134277,175.2432289123535,102.37206268310547,109.12641906738284
80.52788925170896,184.73532104492188,79.36873626708984,96.94454193115234
114.47480392456052,95.0259780883789,115.5301742553711,109.23372650146484
90.17511749267575,174.6857032775879,218.48913574218753,113.31429672241211
173.28671264648438,61.18355751037598,84.63838195800781,172.5052032470703
94.9053726196289,178.98085975646973,222.73526000976562,109.01914024353027
188.43254470825195,128.99252796173096,105.91864776611328,132.6297149658203
109.42000579833984,173.89757633209229,217.30502319335938,112.29007720947266
188.57164764404297,58.99860858917236,96.22531127929688,171.05645751953125
117.63555908203125,174.65180683135986,229.2358856201172,110.288818359375
181.78217697143555,67.16369342803955,104.1410140991211,175.74951171875
129.03986358642578,179.8663682937622,216.64059448242188,107.17564392089844
163.69544982910156,125.78973865509033,145.9252471923828,138.8285369873047
204.27040672302246,62.69171619415283,60.327640533447266,172.9378204345703
139.0224380493164,184.36322116851807,211.25869750976562,102.76851654052734
186.93939971923828,62.212361335754395,103.86123657226562,188.10450744628906
138.9377212524414,174.33715534210205,213.0622787475586,113.66284465789795
203.03639602661133,53.011290073394775,75.05157470703125,191.6097412109375
152.0892448425293,174.7668480873108,197.6049346923828,108.73632049560547
146.05441665649414,189.91020441055298,205.94558334350586,95.0039291381836
155.41435432434082,185.96895837783813,195.5875244140625,102.03104162216187
220.5864772796631,99.28782391548157,56.68352508544922,131.71539306640625
167.2563648223877,181.87183117866516,144.62686157226562,97.11805725097656
168.4819049835205,172.36346554756165,182.96197509765625,110.8872299194336
210.6028347015381,122.8754551410675,98.67195892333984,130.55532836914062
177.26197242736816,172.25251507759097,171.6661834716797,109.76794433593747
224.47446632385254,89.87965130805969,88.59123229980469,120.47781372070312
183.2305202484131,178.49705243110657,75.81743621826172,101.57125854492188
187.0111255645752,180.8305447101593,88.53839111328125,94.93805694580078
189.71055793762207,181.42273449897766,82.10260009765625,93.85768127441406
192.7736301422119,189.17662167549133,90.34571838378906,82.05370330810547
280.132905960083,161.01503109931946,70.97994995117188,81.32018280029297
276.37140464782715,163.72175335884094,69.99996185302734,71.41925048828125
285.1849308013916,156.30689358711243,65.46012878417969,79.56549835205078
272.71026039123535,148.7125141620636,73.45100402832031,93.64219665527344
213.281888961792,181.73374676704407,93.32324981689453,90.83322143554688
217.66497611999512,179.81989789009094,111.73578643798828,93.11587524414062
223.06579780578613,171.72285199165344,128.42971801757812,102.06820678710938
225.88451194763184,175.55449414253235,106.3315658569336,97.04936218261719
229.10803413391113,181.4897816181183,119.796142578125,90.65809631347656
232.24520683288574,173.6798641681671,119.20984649658203,101.13166046142581
236.64306831359863,172.9505169391632,110.29046630859375,102.79045867919922
239.67575645446777,177.1361973285675,103.99593353271484,98.46163940429688
241.3098545074463,180.28056454658508,107.26405334472656,93.87242889404297
244.57048225402832,176.776700258255,105.55206298828125,101.08038330078125
246.52215385437012,180.51805996894836,104.63382720947266,96.64395904541016
246.7677059173584,180.69810605049133,104.68270111083984,100.6507797241211
248.0694522857666,179.5724003314972,97.02494812011719,104.234130859375
249.95737266540527,182.72832608222961,99.5848617553711,95.60987091064453
253.24934196472168,181.99559521675113,76.9083023071289,100.75123596191403
251.00683403015137,184.61766934394836,100.1758804321289,95.7951431274414
251.18361473083496,178.73624157905576,99.86498260498047,99.59968566894534
252.5197925567627,180.00255703926086,99.07205200195312,101.05176544189453
256.5367679595947,177.6133816242218,94.75627136230469,103.48847198486328
258.70285987854004,179.77425503730774,93.23963928222656,95.9013442993164
258.84141731262207,177.35588955879211,92.56253051757812,103.38568878173828
263.81978034973145,181.9063580036163,87.35720825195312,100.08684539794925
256.4513111114502,179.46855664253235,92.33132934570312,95.81999206542969
260.68299674987793,181.1461842060089,91.31700325012207,99.12950134277344
258.54956340789795,174.6655285358429,89.87799835205078,108.68267059326172
262.790976524353,182.54036831855777,89.20902347564697,101.99948883056638
270.6110529899597,183.40332531929016,80.84575653076172,101.25816345214844
279.36505460739136,188.1716434955597,72.63494539260864,97.36322021484375
288.8790509700775,190.1126148700714,62.14494705200195,96.99934387207031
289.39331221580505,192.6883099079132,61.76263427734375,93.74410247802734
276.6266152858734,188.27237057685852,75.37338471412659,88.74480438232422
295.01503455638885,193.21992993354797,56.984965443611145,93.93394470214844
286.4064468741417,190.46460843086243,65.5935531258583,84.19464874267578
300.90910455584526,184.10541653633118,51.09089544415474,102.6570816040039
299.85920010507107,190.47451519966125,52.14079989492893,94.56057739257812
306.9318640753627,190.9455120563507,45.05766677856445,95.8307113647461
313.5351470038295,200.97990155220032,37.77596664428711,87.02009844779968
319.7604325339198,199.92596685886383,31.480379104614258,88.07403314113617
321.92167787998915,203.98266726732254,29.7940731048584,84.01733273267746
322.7095759436488,201.0973745882511,28.95086669921875,86.90262541174889
322.35211496800184,206.0319255143404,28.301408767700195,75.23103332519531
326.78499441593885,203.95006592571735,24.43032455444336,83.85741424560547
328.8142111822963,208.2307322770357,22.308780670166016,79.34431457519531
330.7520897909999,212.65772278606892,20.823129653930664,75.34227721393108
332.33578138798475,211.8842546120286,18.161026000976562,74.29004669189453
335.6384933516383,218.21939102560282,15.503249168395996,68.44196319580078
338.5853918120265,216.8082505837083,12.602005958557129,70.1694564819336
342,219.57705704122782,10,68.42294295877218
338.878399848938,229.12473114207387,13.121600151062012,57.3675651550293
310.41401720046997,253.31304367259145,41.02467727661133,34.620548248291016
269.5410075187683,194.2305908985436,29.11324119567871,93.7100601196289
318.006769657135,164.26964576914907,33.99323034286499,122.3104019165039
280.80235409736633,202.04038627818227,71.19764590263367,85.95961372181773
226.49475157260895,197.56434825994074,78.91647338867188,81.0453872680664
169.61225378513336,132.45965770818293,62.17899703979492,70.40438079833984
204.82246267795563,135.24524120427668,37.82577896118164,94.36638641357422
197.02862989902496,135.14754680730402,33.300743103027344,98.4686050415039
191.09413015842438,136.00102810002863,40.16383743286133,83.77029418945312
206.43947279453278,139.09411434270442,41.077247619628906,122.11537170410156
190.61513769626617,169.29234508611262,60.93520736694336,80.92719268798828
178.15865576267242,139.36984447576106,54.88581466674805,79.34168243408203
197.30074751377106,136.1497898492962,49.41077423095703,62.73285675048828
179.16150534152985,137.16350368596613,58.785221099853516,76.81166076660156
203.25423395633698,136.19141964055598,31.815553665161133,126.75625610351562
201.4992719888687,138.31450466252863,31.50959014892578,122.67546081542969
205.1266714334488,142.11519817449152,37.076263427734375,84.53852081298828
209.56834089756012,135.07509807683527,31.49987030029297,77.4667739868164
206.64309179782867,135.54309658147395,34.42397689819336,61.154296875
196.4286848306656,137.590719262138,41.61504364013672,75.43255615234375
205.29031813144684,138.33629039861262,34.760169982910156,82.99089813232422
205.6730409860611,138.76341060735285,32.117435455322266,76.39463806152344
201.05566465854645,141.18535427190363,26.261032104492188,77.86265563964844
197.64424860477448,134.89147762395442,24.711641311645508,95.67752075195312
196.37560141086578,137.40274623967707,29.43265151977539,78.04335021972656
185.03481352329254,135.75500682927668,35.432708740234375,76.89962005615234
187.35561048984528,134.52729229070246,30.638755798339844,102.22303009033203
193.90172350406647,141.11063579656184,29.586782455444336,73.54222869873047
193.59293806552887,139.35731700994074,26.57457733154297,77.3929214477539
197.74645388126373,148.0889339838177,30.57990837097168,67.36521911621094
188.23916971683502,137.7121258173138,29.93491554260254,77.97642517089844
191.34250700473785,137.7461719904095,24.8917236328125,78.9662094116211
196.57237493991852,137.52367595769465,23.29159164428711,83.2100601196289
190.89260923862457,141.4394741449505,28.167251586914062,75.68409729003906
198.37962114810944,135.36688045598567,27.702428817749023,83.95860290527344
191.3278261423111,137.3294239435345,38.979007720947266,82.9801254272461
199.33257162570953,137.4421711359173,35.57558059692383,86.2108383178711
208.6330133676529,139.96283153630793,30.165172576904297,85.98957061767578
209.8308197259903,142.50086788274348,30.832670211791992,87.00830078125
209.87365782260895,138.67157177068293,31.046279907226562,73.46611785888672
210.7683149576187,137.76609615422785,31.78394317626953,74.16630554199219
211.01440489292145,142.34477428533137,34.011871337890625,71.77288055419922
208.47194349765778,131.2636509332806,32.124610900878906,81.29474639892578
205.86123144626617,136.66088298894465,41.823421478271484,75.93306732177734
198.94712698459625,127.65267376042902,56.72890090942383,81.76654815673828
197.38140738010406,126.4165592584759,61.8270149230957,83.83585357666016
200.12196791172028,121.93020443059504,54.149940490722656,129.43063354492188
168.78180754184723,121.64040187932551,110.40328979492188,94.92237854003906
139.75813353061676,118.29306224919856,93.80982971191406,126.8833236694336
1.9027944803237915,165.4949283991009,153.97312927246094,103.92609405517578
199.91592466831204,120.25020031072197,103.1233825683594,103.82625579833984
159.44706404209137,111.98972896672782,80.88776397705078,159.11566162109378
3.0166479349136637,164.82465175725522,212.71377563476562,107.08930969238278
172.6174856424332,108.03960231877863,135.24397277832028,125.75474548339844
3.1355825662612915,162.86030391789973,225.3474884033203,103.75152587890625
166.70495283603668,101.12967495061457,119.06800079345703,148.8022003173828
185.5302015542984,116.3457470331341,79.2092514038086,116.08538818359375
144.80730497837067,129.09463314153254,108.42851257324219,155.85418701171875
198.71276533603668,119.09198955632746,75.1114273071289,120.61463165283203
140.3710104227066,160.73328975774348,92.01121520996094,119.60263061523438
13.711228013038664,165.3613758478314,160.30923461914062,96.66268157958982
196.70902693271637,114.12092784978447,72.86417388916016,108.61705780029297
147.0708509683609,164.0496349725872,88.43059539794922,114.67276000976565
8.119309067726135,169.23583034612238,214.34707641601562,87.97074890136719
186.6395002603531,109.70633510686457,102.40898895263672,150.53700256347656
15.226166367530851,177.038831749931,235.01339721679688,103.49841308593747
174.83732664585114,104.61156276799738,170.30718994140625,164.9281463623047
187.21206724643707,108.68708614446223,138.08889770507812,174.59881591796875
183.8148580789566,125.13724330998957,163.0822296142578,142.86708068847656
183.6209760904312,114.42822841741145,114.85909271240234,118.04658508300781
19.28700315952301,171.94598201848567,227.94683837890625,100.40829467773438
204.83995878696442,100.1747265253216,77.68888854980469,185.6080322265625
20.184815049171448,170.86199764348567,226.34420776367188,107.89566040039062
161.38219511508942,123.34997371770442,184.3337860107422,159.38900756835938
172.66567289829254,115.24919704534113,176.4167938232422,128.3109588623047
56.511276841163635,70.11184505559504,160.38983154296875,128.88418579101562
171.07807981967926,108.40782741643488,171.0174560546875,128.2391815185547
181.7348257303238,99.80587581731379,104.25035095214844,143.54574584960938
245.20313704013824,183.268137017265,105.28577423095703,103.5664138793945
158.7785383462906,107.28972057439387,62.43865203857422,118.6449203491211
33.316818833351135,164.09359172917902,122.98199462890625,74.69263458251953
33.04073774814606,153.8596516046673,114.8979263305664,78.65203094482422
30.310639023780823,141.23025325872004,99.24887084960938,84.3173828125
0,103.69497493840754,36.62643110752106,84.15249633789062
0,123.3350162897259,53.24679213762283,81.60242462158203
40.09358802437782,164.6766739282757,60.54255676269531,63.57822799682617
44.7719670832157,160.08507732488215,61.64466094970703,58.681663513183594
47.82308974862097,163.42174724675715,53.53013229370117,60.890647888183594
44.369905620813356,160.61530498601496,68.25696563720703,63.55146026611328
0,102.4806347284466,54.42342963814734,81.59539794921875
0,103.78907589055598,47.693890646100044,87.91159057617188
0.504091776907444,103.12875942327082,44.89435577392578,87.36973571777344
1.2876267805695534,107.4974918756634,46.0594482421875,84.39350128173828
0.9278378859162331,101.87737850286067,49.08205032348633,90.98013305664062
1.1615796461701393,109.27661708928645,49.34628677368164,83.94511413574219
0.32625821977853775,104.36082271672785,51.160301208496094,88.91790771484375
0.5671487227082253,105.63302806951106,51.256858825683594,87.70464324951172
0.29037145525217056,110.86488155461848,53.43291091918945,84.88336181640625
0.6609082594513893,104.26036266423762,53.76645278930664,92.14730072021484
0.12885145097970963,105.94677166081965,56.70166015625,91.8407974243164
0,107.37767604924738,62.91970304399729,92.93867492675781
11.445687551051378,108.20652965642512,84.0633316040039,113.4349594116211
137.38422514870766,101.45796779729429,35.976417541503906,71.38490295410156
143.08622099831703,94.98321727849546,25.735252380371094,89.98352813720703
145.9101126380265,95.2140369806439,23.243581771850586,81.18341827392578
145.47817255929115,102.7994976434857,22.725244522094727,67.07867431640625
145.21096732094887,92.16037181951108,23.529354095458984,81.35570526123047
143.45148493722084,101.32299617864194,27.681482315063477,71.63774108886719
145.9284231849015,91.06153301335874,24.936071395874023,87.40302276611328
141.11220766976479,92.62045864202085,28.7902889251709,85.47315979003906
137.90530898049477,93.96894268132749,33.85650634765625,79.71569061279297
134.2674591727555,93.49722103215757,34.78561782836914,75.11274719238281
132.9538948722184,91.90690044499937,37.52511215209961,90.63492584228516
122.42399908974772,94.9949016962201,46.16630935668945,75.91853332519531
134.6323769278825,90.34513668157166,32.86159896850586,84.959716796875
130.36466147378093,102.18308452703064,41.35940170288086,71.0881118774414
133.13756491616374,101.36433605290955,35.22578048706055,72.8581314086914
135.27601649239665,96.46930507756775,31.26775550842285,82.019775390625
138.58213355019694,100.77413372136658,27.918750762939453,74.6149673461914
139.5378544516862,91.68744091130799,25.093048095703125,86.71805572509766
138.67445780709392,97.7829990778119,24.902864456176758,82.80864715576172
141.28436305001384,95.90221218205994,24.172067642211914,95.55513000488281
135.4059841819108,96.76788524724549,32.11913299560547,88.79158782958984
135.81886794045573,102.82178691960877,34.06654357910156,86.21489715576172
141.787359494716,115.7670078668744,29.833646774291992,72.5574722290039
139.20425536111003,75.66448406316346,33.07544708251953,123.05390167236328
145.13104941323405,104.05772594548768,32.085201263427734,96.49266815185547
137.24713065102702,90.16492656804627,43.1058464050293,81.6881332397461
163.69069983437663,102.93261913396424,28.596820831298828,126.39627838134766
172.69115950539714,65.53082088567322,23.887191772460938,131.87850952148438
171.24650027230388,69.03891948796814,28.0905818939209,99.63912200927734
164.69384695962077,104.9002914819867,39.23386764526367,56.769771575927734
166.13727499917155,106.14689258672303,36.74210739135742,52.29237747192383
162.41225172951823,102.09386829473084,42.70867919921875,53.4998664855957
163.68118025735026,113.382207909599,35.899993896484375,38.23486328125
170.7692997641862,105.13830379582947,28.864883422851562,98.40052795410156
156.0524265952409,111.45578197576111,36.6617431640625,54.57573699951172
187.9285547919572,63.97686580754822,16.063020706176758,87.18310546875
187.53651215508586,55.91766170598572,13.990096092224121,103.49002075195312
185.90349699929362,63.88159374333924,18.135215759277344,90.59761810302734
148.1256001181901,108.956089058891,33.07813262939453,46.39299392700195
149.59957816079265,98.83382610417908,29.008075714111328,100.03658294677734
149.0993483252824,107.8034611139447,25.528005599975586,86.62000274658203
146.73005034402019,110.602085152641,27.083038330078125,50.654422760009766
147.23755194619304,113.3666057977826,25.757976531982422,43.116302490234375
148.17597128823405,111.94908718205994,24.57724380493164,50.72590637207031
147.69853522256022,113.39746479131287,24.64809799194336,50.01150894165039
146.196744222194,110.1881504449994,23.881797790527344,54.263526916503906
145.49563910439616,112.04648403264588,24.396404266357422,52.171600341796875
144.3051598258317,111.10547069646424,23.377918243408203,53.29192352294922
142.981975812465,110.49009136296814,22.80755043029785,53.15326690673828
143.02796866372233,108.41646389104432,22.44552993774414,53.03558349609375
144.7415192313493,102.79818729497498,21.747798919677734,51.67232131958008
143.15821959450847,100.7289047632367,24.270416259765625,61.5731086730957
141.34789778664714,101.93104366399353,27.60344696044922,58.321815490722656
129.84052206948405,103.13684467412537,38.28459548950195,60.06155014038086
145.1270764060319,106.01311115361756,35.98374938964844,40.253353118896484
149.11798788979655,106.10771564580506,34.8693733215332,35.10805892944336
157.98771979287272,108.43267253972596,26.644664764404297,33.363739013671875
161.53932024911052,112.59972766973084,25.96736717224121,33.87539291381836
158.35433318093425,119.65044979192322,30.55695343017578,29.752708435058594
159.1973946280778,120.35509113408631,29.684284210205078,39.05283737182617
160.89685942605144,123.90239338018006,27.4708251953125,41.87897872924805
149.87809779122477,120.49189190007752,28.037126541137695,58.87315368652344
161.08250548318034,131.28798870183533,27.941970825195312,37.04412841796875
161.53682162240153,126.03889087773865,21.94257164001465,57.94729232788086
165.100685376674,131.61803249455994,24.492013931274414,54.080848693847656
165.08557631447917,129.35886768437928,19.1993408203125,61.259883880615234
163.39473940804606,128.4613209161908,17.95479393005371,61.76631164550781
164.52117373421794,134.7581787500531,21.48799705505371,48.73720169067383
162.43794753029948,138.2728615198285,20.04644775390625,53.52157211303711
159.45485093072062,125.52558712102478,15.641127586364746,65.6210708618164
155.49583079293376,131.68126682378357,17.968950271606445,60.08327102661133
154.6687138266862,134.46910289861268,17.557723999023438,54.693634033203125
156.35336377099162,128.28969959355896,13.975480079650879,57.797794342041016
157.45079829171306,128.6284637842328,21.94756507873535,53.37492752075195
155.3582661338151,121.88813213445252,25.438461303710938,51.97990417480469
154.18803908303386,118.27659038640564,26.916824340820312,41.96965026855469
153.2844889350236,115.78741458989685,30.510255813598633,51.94150161743164
152.4832070060075,109.51771930791443,33.764705657958984,39.36098861694336
167.00729968026286,97.42447666265076,21.50910758972168,63.69206619262695
160.0689766593278,98.26263240911072,32.54404830932617,37.149391174316406
160.27229048684245,97.11340526677674,33.602691650390625,35.6724853515625
165.9831612296403,98.79002384282654,28.301860809326172,33.42612075805664
162.71176268532878,100.58879570104187,32.7176513671875,30.765649795532227
172.40236403420573,99.0358009729535,23.155296325683594,34.46164321899414
170.70738341286784,101.2389030847699,25.88543701171875,32.529537200927734
169.71187140420085,102.04713253118103,26.30953598022461,35.177764892578125
162.29633452370769,108.84123424626893,30.42424774169922,41.24884796142578
158.38267065957194,112.54661182500428,29.088977813720703,61.34428787231445
159.90669371560222,113.65824512578553,26.40496063232422,43.532718658447266
156.4483711905778,116.7355137262494,17.749683380126953,72.42247772216797
148.7123100943864,116.66215328313416,18.773441314697266,79.65113830566406
142.14411856606608,126.17769054509705,26.117069244384766,77.92215728759766
144.81806876137858,129.73043254949158,23.758975982666016,45.88195037841797
144.6686098761857,127.03464702703064,20.698762893676758,58.81214141845703
139.66239573434,130.87673000432557,25.63736915588379,73.95509338378906
141.2371494956315,133.89693454839295,22.82903289794922,54.518733978271484
142.79973723366862,133.35146526433533,21.90399169921875,51.018836975097656
144.94215990975505,130.09655002690857,22.145742416381836,61.40562057495117
147.2475369162858,130.12573055364197,23.128265380859375,52.574615478515625
148.180706281215,129.975282708183,23.603158950805664,64.27240753173828
148.6062538810075,128.19708828069275,26.958667755126953,85.66276550292969
146.9153654761613,124.19639019109314,28.082555770874023,81.95877838134766
148.3683283515275,122.9795036707074,30.03830909729004,37.30705642700195
145.86005713418132,121.10063747502869,34.099483489990234,31.07177734375
151.89941145852214,116.43176082707947,29.478111267089844,39.89091491699219
155.56982733681804,115.66306118108338,29.172039031982422,79.81881713867188
160.04858328774577,103.67489055730408,28.34665298461914,99.12206268310547
151.31878210976726,113.63155941106385,33.461421966552734,74.24191284179688
160.17998911812907,98.76389125920838,26.91611671447754,88.94581604003906
158.64763285592204,101.84276393987244,27.21746253967285,85.91180419921875
161.97308470681315,102.90619091130799,26.6094970703125,81.18201446533203
160.16058279946452,105.30481914617127,28.500431060791016,80.51790618896484
160.32436396554118,102.754428902641,27.272798538208008,40.77852249145508
161.3948700614274,95.01551250554627,23.627147674560547,74.43730926513672
159.51589705422526,97.31203655339783,30.012413024902344,86.69417572021484
158.47485663369304,101.94060711003846,25.015132904052734,77.61780548095703
156.12678839638835,97.28957180120057,25.84359359741211,84.08328247070312
154.86271597817546,102.63607982732361,24.58371353149414,69.14818572998047
151.0802767463029,101.01712230779236,25.50840950012207,79.75801849365234
151.19018198922282,100.53242687322205,24.301828384399414,80.80390167236328
149.28569914773112,103.27631000615662,24.545547485351562,51.0385627746582
146.9169638343156,94.9249554071576,24.189542770385742,86.10760498046875
144.13615920022136,99.3829746637494,25.255287170410156,82.8298110961914
141.08218123391276,87.37785915471619,27.612449645996094,107.36935424804688
141.7204430289567,91.78548244573182,27.663928985595703,90.5780029296875
135.86077429726726,97.62071804143494,35.072078704833984,84.36763000488281
145.32938410714274,92.92708019353455,27.233613967895508,89.6072769165039
143.81829382851726,84.97540096379822,27.102062225341797,87.98226928710938
146.64438845589763,83.78999141789978,26.220914840698242,90.26679992675781
144.84775187447673,83.3392506036908,29.605478286743164,91.12683868408203
147.54585196450358,86.3869915399701,26.504383087158203,82.37171936035156
149.76271464303142,76.37875942327088,24.026147842407227,88.30656433105469
148.59514929726726,88.84360698796814,27.201412200927734,76.49678802490234
151.48334433510905,76.33060268498963,25.18179702758789,85.79879760742188
146.04173972085124,72.20139125920839,32.32072830200195,89.57705688476561
146.96734740212565,87.61696819402283,35.89216613769531,42.92835235595703
159.86392619088298,86.40913204289978,27.08733558654785,47.219512939453125
164.8167393393815,92.01090625859803,24.22838592529297,43.31132888793945
165.43299128487712,94.2446575555951,22.73381233215332,44.10118103027344
167.15102221444255,98.59959415532654,22.447362899780273,50.19625473022461
167.6651337333024,106.55687145330018,22.271739959716797,40.62293243408203
167.50241591408854,107.36984829045838,22.087631225585938,48.992523193359375
166.6946280188859,110.0922966394574,21.750173568725586,46.192020416259766
168.03600813820964,109.04499248601502,21.694305419921875,57.440879821777344
167.76675631478435,102.05283168889588,24.70477867126465,85.31002807617188
166.972418088466,112.3377628717572,24.367948532104492,50.013999938964844
166.9193175025285,112.93239788152283,24.324705123901367,56.94298553466797
165.13031603768474,114.58279613591736,27.522245407104492,41.81633758544922
164.14598776772624,117.56336406804627,29.600399017333984,34.96326446533203
176.66367079690104,101.63187221623963,20.969924926757812,93.68731689453125
164.3799126334489,106.11945919133728,33.80880355834961,96.00688171386719
157.55299879983073,101.37431911565369,36.61268615722656,99.98561096191406
157.7764322943986,104.67982296086853,31.423860549926758,105.78793334960938
155.3462212271989,123.80130580998963,39.3812370300293,79.58859252929688
151.96986510232097,125.93724254705018,33.60826873779297,77.16992950439453
151.42890765145427,116.7596607599408,29.90980339050293,97.10118865966797
150.34787108376628,125.42680553533143,29.90984344482422,89.34095001220703
144.05533148720866,117.71545223332947,35.55252456665039,102.83464050292969
153.74378897622233,113.00135616399353,42.83787155151367,98.74986267089844
149.3672516532243,113.20848659612244,48.74832534790039,104.38995361328125
146.75824858620769,99.5363941583783,48.19615936279297,107.0051040649414
147.61462904885417,124.15577510930603,37.103240966796875,112.75975036621094
136.53730322793132,113.99907116033143,46.85774612426758,99.6694564819336
142.88706709817058,122.80583004094666,40.19578552246094,106.264404296875
141.84776045754558,110.25566677190369,38.99217224121094,125.48048400878906
143.13530852273112,119.99043087102478,45.75634002685547,113.07550048828125
139.8605091758073,117.46417812444275,45.87091064453125,128.59608459472656
129.13514639809733,127.9550838861615,63.81757736206055,110.68302917480469
140.2993061728776,109.8016643915326,49.1817626953125,138.32131958007812
50.544469136744794,178.83970836736268,142.22097778320312,98.14434051513672
132.78538252785808,115.417120018974,137.1375274658203,154.39173889160156
140.8908474631608,102.57335094548768,90.07442474365234,100.35564422607422
144.39226843789226,107.85922054387635,59.1884651184082,155.75830078125
116.3289921469987,115.53116039372986,86.06163024902344,114.96373748779297
129.4062969870866,86.07589534856385,104.0690689086914,117.31689453125
91.73257948830732,237.35558513738226,260.26742051169265,50.64441486261774
221.55430854298174,228.27305891085422,130.44569145701826,59.69850540161133
225.45535403955728,228.15858175326144,120.76579284667969,59.841418246738556
225.28821689356118,221.3908257582225,116.00936889648438,66.60917424177751
233.99706012476236,238.74899030220695,118.00293987523764,48.903587341308594
161.93734231824055,119.03962064278312,43.930213928222656,73.89132690429688
161.1341578089632,83.513222937705,35.60448455810547,86.52572631835938
165.4771982752718,96.71579099190421,27.90727996826172,72.54096984863281
164.8023993098177,98.92528653633781,26.69637680053711,73.86534118652344
164.47596898907796,73.5181934882421,28.787546157836914,98.58556365966797
165.6173340403475,87.00156522286125,28.01897621154785,86.39204406738281
165.70580926770344,95.22763944161125,29.015060424804688,77.28092956542969
161.13671174878255,103.55419278633781,32.021175384521484,71.25962829589844
166.05643525952473,86.30940747749992,26.34994125366211,87.6502914428711
162.2626387202181,89.0256512213964,30.437564849853516,84.10774230957031
166.1763578974642,87.03826261055656,33.66592788696289,87.20220947265625
164.39380327099934,88.49553037178703,35.97861099243164,92.54246520996094
165.79827371472493,83.86615109932609,28.57477569580078,87.84809875488281
168.62710157269612,82.35056424629875,26.69161033630371,90.60276794433594
167.219675692264,77.13964963448232,25.948509216308594,97.23196411132814
165.39623418683186,83.3895313788671,29.164743423461914,89.2661361694336
165.35844484204426,83.91570401680656,33.13637924194336,88.97520446777344
163.91265550488606,83.98801923287101,28.733570098876953,94.60958099365234
161.49878278607503,78.19696927559562,27.45013999938965,98.27516174316406
158.90744748944417,88.37069058907218,29.403791427612305,87.89857482910156
153.05944124097005,82.30619931709953,31.99117660522461,94.25904846191406
154.2823330485262,98.98822141182609,31.32996940612793,80.41830444335938
145.13453737134114,99.97431302559562,35.532833099365234,70.35679626464844
150.6696096980013,98.37020230782218,27.95168685913086,81.51358032226562
143.9660250269808,98.74780011666007,30.374420166015625,70.3772201538086
144.67734304303303,96.34288907540031,27.442323684692383,69.88517761230469
141.01515260571614,92.62066770088859,30.050548553466797,75.06863403320312
139.23182359570637,95.855996375205,31.31497573852539,72.20433044433594
138.09663263196126,93.1238071967382,28.495986938476562,72.79537200927734
137.5899035059847,82.2216961432714,25.52532958984375,84.75376892089844
133.69441667431965,88.49012113106437,27.841266632080078,78.77639770507812
128.97747865552083,91.20268750679679,32.10673141479492,76.92733001708984
131.8322598063387,89.15435910713859,25.579145431518555,76.98074340820312
131.58476224774495,90.20444608223625,24.92738151550293,72.86705017089844
128.9343973719515,84.50129437935539,26.90764617919922,83.92389678955078
132.77109781140462,81.40468717110343,24.701576232910156,81.89360046386719
132.5554396235384,86.85770154488273,25.378650665283203,78.55890655517578
127.3686081492342,86.48032498848625,28.63535499572754,78.52024841308594
121.99528375500813,84.86576962959953,34.6669921875,83.59320068359375
130.92437997693196,96.5656902838964,27.57227325439453,71.5782470703125
131.5471912943758,99.61385083687492,27.776906967163086,76.6315689086914
123.72701135510579,95.73473096382804,39.274566650390625,85.72423553466797
136.51012102002278,108.01324201119132,32.516178131103516,76.70922088623047
133.80916849011555,119.08072400582023,35.187278747558594,72.69271087646484
149.013150843326,109.64935422432609,24.66795539855957,87.32867431640625
152.9818245493807,113.05072522652335,27.646760940551758,89.82776641845703
156.91202798718587,121.53331494820304,27.593040466308594,75.17951202392578
158.0378548228182,119.85153317940421,24.438173294067383,81.34959411621094
148.44169679516926,124.34398770821281,35.41701889038086,72.78599548339844
152.55476728314534,124.61893964302726,29.932851791381836,69.4748306274414
146.67956987256184,119.61986661446281,31.33993911743164,72.57923889160156
147.9826447092928,104.16090894234367,28.75327491760254,86.32752227783203
152.80637803906575,103.96060300362296,32.28606033325195,83.28221130371094
149.1449581705965,107.85884213936515,30.048826217651367,71.54554748535156
150.61689630383626,93.36746716988273,25.826004028320312,81.00080108642578
148.6506830775179,95.23940015328117,27.56800079345703,79.5888442993164
146.8953873240389,87.45116162789054,31.540170669555664,84.03958892822266
147.67793146008626,98.72479749214835,28.32330322265625,69.17786407470703
150.03454938763753,84.06002545845695,27.19435691833496,84.33020782470703
148.05696359509602,84.02501798165031,26.323341369628906,81.26881408691406
142.80789152020589,84.23969007027337,27.636030197143555,78.96320343017577
138.62166753644124,84.75727582466789,28.89409828186035,83.26184844970703
131.04201570386067,105.72688413155265,34.6016960144043,64.24990844726562
123.41018548840657,71.3215496588964,36.19268798828125,103.81983947753906
115.67359605664387,83.1355602790136,43.03963088989258,89.11798095703124
112.99030938977376,70.67370343697257,34.71942138671875,115.9911117553711
115.75134721631184,71.55406690132804,44.49049758911133,115.08580780029297
113.60697427624837,56.80344129097648,69.9780044555664,91.98148345947266
149.5989595972933,96.32623792183585,49.96299743652344,89.51209259033203
160.301649721805,44.060355429770425,66.23275756835938,49.96127700805664
194.48661676282063,41.76506162178703,71.000732421875,41.720916748046875
220.85279527539387,40.90206647408195,63.424869537353516,39.747825622558594
254.55517640942708,42.02844357979484,28.732158660888672,76.30836486816406
218.8488146387972,49.38658261788078,46.843719482421875,35.83258056640625
194.683485659305,0,72.64790344238281,78.94584393990226
237.79899469250813,45.94920599705074,56.40968322753906,95.43851470947266
242.6871935450472,47.248186709941365,69.56919860839844,115.29425811767578
237.10079446667805,38.74825918918941,47.45897674560547,117.23011779785156
235.439402254764,39.16067373997066,41.787376403808594,86.06748962402344
231.26383272046223,50.135096194804646,36.82523727416992,58.502281188964844
228.00954786175862,53.670805575908176,27.6096248626709,92.75514221191405
239.53857293957844,68.27863180881832,39.03498840332031,60.883270263671875
237.17868486279622,73.76196158176752,40.39511489868164,57.29173278808595
228.74265733594075,82.76079046970699,39.53850173950195,62.68962860107422
214.43622079724446,95.93865263706539,42.652870178222656,59.03864669799805
207.70985475415364,101.30166495090816,36.63859176635742,62.466766357421875
192.83998361462727,111.5902410770068,41.33191680908203,53.003963470458984
184.184067400638,111.70484602695797,43.80558395385742,53.1624641418457
179.89087549084798,111.27778494602535,45.40141296386719,55.40869140625
170.03763261670247,113.33869230991695,50.99936294555664,53.28371810913086
165.71289697522298,112.1653200412402,51.31922912597656,52.920379638671875
169.48293367261067,108.12351095920894,50.529964447021484,50.306243896484375
166.92242685193196,106.74437201267574,57.91327667236328,48.68799591064453
173.52553621167317,100.90752089268062,53.07419967651367,48.97941970825195
177.6621119105257,98.53232825046871,53.775718688964844,47.601951599121094
177.423325213138,97.65305197483394,60.05605697631836,47.662445068359375
180.64402643078938,96.08712065464351,57.28669738769531,50.359615325927734
184.87617364758626,99.75787413364742,55.04325866699219,48.9375114440918
189.2303663813509,96.03476393467281,47.25053787231445,48.57011795043945
185.8998228632845,99.8427702212939,26.226505279541016,62.759159088134766
177.12991014355794,106.42133963352535,21.24228286743164,74.41960144042969
177.85592141980305,106.02948630100582,21.826454162597656,87.51681518554688
177.54786649579182,103.84051382786129,21.238340377807617,130.4139862060547
173.7313715540804,113.67468321567867,41.89000701904297,50.453243255615234
