129.0,80.0,64.0,78.0
31.226646423339844,74.81830596923828,68.9927749633789,97.50657653808594
43.05052947998047,161.23991775512695,64.27478790283203,77.77446746826172
0,90.59618377685547,95.02676773071289,120.41961669921875
78.68118476867673,148.71087265014646,158.74209594726562,90.76024627685547
71.73802375793454,126.73756027221677,159.88180541992188,111.22322845458984
75.51835823059079,139.11252593994138,153.08200073242188,100.88747406005862
67.26255226135248,125.06626892089841,169.21421813964844,114.93373107910159
193.77043342590326,0,126.22956657409674,234.5949935913086
157.5255823135376,0,161.49246215820312,226.72787857055664
68.27489185333252,25.12510871887207,113.94538116455078,116.24468994140625
79.28194522857666,60.753156661987305,68.12374877929688,82.4346694946289
70.01523303985596,69.32293510437012,61.106117248535156,121.9986343383789
68.38292026519775,68.32975959777832,64.19868469238281,93.79302978515625
62.06637477874756,82.87022972106934,47.0135383605957,65.27794647216797
56.22869396209717,74.43906784057617,59.33317184448242,61.00259017944336
58.59521961212158,73.04243850708008,50.72901153564453,62.09078598022461
57.390854835510254,68.59948921203613,55.60052490234375,61.480133056640625
59.686804771423354,70.37859535217287,47.40994644165039,66.22415161132811
64.43310832977296,69.93931770324707,46.923336029052734,65.59147644042969
73.77272891998292,59.28909873962402,58.31446838378905,120.5663070678711
72.32451343536377,58.265329360961914,65.4903793334961,110.41441345214844
76.84595775604248,67.25002861022949,59.60526657104492,75.24665069580078
80.19582653045654,69.57058143615723,61.16193771362305,72.48280334472656
60.93118381500244,81.1667537689209,90.97061157226562,102.77092742919922
90.60324382781982,71.47248649597168,58.610713958740234,102.33045196533203
96.6764326095581,66.72713279724121,57.79850387573242,79.37200164794922
75.29261112213135,61.88005256652832,92.52879333496094,114.1392822265625
87.97279071807858,49.12339973449704,82.68500518798828,86.00128173828125
69.26160144805905,52.73678016662595,110.29451751708984,118.94215393066406
84.28752613067627,31.176477432250977,122.02696990966797,105.71873474121094
85.62483310699463,37.92630958557129,120.58074951171875,106.43214416503906
83.6132211685181,41.62469673156741,122.86544799804688,100.49563598632812
105.24950122833258,58.010896682739315,108.8877182006836,104.33932495117188
123.21220493316656,56.627847671508846,82.01239013671875,74.77180480957031
140.91084766387945,63.14069938659674,63.18383026123047,91.49823760986328
136.95942401885992,61.13749885559088,72.07730865478516,73.59286499023438
136.5836610794068,54.29035377502447,71.62247467041016,80.92787170410156
135.94002246856695,54.65715217590338,70.78792572021484,83.18341064453125
140.80388355255133,53.863924026489315,65.35131072998047,74.37069702148438
132.90168094635015,45.32428932189947,78.12022399902344,83.56190490722656
132.9026422500611,46.003091812133846,75.64466857910156,85.08164978027344
141.12801456451422,54.33864784240728,65.59989929199219,76.16007995605469
155.08933353424078,61.1217937469483,50.54701232910156,72.08118438720703
146.3747930526734,59.85992622375494,63.26485061645508,63.9586181640625
133.26828861236578,73.0222835540772,77.66850280761719,88.54686737060547
129.87868976593023,47.53795814514166,75.3296890258789,82.51448059082031
133.5877771377564,57.99286079406744,76.15815734863281,71.9564208984375
131.52450275421148,50.70617103576666,75.46607208251953,83.81929016113281
142.35932636260992,58.37763404846197,62.999977111816406,75.62474060058594
137.3812112808228,40.84891319274908,75.07174682617188,84.07649993896484
132.3480653762818,26.731634140014705,90.2166519165039,86.90068817138672
140.30718708038336,24.564554214477596,87.50406646728516,135.69422912597656
79.54305362701422,122.0470981597901,218.8061065673828,117.9529018402099
75.30438327789312,0.8113794326782511,202.1934814453125,94.11217498779297
74.31984806060797,0,224.9121856689453,82.27603244781497
80.76252841949469,0,211.34097290039062,88.23060274124146
77.69456577301031,0,238.58181762695312,102.1798803806305
77.68980503082281,103.19507324695587,208.38247680664062,136.773193359375
85.20537662506109,9.358094334602356,213.2002716064453,95.97034454345703
75.38800144195562,103.61686432361603,209.13134765625,136.38313567638397
106.5049142837525,0.6809106469154358,138.942138671875,118.8963394165039
88.99797916412359,123.68713241815567,199.9740753173828,115.18009948730469
144.03188419342047,14.010145723819733,100.40010070800781,96.60319519042969
77.97262668609622,5.9550080895423605,105.30758666992188,144.33639526367188
90.647011756897,118.16232544183728,191.97621154785153,121.83767455816272
183.91166019439697,3.123322755098343,134.81459045410156,229.23419189453125
72.7049036026001,0,236.16297912597656,110.09163025021553
140.13451480865479,33.60546173155308,94.54576110839844,99.20938110351562
77.17812442779541,135.4465567022562,178.69020080566406,104.5534432977438
207.26873874664307,0,109.1502685546875,236.2338221743703
76.90731143951416,0,192.3328399658203,101.73768440261483
72.60373020172119,97.48160465247929,169.20318603515625,142.31829833984375
226.2227258682251,1.636725502088666,93.7772741317749,235.83740234375
238.88313341140747,0.8107214737683535,81.11686658859253,236.43667602539062
212.78863167762756,0.661200599744916,107.21136832237244,232.87347412109375
218.32219517230988,0,101.67780482769012,235.2196417618543
225.7703772187233,0.626987018622458,94.2296227812767,235.74130249023438
229.78303864598274,0.6125369453802705,90.21696135401726,236.7681884765625
228.14375473558903,1.1439319038763642,91.85624526441097,236.03175354003906
217.5855606868863,0.24700502399355173,102.41443931311369,237.0398406982422
212.74738544598222,0,107.25261455401778,233.98586610797793
75.84454843588173,0,165.68600463867188,85.6683328342624
196.28325388021767,5.8226918077562,123.71674611978233,233.80499267578125
76.41773472819477,0,172.375,99.94051636219956
221.514345751144,0,98.48565424885601,225.8061041283654
72.96254854695871,0,172.2217254638672,89.85475799679989
79.62523012654853,129.79074798643703,194.54705810546878,108.46802520751953
73.79251986043528,0,203.1526641845703,87.14842163145656
222.6908658077009,0,96.69886779785156,234.29890411406814
67.93328981893137,0,205.16439819335938,89.10453018203407
96.44707613484934,124.63452522285297,191.93724060058594,114.12869262695312
68.20540743367746,0,199.3434295654297,87.50531379707172
76.59608583943918,0,196.86865234375,78.30716129306711
74.50676088826734,0,184.37390136718747,77.0855188179203
83.18090944783762,0,183.8485107421875,87.32542084694842
89.39418917195871,108.84687637806405,194.19691467285156,130.78089904785156
69.38772707479075,0,203.63079833984375,100.0141851854371
213.87290316121653,0,106.12709683878347,238.79639160394902
232.60163941630162,0.2788034069549781,87.39836058369838,233.97425842285156
72.28027374867816,0.5787377941620093,229.57481384277344,100.12161254882812
220.2705043089809,0.6300988781463843,99.72949569101911,235.90713500976562
233.2785245543928,0.4854989635956031,86.72147544560721,235.19419860839844
231.16369541318272,0,88.83630458681728,238.32105499386904
233.41837266997027,0,86.58162733002973,239.0971653753525
233.9934461311277,0,86.00655386887229,237.941473617852
77.42129124183339,0,146.6022186279297,99.08388835921897
208.95208729285878,4.227590236738422,105.03836822509766,162.92942810058594
213.42267216224354,3.1696831322462344,106.42227172851562,234.86256408691406
138.37100971717518,22.472005519941547,107.68022918701172,97.68101501464844
64.39169682044667,35.32835165031264,107.49923706054688,145.60357666015625
136.0911406375853,32.48609701164074,98.15308380126953,96.12429809570312
107.03329838294664,98.56377950675792,174.10977172851565,129.81378173828125
186.7565497257201,6.61581197746105,133.2434502742799,170.19992065429688
160.76574892291865,1.470067653730581,156.7831573486328,144.5528106689453
155.58665651569208,0.2598587609083154,162.2299041748047,127.41951751708984
159.53746980914912,0,157.97122192382812,106.96846548087902
63.86703676471552,19.9366024303809,97.61805725097656,208.93125915527344
88.7051181245788,0,211.5439453125,120.69806178096684
88.75631899127802,1.5996259832568285,212.51222229003906,143.37582397460938
77.12191194782099,0,240.75973510742188,149.55444470884277
69.8501376558288,0,249.90118408203125,148.59593268156982
70.8430804658874,0,235.70265197753906,106.8757823503064
70.21351808795771,0,246.99119567871094,125.27379052818054
67.22122377643427,0,248.18861389160156,135.4314509281528
74.4417132783874,0,244.41114807128906,224.93416265890062
65.8591708589538,0,250.134521484375,237.0603430482003
58.584581320379584,2.7452823029087767,254.58311462402344,236.05580139160156
63.63704866657105,2.6389285431432086,253.47006225585938,219.36988830566406
61.44230837116089,2.065610061697896,251.52915954589844,226.15257263183594
65.36957735309454,2.556271682791703,247.3468017578125,232.85203552246094
21.48906893024298,0,282.9378356933594,234.30138124089717
31.454202597235167,0.7208123855853046,284.573486328125,236.03529357910156
61.29700655231329,1.3051706009173358,255.23565673828125,202.419921875
55.04014009723517,0,261.14892578125,234.1117501907611
64.7061404634461,8.5465138282907,238.84963989257812,229.75315856933594
50.90876192340704,0.10864761735319917,264.347900390625,219.1721649169922
43.194177572821104,0,272.1507263183594,233.01997116471648
60.045495932196104,0,259.7631530761719,232.07102073860824
15.974161093328917,1.4978898248705264,301.38519287109375,234.9175262451172
54.24198335895392,0,265.73321533203125,227.3236878595385
38.838251059149286,1.501062069417742,271.6714172363281,226.06674194335938
71.40234560260632,0,248.59765439739368,151.0459992032068
75.89619538431097,0,244.10380461568903,85.60789950394712
82.44192551197972,0,236.73170471191406,72.52605668556731
76.29800461354222,0,241.09449768066406,64.5421421123149
78.67947434010469,0,237.56474304199216,69.57451877954611
76.64425705494841,0,240.00035095214844,71.22643404187266
78.71246384205779,0,231.65354919433594,61.95298256964239
79.47185562672576,0,236.57797241210938,79.29105503604188
74.023186193132,0,242.15036010742188,71.09608141206391
79.07354782643279,0,238.0023956298828,78.26812203537764
82.27089737477263,0,232.78036499023438,80.94130055015953
79.85152481617888,0,238.45089721679688,87.57854517254071
77.26235245289763,0,241.66525268554688,97.67706708089926
77.08269547047576,0,240.81912231445312,110.27800955363324
75.48019455494841,0,244.5198054450516,94.2624941566994
79.56391929895858,0,240.32012939453125,84.67094663279306
74.58239006311874,0,242.82981872558594,96.01181914159184
76.87971519739608,0,241.8402099609375,104.44568694506347
70.20817589075546,1.6980860872778294,246.53656005859375,136.2893829345703
71.78976463587264,0,247.73324584960938,121.75554305749267
97.81703972132186,60.32323661663696,156.9800262451172,179.034912109375
82.71844505579452,0,226.44924926757812,183.2423879227893
75.46301292688827,0,244.13217163085938,122.23329646993955
77.81050895960311,0,236.8717498779297,172.17951444590727
73.80936455042342,0,243.8517608642578,159.18993880254345
74.94747947962264,0,242.39242553710938,156.41735709658423
69.99407982141952,0,242.20297241210938,169.11302882905386
72.58888267786483,0,245.97515869140625,145.048228892066
63.136398547005456,0,253.99578857421875,153.28011115013453
68.14486717493514,0,247.50308227539062,176.39536563366102
75.2022554805992,0,223.817138671875,128.1575750897797
77.40007042200546,0,239.91632080078125,102.4399325644211
76.27539085657577,0,234.74057006835938,133.76562820848005
75.30208610804061,0,241.73814392089844,110.23353355614432
75.72245811731796,0,243.6494140625,112.95621379955651
79.62353538782577,0,239.82089233398438,99.2846979337138
71.43650078089217,0,217.95472717285156,116.63429614092917
75.91650413782577,0,243.28829956054688,94.11783013833565
66.09956383020858,0,247.81561279296875,98.71794598347446
77.5550615719078,0,240.4077911376953,111.4488320005263
68.09052299768905,0,249.87721252441406,98.27066920460885
72.32286857874374,0,244.38389587402344,121.5042196425876
73.87261986048202,0,244.60787963867188,100.7110941962938
78.52703880579452,0,239.16702270507812,139.55160727881093
72.97440361292342,0,243.54225158691406,107.49601848315547
79.71488975794296,0,239.8341064453125,90.76036123132383
74.8741533687828,0,243.59169006347656,99.16148020672637
75.93873619348983,0,239.07830810546875,128.7955914827577
78.23541282923202,0,237.59561157226562,110.8420591996308
78.28678917200546,0,240.33868408203125,101.84356835713959
90.05731224329452,0,228.66848754882812,91.9414146106987
74.81733726770858,0,241.5966796875,95.45640600530052
76.7008364132164,0,240.29055786132812,112.96376818819715
66.5858461788414,1.9052391966376376,247.73727416992188,172.33059692382812
80.06620048792342,0,236.6137237548828,117.35849771104193
74.69545769007186,0,239.91844177246094,105.81599049370459
131.24740623743514,0,185.51821899414062,129.13610651394214
204.14732002527694,0,115.85267997472306,235.79167844007654
74.02435886517753,0,242.87557983398438,92.06747389411055
192.4528638090252,0,127.54713619097481,233.08489966678184
76.90949922628994,0,237.13331604003906,106.58391559266826
104.34461885519619,0,208.15357971191406,90.02909463715446
203.79643922873134,0.22190663254207266,116.20356077126866,236.60218811035156
74.30794098887736,0,243.5686798095703,82.56245228683895
70.70851471934611,0,226.85902404785156,226.9265661092398
74.39485505137742,0.9611697123348222,240.78810119628906,144.6878204345703
75.51984742198289,1.2933993265926347,242.73965454101562,111.50498962402344
82.40572693858445,0.10513638713950968,237.59427306141555,95.39701843261719
141.6323106433645,12.968650333672713,97.84020233154297,82.17316436767578
112.75591827886254,54.482669346123885,139.40664672851562,134.12413024902344
185.13517548101098,0,134.17681884765622,83.26916455486412
100.80581451909688,0.321151491299247,75.49198913574219,234.48165893554688
153.78357101934103,11.578468080654716,86.3211441040039,87.12449645996094
66.86151672856954,36.489166017666435,228.10531616210938,155.63043212890625
71.19078613774923,0,248.5526123046875,125.06471228231487
72.3166330005422,0,247.6833669994578,95.47008120829611
182.51171768435313,0,137.0642547607422,98.05258744863045
169.02681625613047,1.7366208727527237,145.381591796875,90.25198364257812
169.3641194177516,1.1787862475086115,147.01625061035153,96.22785186767578
176.59146011599375,1.1887921984363459,141.6817169189453,92.50840759277344
172.0379322839625,0.25513741328009587,143.70018005371094,97.71788024902344
176.1124485803492,1.3857221300769424,141.24600219726565,91.18009948730469
175.2009114099391,1.7466153795886896,137.93757629394528,93.06979370117188
180.80778396853285,0.17870995356332742,139.19221603146715,90.08081817626953
190.73819297913946,1.2441167528797337,127.78791046142578,88.4037094116211
193.23932594422735,0.4122419054676243,120.9886474609375,107.92762756347656
172.62403816346563,2.1233815844227024,146.21165466308594,91.3609390258789
191.90337700013555,1.261385887401218,126.3093490600586,99.437744140625
173.04242653016485,4.281161278026218,146.91616821289062,94.70046997070312
192.1160616314832,7.756930320994968,123.08063507080078,220.04312133789062
120.64643043641485,0.6479329760242649,158.5567626953125,99.85944366455078
78.93801826600469,133.12332436396372,190.55885314941406,106.45071411132812
79.36270088319219,114.89549538447153,204.3739776611328,125.10450461552847
74.42427009705938,0,243.0660858154297,89.36564014829045
93.2909998333875,0.4957358761471937,221.4739227294922,86.2092514038086
81.12871498231328,118.58979105192844,196.16290283203125,120.99568939208984
76.674178544325,0,238.5395050048828,89.07342218596165
76.92218727235235,0,240.56130981445312,97.98012387374254
77.39064735536016,0,241.46258544921875,98.38684385825798
78.51464790467656,0,239.3545379638672,87.57428130412899
77.14532417420781,90.619293972377,194.09983825683594,149.02569580078125
205.42443031434453,0,113.48968505859375,94.82031325948637
112.49671882752816,60.5312503797432,174.59187316894534,158.48858642578125
72.45066017274303,112.71772041148148,182.78445434570312,127.28227958851852
87.37613624696178,0,228.43307495117188,76.78245563420754
165.84645790223522,3.3952828402971136,153.83935546875,103.99720001220703
66.59979194764534,88.6343613620256,186.9342803955078,150.73992919921875
153.78748268250862,0,166.21251731749138,219.72063455538498
130.89663288178167,0,185.5830841064453,113.84427266099328
69.47033283295355,4.185663247000548,200.2231903076172,93.02122497558594
113.40111133637151,42.60290720452008,160.6727294921875,188.93276977539062
116.33508655609808,0,198.88186645507812,115.14718821037945
161.70060321869573,0.6915292858537896,153.19508361816406,201.17343139648438
5.3494908529730765,0,218.0498046875,115.95190144771902
68.72463581146917,0,249.38722229003906,87.69491053220912
143.94416400971136,0,171.5507049560547,94.03683972655378
76.46642658295352,0,240.57060241699222,76.28282416015185
132.6141926962348,0,185.7902069091797,100.99305087402124
71.78570911469183,111.68883958495985,185.775634765625,127.23475646972656
79.58037159027776,0,233.27737426757812,95.09855333007704
75.76941272797308,0,240.98834228515625,92.84822304565375
73.69782611908636,0,241.32054138183594,84.39151874938938
123.64684650482855,3.036228735046251,90.64265441894531,104.82162475585938
71.38423893036565,6.947529394225938,90.42586517333984,119.394775390625
75.06490680756292,7.34237344940172,85.78471374511719,161.7565155029297
75.76877185883245,85.88333566864,167.02761840820312,153.69027709960938
68.09445545258245,0,250.37680053710938,90.86509378631578
96.02869770111761,0,206.29420471191406,95.01855687240595
70.27235004486761,0,235.11256408691406,96.05124392082212
71.25483295502386,0,243.3557891845703,92.39445740962981
74.44063160004339,0,238.7891845703125,94.88353851926803
70.94418689789495,0,244.91519165039062,81.36700119322776
75.79777881684026,0,238.93048095703125,98.71652443084241
71.03732654633245,0,245.60885620117188,77.6741115196204
74.02617237152776,74.83922250785707,175.20950317382812,165.16077749214293
33.98353931488714,0.5305540945047085,280.4802551269531,114.87903594970703
72.68844196381292,0,244.59364318847656,97.0043013479227
73.97009632172308,0,244.205322265625,90.49017633924456
77.51306507172308,0,238.81756591796875,95.09523541693673
76.74798938812933,0,240.86968994140625,83.31951025607577
125.86891529144964,2.093814271104293,183.71652221679688,111.34751892089844
111.29132434906683,0,207.19940185546875,87.64464511216875
135.81974384369573,0,181.03526306152344,84.22513169915078
68.32724353851995,116.19527993038594,165.9036865234375,122.7686538696289
43.22334644379339,0,271.3467712402344,74.184064720425
66.71299335541448,0,248.4071502685547,86.55929844297617
77.98150989594183,0,234.64117431640625,85.65834566313848
73.83043262543401,0,240.99655151367188,94.14650986770204
70.02804157318792,0,247.6562042236328,88.99955116798188
73.23537036957464,0,245.28219604492188,96.70320957446944
73.91537830414495,1.8297770894807854,242.55364990234375,140.0370635986328
72.90851184906683,2.9971736348909417,244.86456298828125,172.1307373046875
70.68444416107855,0,249.31555583892145,131.3371318258089
64.40657602341037,0,253.04908752441406,126.99572197979899
101.78545938522677,30.9657336095284,182.18817138671875,136.5470428466797
126.88814340622287,15.790742001862384,114.56941223144531,104.95769500732422
77.85146890671115,0,174.8199462890625,88.51345928701863
65.79981027634003,0,250.64341735839847,72.07175115840187
71.36564432175021,64.30696322568531,96.1109619140625,160.21533203125
137.64022241623266,25.823385497413852,79.1546401977539,89.07024383544922
72.79409204513891,72.94358279355643,79.27758026123047,108.80729675292969
62.13423334152566,110.1669562066424,85.13849639892578,113.48265075683594
66.90447031051977,147.76650073178885,186.61483764648438,77.46431732177734
68.64301095993383,0,241.11749267578122,77.8420012200701
57.87572275192599,124.03683389250574,215.79293823242188,114.05635833740234
73.49611459762912,0,224.21640014648438,113.536593566578
73.10710702926974,0,243.59707641601562,95.31276470931437
74.55534158737521,0,239.1561737060547,79.25709799186421
70.73303018600802,127.72505320735789,173.18495178222656,112.27494679264211
72.9228190043674,0,237.81813049316406,96.3644835433762
76.06965433151584,0.08350214766466024,238.98277282714844,95.31796264648438
79.31373392135959,0,230.86680603027344,94.9578536491295
75.30933176071505,0.6574432125042051,240.00933837890625,109.2773666381836
71.50646005661349,0,245.81857299804688,103.95167844199636
73.25087533981662,0,241.32498168945312,97.94980772685756
75.17141519577365,0,235.43495178222656,106.9974296507823
69.62614236862521,0,237.9325408935547,133.4985240905279
75.66432748825412,0,240.15908813476562,115.83596629941434
66.88587747604709,0.0181418411134473,251.67295837402344,128.20880126953125
67.04862009079318,0,247.305908203125,121.72084722441423
67.5667399028049,0.07851748427742677,244.38917541503906,181.80307006835938
64.71759592087136,18.36791567763686,231.0537109375,216.99111938476562
65.37129770309792,0,252.78561401367188,144.10684542617201
2.5754984477268295,5.3535783527344165,209.4403839111328,165.81002807617188
71.29300485641824,0,247.7149658203125,103.6584680316895
68.0964640238987,0,248.0386505126953,95.73837174167483
74.41683755905495,0,242.8030548095703,95.70647377366947
75.11518655807839,0,244.8848134419216,83.18873951134645
76.49042408958607,0,238.33349609375003,84.2761248215912
79.61665242210563,0,231.79490661621094,87.61472027822725
73.05926411644157,0,244.8018341064453,95.84850164912339
72.33412831321891,0,247.64389038085938,91.65546725522574
71.95350544944938,0,246.61839294433594,89.05509339934139
70.84608357444938,0,202.24534606933594,90.05199509444608
76.93947499290641,132.08036079795545,175.84109497070312,107.04032135009766
70.51621907249626,0,137.05677795410156,80.69437446983045
11.468378954088053,86.35966892436835,87.2364273071289,128.82171630859375
0,74.05280704692692,127.93811696067982,159.08583068847656
70.41379114635555,0,242.64581298828125,95.0786096592316
73.24914118297664,0,243.63099670410156,99.54079637624665
73.15519281871883,0,242.91282653808594,99.3399668221565
73.4679293299493,0,241.99114990234375,95.65166904950598
76.45099970348446,0,237.9403533935547,95.17216326010453
140.0672945643243,2.7761718094956223,176.01043701171875,73.63751983642578
92.38354059703914,74.1254950822007,162.98377990722656,160.54867553710938
72.6671251917657,0,245.0205535888672,90.88867486125343
71.63446375377742,0,241.39251708984375,92.2635970741814
54.09274622448055,0,261.366455078125,84.55823972971766
164.02923914440242,0,155.19366455078125,101.68524779454634
69.75588556774224,134.85998839922627,160.90760803222656,105.14001160077373
121.89833780773247,45.90340957436899,80.90633392333984,90.44425201416016
40.07857653148736,110.44069061074595,60.98234939575195,109.09457397460938
17.354712929802787,98.48013839516977,103.07158660888672,121.21483612060547
150.8081354761895,80.71973571572642,62.32471466064453,58.24974060058594
233.4181151057061,97.81619415078501,30.89705276489255,99.3731689453125
232.81090494640432,95.07594070229868,33.495323181152344,98.8091049194336
216.2376913691338,90.05808791909556,61.75271224975586,107.85059356689453
226.18146082408987,62.70365295205454,87.82623291015625,136.54612731933594
98.8918947840508,140.52279052529673,160.15646362304688,99.47720947470327
5.724925484734399,10.82448272602727,172.6453094482422,113.55162048339844
74.17846247203909,0,243.8288116455078,96.18600921528508
75.51858850963674,13.888864898169913,226.00238037109375,137.1111602783203
92.29410120494924,82.07448806711523,160.822265625,157.92551193288477
66.71244379528127,0.056248855334956716,246.84471130371094,98.19325256347656
73.60731073864065,0,240.4968719482422,99.32944984410449
72.4444079066094,12.197310066095213,239.8232879638672,137.68226623535156
85.07327600963674,98.40987262713037,163.46630859375,141.09747314453125
92.96042963512502,55.5146165846499,152.0275115966797,172.8976287841797
104.09389063366018,63.59660205828271,129.10110473632812,145.03492736816406
117.87392755992971,25.143057441583494,167.66163635253906,92.45193481445312
115.08290430553515,3.8588739393862,175.37396240234378,82.4585952758789
92.9535631800469,0,199.4488983154297,82.1396127699526
85.48962732799612,121.16929750436105,150.74972534179688,116.37340545654297
111.34874674327932,79.47156267159738,108.44347381591797,71.42723083496094
87.69958826549612,134.16508226388254,140.79998779296875,105.7421875
134.3542780543145,50.30164842599194,71.77307891845703,85.59307861328125
29.375905480461967,107.87336854928296,55.01932144165039,99.89812469482422
13.337195839959037,94.9204380988435,80.74200439453125,106.220947265625
0,81.94307451241772,112.43022104747857,138.10191345214844
82.80788396123927,13.411931323941133,171.8521728515625,86.19285583496094
141.46466801885646,41.77772645943918,78.52548217773438,81.71614837646484
58.13443730596583,0,221.48016357421875,93.4326642035798
3.802787525692395,5.699547433821152,181.33987426757812,105.11187744140625
74.62483952764552,0.6731039523758398,231.40713500976562,91.11813354492188
79.66004918340724,0,238.59007263183594,105.96499314304967
77.17362950567286,0,233.93589782714844,109.23594887255024
76.45920537237208,0,221.63232421875,119.51265827416574
75.47621129278224,0,239.1551971435547,116.35548074841097
142.38454793218654,42.942213335631266,104.51937103271484,124.52702331542969
229.3364560437588,6.641645708678141,90.6635439562412,227.97560119628906
73.14118181826609,0,243.0684051513672,95.26407078802384
70.74024187685984,0,245.1736297607422,109.61580767184398
75.33165728213328,0,240.62330627441406,105.50021035447668
70.95824419619578,0,240.33876037597656,102.29025105126175
71.79795824648875,0,245.06759643554688,107.64770426098244
176.38616167666453,0,142.6430206298828,108.25307805212208
75.38712298037544,0,187.4166412353516,72.99758318499656
79.33477007510206,0.21887673654129003,238.84135437011716,87.17555236816406
67.70246874453562,0,245.4378662109375,95.73441399850418
71.67652880312937,0,247.02227783203125,104.05268520970128
73.82991015078562,0,246.17008984921438,114.59907743761431
73.13978570283422,0,244.3197479248047,107.06944380913922
62.480163510451405,0,244.0270538330078,106.24930244045828
72.86135094941625,8.87848880567833,245.79666137695312,227.97169494628906
73.1547850924826,0,244.9921417236328,192.56207492628374
61.11548608125213,7.156525744391843,256.2877197265625,231.16259765625
99.02603905976775,0,220.97396094023225,237.08197130103247
61.31288525254013,2.1638341612584213,257.58966064453125,236.07711791992188
173.0418662706066,5.774460381961603,146.9581337293934,226.42324829101562
137.62580679252986,20.26541192004754,93.24795532226562,219.05859375
208.79604528740288,0,109.57440948486328,102.01783425281121
214.61823461845756,0,103.3943862915039,138.06847218011654
213.73480032280327,0.37458338009730596,104.42236328125,110.07101440429688
212.58220098808647,0,106.90856170654297,111.02224268185512
217.3624591667974,0.16483838194318423,100.51372528076172,105.46234130859375
220.52125738457084,0,96.0575180053711,127.33492047422831
226.568536742481,26.319514070121954,93.0154800415039,213.68048592987805
25.321958525928267,0,201.49722290039062,90.24183406142816
215.32640264824272,0.6665217365246292,103.87255096435547,101.07486724853516
239.6533641655767,0,79.55178833007812,156.41437406196408
225.43612097099663,0.8628304941167926,94.47119903564453,120.74202728271484
217.0838413079107,3.6254304391851235,97.13321685791016,142.99752807617188
92.94556997612358,86.67856154270075,192.89718627929688,153.32143845729925
70.28746603325249,0,249.71253396674751,100.04255835924101
205.00971888698757,0,114.99028111301243,98.96251376824353
225.7158617933473,0.9389328179596532,90.12383270263672,106.97115325927734
215.2372202833376,0,102.96664428710938,95.61690751888742
209.32101773817158,0.3749553768753344,110.67898226182842,102.9679183959961
210.51176619330454,1.5212337582229623,109.48823380669546,104.90714263916016
204.81052863498235,0,115.18947136501765,116.81197472501984
77.60532993028414,129.93156872237319,185.57667541503906,110.06843127762681
192.5579285020615,0,127.44207149793851,93.1392004988819
200.88651964043504,3.413399840505406,114.77115631103516,122.2077865600586
201.01103135918504,0,118.98896864081496,161.28298678508546
191.52861748623314,0.40792710836302604,127.147216796875,94.62930297851562
194.2319027035183,0,122.77873229980469,122.69106919820678
195.44784508633074,0.2797844770330471,123.45878601074219,118.25238037109375
209.57650338100848,0.9081719282049221,110.42349661899152,118.472412109375
75.97810154401986,125.63476494578305,180.50930786132812,114.36523505421695
190.5985467954847,0.9664493979403517,129.4014532045153,115.06090545654297
198.732417013465,0,115.84938049316406,236.8235699118564
198.86115541678532,0,121.13884458321468,104.87389738268601
209.2501425277286,0,110.27371215820312,113.37483397576682
210.76825852504305,0,109.23174147495695,108.90809722469982
214.52106926496293,0,104.70152282714844,115.45649001859991
221.5942275291231,0,96.5072021484375,121.02331947219056
212.64094231183793,0,107.35752868652344,104.42391788428864
214.59253761823442,2.658194598882602,105.40746238176558,127.88209533691406
207.57076679495708,0.2942114445857271,112.42923320504292,98.97077941894531
196.1891080678887,0.07709032031817742,122.32875061035156,101.72747039794922
193.7197477163262,0.7203474614314587,124.75254821777344,101.97769927978516
192.6297475637383,3.0435705754451305,121.11690521240234,233.04347229003906
83.60975473536917,0,233.15231323242188,101.26760011646076
166.87471597804495,0,153.12528402195505,112.2964473055448
173.23000630445216,0.49751259320208874,145.87466430664062,107.89956665039062
64.97717961377833,0,124.1547622680664,106.62514854901264
28.5173445612881,0,176.48297119140625,77.18876064535593
92.11001881665919,128.96736234782446,177.05531311035156,110.69171905517578
151.64377888745997,0,166.21942138671875,101.40833372233618
158.21501454419825,0,160.94017028808594,102.72697493611926
181.159289446542,0,136.27342224121094,113.31509040385066
187.32585438794823,0,132.67414561205177,117.4196530510464
176.1607528165327,0,143.2589874267578,105.5203619564314
206.7544646695601,0,113.2455353304399,234.62412598553993
180.2512710310691,0,139.7487289689309,105.47024322958637
185.57685316690177,0,134.42314683309823,111.11491668925612
212.81821173970093,1.2357420360343383,107.18178826029907,234.82275390625
185.15482577951843,0,134.1375274658203,104.29334396474528
203.20854434641296,0,112.9609375,233.66101524409135
