245.0,64.0,12.0,13.0
244.1960530281067,63.549713134765625,13.553526878356934,16.292240142822266
242.94613933563232,77.1200475692749,21.70061683654785,17.095518112182617
253.4882583618164,99.3427619934082,14.573692321777344,19.843578338623047
245.97821617126465,78.05917263031006,20.383460998535156,19.38780403137207
245.05870056152344,77.35187911987305,21.59548568725586,18.045265197753906
253.51827478408813,98.78488826751709,15.737181663513184,20.52005958557129
244.99850463867188,77.72976303100586,22.067813873291016,19.928613662719727
253.8573579788208,98.76180171966553,14.730104446411133,20.009273529052734
244.48880863189697,78.225266456604,22.04231071472168,19.500640869140625
253.79605722427368,99.03810596466064,15.032198905944824,20.412315368652344
244.6227159500122,77.7318172454834,21.9208927154541,20.12522315979004
252.81854438781738,99.7779655456543,15.228652954101562,19.49311637878418
244.76912212371826,76.73589134216309,21.587270736694336,19.26495933532715
254.22256469726562,100.46596908569336,14.51748275756836,19.48172950744629
251.91701793670654,119.02237796783447,18.785207748413086,16.491607666015625
248.90528392791748,121.27478313446045,24.735204696655273,19.861019134521484
271.2927532196045,119.09753227233887,20.260116577148438,20.394102096557617
298.217080116272,98.52603530883789,16.467538833618164,20.123170852661133
296.05845642089844,98.26960372924805,16.911190032958984,16.76738166809082
295.95917892456055,98.48530101776123,17.478748321533203,15.74740982055664
295.48380851745605,99.60023498535156,23.344619750976562,24.836687088012695
290.29774379730225,100.03880977630615,31.93068504333496,35.63407516479492
244.1103048324585,98.95781993865967,26.941606521606445,37.2569465637207
209.39473152160645,100.75921726226807,19.593650817871094,21.561798095703125
208.49806690216064,100.26636409759521,20.654726028442383,27.602062225341797
208.68707656860352,100.42134761810303,20.040752410888672,25.41872787475586
186.83690404891968,90.3314037322998,13.902771949768066,17.693517684936523
183.50666427612305,90.04789543151855,18.021312713623047,20.917654037475586
208.39369010925293,99.99309158325195,19.95288848876953,23.502771377563477
186.03686809539795,90.92682361602783,14.29820442199707,16.215065002441406
187.84975576400757,90.66723346710205,12.809693336486816,18.376903533935547
186.99900197982788,90.31250381469727,15.182568550109863,22.718351364135742
210.54517078399658,100.35236549377441,18.645605087280273,21.947786331176758
208.76222229003906,99.68354892730713,21.49243927001953,26.938243865966797
209.4043025970459,99.4296007156372,20.737621307373047,24.714359283447266
210.42216396331787,99.62899684906006,21.292444229125977,27.092689514160156
209.10240268707275,98.90830516815186,21.241079330444336,28.085586547851562
209.08139896392822,98.0092134475708,21.35365104675293,27.946109771728516
210.41044425964355,98.13914966583252,21.055805206298828,27.314632415771484
208.93480396270752,96.8024549484253,21.567502975463867,27.566055297851562
211.28870391845703,99.27851867675781,18.82860565185547,26.84626579284668
207.38187789916992,96.38576984405518,22.977561950683594,29.407840728759766
210.14813899993896,97.68746566772461,21.992219924926758,28.650503158569336
209.64005851745605,97.57088279724121,20.719173431396484,22.939233779907227
211.73665809631348,98.85750961303711,19.43478775024414,23.195005416870117
210.7703742980957,97.83246803283691,20.290817260742188,21.609193801879883
212.6289939880371,96.20592594146729,20.576744079589844,21.916973114013672
212.74686908721924,73.89744567871094,21.27509880065918,22.925992965698242
189.2372612953186,89.33345890045166,14.044230461120605,16.92728042602539
187.06225776672363,74.42394876480103,17.13582992553711,15.95850658416748
190.37780809402466,89.5451078414917,12.281432151794434,14.234720230102539
189.11660432815552,89.58467626571655,14.02802562713623,11.654988288879395
188.0286741256714,89.22023248672485,13.921998977661133,11.013422966003418
188.63705015182495,88.55452585220337,12.84667682647705,12.734816551208496
173.5286464691162,83.07925748825073,13.544588088989258,15.7001314163208
188.58275413513184,89.52382802963257,12.426713943481445,15.86794376373291
175.27525901794434,76.47975492477417,16.37337303161621,14.979353904724121
189.23792552947998,90.13686084747314,12.994892120361328,16.34305191040039
201.0568528175354,77.30066585540771,15.232800483703613,14.047937393188477
191.01081943511963,79.74662923812866,19.029949188232422,13.961892127990723
187.45799350738525,86.90080451965332,14.140209197998047,18.748489379882812
185.3313970565796,86.49453926086426,16.57141876220703,19.036048889160156
184.9593906402588,86.98505210876465,16.347558975219727,19.704185485839844
187.430926322937,84.82545852661133,15.957855224609375,20.274127960205078
188.29392862319946,88.0513048171997,15.628411293029785,18.597673416137695
193.84797859191895,106.6241283416748,17.565011978149414,15.367385864257812
211.00986289978027,98.30086326599121,20.198625564575195,24.965587615966797
179.33273029327393,82.82163143157959,22.8061466217041,23.738866806030273
211.09982204437256,97.40919303894043,19.571020126342773,21.142196655273438
184.25963973999023,87.52985382080078,18.373851776123047,22.577667236328125
181.92752838134766,86.29277515411377,19.969776153564453,24.12007713317871
178.75605392456055,85.01088905334473,24.444499969482422,25.156787872314453
209.3488941192627,96.99160671234131,20.220596313476562,26.9907169342041
188.19235754013062,87.48472785949707,13.62273120880127,23.502193450927734
209.07501411437988,97.60618782043457,20.365032196044922,19.148120880126953
187.5863127708435,87.82563400268555,13.258103370666504,16.779281616210938
170.53355407714844,77.05495643615723,15.791679382324219,17.685836791992188
187.53489112854004,88.24462032318115,12.733402252197266,16.098249435424805
183.2307538986206,88.83830261230469,17.424509048461914,21.27157211303711
162.43615245819092,75.00066184997559,21.757997512817383,22.63678741455078
187.09887218475342,87.1478385925293,14.284852981567383,17.110881805419922
182.87788581848145,67.53132963180542,18.70590591430664,15.52771282196045
163.70048713684082,72.91960144042969,19.550369262695312,23.734163284301758
188.12952709197998,88.06968975067139,13.985090255737305,16.455913543701172
187.54314708709717,87.43719482421875,16.14653205871582,24.320573806762695
210.04128646850586,97.1220178604126,20.1370849609375,20.34490203857422
210.14952659606934,96.90085697174072,20.71493148803711,20.293067932128906
210.8576774597168,96.20354652404785,19.475936889648438,28.206388473510742
187.55406761169434,87.52365303039551,18.216899871826172,25.326505661010742
211.50382041931152,97.71809482574463,19.351863861083984,21.836708068847656
209.95037460327148,96.71013259887695,21.123672485351562,21.758935928344727
209.62678718566895,96.54344654083252,21.58353042602539,20.634262084960938
210.26866626739502,97.57113265991211,21.100881576538086,18.66057014465332
211.41215896606445,96.6462812423706,19.986167907714844,21.63045883178711
211.34724807739258,97.1159782409668,20.574073791503906,22.667604446411133
189.92461490631104,87.50678825378418,13.509683609008789,16.221845626831055
185.67224597930908,86.44845581054688,19.47300148010254,22.05439567565918
212.07255458831787,97.06528949737549,19.03986167907715,21.310657501220703
211.22521591186523,97.01641845703125,20.804988861083984,23.616384506225586
189.98472452163696,87.8088607788086,13.040362358093262,17.448240280151367
187.54040575027466,69.53196430206299,15.409899711608887,17.45850372314453
187.99099016189575,87.92206764221191,13.430254936218262,14.12837028503418
187.45110034942627,87.68183183670044,13.318822860717773,13.806134223937988
186.88377332687378,88.18327045440674,14.226700782775879,12.791465759277344
189.04263353347778,87.22419023513794,14.779234886169434,10
187.56993913650513,87.42893981933594,12.586161613464355,13.672783851623535
188.1481704711914,87.4448299407959,13.221794128417969,11.767731666564941
187.36342859268188,88.52690029144287,12.950709342956543,12.435301780700684
186.2270474433899,87.44444847106934,15.437453269958496,13.72148609161377
188.32579565048218,87.41003036499023,13.079182624816895,13.250813484191895
190.74394416809082,87.38241863250732,12.780677795410156,15.099471092224121
187.87858200073242,87.46922588348389,13.531478881835938,13.642474174499512
186.84345722198486,76.09202909469604,16.864179611206055,18.15437889099121
183.8748903274536,87.98485231399536,21.877920150756836,20.691104888916016
211.78672313690186,98.54238748550415,19.42881202697754,21.56627655029297
210.61580753326416,97.95725011825562,19.49257469177246,25.64408302307129
210.49287509918213,97.22507905960083,21.69703483581543,20.636219024658203
210.01394176483154,97.54881715774536,20.749292373657227,24.59078598022461
210.71198558807373,98.51207208633423,19.910966873168945,23.58148956298828
210.34173965454102,97.73053979873657,20.553604125976562,19.866119384765625
209.60886096954346,99.05396890640259,21.23464012145996,23.420143127441406
187.3945450782776,87.6085524559021,14.77921199798584,24.462038040161133
210.24899864196777,98.5804877281189,19.694854736328125,21.222681045532227
187.3849310874939,88.71547365188599,13.711686134338379,17.86688995361328
165.325608253479,81.44528150558472,20.7947998046875,17.74937629699707
184.85936784744263,88.64812421798706,15.037690162658691,17.71086311340332
184.25609302520752,106.09574556350708,22.821044921875,18.753036499023438
208.61848545074463,98.69829893112183,19.39887237548828,26.116716384887695
186.30221557617188,90.99520349502563,16.50554084777832,30.159008026123047
180.47399616241455,101.52141237258911,27.57373046875,22.15447235107422
179.57821369171143,91.98664712905884,25.43798065185547,30.83597183227539
155.3412504196167,102.68231630325317,32.20603561401367,33.992088317871094
119.5370044708252,97.72425508499146,20.257951736450195,24.641464233398438
116.42737007141113,95.15051221847534,21.930505752563477,16.340356826782227
116.97949695587158,95.94565391540527,21.214244842529297,15.193692207336426
116.98231792449951,95.36689949035645,20.516921997070312,15.661686897277832
116.4559907913208,95.45521688461304,20.100215911865234,15.731260299682617
116.8535623550415,96.1642575263977,15.12765121459961,18.2813720703125
117.1969690322876,95.75985670089722,17.473941802978516,15.675107955932617
117.94322347640991,95.22668790817261,15.334612846374512,16.35127067565918
116.79523658752441,96.5496506690979,15.699243545532227,16.59466552734375
116.8367338180542,95.6653904914856,19.18219757080078,13.690780639648438
117.07332420349121,95.37710046768188,21.556276321411133,14.827632904052734
116.55261516571045,94.68859434127808,20.5211181640625,15.746255874633789
116.7890100479126,94.6768126487732,20.413944244384766,14.424245834350586
118.1461009979248,95.32475805282593,16.8958683013916,16.390600204467773
118.10496425628662,95.05167150497437,16.23046112060547,17.113454818725586
116.98981666564941,94.46352052688599,22.028383255004883,14.632179260253906
116.87222003936768,94.151780128479,20.926250457763672,15.608603477478027
117.21003723144531,95.45705366134644,21.21120262145996,14.32310676574707
117.34696006774902,93.60030841827393,21.334688186645508,14.322257041931152
117.00134086608887,94.4410457611084,20.94895362854004,15.24400806427002
118.64851093292236,93.90291595458984,21.122295379638672,14.066239356994629
117.95576763153076,95.36877202987671,16.45529556274414,15.449468612670898
117.82217407226562,94.27928304672241,17.673044204711914,13.809598922729492
135.59688186645508,90.90803098678589,14.227357864379883,19.40812110900879
150.1671166419983,102.30643606185913,15.68986988067627,18.2773494720459
126.62178707122803,101.61244630813599,16.374412536621094,20.81981658935547
109.732102394104,112.21330404281616,11.715641021728516,19.09351921081543
109.48389005661011,112.06630754470825,11.142390251159668,17.74230194091797
110.11760330200195,112.87543535232544,10.810396194458008,16.946144104003906
109.74443197250366,115.42912912368774,12.949492454528809,18.516109466552734
99.96182441711426,117.3580756187439,20.006284713745117,21.73475456237793
85.84188938140869,111.02894067764282,23.392189025878906,26.707393646240234
60.168314933776855,94.13238382339478,21.066669464111328,24.896808624267578
67.36444330215454,93.26116800308228,13.356511116027832,17.40628433227539
66.41702318191528,94.08230590820312,13.358948707580566,15.703957557678223
67.29000616073608,93.2943058013916,13.687617301940918,15.153882026672363
67.75159311294556,93.04049158096313,13.479477882385254,16.448375701904297
68.52515077590942,93.13130235671997,13.734360694885254,14.667404174804688
67.66212844848633,92.64806604385376,12.922445297241211,14.903450012207031
67.67357778549194,92.67038822174072,13.351702690124512,15.682372093200684
68.18172550201416,92.15348863601685,13.24880599975586,14.247440338134766
68.36277627944946,92.23653888702393,13.14922046661377,12.869704246520996
68.31127977371216,92.38836622238159,13.322060585021973,14.405481338500977
68.40431642532349,91.6900691986084,12.876336097717285,13.800759315490723
68.06498336791992,91.67919921875,13.297601699829102,14.449543952941895
67.4408187866211,91.4243016242981,13.746297836303711,13.106918334960938
68.73008060455322,91.9946494102478,13.306785583496094,15.807397842407227
68.88741540908813,92.95069360733032,12.807446479797363,15.457881927490234
68.44320392608643,92.43034744262695,13.218914031982422,15.985703468322754
68.01049184799194,91.89699125289917,13.76539134979248,13.722673416137695
69.26877737045288,92.97248029708862,13.383723258972168,14.685033798217773
69.86570262908936,92.31616497039795,12.778553009033203,14.882735252380371
69.38589906692505,91.98913955688477,13.631810188293457,14.573136329650879
68.67037773132324,91.96159982681274,13.647005081176758,13.990352630615234
69.82839298248291,92.35832834243774,13.482627868652344,14.25674057006836
67.75867938995361,92.70795822143555,14.254833221435547,12.471940040588379
68.62925291061401,92.57184648513794,13.342803001403809,15.145320892333984
68.9378924369812,91.92019748687744,13.465167045593262,15.8213529586792
69.2617769241333,92.98846769332886,13.481395721435547,16.144411087036133
68.21006536483765,92.42744493484497,14.510130882263184,17.8731689453125
55.65315532684326,96.61822366714478,15.614768981933594,18.963123321533203
55.68229627609253,96.14740324020386,15.149474143981934,19.416643142700195
55.96907138824463,97.26145315170288,15.796955108642578,19.55299949645996
56.29495143890381,96.25631380081177,16.459747314453125,20.17681884765625
55.56929016113281,97.17357873916626,15.918020248413086,18.31222152709961
55.15601587295532,96.96908712387085,15.56234073638916,20.96576499938965
51.58193302154541,100.70170736312866,15.73702621459961,15.198797225952148
37.416242599487305,104.97645092010498,19.455366134643555,15.097628593444824
36.52809810638428,104.19920587539673,21.047603607177734,23.948619842529297
36.28390884399414,104.34992933273315,22.75139808654785,27.450342178344727
35.58693885803223,104.3939356803894,23.166990280151367,26.842004776000977
36.449655532836914,103.16506338119507,23.744810104370117,29.40669059753418
36.08925914764404,103.65411806106567,22.606853485107422,27.279617309570312
35.88796138763428,107.29750680923462,23.813678741455078,24.797595977783203
35.69873905181884,103.4931435585022,21.346664428710938,26.437801361083984
35.63582038879394,106.5851616859436,23.798460006713867,24.802906036376953
35.85263919830321,104.3052659034729,21.974685668945312,27.754268646240234
36.02041912078857,103.39994859695435,23.065174102783203,26.366966247558594
36.3160924911499,105.25919961929321,20.798641204833984,26.95675277709961
35.966294288635254,104.26384210586548,23.28485107421875,27.464191436767578
35.645477294921875,105.46698141098022,23.67319679260254,27.279340744018555
36.727471351623535,104.76862859725952,21.612503051757812,26.85944175720215
36.10844135284424,105.51916360855103,21.667526245117188,25.340213775634766
36.75259017944336,109.19524621963501,21.309083938598633,21.750507354736328
35.508060455322266,103.22625780105591,22.4316349029541,27.10590362548828
35.480166435241706,104.12786817550659,23.406574249267578,26.710153579711914
34.50849056243897,104.08876943588257,23.46517562866211,27.579580307006836
35.88378810882569,105.71506929397583,22.650348663330078,26.007911682128906
35.19363880157471,103.68620729446411,22.362037658691406,26.743492126464844
35.358843803405755,103.91207075119019,21.966564178466797,25.5952091217041
34.26238918304443,105.51129198074341,22.946216583251953,25.734397888183594
34.76605415344237,104.56871366500854,21.5261287689209,27.07176399230957
34.133274078369126,103.50745630264282,21.9569034576416,27.279499053955078
34.484124183654764,105.49970579147339,22.123504638671875,27.443696975708008
33.77872562408446,103.73246335983276,21.852745056152344,26.215486526489258
33.80861854553221,106.28980016708374,21.386327743530273,27.787382125854492
33.28765392303465,104.8912787437439,21.891712188720703,25.983182907104492
33.73701763153074,104.56373262405396,21.869266510009766,27.57501220703125
33.68774127960204,103.80436658859253,22.501937866210938,26.4582462310791
33.89894199371336,103.1549563407898,22.381362915039062,27.47562599182129
34.356961250305154,104.22207498550415,21.688720703125,26.835369110107422
33.31950855255125,104.58705854415894,22.535682678222656,27.953554153442383
34.984566688537576,102.61342477798462,21.837875366210938,27.405567169189453
35.306262969970675,104.51796674728394,21.275842666625977,27.65921974182129
33.06026077270504,104.06493043899536,22.422609329223633,27.37444305419922
33.811818122863734,104.39180040359497,21.995895385742188,26.814674377441406
33.27394962310787,104.13648843765259,22.99823760986328,27.448925018310547
33.13875293731685,103.53575086593628,22.885055541992188,25.64500617980957
32.35193061828609,104.82944440841675,21.982900619506836,27.662057876586914
32.46339035034176,104.94938611984253,21.042634963989258,27.54754066467285
32.349368095397914,105.14559984207153,22.054767608642578,25.821144104003906
32.544712066650355,105.01073884963989,22.23813819885254,29.434478759765625
31.47789669036861,105.23924112319946,22.212459564208984,27.577617645263672
31.066792488098102,105.32606077194214,22.377288818359375,26.277360916137695
31.05709934234615,104.76937627792358,21.993545532226562,26.91998863220215
31.208023071289013,104.68295812606812,22.099641799926758,24.81477928161621
31.395971298217724,105.31425714492798,23.280546188354492,26.433818817138672
32.238285064697216,104.81562280654907,22.143098831176758,26.562183380126953
32.14613151550287,105.20037317276001,23.39021110534668,26.387157440185547
33.10626125335688,105.17213773727417,21.225383758544922,26.391611099243164
32.86531734466547,105.0766749382019,21.38064956665039,25.56462287902832
32.241473197936955,104.72093534469604,22.36904525756836,25.469575881958008
33.1659898757934,107.59203958511353,21.99720001220703,24.70876693725586
32.99231910705561,105.13260507583618,21.154478073120117,26.13467025756836
32.601330757141056,103.72824621200562,23.56005096435547,27.391477584838867
33.35738277435297,101.8389163017273,25.816326141357422,30.592805862426758
33.52778720855707,102.35845422744751,23.895965576171875,25.719120025634766
53.32737159728998,96.3834023475647,15.683591842651367,21.143123626708984
53.24585390090937,97.01405954360962,15.940934181213379,19.678478240966797
53.36008358001703,97.22810125350952,14.895442962646484,17.01837730407715
53.32147026062006,96.7842755317688,14.698575973510742,17.05999755859375
65.91520166397089,93.27979755401611,12.70727252960205,15.344931602478027
66.43357324600214,92.92792463302612,13.517109870910645,14.581258773803711
66.28005647659296,93.01887845993042,12.474137306213379,14.783952713012695
66.78366279602045,94.49507427215576,12.497438430786133,13.280386924743652
65.63437843322748,93.54938650131226,13.310831069946289,13.904363632202148
66.28940200805658,93.5483660697937,12.400899887084961,13.102212905883789
65.07630300521845,92.90823316574097,13.24457836151123,13.250574111938477
65.15211200714106,93.52417135238647,13.136016845703125,13.017122268676758
65.9548630714416,93.15542316436768,12.84215259552002,15.008723258972168
65.33221673965448,93.37321519851685,12.794636726379395,14.98333740234375
64.60940933227533,93.61517429351807,12.970926284790039,14.00647258758545
65.03905534744257,93.51265239715576,12.56371784210205,12.982840538024902
63.94371843338007,93.84951448440552,13.706242561340332,12.900157928466797
64.57443046569819,94.054847240448,12.407880783081055,15.369413375854492
63.86524343490595,93.4224157333374,12.745387077331543,15.545931816101074
63.822586536407414,93.70323944091797,12.525395393371582,15.597641944885254
63.603668689727726,93.46450185775757,12.888188362121582,13.440195083618164
62.9028587341308,93.49144983291626,12.92774772644043,13.92300033569336
63.08735275268549,94.67150449752808,12.922815322875977,14.284723281860352
63.15648365020746,94.18889665603638,13.171375274658203,14.975421905517578
63.17444944381708,94.23961925506592,13.17536449432373,15.457980155944824
62.66689777374262,93.68157148361206,12.858776092529297,16.1785831451416
63.32438945770258,93.54495906829834,13.09451675415039,14.076010704040527
63.32599306106562,93.79758214950562,12.746125221252441,14.967805862426758
62.08968544006342,93.95253801345825,13.084470748901367,16.828887939453125
62.28014945983881,94.26873016357422,12.980852127075195,14.127156257629395
63.15951967239374,93.83877229690552,12.475663185119629,14.676185607910156
62.27138137817377,94.19274187088013,12.899869918823242,14.394401550292969
62.41871738433832,94.65992832183838,13.052383422851562,14.254107475280762
62.280270576476994,95.01187992095947,12.795246124267578,13.243624687194824
62.11637878417963,94.1666350364685,12.93120002746582,15.631990432739258
62.37244606018061,95.80934286117554,12.710309982299805,13.907587051391602
61.84575891494745,94.20092439651489,12.8847017288208,13.379722595214844
61.54174423217768,94.98809480667114,12.440347671508789,15.9517822265625
61.488264560699406,94.69539594650269,13.196515083312988,16.303464889526367
60.895464897155705,94.90052366256714,13.267822265625,14.507543563842773
61.04638195037836,94.81732988357544,12.989189147949219,14.559268951416016
60.80067539215082,94.93368864059448,12.977462768554688,14.458761215209961
60.775857448577824,94.11442375183105,13.078932762145996,14.020142555236816
61.39251279830927,93.9571795463562,12.69874095916748,16.00862693786621
60.69944238662714,93.81313276290894,13.411416053771973,16.10905647277832
60.7913241386413,93.9883222579956,13.799921989440918,15.401537895202637
61.36513519287104,93.92440891265869,12.826436996459961,14.47413158416748
62.32887697219843,93.48467874526978,12.02620792388916,14.4735107421875
60.66563224792475,94.1801209449768,12.751920700073242,14.69681167602539
61.29367303848261,94.17455863952637,11.611973762512207,14.264569282531738
60.633485794067326,93.74281692504883,13.051244735717773,14.723221778869629
60.85300493240351,93.10446357727051,12.74318790435791,15.41966724395752
60.44736433029169,92.72603130340576,12.98713207244873,15.558844566345215
60.53077650070185,92.76174688339233,12.847460746765137,15.475652694702148
60.49663019180292,92.80433177947998,12.8379487991333,14.708430290222168
60.3839173316955,92.51909303665161,13.05907154083252,15.928047180175781
60.85311841964716,93.31028127670288,12.351893424987793,14.577295303344727
60.38132143020624,92.54274606704712,11.977604866027832,14.969345092773438
59.91025781631464,92.62372255325317,12.612309455871582,14.13626480102539
59.49713277816767,92.15414190292358,12.89648723602295,13.869405746459961
58.996780395507756,92.90907621383667,12.942949295043945,15.221994400024414
58.68001937866205,92.3961706161499,12.692838668823242,14.95710277557373
57.87034797668451,92.39586353302002,13.339273452758789,15.346465110778809
57.836855411529484,92.34478044509888,12.879948616027832,16.128437042236328
58.05573606491083,92.99457168579102,12.833907127380371,14.454232215881348
57.820991516113224,92.37582540512085,12.360105514526367,14.438600540161133
57.51618862152094,91.98520755767822,12.887641906738281,14.293234825134277
57.882055759429875,92.38374519348145,12.609265327453613,15.197484016418457
56.6661005020141,92.29750967025757,13.027217864990234,16.373464584350586
56.6741743087768,92.29289245605469,12.81024169921875,15.138321876525879
55.59492969512934,91.61395788192749,13.626930236816406,14.443365097045898
56.34676265716547,93.02165174484253,12.380935668945312,14.722848892211914
56.2610244750976,92.09777212142944,13.097967147827148,15.10576057434082
56.10832166671747,91.86028909683228,13.006804466247559,16.201946258544922
56.09459400176996,92.17068243026733,12.589488983154297,16.04862403869629
54.574297904968205,91.87240266799927,13.511154174804688,16.449630737304688
55.80478143692011,92.14518547058105,12.845139503479004,15.207768440246582
56.13524913787836,91.6980037689209,12.511390686035156,15.727608680725098
55.084029197692814,91.89925241470337,12.51193618774414,14.916240692138672
55.334228038787785,92.1666841506958,12.231310844421387,15.556292533874512
54.76368808746332,91.93453073501587,12.719669342041016,14.261669158935547
54.217746734619084,92.17504262924194,12.80091667175293,14.308187484741211
54.467125415801945,92.39563369750977,12.56853199005127,14.683213233947754
54.787106513976994,92.55099058151245,12.77981948852539,14.577848434448242
54.31824684143061,92.55995225906372,12.669294357299805,14.320629119873047
53.91512203216547,91.61293458938599,12.83639907836914,15.174983978271484
54.81979131698603,91.89172077178955,12.604403495788574,15.068339347839355
53.63109016418451,92.02261209487915,13.721967697143555,13.428985595703125
53.56338357925409,91.83449935913086,13.488274574279785,12.762856483459473
54.810315132141056,93.84584331512451,12.209217071533203,13.001708030700684
55.362214088439885,91.81538915634155,12.836296081542969,13.981767654418945
54.77464294433588,91.69442701339722,12.325353622436523,14.225759506225586
55.272919654846135,92.39944744110107,12.537342071533203,13.728095054626465
54.48398494720453,91.5513391494751,12.817710876464844,14.245928764343262
54.67864608764643,91.8839464187622,12.887716293334961,14.949980735778809
55.29688835144037,91.97616386413574,12.715665817260742,13.162941932678223
53.889353275299015,91.2910213470459,12.803364753723145,14.33876895904541
53.86535978317255,91.76902294158936,12.859770774841309,14.151019096374512
54.46952295303339,90.85286140441895,12.974675178527832,14.787198066711426
54.635988712310734,91.60070180892944,12.896145820617676,12.957799911499023
55.01426267623896,91.41339588165283,12.71387767791748,14.005648612976074
55.726450920104924,91.56389093399048,13.13943862915039,14.008712768554688
54.682717800140324,91.08319664001465,13.368941307067871,14.061768531799316
54.78678083419794,90.72101736068726,13.489729881286621,14.38520622253418
54.755938529968205,91.24329853057861,12.902416229248047,14.466097831726074
55.67322158813471,90.75776863098145,12.087820053100586,13.530739784240723
55.488238334655705,90.43180704116821,12.333213806152344,14.86337661743164
56.06671667098993,92.3512225151062,12.727599143981934,13.969587326049805
56.53136777877802,91.2451057434082,12.692805290222168,13.99819278717041
55.75100088119501,91.07489919662476,12.513602256774902,14.564451217651367
55.6040215492248,90.81391191482544,12.258755683898926,13.282188415527344
55.14750862121576,91.9100432395935,12.799551010131836,13.79564094543457
55.35563898086542,90.77378845214844,12.300820350646973,13.227940559387207
54.69804906845087,91.3486180305481,13.150740623474121,14.218528747558594
54.88936567306513,90.51236772537231,12.663283348083496,13.022480010986328
55.73800849914545,90.69681167602539,12.614324569702148,13.677613258361816
55.04118394851679,90.46138095855713,12.595128059387207,14.10944652557373
55.55589771270746,89.68378448486328,13.186981201171875,13.983979225158691
54.35368442535395,90.28049516677856,13.024612426757812,14.039138793945312
55.69890069961542,90.20710611343384,13.001290321350098,13.70864486694336
56.08497428894037,90.263258934021,12.642290115356445,13.332385063171387
55.38589429855341,89.99387121200562,12.987605094909668,13.710882186889648
54.65420818328852,89.8129825592041,13.1663818359375,14.538224220275879
55.37361288070673,89.90470504760742,12.867499351501465,14.250203132629395
55.60662078857416,89.42834377288818,12.951639175415039,13.689238548278809
55.45257616043085,89.85683536529541,12.82994556427002,13.277491569519043
55.81639957427973,89.50394773483276,12.646900177001953,14.996347427368164
54.982235431671086,89.00419759750366,12.92541217803955,14.024557113647461
55.58691167831415,88.95320892333984,12.648001670837402,14.102143287658691
55.52222537994379,89.28347063064575,12.494979858398438,14.180366516113281
54.47698974609369,88.93559312820435,13.228803634643555,14.881786346435547
54.66235160827631,88.73415470123291,13.211614608764648,15.10144329071045
55.188744068145695,88.55375003814697,12.592297554016113,14.156416893005371
55.35032844543451,88.2949047088623,13.101907730102539,13.879117012023926
55.13244771957392,88.91699504852295,13.06061840057373,14.804163932800293
54.67067813873285,88.60476064682007,12.977855682373047,14.35624885559082
54.19244670867914,89.14109230041504,12.186668395996094,13.182194709777832
55.09424257278437,88.79958200454712,12.411011695861816,14.280452728271484
55.63415908813471,88.44942426681519,11.953168869018555,13.35405158996582
54.85875272750849,88.10385847091675,12.639994621276855,13.513509750366211
54.22168874740595,88.97873067855835,12.416380882263184,14.971620559692383
54.48130846023554,88.06079244613647,12.862286567687988,14.895204544067383
55.15484762191767,87.55479431152344,12.36780834197998,13.728001594543457
54.92723703384394,87.96588182449341,12.825119972229004,13.970455169677734
55.103236675262394,87.79713296890259,12.705657005310059,13.159591674804688
55.32630062103266,89.0095067024231,12.495777130126953,13.179878234863281
54.5131783485412,87.39647054672241,12.72567081451416,14.957170486450195
54.84665489196772,87.55295848846436,13.084222793579102,14.375788688659668
55.20042943954462,88.03216075897217,12.843043327331543,14.3109769821167
56.23966026306147,87.53751373291016,12.85761833190918,14.318074226379395
56.33610868453974,87.91727495193481,12.950400352478027,13.537384033203125
56.48459577560419,87.71098518371582,12.863604545593262,13.965886116027832
56.4774928092956,87.64117956161499,12.707419395446777,13.348291397094727
57.343070030212346,87.58350038528442,12.407573699951172,12.98028564453125
56.96679592132563,87.43796825408936,12.326080322265625,13.475035667419434
57.04981851577753,88.17913579940796,12.581704139709473,13.536783218383789
56.79045724868769,88.24477624893188,13.301865577697754,13.43356704711914
57.99293375015253,87.85676050186157,12.499470710754395,13.273693084716797
57.92969036102289,88.39348840713501,12.751182556152344,12.694664001464844
57.66063117980951,87.40316009521484,12.87407112121582,14.89147663116455
57.7975931167602,87.20006561279297,12.995452880859375,14.19069766998291
57.427938461303654,86.99193668365479,13.169729232788086,14.082472801208496
57.22668600082392,86.64727544784546,13.241240501403809,14.786802291870117
58.04935503005976,87.25933742523193,12.548604011535645,14.489996910095215
58.652905464172306,86.5776195526123,12.776660919189453,14.467476844787598
57.610006332397404,87.23059892654419,12.595556259155273,13.79983901977539
58.90844297409052,86.62389612197876,12.131911277770996,14.837654113769531
58.68318605422968,86.66820812225342,12.804722785949707,14.6896390914917
58.55571031570429,86.06395816802979,12.610726356506348,14.8847074508667
58.90585279464716,86.65524816513062,13.23392391204834,13.967836380004883
58.794082641601506,86.40731191635132,13.216024398803711,14.103109359741211
59.26357793807978,86.66814517974854,13.037508964538574,13.782301902770996
59.014125347137394,85.6616587638855,13.092955589294434,15.255929946899414
59.27491140365595,85.30605268478394,13.673182487487793,14.475759506225586
58.973982810974064,85.61594676971436,13.048675537109375,14.366583824157715
59.34091949462885,86.50444984436035,13.29002571105957,13.659562110900879
59.482562065124455,86.01915216445923,12.895015716552734,14.44705581665039
60.10867786407465,84.95800685882568,13.210975646972656,15.806139945983887
58.62971639633173,84.94391345977783,14.003478050231934,15.80148983001709
59.34978055953974,84.91030263900757,13.753024101257324,15.350809097290039
59.972175598144474,85.1354193687439,12.767194747924805,16.15785789489746
59.97013616561884,84.93609571456909,13.094210624694824,15.62360954284668
59.70536231994623,84.53236293792725,13.008790969848633,14.751296043395996
60.106166362762394,84.46310997009277,13.424784660339355,15.249466896057129
59.46838760375971,84.76557207107544,13.28404426574707,16.815139770507812
59.69007682800287,85.11163568496704,13.123926162719727,17.10698699951172
57.96541976928705,84.4489336013794,12.822214126586914,15.540766716003418
57.152143955230656,84.68856525421143,11.65920352935791,14.782485008239746
47.062021732330265,88.146249294281,14.390046119689941,14.651155471801758
46.08629131317133,88.878258228302,14.188220977783203,16.398727416992188
45.79621171951288,88.78360605239868,14.480462074279785,17.20438003540039
45.732739448547306,88.96450424194336,11.951602935791016,11.360569953918457
44.71052932739252,88.9475269317627,11.695528030395508,13.621533393859863
33.42515897750849,105.24960851669312,12.330855369567871,13.037328720092773
27.534670829772892,104.24051189422607,14.357658386230469,14.253596305847168
39.94567251205439,108.20931434631348,10.95905590057373,12.864956855773926
37.72875595092768,109.18919610977173,11.759725570678711,12.652774810791016
32.13099098205561,110.51718854904175,10.940004348754883,11.823659896850586
26.091750621795597,109.92698955535889,10.724272727966309,13.35336971282959
20.42851781845087,111.33142232894897,11.362536430358887,11.79918098449707
