111.0,98.0,25.0,101.0
94.43631553649902,109.09506225585938,60.965274810791016,83.783935546875
104.87727737426758,101.49836730957031,38.92115020751953,101.81536865234375
95.03766250610352,104.92426681518555,57.079139709472656,101.07318878173828
180.1480312347412,94.15836334228516,33.92947769165039,109.29533386230469
179.19833374023438,92.76637268066406,36.31330871582031,109.41220092773438
179.14253997802734,93.01478576660156,31.9002685546875,108.43672180175781
178.68260955810547,94.78793716430664,36.83470153808594,112.39533233642578
172.9648094177246,93.16688919067383,39.68572235107422,113.58455657958984
168.70550155639648,97.24154281616211,43.463340759277344,112.40369415283203
166.69349479675293,100.66696548461914,43.56190872192383,114.0396957397461
162.52139854431152,101.79378509521484,43.91299819946289,112.00074768066406
160.6069278717041,102.73491668701172,38.69564437866211,108.85359191894531
156.27012825012207,100.90456771850586,45.21866989135742,109.18976593017578
153.74585914611816,102.10733413696289,41.369869232177734,101.38225555419922
156.49953079223633,94.83806610107422,46.294166564941406,111.76388549804688
153.3224334716797,91.83271026611328,48.19584655761719,116.59841918945312
154.97377395629883,89.79500579833984,48.617347717285156,118.92929077148438
151.58885192871094,89.06138610839844,54.24711608886719,119.86045837402344
155.7649326324463,91.87117767333984,46.541439056396484,120.23672485351562
160.5671844482422,94.36603927612305,43.10557556152344,115.17351531982422
164.26431846618652,95.41310119628906,39.99686050415039,112.88496398925781
166.486177444458,97.67030334472656,39.46751022338867,110.48701477050781
167.81844520568848,96.46450424194336,35.81985092163086,109.6294174194336
170.10417366027832,94.66261291503906,35.02248764038086,109.55461120605469
167.94659996032715,93.44548797607422,38.90274429321289,111.47756958007812
174.26498317718506,96.03694152832031,29.21061897277832,104.55387878417969
171.23076820373535,93.36069869995117,36.16032028198242,110.1778335571289
171.4707908630371,90.94200134277344,39.53845977783203,116.53047180175781
173.59331512451172,90.35662460327148,35.80436706542969,111.6927719116211
173.36182594299316,90.04640197753906,38.16996383666992,111.88444519042969
170.69616889953613,90.55637741088867,37.20858383178711,108.2810287475586
170.80249977111816,91.42311096191406,34.56989669799805,93.2310791015625
168.21573448181152,87.67350006103516,37.553470611572266,92.54603576660156
169.88953590393066,88.52121353149414,35.26801681518555,92.88040924072266
168.31425094604492,84.65077209472656,44.33405303955078,117.69644165039062
166.0354175567627,83.56488418579102,44.18368148803711,119.4536361694336
167.21128273010254,83.98464965820312,42.89518356323242,117.896240234375
164.4791030883789,84.89653015136719,44.62855529785156,118.9073486328125
168.08209419250488,92.09248352050781,50.241268157958984,121.3743896484375
165.2284755706787,83.73582458496094,41.4951057434082,127.01748657226562
166.51789474487305,84.40884399414062,39.009681701660156,117.10171508789062
164.0087432861328,84.01033782958984,35.96600341796875,111.69642639160156
164.4357395172119,83.39105224609375,34.78402328491211,118.19479370117188
158.90852737426758,80.47094345092773,41.43671417236328,117.07132720947266
158.53907775878906,76.44744491577148,34.45957946777344,122.9322280883789
151.57669830322266,82.45986938476562,37.51878356933594,116.27322387695312
149.5907163619995,81.78789901733398,28.436899185180664,116.22989654541016
144.91923809051514,80.58242416381836,27.0405216217041,116.43509674072266
140.91171646118164,91.30810165405273,32.10448455810547,102.92578887939453
142.91944313049316,88.71585083007812,31.06734848022461,125.49844360351562
142.20161628723145,98.55488967895508,32.323482513427734,97.71089935302734
140.00422477722168,79.73954391479492,36.23634719848633,103.41548919677734
141.7513656616211,91.97616958618164,35.291290283203125,109.84149932861328
122.13445281982422,103.93616485595703,60.72254943847656,92.63858032226562
76.13583564758301,101.74297332763672,50.085323333740234,136.49282836914062
89.22093200683594,131.18942260742188,78.40274047851562,149.9800567626953
122.59541130065918,55.20103454589844,60.83621597290039,225.21900939941406
132.88316345214844,87.66465377807617,67.0345458984375,121.26598358154297
123.54684829711914,26.97528839111328,66.41283416748047,174.68862915039062
119.78902435302734,83.88420104980469,80.79588317871094,200.9528350830078
131.06654739379883,83.09941864013672,73.86986541748047,202.77334594726562
138.77333831787112,80.45410156250003,68.98493957519531,201.9390716552734
152.59256362915042,85.45573043823242,62.48638153076172,112.5813217163086
168.89024925231936,76.14871215820312,41.73930740356445,121.43931579589844
169.46803474426272,77.25321578979492,47.71688461303711,122.7140121459961
168.51073265075686,77.31146621704102,49.47645950317383,122.2398452758789
170.57038497924808,81.6655044555664,43.67743682861328,118.42721557617188
176.0213832855225,81.93382263183594,35.65053176879883,115.71595764160156
108.44302749633792,100.97236251831055,30.727630615234375,87.60363006591797
175.63692855834964,80.28154373168945,42.28996276855469,116.5101547241211
102.52044296264651,99.82767486572266,43.87770080566406,85.10868835449219
92.53246688842778,80.98996353149414,70.67514038085939,95.0254135131836
99.75467300415045,79.38729095458984,70.35758972167969,117.34965515136719
83.22717094421392,34.78618621826172,53.06637191772461,194.01475524902344
88.12833786010748,92.56202697753906,76.80587768554688,145.28298950195312
176.81440544128424,83.13209533691406,43.12069320678711,123.559814453125
174.3999576568604,91.25148010253906,37.65854263305664,112.96826171875
161.58812141418463,92.01684951782227,38.636478424072266,116.26226043701172
160.54874038696295,89.36341857910156,39.408355712890625,119.54461669921875
162.2478694915772,85.54437637329102,37.882625579833984,118.8546371459961
159.7273387908936,82.1588020324707,36.07578659057617,119.0929183959961
158.7827224731446,80.38948822021484,45.526756286621094,120.18327331542969
154.52334976196295,77.65500259399414,52.257080078125,121.6296615600586
162.01965141296392,78.38544082641602,45.26298141479492,120.09008026123047
168.02748870849615,80.01542663574219,34.51012420654297,119.55255126953125
168.13641166687017,82.28214645385742,33.5047721862793,113.28072357177734
167.9573879241944,80.48433303833008,43.998958587646484,116.40917205810547
170.6839618682862,79.03363800048828,47.763004302978516,117.39305114746094
165.28517532348638,76.2968521118164,53.2489013671875,119.37763977050781
172.97076225280767,75.42184829711914,39.41086959838867,114.94603729248047
174.14322471618658,72.83458709716797,50.88277816772461,119.88032531738281
175.55868530273443,76.39485931396484,49.14258575439453,118.46363830566406
124.27830696105963,87.13238906860352,33.13907241821289,100.95418548583984
113.62938499450689,89.81266403198242,59.50832748413086,103.15914154052734
182.18580245971685,81.8552360534668,43.27464294433594,117.9387435913086
183.14638328552252,83.52576065063477,38.916866302490234,118.1939468383789
182.08575630187994,82.43307495117188,38.00094985961914,116.80833435058594
185.03638648986822,82.11271286010742,34.3863410949707,93.36028289794922
179.48942565917974,81.22432327270508,43.13025665283203,115.2309341430664
182.66821289062506,75.46147918701172,41.69971466064453,123.34255981445312
182.0568580627442,73.4537353515625,37.466217041015625,119.89024353027344
176.71906471252447,73.55030822753906,49.49129104614258,121.65678405761719
180.2101268768311,70.31428527832031,36.21091842651367,124.93113708496094
181.819019317627,74.0939826965332,32.084228515625,115.2425308227539
178.03488349914556,74.98774337768555,35.57168960571289,118.4142837524414
179.36829757690435,74.2614631652832,34.30314636230469,112.26595306396484
171.47591209411627,70.23453140258789,48.500423431396484,118.99083709716797
115.19885253906256,73.9294662475586,39.71752166748047,116.95576477050781
116.5496673583985,73.3502197265625,33.053733825683594,110.82077026367188
166.43837356567388,60.322475433349624,43.07542419433594,126.02797698974608
161.95824432373053,55.05775451660156,43.885963439941406,126.34968566894531
157.9409313201905,56.44337844848633,41.651424407958984,116.68665313720703
157.81179809570318,56.805538177490234,38.219871520996094,111.46202850341797
153.96519088745123,59.32157897949219,41.572052001953125,122.23854064941406
152.57108116149908,67.1478271484375,41.11466598510742,118.63322448730469
156.71905326843267,65.72688674926758,33.360347747802734,122.34931182861328
156.6209564208985,65.4588623046875,34.53295135498047,123.81425476074219
149.82454490661627,71.25528335571289,37.00515365600586,121.76599884033203
151.87430763244635,73.89496231079102,32.44990921020508,98.5811996459961
93.50041675567634,87.77772903442383,27.875333786010742,104.26705169677734
98.53329277038581,90.76715087890625,28.922481536865234,87.76632690429688
100.22963523864753,93.13304901123047,26.38076400756836,89.5360107421875
101.90146064758308,92.67021942138672,26.546726226806626,96.94564819335938
107.56933212280279,95.51136016845703,26.423675537109375,93.31695556640625
107.4261322021485,93.79518127441406,36.68347930908203,102.46456909179688
102.30706596374517,92.72643280029297,54.436397552490234,109.12506103515625
110.06205940246588,97.19374084472656,38.45497512817383,108.34410095214844
106.41164779663092,90.5985336303711,65.54959106445312,106.754638671875
116.95333480834967,82.2369155883789,51.49114990234375,129.31036376953125
176.29765892028814,79.57427215576172,40.17853927612305,128.46621704101562
175.90848922729498,87.236083984375,38.4385986328125,127.10514831542969
170.94080162048346,87.94765090942383,44.96528244018555,127.6730728149414
176.95884895324713,92.1170768737793,39.48170852661133,121.66759490966797
117.73448753356939,108.1116714477539,40.56794357299805,107.4273681640625
123.65323352813726,111.79218292236328,29.24708366394043,111.17446899414062
122.13315963745123,113.25700759887695,42.14744567871094,111.69794464111328
126.16078186035162,108.08755111694336,39.225990295410156,120.56368255615234
125.5840682983399,108.17892074584961,37.07329559326172,122.05779266357422
124.83636283874517,113.79192733764648,29.747661590576172,98.34941864013672
124.72494029998785,118.88386917114258,28.554903030395508,98.97478485107422
124.71980857849127,118.15894317626953,26.75484848022461,96.64935302734375
126.63763618469244,120.05804443359375,27.812824249267578,99.84194946289062
126.44691276550299,118.17012023925781,27.944881439208984,95.85629272460938
105.79790115356451,122.21971893310547,64.77163696289062,93.15834045410156
121.4574699401856,118.656005859375,35.76194763183594,108.12835693359375
181.23897743225103,96.77985000610352,35.16215896606445,119.39672088623047
178.85902404785162,92.78478240966797,44.09149932861328,132.8941192626953
181.64881515502935,92.59909057617188,38.13719177246094,129.13101196289062
181.14829063415533,94.08499145507812,40.723995208740234,131.17684936523438
121.65871238708502,112.75398254394531,39.20284652709961,103.26361083984375
129.23182296752935,100.50407028198242,43.71824645996094,104.24445343017578
184.99820327758795,86.09280395507812,37.048553466796875,123.86465454101562
185.44516181945806,81.9642562866211,35.095096588134766,121.31037902832031
181.68909645080572,79.43280029296875,42.9045295715332,128.22409057617188
177.42798805236822,77.1529541015625,42.01640701293945,129.632080078125
125.98965072631842,93.13789749145508,30.386917114257812,108.82903289794922
125.61279869079596,90.67174911499023,29.808574676513672,98.8082046508789
125.01983737945562,91.66765594482422,28.281896591186523,94.55352783203125
116.08093070983892,94.99139785766602,48.819820404052734,100.16899871826172
126.53323268890387,88.68856048583984,30.315271377563477,120.96824645996094
123.15429496765142,91.71406555175781,52.284908294677734,116.29960632324219
188.39767646789556,76.727294921875,34.01802444458008,121.53813171386719
186.8223838806153,75.94103240966797,38.076446533203125,129.73788452148438
185.02307128906256,75.49313354492188,41.273277282714844,134.4946746826172
177.87678527832037,77.67973327636719,45.866172790527344,133.82777404785156
177.1197948455811,79.23869323730469,46.169185638427734,131.44703674316406
187.82441139221197,80.07123565673828,31.793827056884766,116.20123291015625
188.15444564819342,82.84961700439453,37.896453857421875,129.55804443359375
190.32926559448248,84.21185302734375,37.3953857421875,119.33680725097656
187.14269828796392,84.57013702392578,40.71743392944336,128.76828002929688
186.03024482727056,85.17369842529297,41.34321975708008,133.07791137695312
182.2070808410645,84.41510772705078,47.84754943847656,132.42782592773438
127.8056144714356,101.35420608520508,36.02143859863281,108.5168228149414
130.31886291503912,98.65811157226562,47.419288635253906,115.36299133300781
123.48579978942877,104.93071746826172,33.68832015991211,104.84759521484375
129.53341960906988,109.27909469604492,28.43528938293457,97.2031021118164
128.91536331176763,109.58246231079102,34.33586120605469,109.53694915771484
127.64284896850592,103.97982406616211,29.72711181640625,118.09493255615234
122.12769317626959,106.48173522949219,46.310081481933594,112.21760559082031
126.54076766967779,102.4171142578125,48.87477111816406,116.31813049316406
126.11615371704107,97.64050674438477,51.34228515625,122.22852325439453
119.12255287170416,102.52035140991211,47.14693069458008,115.79253387451172
181.67300987243658,88.44050979614258,35.607845306396484,121.15052032470703
173.85457992553717,89.21408081054688,36.85527038574219,132.36048889160156
175.77940177917486,89.11280059814453,36.75120162963867,131.36029052734375
169.3506584167481,83.85391235351562,40.32493591308594,131.02183532714844
168.53214645385748,80.57108306884766,40.03254699707031,129.97848510742188
168.45932197570806,78.3807144165039,40.03866958618164,131.05072021484375
163.61655426025396,78.30258178710938,45.89842987060547,130.73915100097656
164.62796020507818,75.24242401123047,45.35529327392578,131.2569580078125
164.135482788086,71.40989685058594,54.53687286376953,136.7427520751953
172.44050979614263,71.847900390625,44.675750732421875,133.2351531982422
174.54306221008306,73.58539581298828,41.29208755493164,132.3994140625
178.414628982544,79.50089263916016,41.99820327758789,129.0224609375
124.4054679870606,100.61746978759766,32.054290771484375,117.76522827148438
186.38187599182135,77.71536254882812,40.14474868774414,109.26063537597656
186.20108604431158,74.28663635253906,46.2677116394043,135.9423370361328
184.12939453125006,72.45519256591797,50.74639129638672,138.41427612304688
182.67599487304693,70.93006134033203,47.200828552246094,138.11672973632812
181.26803016662603,75.20132446289062,44.958499908447266,138.5786590576172
182.7209911346436,78.78007507324219,42.644649505615234,135.32106018066406
188.19848632812506,82.42718505859375,44.069053649902344,136.2821807861328
195.75304603576666,81.57929229736328,37.23404312133789,136.6763916015625
192.72111129760748,82.24176788330078,41.408172607421875,132.73199462890625
140.58683204650885,101.74701309204102,31.40951919555664,122.05158233642578
140.36292457580572,103.87466812133789,39.38164138793945,118.97882843017578
140.4208946228028,104.25228881835938,35.46104431152344,113.36430358886719
142.33278274536138,106.3597640991211,30.468704223632812,108.42424011230469
142.71338462829596,112.86555862426758,28.533061981201172,96.86991119384766
144.9096298217774,112.88549041748047,28.95848846435547,97.06071472167969
147.58323860168463,113.6536865234375,31.670398712158203,102.599609375
201.90468788146978,96.0248794555664,36.86191177368164,132.1252899169922
200.65680313110357,97.28215789794922,44.61302185058594,130.54502868652344
195.461597442627,97.1650619506836,48.82377624511719,136.7646942138672
191.36412429809576,100.81192016601562,47.09214782714844,139.341064453125
191.28150558471685,103.9988784790039,42.6712646484375,135.0937042236328
183.68222045898443,103.33517456054688,49.57915496826172,144.1671142578125
177.54908370971685,106.8862533569336,50.959381103515625,141.8609161376953
179.57073593139654,111.32220458984375,44.739227294921875,140.09689331054688
182.37753486633306,113.43110656738281,40.82143020629883,137.97549438476562
185.18184471130377,111.9572982788086,38.15769577026367,119.89607238769531
185.92363166809088,107.7835922241211,38.9644660949707,132.91639709472656
184.957654953003,102.53418731689453,37.27596664428711,134.6795196533203
179.94993782043463,97.50612258911133,39.26860427856445,112.15886688232422
177.3057823181153,92.70978546142578,46.232391357421875,137.0166778564453
180.40601730346685,89.58826065063477,37.676300048828125,121.4647445678711
164.47539329528814,86.26887512207031,51.88499069213867,138.76483154296875
108.71437454223638,109.36452865600586,36.5157470703125,113.31449127197266
112.7513046264649,113.53951644897461,30.311302185058594,102.4885482788086
113.83119773864752,115.92722702026367,27.653728485107422,102.16048431396484
108.34416103363043,112.20979690551758,28.89922523498535,119.41231536865234
107.43228721618658,112.19929885864258,38.6749382019043,119.76441192626953
108.7228736877442,106.49096298217773,39.14509582519531,121.30620574951172
108.69219779968267,97.75574493408203,50.13265609741211,131.462646484375
164.51873397827154,79.44608306884766,42.28228759765625,130.4873046875
156.2783813476563,73.93022537231445,42.777610778808594,118.10327911376953
153.91369056701666,67.48698425292969,43.785587310791016,142.93235778808594
155.84967422485357,67.5140380859375,45.36457824707031,139.2144012451172
106.746322631836,94.3721694946289,38.671104431152344,120.80645751953125
109.49124145507818,91.04371643066406,49.036155700683594,123.96250915527344
178.35888099670416,72.19215393066406,39.927127838134766,136.1112823486328
179.56872558593756,70.66651916503906,47.41405487060547,139.7163848876953
180.36766242980963,68.4538803100586,44.84672927856445,138.8956298828125
114.76198005676275,95.36007690429688,35.22818374633789,122.93254089355469
118.0703325271607,94.62349700927734,31.670804977416992,109.11436462402344
116.94773101806646,97.8401107788086,32.37555694580078,103.38275146484375
119.8167514801026,104.28530502319336,31.37027359008789,107.90874481201172
120.59169864654547,104.96662521362305,28.11318016052246,118.99976348876953
113.88008117675787,111.9158935546875,48.603050231933594,98.17948913574219
183.85694885253912,80.02449035644531,42.756370544433594,135.2641143798828
183.74198341369635,80.02275085449219,47.03976821899414,142.48277282714844
185.80631065368658,85.32162857055664,47.50266647338867,123.7232437133789
189.4175529479981,84.36518096923828,44.2724609375,131.30291748046875
186.14242744445806,85.65819549560547,46.25944900512695,140.19873046875
184.56711006164556,89.51556396484375,44.34816360473633,138.87110900878906
188.8467922210694,89.3339614868164,39.56013107299805,141.5423583984375
189.47435951232916,90.86666107177734,42.07339859008789,138.70065307617188
193.9286270141602,91.7873764038086,37.788978576660156,135.61273193359375
194.77323913574224,94.14166259765625,41.28032684326172,133.31785583496094
198.71524047851568,95.4770278930664,39.055992126464844,133.0106201171875
186.31648063659674,97.68276977539062,54.71535873413086,136.85377502441406
191.1097965240479,95.39279174804688,44.916080474853516,128.6017303466797
178.16827774047857,97.88652801513672,59.20628356933594,142.34695434570312
170.6560668945313,102.10100555419922,62.29033660888672,139.67257690429688
171.94408988952642,109.13949584960938,49.709102630615234,138.5010528564453
162.76408386230474,111.76111221313477,51.839500427246094,127.17023468017578
162.58348464965826,108.83257293701172,54.65428161621094,137.35983276367188
158.09985923767096,106.14212036132812,60.3230094909668,141.82691955566406
163.94352912902838,103.70626831054688,57.53584671020508,142.1822052001953
163.00587654113775,99.87267303466797,55.70708084106445,142.7734375
162.14851379394537,99.17648315429688,52.65563201904297,137.22621154785156
158.82619667053228,94.4039077758789,52.859500885009766,142.9490966796875
162.48309516906744,93.7594108581543,49.82085037231445,117.57329559326172
158.8261280059815,94.8576889038086,49.01250076293945,143.9232177734375
154.6052684783936,95.31559753417969,44.45840072631836,138.1887969970703
159.46298217773443,96.10147094726562,42.83605194091797,139.69456481933594
159.63789176940924,94.52099609375,43.113765716552734,140.2487030029297
151.00520896911627,96.24647521972656,54.13764572143555,138.73558044433594
103.44725418090826,110.13155746459961,65.32368469238281,124.7497787475586
151.1784572601319,89.4513168334961,47.47971725463867,141.71755981445312
102.23710823059088,120.37182235717773,36.40959548950195,112.42937469482422
103.18340682983404,140.41199493408203,46.72906494140625,111.88043212890625
152.5430755615235,98.45275115966797,47.94414520263672,142.09286499023438
149.17601776123053,102.07759857177734,48.040199279785156,142.91885375976562
158.99842453002935,99.46199798583984,43.13250732421875,138.232421875
157.16789436340338,101.29784393310547,48.5311164855957,140.60720825195312
156.74259376525885,98.3630142211914,48.90530776977539,150.01449584960938
153.10175323486334,98.11383819580078,50.15851593017578,152.60540771484375
149.78799629211431,95.18250274658203,54.86406326293945,151.06777954101562
150.378553390503,98.9940185546875,50.127559661865234,148.1292266845703
151.76861953735357,101.57383728027344,51.52763366699219,147.81517028808594
151.3403873443604,103.29606628417969,53.66928482055664,149.1171417236328
157.12576866149908,102.76216125488281,40.43598556518555,145.46946716308594
156.55701828002935,105.5597152709961,37.86053466796875,135.96829223632812
151.21442985534674,107.87323760986328,47.308528900146484,137.50750732421875
146.14023017883306,108.50564575195312,51.2591438293457,142.56800842285156
150.87800407409674,103.47908020019531,49.455623626708984,146.05345153808594
143.72745895385748,109.0525894165039,58.063018798828125,137.59402465820312
153.80464744567877,106.84528350830078,50.57770919799805,136.57308959960938
147.1586990356446,101.3092041015625,51.34626007080078,147.62107849121094
142.90645408630377,101.75045013427734,55.59714889526367,149.31124877929688
146.9009456634522,101.09989929199219,50.23008346557617,146.5369415283203
142.19439315795904,102.36954498291016,46.5548095703125,147.84552001953125
145.44299697875982,99.2761001586914,44.22550964355469,153.74212646484375
142.88582992553717,110.00532531738281,44.522857666015625,133.85902404785156
137.58489799499517,92.8380126953125,47.091548919677734,128.3423309326172
