76.0,79.0,64.0,52.0
74.36771011352539,75.95955276489258,67.25055694580078,49.090980529785156
74.30114364624023,76.46205139160156,69.4524917602539,54.07630920410156
73.85637283325197,74.93347549438478,64.18566131591795,53.06645965576172
73.46443557739259,77.36512374877933,65.90106964111327,49.029197692871094
74.1814079284668,77.13930130004886,70.72911834716797,54.06964874267578
72.75847625732422,77.37806320190433,64.46023559570312,47.919288635253906
73.70439910888672,76.48436927795413,65.75434875488281,47.75242233276367
73.49625396728516,77.51845169067386,69.09408569335938,52.69445037841797
73.54469680786133,75.2818298339844,67.3736343383789,54.839630126953125
73.39247512817383,75.99360656738284,67.31497955322266,50.899017333984375
72.43576431274414,76.06019973754886,64.11658477783203,49.77460479736328
73.39429092407227,76.21430778503421,69.14232635498047,53.54837417602539
72.48965072631836,74.22703361511233,64.59163665771484,55.51228713989258
72.62618637084961,75.41616439819339,65.01154327392578,48.28337860107422
72.11149215698242,75.0282783508301,69.02819061279297,54.56853485107422
72.2055015563965,75.19344711303715,66.34333038330077,54.384040832519545
72.99821853637695,73.69234657287603,66.05622100830078,53.518428802490234
73.23533630371094,75.32756423950201,64.79304504394531,47.527931213378906
72.54627799987793,74.69703292846685,63.93222427368164,46.67931365966797
72.47260665893555,75.40917968750006,64.89978790283203,45.613800048828125
71.91273880004883,74.28138732910162,64.76485443115234,49.702667236328125
72.23889541625978,73.35942268371589,68.31778717041014,52.49465560913086
72.78364944458008,74.26879119873054,68.92093658447266,50.54991149902344
72.23402023315428,74.96571922302252,67.59471893310548,49.5242805480957
73.23086166381836,74.70740509033209,63.102149963378906,47.32594299316406
73.30989837646484,76.03126907348638,68.20187377929688,53.714805603027344
73.26638412475587,75.31197738647468,65.01912689208983,49.43437957763672
73.27490997314455,76.02642440795907,70.27015686035155,51.86121368408203
73.66512298583984,73.61680221557626,64.58369445800781,47.72260284423828
74.02742767333984,76.0073947906495,67.77470397949219,50.238033294677734
73.44773483276369,76.36031341552744,67.49733734130858,50.94538879394531
72.54509353637695,75.64122200012217,62.812461853027344,45.58065414428711
74.0451431274414,77.17217826843272,61.97761535644531,47.90401077270508
73.88441848754883,77.33681297302256,63.329383850097656,47.12407302856445
73.58151245117188,78.26651000976572,70.11720275878906,52.919921875000014
72.72505760192871,75.18772697448742,63.789249420166016,47.87456130981445
72.34391212463379,77.36239624023449,61.20718002319336,49.03581237792969
73.08001518249512,76.40435600280773,63.31453323364258,48.429752349853516
72.22100448608398,76.14332962036144,65.74327850341797,45.35236358642578
73.52366065979004,76.23054122924816,62.88102340698242,45.882911682128906
74.24832534790039,76.42462348938,62.227882385253906,40.33976364135742
73.73785972595215,77.03882217407238,61.77847671508789,39.631553649902344
72.88221740722658,76.42921829223646,61.36485290527342,43.25153350830078
73.83698081970215,76.0280799865724,61.6287727355957,42.50188446044922
73.5073184967041,73.40683937072767,62.90583419799805,46.98391342163086
73.44215965270996,75.67167091369642,61.0356330871582,45.681453704833984
73.15804290771484,75.39593505859388,61.9556884765625,44.769195556640625
73.26609611511232,77.0564460754396,61.677921295166,40.73101043701172
73.36260986328125,76.17430496215835,60.77323913574219,42.545799255371094
73.23552894592285,77.65950775146499,60.574214935302734,43.25279235839844
74.19437980651855,76.0841159820558,60.968021392822266,40.312252044677734
72.97589302062988,76.59075546264663,61.60677719116211,42.50537872314453
73.4415225982666,76.48865127563491,61.048397064208984,44.991127014160156
73.29430007934572,76.87183952331559,61.71445465087889,44.13957595825195
72.91810989379883,76.45677566528336,62.83025360107422,43.23786163330078
73.18445587158203,77.11474609375016,61.31236267089844,43.24177551269531
73.33328628540038,75.35130882263198,61.67911529541017,45.963809967041016
72.5086669921875,75.99900245666518,62.07958984375,46.13862228393555
73.37658309936523,76.31104660034194,65.73844146728516,45.129005432128906
73.00916481018066,83.40691947937026,63.513851165771484,40.01210403442383
74.63202095031738,76.49850845336928,61.0285758972168,44.946815490722656
74.03904724121095,75.91321372985855,60.29347229003905,44.5158576965332
72.9014778137207,75.77436637878434,70.77417755126953,48.12224197387695
73.20352745056154,75.23795318603533,60.00719070434569,52.34040832519531
73.42327117919922,87.61169433593767,69.66209411621094,38.923492431640625
72.20509719848633,86.55021286010759,65.20862579345703,32.302146911621094
72.98723983764648,85.77302169799822,63.74321746826172,37.703819274902344
72.88462066650389,82.62124633789078,67.02195739746095,32.82463073730469
83.43608665466309,75.84084320068375,51.2480354309082,39.3824462890625
73.14184951782227,91.58310699462906,78.7560043334961,28.762344360351562
73.72704124450684,76.2388648986818,55.10548782348633,38.031394958496094
76.56043243408203,75.70475387573258,69.3438720703125,41.715797424316406
77.64733123779297,61.50074195861832,76.65345764160156,43.910152435302734
75.14457702636719,68.57010078430191,104.13880920410156,62.28345870971681
178.0853729248047,49.116241455078296,69.68791198730469,67.45628356933594
82.85051727294922,75.46717453002947,59.2525634765625,52.49602508544922
74.28924560546875,76.98921775817888,76.03416442871094,57.7325325012207
71.01063537597656,72.70084381103533,107.93531799316406,62.26780700683594
177.52245712280273,45.21494293212908,70.83037567138672,67.21473693847656
181.67189025878906,66.70967674255388,64.32661437988281,46.97352981567383
182.9809055328369,46.29299736022966,61.96564865112305,55.011356353759766
187.87353897094727,72.53880310058612,59.71265411376953,40.14459228515625
191.4941806793213,73.7866401672365,56.13138961791992,35.68144989013672
172.0245018005371,88.40188121795671,32.38188934326172,28.044809341430664
129.33246994018555,95.16855049133318,43.88896179199219,32.490718841552734
108.24229621887207,72.02474594116228,61.08987808227539,41.77113342285156
70.43651580810547,75.42131614685076,59.35772705078125,43.611446380615234
71.974609375,75.34336662292498,59.2755126953125,42.08895492553711
71.96345138549805,74.17770957946794,57.503761291503906,39.9994010925293
71.26765060424805,71.38493537902849,58.92761993408203,45.12016677856445
72.4871940612793,75.39475631713884,59.86188507080078,42.84403991699219
72.1822624206543,75.39164924621599,56.78717803955078,38.82133865356445
71.2398567199707,75.66495513916033,58.09516143798828,44.298789978027344
70.61112403869629,75.90419197082537,58.84360885620117,42.35515213012695
70.52050971984863,77.14463424682634,59.0899772644043,41.66981506347656
70.63951873779297,76.89247131347673,64.22972106933594,50.813148498535156
72.06863021850586,77.64123535156267,61.21703338623047,42.63861846923828
71.89003372192383,75.97889709472673,57.423240661621094,45.378700256347656
70.64306449890137,75.97355651855486,58.967350006103516,42.05303192138672
70.07184982299805,76.34029388427751,58.08081817626953,44.040550231933594
69.94861221313477,75.51885795593279,59.26459503173828,42.22353744506836
70.46673583984375,75.1317100524904,57.989532470703125,46.50044250488281
72.14965629577637,74.12529373168962,57.3036994934082,44.06257629394531
71.08426666259766,73.90679168701189,59.05836486816406,44.17858123779297
70.61665725708008,75.25255203247087,66.2944107055664,49.342864990234375
71.44108581542969,75.16303825378435,62.131744384765625,49.36178207397461
69.47846603393555,73.49041366577165,71.2475357055664,49.494415283203125
70.79037094116211,73.26908302307146,59.275306701660156,42.0768928527832
70.36518096923828,82.60832214355486,61.24041748046875,39.82959747314453
70.01432037353517,77.01602172851581,62.01969909667967,41.28601837158203
69.06363105773926,72.38271141052265,60.347103118896484,44.51351547241211
70.90798377990723,80.36459922790546,62.23965072631836,37.846553802490234
69.20368576049805,79.85927772521991,60.879920959472656,35.325870513916016
68.58653640747072,83.16810607910176,65.81066131591795,35.969886779785156
70.30913352966309,66.9317340850832,56.32132339477539,43.7729377746582
70.72532844543457,75.52345085144063,59.85262680053711,36.52433395385742
71.12983512878418,70.0620059967043,52.47061538696289,44.14690017700195
71.05299377441406,74.64973640441914,55.45869445800781,37.757755279541016
77.68518447875977,82.68672466278096,61.05237579345703,31.620424270629883
70.69077682495117,78.93805503845235,58.77918243408203,35.47195053100586
70.38441276550293,71.70622444152852,56.694522857666016,42.16318130493164
70.254581451416,72.01580810546893,59.94280242919923,41.90607452392578
68.60380554199219,78.95675086975116,84.20997619628906,41.693912506103516
72.37778854370117,80.898729324341,98.7228012084961,46.82011795043945
74.99003601074219,46.91153717041034,116.94892883300781,83.91477203369139
178.42233276367188,44.485618591308764,84.77091979980469,74.2388687133789
70.65243530273438,75.23528099060076,66.86597442626953,53.6550407409668
70.41207695007324,75.24983596801775,60.39907455444336,65.02452087402344
71.7491340637207,73.42590904235857,65.14259338378906,60.14033126831055
69.88095092773438,85.64012527465837,79.04524993896484,48.07167053222656
70.0342025756836,71.86020469665544,72.99095916748047,50.177791595458984
70.90353775024415,79.83761596679706,78.11100769042967,45.57434844970703
73.67700958251952,68.88982772827165,72.55448150634767,63.86224365234375
73.65591812133789,61.93228912353533,104.99745178222656,67.54120635986328
76.14235305786133,66.00984573364275,127.26399230957031,71.81434631347656
182.25442504882812,33.69547653198259,80.02489471435547,89.49777221679688
185.50512313842773,48.43101501464861,78.55624389648438,74.45589447021484
167.39761352539062,31.181156158447436,91.38912200927734,89.19688415527344
183.2823371887207,49.77438735961931,82.53672790527344,73.65657043457031
183.79062271118164,43.133113861084155,82.23365783691406,80.83544921875
181.78750610351562,46.37976074218767,86.84371185302734,76.44921112060547
184.26602172851562,53.56077575683611,84.36504364013672,68.11251068115234
178.99908065795898,45.68423080444353,87.37002563476562,80.2926025390625
183.0541534423828,42.560394287109546,86.87996673583984,80.75469207763672
187.09711456298828,47.12905502319353,82.31037139892578,77.88238525390625
183.43755340576172,48.36484527587908,85.34891510009766,76.38166046142578
162.18170166015625,50.764392852783374,100.08617401123047,75.70991516113281
186.80101013183594,42.86138153076189,82.3861312866211,76.02506256103516
175.76386260986328,38.346885681152514,89.84769439697266,81.91864776611328
176.23392486572266,40.76248550415056,90.81336212158203,81.55174255371094
183.14393615722656,45.99200439453142,88.77056121826172,73.29781341552734
187.5633544921875,47.701438903808764,82.94237518310547,73.37073516845703
184.99467849731445,54.00657653808611,85.83702087402344,66.1809310913086
183.99018478393555,52.04424285888689,91.47027587890625,71.18094635009766
178.7695655822754,48.52607727050798,86.62886047363281,75.01732635498047
190.3468017578125,55.888572692871264,84.65874481201172,61.14038848876953
187.7665786743164,76.772846221924,89.36246490478516,44.14488220214844
211.2083396911621,15.56023406982439,54.1036376953125,96.56839752197266
216.91210174560547,69.8200931549074,65.73892974853516,49.914737701416016
199.62817001342773,21.425186157226733,72.66006469726562,82.27413177490234
84.397216796875,69.09320449829119,91.21210479736328,50.34532165527344
72.41471099853516,67.06712341308611,59.20465850830078,47.787315368652344
74.72940063476562,72.06657218933123,55.276344299316406,45.34792709350586
73.56937408447266,70.02439880371111,58.666709899902344,42.72301483154297
73.93083763122559,68.99410629272478,58.59664535522461,45.143280029296875
73.7194423675537,70.32269668579117,61.0206871032715,42.90940856933594
73.36092567443848,70.10808181762711,57.54597854614258,45.27326965332031
73.0375804901123,70.26417350769059,59.178829193115234,44.9167594909668
73.62829208374023,71.46580886840836,59.45875549316406,43.8062744140625
73.64838027954102,71.03422164917008,66.21096801757812,50.06781005859375
73.62771606445312,72.77390861511246,65.25012969970703,47.50942611694336
72.9183521270752,72.23467445373551,58.5043830871582,42.923770904541016
73.48826026916504,70.90543937683121,58.82008743286133,46.41083908081055
74.06760215759277,72.49744987487809,60.12722396850586,41.591365814208984
73.2388916015625,71.65889549255387,59.126976013183594,42.18418502807617
73.22743606567383,71.21955871582047,57.798583984375,45.34925079345703
73.41403388977051,71.35196113586441,58.6717414855957,44.4898567199707
73.02219009399414,70.84484291076676,59.38792419433594,45.46609878540039
73.37002372741699,70.18926429748551,59.781063079833984,45.02107620239258
73.01890754699707,69.5528411865236,62.2704963684082,44.74169158935547
73.05233383178711,70.31540489196793,58.067047119140625,46.26029586791992
73.15316200256348,74.77464866638199,58.12955093383789,41.46035385131836
72.96218681335448,71.11201667785659,59.447673797607436,44.22281265258789
72.14156341552733,73.21039390563978,57.18703460693361,43.79484176635742
73.57861137390137,71.81344795227064,58.19804000854492,43.99577713012695
72.8569164276123,71.42995643615735,60.12154769897461,48.144474029541016
72.37817573547363,72.97788238525403,58.41952896118164,46.111595153808594
72.02603530883789,72.67828750610364,59.127197265625,44.68336486816406
72.0369529724121,73.69007873535168,64.61642456054689,51.188194274902344
72.98828887939453,73.3024196624757,56.925514221191406,46.56809616088867
72.45059776306151,73.08832740783701,59.730998992919936,45.174076080322266
72.26199722290039,72.0147590637208,65.25543212890625,51.62904357910156
72.3015251159668,73.40986251831065,61.186981201171875,43.267547607421875
72.0805034637451,71.46098136901864,62.11805343627931,48.41884994506836
72.04610252380371,71.52157974243173,58.94623947143555,48.75495910644531
72.14347267150879,72.10700225830087,59.67996597290039,43.96160125732422
72.05173683166504,70.73593139648446,62.13516616821289,47.489097595214844
71.35032653808594,71.3922882080079,66.1570816040039,51.93915557861328
71.24248123168945,75.88493919372567,61.38063049316406,45.66891098022461
72.22920417785645,71.40012741088876,59.71464920043945,43.01652526855469
71.25932693481445,69.04395484924325,60.16017150878906,49.7643928527832
71.6983814239502,71.18966674804696,59.036869049072266,48.03087615966797
71.26022148132323,70.3807792663575,62.933818817138686,45.88456726074219
70.75394821166992,69.88725852966316,67.58123779296875,50.83866500854492
70.12506484985352,68.07799148559577,65.46942138671875,53.121612548828125
71.03442001342773,71.3403224945069,62.10296630859375,43.77079391479492
70.7875862121582,69.94827461242683,60.4366455078125,47.375247955322266
70.57248878479004,69.02931213378913,60.81979751586914,48.801856994628906
71.15071487426758,73.54560089111335,69.45393371582031,49.055564880371094
71.97196006774904,67.7505817413331,59.12589645385741,50.34024429321289
70.95260047912598,80.86308860778817,61.2056770324707,42.64516830444336
70.75973892211914,72.23120880126962,60.082763671875,44.597389221191406
70.13490295410156,71.14473915100106,61.082115173339844,49.813785552978516
70.28050613403322,72.85791206359873,61.06019592285155,45.5307502746582
70.60037422180177,72.0624465942384,61.55778884887694,50.39771270751953
70.1034164428711,72.59602928161632,64.7771987915039,47.4423942565918
70.2979679107666,73.773500442505,61.102176666259766,46.49911880493164
69.45629882812499,72.43652153015147,64.49050140380861,49.34565353393555
69.4500961303711,72.43987083435069,64.2010726928711,49.66709518432617
68.84355545043945,73.41291999816904,61.338287353515625,47.74936294555664
69.31905555725098,72.83531188964854,61.17546463012695,45.25415802001953
69.54554176330568,71.33754920959484,63.29051589965819,50.5140266418457
68.35971450805665,73.82464408874525,63.530273437499986,50.84438705444336
68.96704292297363,73.67392349243177,62.35652542114258,45.781768798828125
68.33545303344725,71.32002449035656,64.21923828125001,50.83949661254883
69.16756439208984,74.22500228881847,67.7590103149414,48.46492004394531
68.02066802978516,72.49451637268078,61.244834899902344,53.16926956176758
68.65201568603516,72.26954078674328,60.65216827392578,48.209232330322266
68.52339172363281,72.30116081237804,63.26067352294922,48.068355560302734
66.52442550659181,71.42995452880872,60.95365905761719,49.958839416503906
67.19606208801272,72.42842483520522,61.777164459228516,45.60829162597656
66.55362892150882,72.42877960205092,53.80144119262695,49.179847717285156
67.48069953918458,70.9215126037599,60.36626052856445,47.231964111328125
66.45156669616699,71.52371788024914,62.48319625854492,46.49959945678711
66.16769409179688,69.50143241882336,67.4408950805664,50.57563400268555
66.48347854614259,69.954559326172,66.01560974121092,48.92266082763672
66.48952865600586,69.21321868896497,64.229736328125,49.805152893066406
65.9394989013672,71.71207046508803,64.57335662841795,44.23194885253906
65.22095680236815,70.13648223876966,62.18967056274414,49.25916290283203
66.2989044189453,70.38802337646497,61.69121551513672,47.66820526123047
64.57742309570311,71.2906303405763,62.774864196777344,48.04600524902344
64.89987182617186,72.72915267944349,66.24826812744142,49.168304443359375
65.10773849487305,71.30607032775892,65.5635986328125,50.07606887817383
64.88433837890625,71.23279380798353,67.5025863647461,50.84360885620117
65.16125869750977,69.30386161804212,63.044952392578125,48.08854293823242
65.36016845703126,69.61752128601088,67.15895843505858,50.517757415771484
64.59005355834961,69.35287666320815,63.04051208496094,47.71892166137695
65.03463745117188,70.39315605163588,65.51580047607422,50.52682113647461
64.74254608154297,69.13056755065932,64.81157684326172,51.62253952026367
64.16313934326172,69.48339080810561,61.432945251464844,43.947303771972656
63.98024559020996,69.45301628112807,61.13143539428711,46.19913864135742
64.19559478759766,69.39960098266616,66.3376693725586,50.437255859375
63.9661865234375,69.37396049499526,68.98845672607422,48.30099105834961
63.1516227722168,69.17739295959487,66.72569274902344,50.61397171020508
63.45022964477539,68.31578063964858,64.61553955078125,52.19623565673828
63.73500061035156,69.15875816345229,65.0158462524414,50.40830612182617
63.85517120361328,68.10571670532241,61.998497009277344,48.19035339355469
64.29615211486816,68.3292732238771,61.627933502197266,48.86744689941406
63.77783966064453,69.57617378234877,60.71056365966797,46.397281646728516
63.594173431396484,69.40286254882827,62.4696044921875,47.660560607910156
63.68924903869629,69.35727691650405,61.60536575317383,46.90630340576172
64.21181869506836,70.10577774047866,67.30764770507812,50.42143249511719
63.76227760314943,69.28323364257828,59.40933609008789,48.968666076660156
64.89884757995607,70.43680191040055,56.73566818237305,48.362213134765625
64.56568908691409,71.32909584045427,52.54553985595703,48.23808670043945
64.11993217468265,71.47522544860857,57.06368637084961,48.148372650146484
63.61343765258793,71.30472183227558,64.39129638671876,50.419281005859375
63.38887596130377,72.12904167175311,60.04560470581055,49.98160934448242
64.46977996826178,71.15294837951679,60.76538848876953,49.89583206176758
64.86263656616218,71.17529678344746,59.56672668457031,49.10279846191406
64.22017288208015,71.3607234954836,64.28825378417967,50.18996810913086
65.3765602111817,71.10795402526875,57.78611755371094,45.33376693725586
64.38855361938482,71.455821990967,58.239410400390625,47.68048095703125
64.98769187927253,71.30510711669943,58.46006393432617,49.350852966308594
64.36883926391609,73.4592628479006,63.54539489746094,48.858612060546875
64.95102882385261,74.39201164245627,59.4457893371582,46.746395111083984
65.30988693237313,74.13479804992699,63.33283996582031,50.52898025512695
65.3856143951417,75.74758720397973,62.73277664184572,44.675167083740234
66.33980369567882,74.30033493042016,63.43973922729492,48.84910583496094
65.50919723510754,75.45052146911645,62.076263427734375,48.01382064819336
66.8784465789796,75.622102737427,54.95438766479492,47.659610748291016
65.99565887451183,74.9940567016604,63.40453338623047,47.332923889160156
66.09544372558605,74.32809638977075,65.05065155029297,49.152225494384766
66.85926055908216,74.73534774780299,65.33275604248045,50.13298034667969
66.79223442077648,75.76096343994166,62.29116439819336,45.320228576660156
67.91201782226574,74.11500167846705,63.44182586669922,46.12425231933594
67.69234466552746,73.41713333129908,64.8314437866211,49.109039306640625
67.99275970458996,73.03394317626979,66.08748626708984,48.41234588623047
66.85457992553724,72.34410858154324,63.96029663085936,49.38574981689453
67.82684326171886,71.75929832458523,60.573219299316406,43.1359977722168
67.37568664550793,71.90254402160672,60.001991271972656,47.33891677856445
68.7758789062501,71.43407440185572,64.03008270263673,49.42731475830078
68.20620727539074,72.1973381042483,54.43029022216797,47.88749694824219
69.36695098876964,70.47465896606471,60.619590759277344,46.09393310546875
68.32068443298351,70.49927520751979,59.603328704833984,49.387046813964844
70.65431785583507,71.16121292114283,56.29990768432617,46.54399108886719
70.02512359619152,71.23915100097682,64.90113067626953,47.614952087402344
70.31524848938,70.11005592346217,62.40181350708008,47.76834487915039
70.4252109527589,71.93509101867701,62.50868606567383,45.5107307434082
69.50574111938487,70.49431419372583,57.63972473144531,47.92509078979492
71.67917251586925,71.64411354064967,58.813385009765625,43.6966438293457
70.18403625488293,71.70300483703639,52.722068786621094,45.46220779418945
71.53391456604014,71.77148437500024,57.630893707275405,43.98438262939453
72.08129119873058,72.98217010498071,58.70056915283203,44.33715057373047
71.68866920471203,73.89948463439966,58.01836013793945,45.083805084228516
72.6743850708009,73.18295860290552,58.67876434326172,45.1899528503418
71.92128944396983,74.04848098754906,59.05766677856447,42.171905517578125
72.69041061401379,73.59608459472679,59.44075012207031,44.61034393310547
73.23554039001475,72.90309143066428,57.038311004638686,43.23999786376953
74.28950881958019,71.44362831115744,56.696258544921875,47.98154067993164
73.48024559021007,72.49416160583517,59.55610275268555,46.98855209350586
74.311191558838,71.21741294860861,63.2176513671875,49.4565544128418
74.11877250671398,73.13035774230978,59.14420700073242,40.58833694458008
74.00521278381358,71.8271427154543,59.12721633911134,40.96365737915039
74.31319808959971,71.46357917785663,56.7246551513672,40.540225982666016
73.84055328369152,72.30430412292499,57.386924743652344,41.76095199584961
73.35111999511729,72.21157455444353,58.648689270019545,43.07769775390625
73.93994712829601,74.15309143066423,59.22556686401367,40.33818817138672
74.26798820495615,73.84392166137711,58.119350433349624,40.86555480957031
74.80617141723644,71.62605857849137,60.77967834472656,43.48456954956055
74.96739196777354,74.02612686157241,58.49468231201173,42.01896667480469
74.50770759582531,72.26932716369643,63.03219985961914,44.96451187133789
75.18301010131847,74.2053318023683,59.135101318359375,41.224308013916016
76.01097488403333,75.50575637817398,58.289855957031236,34.694366455078125
75.48870086669933,78.85547637939469,59.99199676513672,35.95594024658203
77.21673583984388,75.13543510437029,57.79721832275389,38.96096420288086
75.9790725708009,74.96611976623552,59.455528259277344,40.0344123840332
75.32440757751475,77.64234352111832,61.264125823974624,40.27774429321289
75.91963768005382,74.89906120300309,60.37551498413086,43.943294525146484
77.91564178466808,75.83175277709977,56.328468322753906,36.38700866699219
77.45908164978039,76.81274604797379,59.37685775756836,39.37739944458008
79.83066368103039,75.76076126098648,56.73884201049805,35.429779052734375
78.44099807739269,77.25301361084,57.95817565917969,38.02092742919922
80.70675468444836,76.24305343627945,56.029537200927734,39.99665832519531
77.66132736206066,76.99697113037125,58.592315673828125,38.214332580566406
76.92994117736828,76.23520088195816,60.27345657348633,39.8707160949707
78.13552856445322,76.45456504821792,58.40068817138673,38.93589401245117
76.46529579162609,76.19406509399428,59.97047805786133,42.85163879394531
76.12954330444347,77.14447975158706,61.38233947753906,41.35426712036133
76.50440216064464,74.20769500732436,59.617576599121094,41.260902404785156
78.90259742736828,74.87938308715835,59.863651275634766,37.093231201171875
78.2034149169923,74.26727485656752,59.84539031982422,38.95499038696289
79.25397872924816,73.15530776977553,61.269195556640625,45.6859130859375
78.40521240234386,71.17529106140151,57.844505310058594,39.570125579833984
81.2120933532716,71.41230773925795,55.603118896484375,36.80872344970703
75.7048854827882,77.78305244445815,62.03532028198242,38.2086067199707
81.72683906555187,71.36779785156264,55.473758697509766,37.590660095214844
76.34619140625011,69.78021621704116,64.1355209350586,46.132415771484375
74.25511550903332,54.673944473266744,65.23143005371094,56.50075149536133
78.58135986328138,70.97100448608414,60.03601837158202,41.33073425292969
75.93482017517101,73.49230003356949,60.135250091552734,42.5391960144043
80.96937561035168,75.89585113525406,51.93340301513672,38.55980682373047
78.95960998535168,74.75725936889664,60.565818786621094,47.33085632324219
75.48328399658214,70.47204780578629,60.844383239746094,42.9479866027832
78.04342651367199,76.42672157287613,58.54827117919922,38.95853042602539
82.82276535034191,75.64528846740738,57.95320129394531,37.87552261352539
82.18893241882336,75.12490844726578,53.91721725463867,38.723304748535156
82.31788635253918,78.60964393615738,54.152931213378906,36.157901763916016
81.18439292907726,79.20425987243668,55.89347457885742,36.76130294799805
80.78940773010265,79.5488071441652,56.26089859008789,38.354007720947266
79.39271926879896,83.12440681457537,58.266906738281236,37.03273391723633
80.47664642333997,77.96895027160663,53.20735931396483,37.983951568603516
79.39060401916515,76.06101226806659,60.0916633605957,39.525062561035156
78.28731346130382,76.37939643859882,58.848201751708984,40.03934097290039
78.55669975280773,75.6537513732912,57.71955490112305,38.622772216796875
81.01161193847668,75.56756019592304,51.753074645996094,37.620548248291016
79.17233085632336,75.28303718566913,56.60456466674805,34.85849380493164
82.13941574096691,76.21751785278339,53.76582336425781,31.10003662109375
81.43882942199718,76.36223793029804,52.7480354309082,33.8386116027832
83.39141082763683,76.39055156707782,51.656959533691406,29.59178352355957
83.54323959350597,77.05414962768573,47.37742614746094,32.95771789550781
80.46156311035168,77.44917106628436,54.881202697753906,30.74312973022461
81.89200592041027,83.74267959594745,54.55113983154297,27.449905395507812
82.58408927917492,76.21861076354999,51.98737716674805,34.07882308959961
81.75344848632824,76.207811355591,53.397560119628906,33.07095718383789
82.27973365783703,76.28201484680194,54.56471633911133,31.793018341064453
82.51955795288097,76.65014648437518,51.91961669921875,31.50975799560547
80.1290855407716,85.44511890411395,51.767425537109375,26.977033615112305
55.427444458007926,83.4849510192873,57.02392578125,34.1441650390625
38.94694328308117,98.1070795059206,46.823307037353516,21.96309471130371
45.32131576538097,93.22317314147968,36.79419708251953,25.62765884399414
83.34026527404797,77.68207740783711,41.99239730834961,41.16018295288086
54.62317276000988,83.64439010620137,70.6183090209961,35.51227569580078
74.13649559021007,75.12469673156758,59.1597785949707,34.55160140991211
25.020385742187614,97.23824882507344,53.19585418701172,26.373645782470703
29.11985588073742,98.51534652709981,51.06135177612305,26.44249725341797
32.569553375244254,92.14643287658711,47.350921630859375,29.86434555053711
22.865926742553825,96.14016819000264,55.69370651245117,30.513517379760742
10.423322677612418,77.5936393737795,56.91422653198242,34.61273956298828
55.27127647399914,90.62849235534688,42.11672592163086,32.64641189575195
21.918876647949332,106.88340282440205,55.934852600097656,25.325342178344727
44.33821868896496,85.47438621521016,37.574607849121094,29.429035186767578
56.18415927886974,83.63838386535664,27.67201805114746,29.438701629638672
84.69567871093761,79.31627655029317,39.38207244873047,36.756202697753906
57.58118057250988,84.9855728149416,28.800140380859375,30.418495178222656
34.301622390747184,94.92652130126973,46.1404914855957,19.938865661621094
58.079730033874625,83.86912250518819,20.155550003051758,28.152578353881836
55.18990707397472,97.8078556060793,23.00018310546875,19.334835052490234
41.80822563171398,88.9026985168459,35.69807052612305,21.542465209960938
3.4470748901368324,84.89241218566914,43.39652633666992,28.267780303955078
0.3452644348145668,78.17048454284688,56.67793655395508,38.98574447631836
55.89149093627941,81.70319366455098,60.540836334228516,38.70313262939453
59.62461853027355,81.63902854919453,62.30070114135742,36.081661224365234
46.75941562652599,83.49544334411641,30.605371475219727,38.14902877807617
46.144498825073356,84.90354061126729,34.11012268066406,30.28379249572754
48.28277397155773,80.82360649108907,35.66902160644531,34.83681869506836
46.96107864379894,97.36877346038838,35.47208023071289,26.602685928344727
38.17725753784192,93.07697296142598,41.7757225036621,33.01576232910156
0,105.84564018249532,56.79051780700695,25.390567779541016
1.4915876388550373,81.93624114990254,52.829010009765625,40.918312072753906
0,74.72688102722189,42.210156440734934,50.795467376708984
0,99.55736732482933,58.496555805206356,45.367252349853516
0,72.9635868072512,39.15412735939029,45.10831069946289
5.4563475847244405,83.64254951477074,77.40396881103516,40.30217361450195
0.8495131731033467,89.48392105102562,76.32999420166016,53.85050964355469
0,82.07619857788109,78.74479973316194,47.568878173828125
0.10932308435442906,79.15572738647485,56.14595031738281,44.058349609375
28.473094522953062,87.99748420715356,47.89970016479492,32.70814895629883
0,108.49775886535669,38.800319254398374,30.2854652404785
1.6299970448017262,102.29086494445824,45.40592575073242,38.86771011352539
32.621545583009734,89.83880043029808,54.056861877441406,36.7718391418457
0,83.11658477783226,33.69165018200876,80.29232025146484
34.778186693787575,82.0839424133303,71.49706268310547,47.0482177734375
75.16571797430515,88.96612930297874,90.91001892089844,38.94429016113281
67.62518681585787,70.5018653869631,110.4463577270508,47.33345031738281
57.93573750555515,88.4912738800051,155.638916015625,39.47026443481445
61.95597065985203,88.78722953796408,182.26007080078125,40.927333831787124
26.915077105164528,87.21401405334495,278.90484619140625,42.390506744384766
76.17736805975437,95.04041671752952,243.2752227783203,144.41561889648438
73.15844716131687,115.1382980346682,239.7310333251953,120.73432159423828
73.13774098455906,21.295360565185774,168.15562438964844,213.62344360351562
120.03012837469578,109.27482604980491,178.60772705078125,127.18013763427734
63.673782244324684,112.13084411621116,252.0997772216797,123.54842376708984
71.63877858221531,120.31626129150413,247.6567840576172,119.68373870849587
80.39440907537937,126.02566146850597,238.3596954345703,113.97433853149403
0,114.30335044860846,98.33174885809422,124.52717590332031
4.06922907382247,117.32581901550296,89.69078826904297,116.61001586914062
75.61054605990645,90.41435050964358,175.55255126953125,69.18869018554688
116.37851328402755,89.02300071716311,196.8519439697266,72.83451843261719
172.96972269564864,88.28505516052246,147.03027730435136,85.20738220214844
228.8824710585177,75.06414985656738,88.45215606689453,92.7740707397461
244.99737736955285,30.372285842895508,73.51976776123047,83.38207244873047
162.87835500016809,24.049253463745117,146.5443878173828,85.58349609375
137.00004384294152,69.88383293151855,174.39686584472656,91.25582885742188
172.0246715284884,93.52733039855957,146.89759826660156,74.6444320678711
197.33284566178918,80.20589256286621,117.56906127929688,95.87727355957031
180.98277089372274,109.01264762878415,131.40623474121097,130.98735237121585
172.0905894972384,72.35107326507568,147.9094105027616,109.95021057128906
180.086264597252,79.15420055389404,135.63986206054688,106.40352630615234
172.0197362769395,93.36442470550537,147.9802637230605,146.63557529449463
181.79158353153616,62.70816373825073,138.20841646846384,127.85279083251953
176.54771589906886,80.47463178634644,139.4824676513672,89.85263061523438
146.01539015443996,64.89236783981323,154.72885131835938,67.9632339477539
109.09388136537746,79.8055567741394,198.8970947265625,67.97990417480469
83.71411299379542,100.09221601486206,236.28588700620458,139.90778398513794
109.21278464631177,129.40323996543884,204.90249633789062,110.59676003456116
84.78418052033521,115.93444621562958,235.2158194796648,123.21617126464844
54.531174122472294,115.65947902202606,265.4688258775277,124.34052097797394
73.56427022774005,133.69133085012436,243.11595153808594,105.89498138427734
62.24979421455646,148.4692925810814,256.6300354003906,89.47162628173828
136.24830648262287,141.36530774831772,183.75169351737713,98.47164916992188
171.73986063877237,74.56820386648178,146.27584838867188,139.98699951171875
74.22606669345987,120.66799253225327,238.7684326171875,117.55255889892578
75.68257914463175,99.09100049734116,242.8251953125,139.5968017578125
61.829868420754735,46.53133100271219,119.18827056884766,94.36787414550781
82.62065897861604,82.77964490652076,114.94857788085938,98.02203369140625
80.21115122715116,73.38955777883518,170.39402770996094,87.25841522216797
76.92228709140898,94.88453382253635,241.7180938720703,114.59213256835938
71.9657975284207,115.60902875661839,246.95065307617188,124.39097124338161
75.25242625156523,112.44621130824083,244.2665557861328,125.92638397216797
81.19367228428007,110.15896841883654,235.30465698242188,129.84103158116346
68.07156382480741,117.23448680341241,250.79173278808594,121.16130828857422
75.788139447366,98.76793025434014,242.2979736328125,139.2841796875
72.31547556797148,112.44201014935967,247.30201721191406,127.55798985064033
76.53454600254179,109.83868085592985,243.37144470214844,130.16131914407015
76.99598704258085,98.63908224925399,238.6336212158203,139.18435668945312
72.9943162051785,115.08395224437118,245.95343017578125,122.8519287109375
79.52689371982694,112.58698111400008,235.12887573242188,127.41301888599992
72.34545908847929,111.90616908483207,247.6545409115207,128.09383091516793
68.4132233186537,102.39639051165432,250.33877563476562,137.60360948834568
75.47902684648574,112.79098395211622,243.3360137939453,126.27792358398438
78.38269048173964,106.95690039498731,240.67041015625,133.04309960501269
77.69821935136855,114.74144305638038,238.8793182373047,125.25855694361962
74.41427617509902,111.00444574083667,241.64422607421875,121.47174835205078
74.60264592607558,112.19356698717456,245.39735407392442,126.65338134765625
71.13922121743232,106.55375070299488,247.22776794433597,133.44624929700512
67.72132113198313,3.873032425472047,97.05648803710938,118.67438507080078
65.0333366654304,15.997788284847047,99.80245208740234,105.01725006103516
71.07576754311594,10.928208206722047,99.26849365234375,109.6070327758789
73.12096789101633,2.473927353450563,123.66234588623047,111.3690185546875
80.676368739405,61.878849838802125,234.66806030273438,71.45553588867188
79.52508547524485,86.64116368157556,238.05296325683594,151.7967529296875
74.12066652993235,107.70182499749353,243.1815643310547,132.29817500250647
75.17498018960032,118.69263689449872,239.69866943359375,119.9217758178711
71.2357406876472,109.26035158566083,245.4910888671875,130.73964841433917
154.8487549088386,0.1880905267171329,165.1512450911614,150.42042541503906
73.35128785480993,103.01137849058432,246.6314697265625,135.3531951904297
75.76036073078649,110.06917115415854,243.66519165039062,129.93082884584146
76.23940278400914,119.57263718230388,243.5282745361328,120.42736281769612
164.0978164802982,30.5071704893453,153.3810272216797,102.89875030517578
194.94231034626497,36.731138995204645,121.17220306396487,94.97553253173828
161.26066590656774,51.18073158553668,152.60726928710938,81.8536605834961
189.28366090168493,55.892691424403864,126.66934204101562,72.2540512084961
190.7165031563236,57.83971672347613,123.99115753173828,70.54579162597656
196.47513963093297,38.80595665267535,115.37625885009766,76.90155029296875
213.13154603352086,50.542994311366755,106.24111938476562,65.49485778808594
197.40933610310094,48.60966759017535,116.38121795654297,66.55145263671875
162.46680451740758,61.46364670089312,134.4838104248047,47.23506546020508
100.74712373127477,69.9713066130025,74.17984008789062,46.8669319152832
106.77998925556676,75.90542106917925,55.13225173950195,40.594268798828125
113.09973336567418,75.91319160750933,51.665950775146484,36.20081329345703
115.22067262043493,76.0264823942525,49.10044860839844,38.334903717041016
114.65300370564,77.14618187240191,49.63713836669922,39.27195739746094
115.85982896198766,78.63290100387164,51.113380432128906,36.467769622802734
118.56745911945836,79.01883964828082,48.38923645019531,37.45695495605469
118.27974892963903,78.37835007003375,50.9327507019043,35.754215240478516
119.72375680317418,78.22201233199664,51.37624740600586,36.27273178100586
120.80031777729528,78.26132469466754,50.48456954956055,36.66062927246094
121.72725869526403,76.34536438277789,51.81284713745117,37.89895248413086
121.95815087666051,76.08207969955035,51.01039505004883,39.00312805175781
123.27263451923864,74.76932792953082,52.234806060791016,38.6466064453125
124.38902856220739,79.55720787337847,51.77914810180664,33.90867614746094
126.16405106892125,75.43126373580523,50.126914978027344,38.85775375366211
128.10175515522496,71.18990402511187,52.72103500366211,44.43123245239258
128.49387360920446,73.06511764815875,56.2264404296875,44.757938385009766
129.96926690449254,74.2927005796773,51.89873123168945,36.80290985107422
130.99153519978063,71.612053683315,51.719200134277344,39.8314094543457
129.54691125263707,80.50474052718707,54.09376907348633,34.973236083984375
132.46193887104528,76.45935898116656,50.54990768432617,34.442813873291016
131.56596948017614,77.34945373824664,56.69649124145508,40.35554122924805
135.91943932880895,74.08082847884722,49.90748977661133,34.81575012207031
135.66459084858434,74.13066559127398,53.361080169677734,37.35941696166992
134.45801926960485,74.82068710616656,56.182273864746094,40.83565139770508
135.00462724079625,74.49118881515093,56.97473907470703,43.17129898071289
141.0846271645023,66.1230056791646,53.768184661865234,50.62263107299805
134.8343773018314,75.76555328658648,58.736106872558594,39.897701263427734
134.86734391560094,76.51361351302691,63.763343811035156,40.99717712402344
144.64892960896032,71.99773483565875,51.31719207763672,41.90895462036133
144.4326496254398,82.33880882552693,56.35427474975586,36.9302978515625
146.23262978901403,77.31677894881794,52.5224723815918,37.593772888183594
144.5934791695072,78.39715652755329,57.34296417236328,41.504947662353516
149.18475533833043,75.41315346053668,53.44221115112305,39.28150177001953
142.03023721088903,77.52740364364215,59.23862838745117,36.949913024902344
150.81567384113805,73.4705513029439,49.67985534667969,37.995731353759766
149.2639713417484,83.66013603499957,55.60334396362305,34.3101806640625
150.47647477497594,75.79440002730914,54.36371612548828,39.42617416381836
152.17776872028844,72.48718910506794,53.44561004638672,43.36505889892578
155.2957153450443,85.03071861556599,52.42291259765625,35.27134704589844
154.8147812019779,84.54932956985066,50.766448974609375,28.93711280822754
156.2135162483646,76.19411735824177,50.22700500488281,36.7813720703125
157.60697938313024,83.47494964889118,51.62998962402344,31.77407455444336
157.7985458504154,80.33051567367146,52.781494140625,34.76499938964844
158.14006615986364,86.257130435024,51.23479080200195,34.846309661865234
161.73501016010778,80.08098106673786,47.67354965209961,37.66780090332031
159.98909570087926,79.21000175765583,52.60029983520508,42.189117431640625
159.96002961506383,82.46759109786579,57.7493896484375,40.6099739074707
164.29902459492223,88.1542137174947,48.632450103759766,35.26784133911133
164.419418347974,81.43356399825642,53.63383483886719,38.019840240478516
164.9132919441654,87.14287643722126,52.77412414550781,33.450687408447266
166.27033425678746,81.34970550826618,50.21564865112305,37.456356048583984
169.5198307167484,84.87549095443318,50.21297836303711,33.40052795410156
167.33504678120153,83.68403511336872,50.86668014526367,32.24138641357422
168.58348275532262,84.13732223800251,51.744869232177734,33.08749771118164
171.72273064960973,76.30554275802204,49.94766616821289,43.1337776184082
169.1452369820072,86.53522091201376,52.029579162597656,31.959867477416992
170.17776490559118,84.12814026168417,52.33003234863281,37.661495208740234
171.6367797981693,78.57192116073202,51.99334716796875,35.53437042236328
171.55270959248082,86.53469543746542,51.43393325805664,34.36506271362305
172.1066227089359,80.55126648238729,52.0329704284668,32.927608489990234
170.52221680988805,86.50658111861776,54.3621826171875,33.802913665771484
173.2166900764896,87.55352096847128,53.122161865234375,33.2184944152832
173.25019837727086,86.69462662032674,54.14936828613281,32.94429397583008
177.58039285053746,76.45286827376913,49.6147575378418,38.6494140625
177.58806420673864,74.89330368331503,49.74855422973633,38.736209869384766
176.1251602302982,84.82778244308065,52.64801025390625,32.44374465942383
177.4572143684818,77.424517443691,50.467041015625,33.65818786621094
177.8551807533695,75.7852466612203,51.419063568115234,37.178199768066406
179.38049508442418,85.99786262801717,51.1611442565918,34.066612243652344
178.96907044758336,86.54744987777303,53.13720703125,32.492218017578125
179.34993363728063,78.49680786422323,52.88957977294922,35.4078483581543
180.30856324543493,87.90648727706503,51.43296813964844,30.507434844970703
182.74841882099645,78.15016250899862,48.395145416259766,32.171573638916016
182.59174920429723,85.29363136581014,50.20639419555664,32.973365783691406
180.6311416756107,78.34532814315389,53.053253173828125,37.77985382080078
179.594467176099,78.45676498702596,57.39337158203125,41.59903335571289
183.99947549213903,78.32975273421833,50.37858200073242,39.961456298828125
185.11790849079625,84.27896004012653,50.67211151123047,35.222923278808594
182.96150590290563,79.13463859847614,53.43383026123047,34.088775634765625
185.73583222736852,76.9841640501363,51.18608093261719,39.28300476074219
186.07273484577672,77.19957619002888,51.726646423339844,42.615379333496094
184.76402474751012,80.67711906722614,53.0540885925293,36.87785339355469
184.48610688557164,77.77659302047321,53.629058837890625,33.77497482299805
185.38766671528356,83.01456814101765,53.39445114135742,31.821439743041992
188.65362740864293,78.4365623503072,50.65974044799805,36.29977798461914
188.60342217793004,81.72896271041462,51.135379791259766,32.4976921081543
191.31338502277868,77.04485969832966,47.72505187988281,40.31110382080078
185.39321137775914,79.16012459090778,55.876953125,37.08338165283203
191.67456055988805,76.2311351805074,50.61912536621094,41.09849548339844
190.2750854622318,76.84359436324665,50.21058654785156,38.37406539916992
190.30879594196813,83.08649521163532,52.79553985595703,33.60255813598633
190.81623650898473,77.12092857650349,50.55018997192383,39.7694091796875
191.0987224708988,77.43494491866657,53.41861343383789,42.6752815246582
189.66431237568395,86.00580482772419,53.741580963134766,31.09387969970703
191.38061334003942,81.50018387130329,51.12239456176758,33.547489166259766
190.9076309334232,78.34240417769978,52.98860168457031,35.980098724365234
193.65424538959996,81.01438217452595,49.78817367553711,37.47360610961914
192.76589776386754,78.37274627975056,51.78679275512695,39.049983978271484
190.55883218159215,83.74092560103962,54.58890914916992,35.85897445678711
194.45341683735387,79.50695305160114,50.59568405151367,40.50782775878906
192.55049706806676,79.61355667403767,51.945865631103516,35.542423248291016
193.79187394489782,78.48895340255329,51.699913024902344,36.54423904418945
191.65275193562047,84.46398620894978,56.19727325439453,35.402034759521484
195.81410981525914,77.99530868819782,50.74598693847656,41.789005279541016
192.2715339790775,83.13876610091755,56.56952667236328,36.95237731933594
198.59264565815465,76.40309410384724,48.8103141784668,42.1090087890625
197.102861417432,76.48550300887653,51.435115814208984,38.254600524902344
195.544755948682,79.03178100875446,53.77354049682617,37.99795150756836
196.31261636127965,74.20643883040974,53.31013107299805,37.51983642578125
197.2861232887699,83.50586395553181,53.29176712036133,33.41514205932617
198.57742883076207,79.56042557052204,51.48886489868164,34.09212112426758
199.17549134602086,76.35292511275837,50.83094787597656,36.847957611083984
199.16920663227575,73.88147430709431,50.06533432006836,41.39374923706055
193.11253167500035,81.88263397506306,57.398929595947266,35.02201461791992
198.57649041523473,76.29575805953571,50.83290481567383,37.7171745300293
195.62498284687535,83.67784576705525,55.11964797973633,32.62124252319336
200.6132545601322,74.93998413375446,49.453880310058594,37.899288177490234
196.9972648750736,83.1315496473653,53.60576629638672,31.29072380065918
201.0315952431156,75.44905929854939,49.18154525756836,35.48933792114258
200.43483926167028,76.33772735885212,50.48507308959961,37.669307708740234
199.93201829304235,73.64379005721638,49.171226501464844,35.01641082763672
199.6979141365482,73.19419174483845,49.658111572265625,38.22499465942383
199.23195077290075,77.65161018661091,53.271114349365234,37.808448791503906
200.06138230671422,72.78211670211384,49.82463836669922,35.66317367553711
197.62104035725133,78.9550359754903,53.964019775390625,31.41065788269043
199.72851373066442,73.39184265426228,49.62721633911133,38.80527877807617
196.57387162556188,72.94909363082478,54.22364044189453,38.20571517944336
196.59872056355016,69.28464203170368,52.737709045410156,45.25443649291992
195.0443668495609,80.53485946944781,54.63949203491211,34.330081939697266
199.60927010883825,73.53422813705035,48.82334518432617,39.04118347167969
193.30613328327672,78.73953323653765,55.07280731201172,37.3913459777832
192.72303010334508,74.1280220060689,55.145416259765625,35.16244888305664
193.9948120247318,74.20043449691363,54.91473388671875,38.02787780761719
192.42303086628453,70.95184593490191,55.26679229736328,43.95375061035156
191.1296291481449,79.39277725509235,56.771121978759766,35.8774299621582
189.10915566792028,73.28766899398396,58.16636276245117,42.3695068359375
191.28235818256871,78.96965675643513,53.405696868896484,31.98059844970703
192.69025422443883,72.44415931991169,53.1455078125,41.586936950683594
192.9068393837406,75.38062362960407,53.47275924682617,36.51724624633789
191.5629615913822,75.79577141097614,53.66718292236328,30.780105590820312
190.9457626472904,73.11370544723103,54.74940490722656,38.00913619995117
189.9943180214359,76.96467666915485,54.57908248901367,37.046268463134766
191.82572938313024,72.94474296859333,52.16419982910156,36.1025390625
190.54501344074743,73.03730469039509,51.7635498046875,38.40298080444336
187.3005809914066,79.55640869430134,56.853031158447266,35.78916549682617
188.1027221809818,74.37884407332966,54.58563232421875,35.41333770751953
188.30386735310094,73.52775268844196,54.70183563232422,37.100337982177734
187.45594407429235,79.72777061751911,55.54644012451172,33.589569091796875
188.7443351875736,73.45013122848103,49.905555725097656,35.49306869506836
187.3199844490482,78.90516357711384,53.72505187988281,33.63764572143555
188.5678978096439,73.92218857101032,50.608436584472656,35.62776565551758
191.07555772175328,72.37546615890095,48.85901641845703,38.88167190551758
189.03483582844274,75.27255325606892,51.8751220703125,35.19179153442383
186.82707978596227,81.65207367232868,54.828826904296875,31.641613006591797
189.9803848396732,80.93436603835652,49.05316162109375,29.38853645324707
187.8648586403324,73.28075866988728,49.93364334106445,38.11225509643555
185.8655510078861,73.22226887038777,54.03345489501953,31.701295852661133
186.60817147602575,80.31640606216023,53.31234359741211,30.03670310974121
187.0421867500736,71.1865566282613,51.08368682861328,37.28350830078125
182.66403199543493,80.11596184066364,56.30609130859375,34.47880554199219
187.3085670601322,71.46872597030232,50.12982940673828,38.611488342285156
184.7291641365482,76.89897804549763,53.48722839355469,34.36573028564453
186.61435128559606,72.06172447494099,52.17084884643555,41.145111083984375
183.73150826801793,79.46026878646444,51.714778900146484,34.77369689941406
185.9902897011234,74.37914352706503,49.79659652709961,38.017642974853516
182.04864312519567,81.57535629561971,55.58778762817383,33.29465103149414
182.57944299091832,80.00346069625448,53.193058013916016,34.940670013427734
185.25931931843297,73.1257999449117,49.249168395996094,38.27619171142578
184.89617539753453,71.18087845138143,49.958274841308594,37.464969635009766
178.17484666218297,80.55451851180624,57.992164611816406,34.46208953857422
184.54095078815953,72.16412811568807,49.576499938964844,39.14602279663086
182.78971864094274,69.80826835921835,51.61808776855469,43.202178955078125
177.35487748493688,81.54202537826131,57.82971954345703,34.3265380859375
180.7216529976322,71.58498077682088,53.425682067871094,39.90891647338867
177.08032800068395,80.78846626571249,59.14421463012695,32.441795349121094
183.04020120014684,69.75367431930135,51.575618743896484,43.3525505065918
179.84569550861852,79.13676529220174,54.89741516113281,32.69902420043945
183.66520882954137,75.09095459273885,50.821285247802734,34.6041374206543
181.51369477619664,78.3711898832662,53.77745056152344,34.98273849487305
182.7727661262943,72.41697960189413,53.9459228515625,37.17115783691406
177.74982072224157,82.668902209316,56.414649963378906,33.1075439453125
184.1826496254398,72.56933861068319,49.8713493347168,37.24137878417969
181.19360543598668,72.0342815428121,54.088375091552734,35.970855712890625
179.540361417432,71.2179973631246,47.32465744018555,39.4658203125
178.68304826130407,71.21745186141561,54.06421661376953,29.19872283935547
183.9608707558109,72.22109298995565,50.66630172729492,36.861331939697266
179.0501442085697,79.75510292342733,56.85979461669922,31.68273162841797
178.33900643696325,78.94801025680135,60.163692474365234,34.12569808959961
181.53561974873082,71.37145500472616,51.4545783996582,35.67529296875
178.60244180073278,81.54761772445272,57.98661422729492,34.25990295410156
179.95261765827672,74.49966507247518,53.761268615722656,34.967838287353516
182.93177987446325,77.8115089445455,51.65549850463867,34.56499099731445
181.09048844685094,72.3389461546285,55.320518493652344,36.68505859375
179.60080148090856,80.33995418838094,56.5830192565918,30.851728439331055
185.5850448738529,71.39788513473104,49.286163330078125,35.97105026245117
183.95923043598668,71.39790802291463,51.586910247802734,38.2227897644043
180.74149133076207,70.6759765653951,54.555179595947266,29.740856170654297
184.94917298664586,71.03163605025838,51.01141357421875,39.3206901550293
181.50152398457067,80.01037102035116,56.252628326416016,31.732818603515625
183.02806474079625,71.68687134078573,52.435401916503906,39.78452682495117
179.03994752277868,73.45253830245565,57.97035217285156,31.961002349853516
185.5445461403324,77.5176742582662,48.99747085571289,35.87311935424805
178.68799401630895,80.7815673857076,58.375919342041016,34.26069259643555
186.53180886616246,71.3545825987203,50.74349594116211,41.83324432373047
184.57183457722203,69.32093506148885,52.69464874267578,39.059810638427734
183.83500291218297,68.39217262557577,54.61054229736328,40.98438262939453
182.90068246235387,68.27128296187948,55.1391716003418,41.406795501708984
185.65184785236852,65.3866699247701,53.220062255859375,44.544002532958984
183.26324082722203,63.103312304530846,54.661766052246094,47.34465026855469
183.08847047199743,75.83162384322713,56.143798828125,33.61710739135742
187.4336948524906,66.84845810226034,49.98969650268555,39.048954010009766
185.62891961445348,70.57616119674276,53.556766510009766,34.59067916870117
185.3277206551029,68.61472778609823,51.86614990234375,33.70600509643555
183.21508408894078,78.10766296676229,55.79381561279297,31.202342987060547
187.8842449318363,67.84158783248495,50.75375747680664,40.87374496459961
186.57411004414098,68.96536903670858,50.94194412231445,40.461387634277344
183.98933221210973,79.00182133010458,54.04838943481445,31.483362197875977
185.70483399738805,71.48199158004354,53.10795593261719,36.909114837646484
186.87424279560582,67.59896354964803,51.64284133911133,40.77842712402344
181.30057908405797,78.60201530746053,57.77495574951172,32.08824157714844
184.6071338783695,72.45452385238241,53.713863372802734,33.52958679199219
182.79806138386266,79.71911793044637,56.98279571533203,30.695314407348633
183.34380151142614,77.8281400709493,57.1299934387207,28.896947860717773
187.85891534199254,70.98256950667928,51.86221694946289,31.108551025390625
187.72230721821325,70.14439182571004,51.163692474365234,30.8627872467041
186.76576997150914,78.11229114821981,54.67671203613281,27.80986213684082
187.3224430214359,69.69934540084432,49.42885971069336,34.00266647338867
185.00434876789586,76.5349271803243,55.08563232421875,31.545507431030273
190.01771165241735,71.07515030196737,48.52472686767578,31.77908706665039
189.54228783955114,70.87559395125936,50.224796295166016,34.20037078857422
189.0933456551029,71.53648262313436,49.76087951660156,37.57691192626953
187.763261808057,69.30368881515096,51.33530807495117,36.24379348754883
184.6309490333988,69.30926208785604,55.46870803833008,33.7963981628418
191.6805687080814,69.71424179366659,48.770896911621094,39.73685073852539
187.6433773170902,69.00300102523397,51.39030838012695,35.13941955566406
187.2096500526859,65.20283584884237,53.812313079833984,37.17653274536133
185.46776582111852,73.24412803939413,56.59819030761719,32.55690002441406
187.86483193745153,65.76963119796346,51.5083122253418,38.70827102661133
187.81130410542028,65.19434242538046,55.25295639038086,34.375816345214844
187.85527039875524,64.89743881515096,53.14073181152344,34.62166213989258
188.5355548988773,65.40682487777303,52.05538558959961,36.831024169921875
186.90707398762243,63.34048347762655,55.94026184082031,38.374732971191406
185.8096428047611,70.41508179000449,55.183433532714844,32.07981491088867
189.1492538582279,63.45328026107383,48.81181335449219,39.72705078125
188.06752206196325,63.02795486739707,52.83492660522461,35.61215591430664
187.49482537617223,69.68053703597617,53.19363784790039,32.49781799316406
189.56137276997106,64.35880928329063,49.09165573120117,35.40703582763672
188.43533707966344,62.289940646205665,51.087684631347656,35.98996353149414
189.12331010212438,65.58948211959434,51.340309143066406,36.360164642333984
190.69112206806676,63.02698211959434,48.0967903137207,40.4632682800293
188.71510506977575,63.634449770961524,50.26272201538086,38.44344711303711
190.59499360432164,63.86138801864219,47.58500671386719,38.491050720214844
187.53334237446325,63.664940646205665,47.72282028198242,41.49100112915039
182.78727914204137,61.32485084823203,59.04072189331055,45.94738006591797
180.83076478352086,71.6218631773336,58.725189208984375,35.47618865966797
187.83631326069371,66.52537613204551,50.1485710144043,38.338932037353516
189.7721099983646,65.39430122665,47.70423889160156,36.43975067138672
185.30078126301305,74.16511230758262,53.15301513671875,26.70418930053711
186.8006038795902,66.16490059188438,51.5373420715332,37.316978454589844
185.70265961994664,67.5075881986959,50.836944580078125,35.69503402709961
184.94015694965856,67.55265312484336,52.311275482177734,36.07371520996094
183.5076637398197,74.51771049789023,55.706642150878906,31.061553955078125
187.1575203072025,68.36593704513145,50.81682586669922,37.020023345947266
186.23627663959996,68.38395958236289,50.769893646240234,34.20799255371094
184.64321328510778,77.30863552383018,53.715023040771484,27.886960983276367
183.11540414204137,69.50467663100791,51.990169525146484,29.809316635131836
183.34912301411168,76.60877781203818,55.270442962646484,26.293100357055664
189.74214173664586,67.7259891538961,45.28416442871094,33.73058319091797
185.04324914326207,67.62351303390098,51.469547271728516,34.3474006652832
183.7512111793949,74.80279045394492,55.98605728149414,28.457168579101562
186.05908776630895,66.75612144759727,45.404239654541016,36.6976318359375
184.33116532673375,74.71200828841758,53.199363708496094,27.484878540039062
187.49801255573766,67.87705688766074,48.837486267089844,33.14797592163086
186.57057572712438,67.21989708236289,48.32770538330078,34.18254089355469
185.99347688068883,68.8137462644918,50.57890319824219,32.83135986328125
186.95622826923864,66.82350998214316,48.18088150024414,34.5606575012207
182.75146676411168,67.12313442519736,54.617794036865234,28.83497428894043
185.59925080647008,65.93000679305625,48.61091613769531,33.69446563720703
187.01176453938024,66.2624538450582,49.127105712890625,34.548583984375
184.09540559162633,73.8307083158834,52.370849609375,24.86794662475586
184.61210633625524,66.93357925704551,50.629119873046875,33.40047073364258
185.1987037788822,66.22992019942832,50.00086212158203,33.218570709228516
180.8984813820316,74.8057773619039,55.251529693603516,33.933311462402344
184.90417863239782,66.43218307784629,50.76978302001953,35.98787307739258
184.8519020210697,66.20426826766563,50.03723907470703,39.617454528808594
185.63288880695836,67.55590896895957,50.362030029296875,35.04721450805664
182.59963418354528,68.12677650741172,52.926876068115234,32.18224334716797
179.7726154457523,78.2818687467916,56.98777389526367,31.183185577392578
185.30100633015172,72.16471557906699,49.91820526123047,33.25870895385742
185.9502906929447,70.32776909164023,48.635414123535156,28.120956420898438
185.70500947346227,71.47657470992637,49.469451904296875,34.94150924682617
185.31961442341344,71.42500763228965,48.853111267089844,34.452938079833984
185.73323441853063,71.42869453719688,49.48340606689453,34.54271697998047
184.5656414162113,70.4363105802877,51.45094680786133,36.44974136352539
186.39534570087926,68.16542129806113,49.608829498291016,38.32390213012695
183.57850266804235,70.86775284102988,51.015357971191406,34.761295318603516
181.7978782783939,78.45166473678184,53.28473663330078,29.341426849365234
186.50114442219274,70.71035080245566,47.51210021972656,36.72182083129883
182.83076859821813,79.56710701278281,52.81940460205078,27.517112731933594
183.52328683247106,70.22778206161094,49.65548324584961,35.75469207763672
183.17436791767614,70.29332046798301,51.284122467041016,38.987247467041016
181.74504853596227,73.58334999373984,52.88041687011719,33.944664001464844
183.57724763264196,76.77170448592734,51.90582275390625,34.177940368652344
185.63222695698278,73.05651741317344,49.04122543334961,40.34502410888672
180.97582627644078,71.38941459945273,54.716026306152344,41.90142822265625
180.80740167011754,79.72760467818809,54.38881301879883,33.78254318237305
184.67675019611852,72.28547935775352,49.79685974121094,39.273223876953125
179.55807496418493,80.25705414107871,55.4281005859375,33.00104904174805
182.68108178486364,73.14980202010703,52.058963775634766,42.402488708496094
178.85000611652868,84.54549007705283,54.533203125,31.38551139831543
179.63917161335485,81.14129524520469,55.39789581298828,30.862098693847656
183.72625542988317,71.5316474943502,51.377567291259766,38.72378921508789
179.55542184223668,70.4823196440084,53.38241195678711,45.20553207397461
181.6280727516605,68.27942161849569,52.636661529541016,38.32786560058594
182.5648632179691,78.46177940658163,53.9521369934082,33.87855529785156
184.65553094257848,71.49750023177694,50.457218170166016,36.63385009765625
180.5439186226322,69.9196403532369,54.665504455566406,37.214237213134766
178.08813668598668,79.08536033919881,60.436519622802734,34.684417724609375
177.1146679054691,73.28950290969442,57.85037612915039,30.93132972717285
177.14164735188024,66.99294929793905,56.785980224609375,46.03412628173828
182.95068551411168,76.5896957426412,53.430110931396484,37.78487777709961
176.10588647236364,71.28586464217733,58.92221450805664,37.918312072753906
173.77899934162633,69.51059608748983,61.127777099609375,48.08557891845703
174.21459390034215,68.89226227096151,61.32754135131836,46.555660247802734
183.54313279499547,79.03747444442341,52.97254180908203,37.09607696533203
184.07350922932164,73.27763634017536,52.54512023925781,36.65275573730469
184.99937631001012,72.5526283293111,51.820186614990234,36.873783111572266
174.12100793232457,68.34445648482868,62.59230422973633,40.91543197631836
184.83595086445348,79.87998657516071,52.064823150634766,33.31464767456055
184.3158683906986,73.32421379378864,52.063514709472656,35.80389404296875
183.78834344257848,71.81091385177204,53.00947952270508,39.252079010009766
183.8771419655277,78.02097778609821,54.100284576416016,35.935848236083984
186.2320938240482,79.64641456893513,52.548614501953125,31.654212951660156
179.04968835224645,79.85971718123982,58.9510383605957,29.57685089111328
182.64451791157262,78.54889183333943,53.95724105834961,33.82086181640625
188.6161556374027,71.40122490218708,48.53628921508789,38.77171325683594
183.3642959724857,69.26622467330525,52.30828857421875,43.14475631713867
178.23493195881383,78.56644134810993,58.59046936035156,36.069026947021484
186.73035241474645,72.49810104659626,50.2670783996582,40.945499420166016
179.78066254963414,73.89032821944782,57.78474426269531,30.442066192626953
186.85346986164586,78.69954757979939,50.079376220703125,36.59035110473633
182.96320535053746,73.69429092696735,54.40961837768555,35.60518264770508
176.24305154194371,80.85665970138142,61.4260368347168,36.344730377197266
185.1959667335941,77.6914337187154,53.26289749145508,34.843074798583984
183.63507462849157,72.4546287565572,54.648414611816406,37.57234573364258
183.71289254536168,76.99335937789509,56.27669906616211,37.41147994995117
183.591537488599,73.70682983687946,55.28167724609375,35.445613861083984
187.19990540852086,80.80976562789509,52.79718017578125,36.99470138549805
188.18558694233434,79.1129539518697,51.739620208740234,36.90694046020508
181.7439689766361,79.18092613509724,58.06018829345703,32.84809875488281
185.5567360054447,73.4560821562154,54.55463409423828,38.30520248413086
182.5205230843021,67.2331932096822,59.17201232910156,50.64371109008789
185.54512597431676,79.22070389083454,55.2426643371582,36.80946731567383
186.03438760151403,72.22709732345173,54.320247650146484,39.14798355102539
189.6064357887699,72.17634468368122,51.502811431884766,43.431602478027344
190.08599664082067,70.671530535732,50.78374099731445,37.47045135498047
185.16013146748082,68.26693229964802,56.84907913208008,46.91278076171875
186.1990242134525,76.59306412032673,57.527015686035156,38.789981842041016
191.60191155781285,71.88816147140095,51.84059524536133,39.383914947509766
186.5030365120365,77.56699257186482,56.71998596191406,38.030479431152344
183.27702332844274,78.74621277144979,61.37528991699219,35.029170989990234
187.93670464863317,74.65046196273398,56.52359390258789,33.62054443359375
188.73555375446813,76.15837936690879,55.46649932861328,32.00149917602539
189.57535745014684,75.78620987227988,54.91361618041992,32.14412307739258
189.27709199299352,70.20800857833457,54.71270751953125,38.03532791137695
189.7446022163822,69.42587929061484,55.940284729003906,41.35028839111328
188.67528535236852,77.5953624754293,57.19471740722656,36.05474853515625
190.86892129292028,70.5692165403707,54.78287887573242,36.764892578125
191.45693971027868,78.10953789046836,55.89311218261719,32.426025390625
191.15050698627965,77.07083111098838,55.41776657104492,29.14325523376465
189.7979583870365,69.05087547591758,57.4449462890625,38.697784423828125
188.00117875446813,75.6773651151998,58.86841583251953,34.78219223022461
193.75562669147985,69.73248176864219,52.92884063720703,36.504905700683594
189.05375100483434,62.56015472701621,57.86153793334961,44.25303268432617
193.1467075478031,72.7855480223043,54.87449264526367,36.521270751953125
191.19346429218785,79.05269890121055,57.39735794067383,33.38163757324219
191.8668651710941,76.40398102096152,57.42415237426758,32.576107025146484
192.63271333088414,69.25722008040977,54.66314697265625,43.0802001953125
183.86918259968297,79.98017387679648,65.43338775634766,37.48109436035156
191.44622994770543,76.57382660201621,59.09199142456055,34.38093185424805
193.6115455757572,69.16740494063926,57.98853302001953,43.41215896606445
190.9154491554691,67.07610588363242,54.112003326416016,49.70399475097656
182.32962037434118,79.84403686812949,68.27005004882812,35.6806755065918
193.68341447224157,78.34706955245568,57.95752716064453,34.058841705322266
193.9728164802982,72.06029396346642,57.591156005859375,42.185203552246094
194.5106353889896,76.56102066329554,59.40510559082031,37.9948616027832
192.67358971943395,74.86381798080042,60.13679885864258,38.84114074707031
192.5419311653568,79.62051277450159,60.63328552246094,38.846153259277344
198.59515763630407,71.65825729659632,55.22527313232422,38.60910415649414
198.06241990437047,74.2045734434469,55.791038513183594,39.317665100097656
192.16720200886266,81.88141136458948,62.383460998535156,34.0301513671875
198.64010239948766,75.22728615096644,55.394981384277344,38.109535217285156
192.6872711311771,74.82977180770472,63.217803955078125,39.44609832763672
193.26367379536168,62.03256492904261,61.9370231628418,56.31034851074219
183.42201997150914,63.92712860396935,73.08853149414062,50.13785934448242
199.2459049354984,63.42768364242151,58.907222747802734,53.18959045410156
195.0246963631107,79.96113853744104,62.201507568359375,35.175323486328125
194.0016021858646,74.07906799605921,65.02326965332031,36.31437301635742
200.7429580818607,75.99167518905237,56.44300842285156,42.318443298339844
203.1853466164066,71.70153503707482,54.38139724731445,41.36371994018555
197.54494477619664,70.81968002608849,61.356231689453125,45.96431350708008
198.10144616474645,83.12009697249962,62.552738189697266,31.817092895507812
197.6595077644779,82.14366035750939,63.713134765625,32.267005920410156
