400.0,48.0,87.0,319.0
375.71558380126953,76.541748046875,99.98643493652344,287.090576171875
315.8970184326172,38.32484436035156,211.32284545898438,379.4173278808594
67.42800903320312,198.47206115722656,552.8536376953125,261.8258972167969
6.248046875,26.13995361328125,599.0430297851562,443.9979248046875
33.607635498046875,9.410507202148438,605.3743896484375,470.58949279785156
19.40435791015625,104.74604034423828,583.3991088867188,374.9584655761719
151.80348205566395,2.82784271240223,485.7350158691406,466.58441162109375
43.50277709960926,4.730339050292855,577.4249267578125,475.26966094970714
74.78277587890614,20.286373138427734,565.2172241210939,459.71362686157227
158.49363708496094,1.6206340789796059,475.4837341308594,473.06268310546875
125.2924346923827,9.943326950073242,505.1271057128906,467.68353271484375
99.43544006347634,38.21018791198719,505.5426330566406,441.7898120880128
16.333435058593523,24.079886436462402,597.1084594726562,455.9201135635376
0,13.590602397918701,640,466.4093976020813
0,0,634.0870666503906,480
1.8130340576171875,0,638.1869659423828,480
32.81572723388672,0.4179534912109375,604.2445678710938,479.58204650878906
0,0,631.9248580932617,480
14.49850082397461,18.305892944335938,625.5014991760254,461.69410705566406
0,11.691810607910156,640,468.30818939208984
0,34.584110260009766,503.20635986328125,445.41588973999023
28.22213745117176,24.19488716125477,601.2213134765625,455.80511283874523
0,16.29556369781494,640,463.70443630218506
0,10.969894886016846,445.52415466308594,469.03010511398315
71.0589370727539,27.844871759414673,352.3999328613281,450.744140625
133.91728973388672,4.256630182266235,503.80615234375,459.2876892089844
137.82678985595703,0,501.1275329589844,477.75951409339905
46.76897430419922,0,587.723388671875,480
0,0,640,480
0,13.855224609375,640,466.144775390625
5.02001953125,8.002914428710938,634.97998046875,471.99708557128906
0,0,640,480
0,15.630615234375,640,464.369384765625
12.60870361328125,6.6187286376953125,618.4163818359375,473.3812713623047
6.17083740234375,14.198570251464844,633.8291625976562,465.80142974853516
0,19.749462127685547,640,460.25053787231445
38.617279052734375,7.185537338256836,598.2717895507812,468.1047058105469
128.8152313232422,7.013479232788086,452.1429748535156,462.5010681152344
138.92098999023438,0,483.66375732421875,474.17690086364746
30.83267211914051,12.074351310729867,600.7578735351562,467.92564868927013
0,24.34912633895874,638.2465515136718,455.65087366104126
0,6.875994443893433,640,473.12400555610657
2.77294921875,8.593926787376404,636.58349609375,471.4060732126236
5.8238525390625,10.189907729625702,622.580810546875,469.8100922703743
0,12.278852790594101,640,467.7211472094059
12.55712890625,11.091666385531425,608.46142578125,464.94317626953125
89.3499755859375,9.953498050570488,550.29443359375,460.5554504394531
55.11517333984375,7.420142337679863,576.264892578125,472.57985766232014
98.60415649414062,0,536.0972290039062,472.99582251161337
51.388336181640625,9.405931275337934,587.9751586914062,467.733154296875
14.931488037109375,35.097032349556684,625.0685119628906,444.9029676504433
80.47639465332031,6.813546082004905,557.4569702148438,463.7123718261719
47.303604125976676,16.29201593063783,592.6963958740233,463.70798406936217
0,16.60236782860011,568.4469680786133,461.9898681640625
5.730747222900391,12.593929718248546,631.0653076171875,467.40607028175145
4.332218170166016,5.838804458733648,626.9509887695312,458.79571533203125
0,18.971357559319586,640,461.0286424406804
28.0704345703125,23.51752387243323,611.9295654296875,456.48247612756677
80.27630615234375,15.728549533872865,559.7236938476562,464.27145046612713
109.84402465820312,7.198289659514558,529.2059326171875,466.51141357421875
117.98123168945324,5.145814683928734,521.05419921875,469.3590393066406
108.35217285156273,10.04103257943666,530.1917114257812,468.4732666015625
135.02217102050804,0,500.6532287597656,470.4831865101007
69.37097167968773,2.6320809259487987,570.6290283203123,445.9756164550781
30.106628417968864,0,609.8933715820311,480
79.2779541015625,15.472305297851562,560.7220458984375,464.52769470214844
4.159332275390625,9.571495056152344,613.9625854492188,470.42850494384766
140.7399139404297,0.23897933959960938,492.1991271972656,475.6174621582031
0,21.559673309326172,615.9720764160156,446.5067138671875
8.400100708007812,5.142253875732422,628.29296875,474.8577461242676
35.21052551269531,11.397909164428711,604.7894744873047,468.6020908355713
55.462989807128906,3.2432355880737305,584.5370101928711,476.75676441192627
0,3.8574881553649902,629.2736396789551,476.142511844635
0,0,640,480
0,0,640,480
0,0,640,480
3.861236572265625,0,636.1387634277344,480
0,0,640,480
0,0,640,480
0,3.062652587890625,640,476.9373474121094
0,14.298263549804688,640,465.7017364501953
0,0,640,480
0,0.53118896484375,640,479.46881103515625
0,0,640,480
22.632232666015625,1.931182861328125,617.3677673339844,478.0688171386719
48.41719055175781,0,591.5828094482422,480
0.8588943481445312,7.032562255859375,637.2731323242188,472.9674377441406
7.360176086425781,7.3671112060546875,632.6398239135742,472.6328887939453
7.487064361572266,0,631.1987915039062,480
0,34.962066650390625,640,445.0379333496094
7.406005859375,19.227813720703125,632.593994140625,460.7721862792969
0,4.9437713623046875,615.3038330078125,475.0562286376953
0,6.227897644042969,640,473.77210235595703
28.703521728515625,25.072612762451172,611.2964782714844,454.9273872375488
0,27.76668357849121,639.2170257568359,450.86102294921875
0,17.43385887145996,640,462.56614112854004
0,0,634.9592590332031,480
0,2.059173583984375,640,477.9408264160156
0,0,640,480
0,0,640,480
0,0,640,480
9.26239013671875,0,618.2711181640625,475.16522216796875
6.7169189453125,3.6264495849609375,633.2830810546875,476.37355041503906
5.318695068359375,0,634.6813049316406,480
179.5013427734375,3.5855712890625,450.7366638183594,474.927978515625
51.96220397949219,0,588.0377960205078,480
159.23043060302734,2.8446502685546875,472.9244384765625,472.7413635253906
139.85172271728516,5.401611328125,493.4983825683594,462.556884765625
0,0,640,480
0,37.13916015625,640,442.86083984375
0,8.087936401367188,638.2704467773438,471.9120635986328
0,0,629.5347900390625,480
0,0,640,480
0,0,640,480
79.5150146484375,110.53546142578125,550.69482421875,365.3282470703125
20.795562744140625,20.355072021484375,612.5167846679688,459.6449279785156
3.192138671875,31.196762084960938,636.807861328125,448.80323791503906
153.7703399658203,22.41272735595703,427.6360778808594,356.3414001464844
0,0,640,441.64810943603516
12.98394775390625,9.213138580322266,612.0633544921875,470.78686141967773
9.60662841796875,12.816804885864258,616.7469482421875,467.18319511413574
103.65057373046875,168.51330661773682,518.1861572265625,306.1717834472656
0,5.410843849182015,626.6949157714843,474.589156150818
195.00013732910156,34.164223194122314,374.86920166015625,402.9483642578125
31.121780395507812,23.487175464630127,593.4822387695312,447.8393249511719
224.57339477539062,84.70999956130981,219.90982055664062,338.9442138671875
0,0,222.4593734741211,477.5887532234192
0,0.8664133548736572,293.2443656921387,464.7233581542969
43.653127670288086,0,596.3468723297119,453.18806862831116
0.44536876678466797,0,626.2555541992188,480
0,0,640,480
172.69186401367188,79.09980773925781,221.34014892578125,386.6917419433594
81.21028137207031,5.6854248046875,462.7428894042969,441.0234375
0,0,600.040771484375,480
148.5542755126953,0,487.0232849121094,477.1332702636719
263.87548828125,7.358489990234375,376.12451171875,472.6415100097656
0,40.579162597656136,635.0151062011718,439.42083740234386
0,0,640,480
0,0,631.7432556152344,480
139.65834045410156,101.82373046875,362.86163330078125,378.17626953125
0,11.178359985351562,381.9477233886719,456.2701110839844
0,12.463531494140625,640,467.5364685058594
0,2.0543060302734375,634.0575866699219,477.94569396972656
31.991104125976562,85.18547821044922,600.3883666992188,394.8145217895508
149.39393615722656,1.3528251647949219,478.71795654296875,471.0061950683594
0,0,640,480
269.0941925048828,0,365.1028747558594,480
274.94525146484375,0,262.68212890625,468.2223358154297
204.2992401123047,5.430122375488281,387.5442199707031,472.8352355957031
226.23255920410156,6.125511169433594,406.3317565917969,462.9345703125
38.707794189453125,25.34203338623047,584.9778442382812,454.65796661376953
0,0.9960289001464844,635.1385803222656,479.0039710998535
0,0,634.4146575927734,480
0,3.538482666015625,621.6347885131836,476.4615173339844
0,0,640,480
0,0,640,480
2.047149658203125,0,626.2055053710938,480
0,0,640,480
0,0,640,480
0,0,640,480
0,91.12254333496094,476.6848602294922,388.87745666503906
61.577911376953125,198.86089324951172,241.98741149902344,281.1391067504883
153.3687973022461,194.66779708862305,192.6021728515625,278.3474426269531
81.45680999755854,202.2426261901855,209.66302490234375,258.3011169433594
27.5852432250976,217.58308792114252,214.35812377929688,246.23085021972656
0,231.48719406127924,188.8195190429687,232.20016479492188
0,225.60245132446283,161.63147735595703,232.4927215576172
9.833805084228516,262.3686561584472,180.99493408203125,208.64353942871094
199.71836853027344,97.23093795776362,120.6738052368164,268.2090148925781
210.0998420715332,102.04705429077143,90.68179321289062,266.7216796875
212.1501121520996,109.7705574035644,92.38459777832031,221.4580841064453
214.33262634277344,117.8182640075683,100.85575103759766,263.1668701171875
187.36796188354492,88.16959762573237,156.67442321777344,287.6095886230469
38.40613174438471,1.8700065612791832,485.1312866210938,328.0845642089844
143.6179542541504,9.786952972411996,474.82763671875,441.15313720703125
211.7724494934081,0.2815666198728195,409.6248474121094,473.9070739746094
337.2803840637207,0,294.7378845214844,477.90598678588856
25.83511734008789,2.3711605072021484,569.86083984375,461.6811218261719
201.0384864807129,2.783071517944336,434.003173828125,470.5467529296875
0,7.428792953491211,640,472.5712070465088
0,0,620.8843383789062,480
0,0,640,480
0,2.41705322265625,253.46775817871094,477.58294677734375
37.21758270263672,8.695556640625,587.0361328125,447.70916748046875
0,0,640,480
174.01583862304688,11.4630126953125,459.99615478515625,461.68017578125
26.742156982421875,23.452117919921875,591.6220092773438,456.5478820800781
104.82637023925781,111.85063171386719,503.9648132324219,331.2332763671875
31.746551513671875,8.382720947265625,604.6321411132812,461.4601135253906
0,0,634.4690551757812,480
0,0,640,480
0,4.4996337890625,631.2511291503906,475.5003662109375
264.15415954589844,114.48300170898438,370.19671630859375,301.84564208984375
222.99327087402344,1.383209228515625,400.23321533203125,478.6167907714844
307.1304016113281,0,327.1562194824219,478.51812744140625
235.03421020507812,3.8357696533203125,391.2126159667969,467.9299621582031
112.48365783691395,5.733413696288949,517.466552734375,466.6806945800781
14.554550170898324,1.4806518554686363,621.5015258789062,478.51934814453136
152.7306213378905,168.46934509277344,377.1313171386719,311.53065490722656
0,7.342277526855469,328.34791564941395,443.4810791015625
61.039833068847656,7.628501892089844,537.5562133789062,446.85797119140625
2.182380676269645,13.85752105712902,617.7994384765625,466.142478942871
266.36072540283214,167.67087173461914,334.3111572265625,312.32912826538086
147.60347747802746,0,471.6581726074219,462.4104633331299
0,0,640,480
247.24839782714844,124.11003112792969,341.2705383300781,340.1893615722656
63.6578369140625,0,554.4921875,470.26255798339844
210.1524658203126,159.39134979248058,363.183349609375,320.6086502075194
143.32896423339855,2.272548675537166,476.9283752441406,469.43817138671875
79.62582397460949,6.364757537841797,555.0977172851562,473.6352424621582
164.90608215332043,154.71927452087402,439.2215270996094,323.48382568359375
75.15026855468761,4.254888534545898,545.7908935546875,475.3468017578125
288.2258758544922,41.20738792419422,282.9458312988281,436.5846252441406
36.30987548828125,10.810735702514535,603.6901245117188,457.5872802734375
280.0650634765625,80.98830223083485,359.36773681640625,388.1906433105469
156.32493591308594,23.038015365600472,233.16317749023438,448.3323059082031
166.5803985595703,41.4085292816161,288.6390686035156,428.0695495605469
144.93728637695312,46.96799278259266,245.918701171875,433.03200721740734
24.989990234375,4.10106182098383,409.65545654296875,475.89893817901617
0,8.559396266937256,492.7163391113281,471.44060373306274
224.52162170410156,123.76228785514832,398.4755859375,350.3575744628906
160.05665588378906,210.38943934440613,465.6932373046875,269.6105606555939
36.69309997558594,4.6238120794296265,588.0376586914062,472.0330505371094
52.15248107910156,5.0943015813827515,586.64501953125,474.90569841861725
0,0.20906180143356323,601.4346466064453,479.79093819856644
0,15.495461076498032,640,464.50453892350197
190.68614196777344,104.01810102164745,256.8957824707031,284.5591125488281
79.60826110839844,0,468.1831359863281,468.97581891715527
108.48330688476562,0,499.96209716796875,474.60061087459326
13.56280517578125,32.67780787870288,615.216552734375,447.3221921212971
0,10.036627328023314,634.5461730957031,469.9633726719767
130.41378784179688,131.26172186713666,320.2105407714844,333.916748046875
46.93205261230469,21.772860783152282,574.7632446289062,446.04290771484375
107.92648315429676,41.874896305613106,268.8290710449219,426.5652770996094
108.55087280273426,128.8917420087381,302.2090759277344,317.1562194824219
128.2331542968749,103.86101080756623,191.87588500976562,281.2430725097656
85.533046722412,108.95439459662873,109.0257339477539,264.5743713378906
96.90851974487293,108.22546698432404,80.16870880126953,258.20458984375
125.34856224060047,143.2054856000467,57.66044998168945,212.34361267089844
146.85256576538072,113.7880280194803,44.83283233642578,296.37384033203125
154.7200832366942,78.53093268256623,38.59090042114258,361.04827880859375
141.8612670898436,106.85727240424592,81.50238037109375,343.09173583984375
34.60731506347642,324.1603195844217,145.23117065429688,154.98484802246094
18.135963439941264,176.97067572455842,240.71238708496097,210.4544677734375
136.86276245117176,39.49437262397248,290.470703125,395.5158386230469
142.65184020996082,101.6091950116678,468.2986755371094,369.67486572265625
87.39175415039051,152.31381537299592,525.0465087890625,327.6861846270041
71.78652954101562,119.55632174899802,297.4027099609375,356.7967529296875
0,0,442.596435546875,477.64541781833395
0,190.5731056376826,584.2939453125,283.15802001953125
194.24349975585938,14.570694749010727,440.61029052734375,455.30615234375
234.36744689941406,0,403.7206726074219,423.4786689921748
292.84326171875,0,338.65771484375,434.6521305165952
233.83888244628906,6.018036083492916,383.0663757324219,467.4378356933594
28.200286865234375,11.989853100094479,602.8965454101562,468.0101468999055
22.958221435546875,12.253975011961302,603.3499145507812,467.7460249880387
13.7960205078125,3.6838875303947134,616.059326171875,476.3161124696053
10.91204833984375,18.496484780822357,629.0879516601562,461.50351521917764
23.216278076171875,0,615.92529296875,478.51896382595805
6.577484130859375,18.239874369033714,624.3671875,461.7601256309663
22.015411376953125,3.443118336860607,599.4044189453125,474.5477294921875
78.55902099609375,124.34881902045436,279.84698486328125,353.934814453125
125.10635375976562,22.694003346626232,488.8173828125,430.79644775390625
5.076812744140739,12.610766652290408,614.57861328125,467.3892333477096
3.6427917480469887,12.06369936618421,629.3272705078125,467.9363006338158
0,8.945774853990542,619.2673339843751,470.3301086425781
0,11.400761426256167,583.3426208496094,468.59923857374383
42.82325744628906,7.556551367424959,587.7197875976562,471.70733642578125
0,3.8377098146905837,614.7235870361328,476.1622901853094
73.4642562866211,131.2061016114469,277.0578918457031,292.5114440917969
111.24484252929688,115.17744560558754,249.43080139160156,358.0176086425781
97.21417999267578,125.68361015636879,166.48919677734375,282.0088195800781
87.04750442504883,128.11248894054847,92.91104888916016,285.026123046875
68.02140808105469,134.19400139172035,94.43083190917969,288.78277587890625
75.81317901611328,136.33938713390785,86.07354736328125,287.317138671875
101.35811233520508,129.00213737804847,69.6998062133789,286.71221923828125
144.07355499267578,144.4137432130094,61.534912109375,297.1802673339844
120.59342575073242,108.30967827160316,100.05980682373047,327.0058898925781
154.9054069519043,66.7334911378141,126.64665985107422,402.48486328125
114.4000473022461,1.6227275880094112,281.3108825683594,429.3575744628906
182.73990631103516,4.014908984493786,450.84161376953125,468.5282897949219
151.5803756713866,122.61874504406399,479.9398498535156,354.97137451171875
162.48615264892567,0,464.4267578125,467.9716960938687
134.48772430419922,3.681679345762632,500.4872131347656,459.57696533203125
138.56996917724598,21.286568261778143,493.6388854980469,452.595947265625
92.51748657226551,81.25724086920002,210.0017852783203,393.72552490234375
75.33094024658192,20.760994531309393,532.74462890625,438.889892578125
190.92978668212868,0,437.08721923828125,477.9720541016218
203.36132049560524,4.599216748076515,430.7584533691406,473.35699462890625
152.9565505981442,7.462253857451401,470.5113525390625,469.32476806640625
237.02056121826138,0,401.2019348144531,470.5106394775686
86.85831451415982,25.69338431397955,543.8307495117188,454.30661568602045
244.354484558105,0,395.645515441895,467.4198885681225
94.33443832397438,10.557295358280044,532.7706909179688,461.1771240234375
87.59185409545887,11.047895944217657,552.33935546875,468.95210405578234
66.09655380249,0,566.6888427734375,466.21710898285096
314.6556816101072,0.7596317619332922,325.3443183898928,476.0901794433594
192.72990989685047,11.367999681855167,385.13128662109375,456.3260803222656
145.84572410583485,17.973956713105167,474.068115234375,456.1477355957031
289.4063320159912,0,338.460205078125,473.6102176994334
211.1467342376709,3.6561983272557654,424.2906799316406,473.1713562011719
161.8038845062256,0.8151338741307654,470.51617431640625,469.5635681152344
264.7901668548585,0,375.2098331451415,475.97496968956057
181.94508647918718,0.102871807671022,452.32199096679693,476.84515380859375
141.96333599090588,18.780102642631846,492.6918640136719,456.7483825683594
114.05546855926514,21.92229929790517,509.3917541503906,450.21142578125
87.59369182586659,19.87989512310037,539.7794189453125,460.12010487689963
166.07867717742909,0.8741058867454967,469.3812255859375,464.0188903808594
175.8383970260619,0,464.1616029739381,460.8943390410424
209.2446837425232,0,427.8437805175781,474.5561172744274
216.23058462142956,0,423.76941537857044,468.86752091748724
111.05462336540228,6.643828207767001,527.1759033203125,473.356171792233
243.00594782829285,0.5758356126724493,396.99405217170715,473.6917419433594
296.2400954961777,0,343.3685302734375,471.95640507068026
228.7018722295761,3.4916913048714378,397.3517150878906,469.308349609375
261.7687209844589,0,374.7529296875,472.7983471886605
224.6867355108261,0,411.0976867675781,470.79814515194744
228.20461881160736,4.077020574020594,390.9751281738281,443.66986083984375
214.05003201961506,0,418.5828857421875,465.6057376150361
62.0514053106308,9.294201815330666,575.7567749023438,470.70579818466933
213.70121610164642,4.7606720746575775,426.2987838983536,472.6542053222656
0,52.343359452587265,248.03850477933884,427.65664054741274
8.641284555196762,54.25332950656707,254.2179718017578,421.5205383300781
82.91745337843895,91.15979312961394,211.69737243652344,384.9421081542969
6.842967599630356,2.24069522922332,225.80844116210938,477.7593047707767
0,36.49394380601791,268.6687580049038,431.84814453125
145.05326633155346,9.72856294664291,442.2836608886719,458.0225830078125
51.51022128760826,14.283677692736774,562.909423828125,465.7163223072632
2.4280679672957604,1.8716056920715118,623.32568359375,478.1283943079285
0,22.787670521817063,294.11288242042076,457.21232947818294
24.676756761968136,11.217474176924156,392.5512390136719,463.67401123046875
0,8.238043024580406,259.2207631096244,471.7619569754196
92.23288674280047,29.95054922225114,199.70994567871094,442.1306457519531
