205.0,151.0,17.0,50.0
180.65882873535156,134.76848793029785,58.87023162841797,48.8787956237793
136.39691543579102,77.18747901916504,77.80136108398438,60.80826950073242
120.07853317260742,41.62201690673828,101.49137878417969,105.99472045898438
0.5247097015381144,142.03359985351565,59.036861419677734,95.49247741699219
0,141.5955276489258,72.18940353393558,51.570220947265625
5.140466690063505,125.67370986938482,65.87726593017578,64.58829498291016
18.902658462524442,130.60898590087896,77.28449249267578,45.591796875
0,171.68071746826178,39.499116897583036,67.87039184570312
1.3100728988647603,164.69588088989263,48.323184967041016,75.30411911010737
15.185753822326674,134.7371292114258,97.52799987792969,49.53213882446289
0.4308633804321431,137.02715873718265,113.28018188476562,51.327415466308594
1.2223291397094869,123.93876838684085,121.14613342285156,73.06309509277344
0.46791934967042437,131.97345924377444,128.1076202392578,60.932373046875
20.61345767974855,136.93449020385745,183.58302307128906,45.71944808959961
29.866158485412612,134.70481109619143,164.25914001464844,47.25424575805664
18.728074073791518,128.54607391357425,131.13177490234375,45.80350112915039
25.259102821350112,127.95580101013186,171.49546813964844,44.122535705566406
35.35715579986574,127.41983222961429,134.29420471191406,55.29255676269531
36.42548465728761,126.84757041931155,84.36924743652344,43.308692932128906
40.9861879348755,126.62909126281741,79.3012924194336,41.382171630859375
46.76740741729738,127.51714706420901,74.2979507446289,40.13540267944336
55.33319187164308,125.54949569702151,65.93876647949219,41.12638473510742
45.72405147552492,121.08482742309573,61.978153228759766,62.21718978881836
75.61202335357666,122.52079963684082,119.48321533203125,49.13441467285156
66.06099033355713,122.12054824829102,96.52040100097656,40.71406173706055
69.55569171905518,119.82355690002441,85.39600372314453,41.04644775390625
73.43486499786376,117.27004814147949,96.3093948364258,39.803382873535156
78.68734073638916,117.25674057006836,82.63461303710938,41.75068283081055
86.39535617828369,117.36652374267578,90.86869812011719,37.42201614379883
94.76013278961182,113.19051361083984,107.03758239746094,37.190372467041016
97.14228534698486,111.83262062072754,108.9493637084961,41.58464050292969
101.76731586456299,110.94339561462402,107.28319549560547,39.39238739013672
107.01451587677002,103.56023216247559,109.99393463134766,47.38751983642578
117.53250217437744,131.8515682220459,64.51692199707031,103.99109649658203
0,154.3302822113037,78.773606300354,84.14496612548828
118.30577898025513,108.57917213439941,83.31689453125,59.88554382324219
120.4844822883606,107.09002113342285,107.81022644042969,35.83935546875
128.8747181892395,105.89405441284178,105.01577758789062,35.72631454467775
158.92241716384888,104.78702926635744,84.06399536132812,31.328411102294908
199.7730793952942,104.30763626098631,45.40321350097656,42.0712242126465
188.88421487808228,103.76235294342041,57.51411819458008,28.721986770629883
181.12745714187622,100.87053775787354,73.12362670898438,31.70219612121582
183.81876802444458,102.59098434448242,71.09276580810547,38.47846603393555
191.08132600784302,102.31507301330568,67.44876861572266,33.85343933105467
188.94167757034302,103.75983619689941,73.98297882080078,33.00895690917969
187.66629838943481,96.75337982177736,74.20962524414062,49.97056961059569
189.70760011672974,98.67731285095215,83.37787628173828,37.45545196533203
185.6329426765442,97.91189002990723,92.52685546875,37.48710632324219
186.56708574295044,97.11783790588379,94.18455505371094,38.461090087890625
203.22379350662231,97.75690650939941,78.67951965332031,37.2655029296875
186.02239274978638,95.6147632598877,102.35366821289062,39.80986022949219
194.4011425971985,93.87376403808594,102.57404327392578,42.69093704223633
203.51944398880005,96.09808158874512,93.45856475830078,33.245628356933594
143.48965120315552,119.7398853302002,63.84800720214844,46.22950744628906
125.67676591873169,127.38789176940918,63.55286407470703,67.85652923583984
157.3442234992981,92.04414558410645,107.8316879272461,38.78985595703125
225.81363344192505,90.24464416503906,85.67546081542969,35.37881851196289
201.45668077468872,65.01524925231935,126.60492706298828,97.97415924072264
101.88475465774536,4.968549728393555,244.32025146484375,93.5888900756836
39.5956768989563,0,304.8238220214844,85.11396980285645
118.92858552932739,0,234.6511688232422,139.78009128570557
0,55.58861589431763,106.10543489456177,182.6255645751953
104.82701706886292,2.0960850715637207,198.2474822998047,135.33685302734375
0,68.08560228347778,144.8929045200348,171.91439771652222
115.22207939624786,1.2672655582427979,221.31654357910156,129.75465393066406
89.15668022632599,5.168442010879517,254.1243438720703,137.74148559570312
111.5482360124588,3.0448153018951416,241.80308532714844,130.19638061523438
107.80939018726349,1.5577051639556885,227.6685333251953,107.14221954345703
116.62212669849396,0,234.74276733398438,127.27407097816467
101.97128593921661,1.9740792512893677,255.52357482910156,117.01560974121094
90.68777000904083,3.9863473176956177,266.4261169433594,114.30760192871094
109.46867668628693,0.1101609468460083,248.58372497558594,122.18094635009766
100.79484856128693,2.914302945137024,254.7698211669922,119.47793579101562
59.18451988697052,4.506691098213196,293.71551513671875,90.02875518798828
110.38503563404083,2.249153256416321,240.45639038085938,126.32184600830078
79.99347984790802,0.8930550813674927,273.0303955078125,112.11607360839844
88.72246849536896,1.8103677034378052,199.46902465820312,96.34553527832031
88.87359917163849,0,241.5359649658203,91.03206264972687
0,27.770669996738434,72.56965553760529,212.22933000326157
113.1392398476601,108.34989646077159,103.6443862915039,129.1439971923828
107.91350513696673,76.50802710652354,238.2187805175781,73.07141876220703
105.85402637720108,3.3998804390430735,224.3966064453125,109.18074798583984
0,40.15550711750987,122.24901920557022,199.84449288249013
88.01244142651558,3.5386147648096085,216.78553771972656,113.66244506835938
160.13471773266792,18.546572223305702,182.19143676757812,163.38072204589844
47.68427827954292,1.0910058170557022,297.6369934082031,109.07261657714844
56.45684602856636,1.7901711612939835,298.52374267578125,129.49655151367188
70.98158052563667,0,282.5907287597656,148.2225976139307
190.51473787426949,0,160.181640625,189.39426542073488
88.25678804516792,0,267.5526428222656,135.01327193155885
0.343702107667923,98.48930198140442,129.93255615234375,138.788818359375
98.63274171948433,71.41938239522278,206.27232360839844,99.29422760009766
89.73092439770699,1.2551215309649706,256.0764465332031,122.44901275634766
71.23850801587105,1.12288505025208,272.1949462890625,111.17417907714844
55.015958577394485,0,290.3383483886719,103.45223456807435
38.98461702466011,0,297.9955139160156,142.76407352183014
67.45298555493355,0,283.3603515625,143.4258676324971
51.01814058423042,0,298.88134765625,140.61008194857277
72.34304597973824,10.934183735516854,283.5669860839844,138.23731994628906
49.927533894777355,1.0629679152044105,297.732421875,112.69648742675781
90.68984773755079,0,258.6678771972656,162.0421625563177
121.02241304516798,6.938988993002567,211.8492431640625,155.419921875
61.91871431469923,2.7953122351900674,276.77569580078125,133.47540283203125
93.70497682690626,0,250.27952575683594,176.7418072913424
31.63142183423048,8.339386616862612,325.52392578125,131.28428649902344
98.1597726643086,1.642128621257143,259.3363037109375,134.69857788085938
115.31671693921095,0,243.07557678222656,152.11810365787824
105.74164369702345,18.888481455403962,250.3773956298828,213.28504943847656
32.40508821606642,0,321.5004577636719,133.20746644075552
77.80146577954298,0,277.4832763671875,134.4484674122723
53.5977456867696,1.0275021387533911,301.2455139160156,115.00265502929688
32.689695149660224,2.9523831201987036,318.3434143066406,140.525390625
80.25854280591022,1.6704846216635474,274.5896911621094,120.28578186035156
59.707578450441474,0,232.26248168945312,108.58198745979831
70.28948763012897,0,282.3822937011719,140.51846412784835
48.96529939770704,0,309.5402526855469,99.53640796724443
68.0373361408711,0.6885454753214617,284.20196533203125,171.8087921142578
88.69352510571491,7.761467228251206,266.2652587890625,221.78660583496094
109.1376855671407,0,249.6516571044922,224.2748949626262
