319.0,185.0,67.0,56.0
334.62181091308594,181.698091506958,42.95576477050781,58.16929244995117
333.6492156982422,182.72966957092285,39.30564880371094,55.24912643432617
334.8016815185547,180.84114837646484,38.37371826171875,54.73577880859375
323.4213390350342,180.50892639160156,52.03586196899414,54.01643371582031
304.5968360900879,197.3051357269287,68.3163833618164,37.76616287231445
303.26010513305664,193.2362060546875,70.50878143310547,40.924896240234375
302.82519912719727,189.72607231140137,70.18074798583984,44.007144927978516
299.3795280456543,183.97471046447754,68.83704376220703,51.1135368347168
296.97180938720703,183.93050003051758,71.56597900390625,47.817115783691406
296.1212272644043,183.86573219299316,69.5551528930664,46.11423873901367
294.7309875488281,182.46081924438477,69.76547241210938,47.85552215576172
292.2814254760742,180.54011154174805,70.06599426269531,48.35443878173828
290.0482749938965,179.01827430725098,70.79271697998047,49.17000961303711
289.63733291625977,180.80871391296387,68.81841278076172,46.66647720336914
290.9721565246582,178.12095069885254,63.819297790527344,51.45626449584961
287.48032569885254,175.11506462097168,63.91303634643555,50.892459869384766
283.06102752685547,160.92857551574707,71.61039733886719,63.5402946472168
282.0097312927246,171.02518463134766,70.9163589477539,51.26531982421875
281.00122833251953,173.0529556274414,67.40628051757812,48.31800842285156
279.3718910217285,152.18932723999023,70.9725570678711,71.08802032470703
281.2797508239746,166.69254875183105,68.31815338134766,53.50601577758789
298.6896781921387,151.2800636291504,49.58789825439453,55.35742950439453
277.25474548339844,150.95342445373535,68.28871154785156,63.27073287963867
281.1229953765869,148.2820816040039,63.87826156616211,66.37809753417969
269.73487854003906,146.2798614501953,72.12129211425781,69.0498046875
270.9158935546875,143.87799072265625,70.77018737792969,78.21759033203125
270.83948135375977,139.72039794921875,71.09452056884766,78.52239990234375
277.55190086364746,140.55883407592773,63.308109283447266,68.70435333251953
280.52889823913574,137.4100456237793,60.50380325317383,71.6753921508789
267.07615661621094,136.75200080871582,73.0804443359375,62.597164154052734
268.16862869262695,130.3061180114746,72.6274642944336,79.53089141845703
265.79187393188477,152.30606651306152,65.05477142333984,63.99489212036133
264.19311141967773,141.61488342285156,69.9517593383789,47.81884765625
265.37148094177246,137.6173152923584,61.33084487915039,45.15266799926758
264.9984321594238,128.25619888305664,72.69490814208984,48.05158233642578
265.64392852783203,129.23798179626465,73.90962219238281,45.84199905395508
264.4290885925293,124.3540153503418,74.5981674194336,47.92145538330078
262.9410820007324,123.91295433044434,66.83806610107422,49.907718658447266
263.6785144805908,128.37857627868652,49.78988265991211,44.6385383605957
291.33448028564453,119.24693298339844,48.47015380859375,47.72119140625
263.65600204467773,117.25237274169922,76.2725601196289,47.59819030761719
264.69737243652344,118.38193702697754,76.2000732421875,46.095149993896484
264.0173530578613,113.92325210571289,77.38729095458984,49.818214416503906
267.94116973876953,112.06366920471191,74.67877197265625,48.12845993041992
273.9873847961426,111.64214897155762,68.7134017944336,63.5009651184082
291.9742031097412,112.43971252441406,51.11647415161133,62.95716857910156
298.65362548828125,107.89083862304688,43.32945251464844,64.32295227050781
294.60866355895996,106.45950317382812,48.8443489074707,64.86294555664062
269.7851371765137,99.8573112487793,74.87699127197266,69.66919708251953
300.81063652038574,104.21380615234375,42.462650299072266,68.5167236328125
292.3447017669678,100.92596435546875,51.38728713989258,51.02142333984375
302.98840713500977,99.74657821655273,43.913475036621094,43.386878967285156
308.6795597076416,101.12125587463379,38.98554611206055,41.5411491394043
306.99038314819336,100.39326286315918,39.02466583251953,38.72047805786133
307.5499782562256,98.26272392272949,38.4896125793457,38.7451057434082
270.5930938720703,126.94758033752441,54.07794952392578,33.042049407958984
260.2933654785156,118.76799297332764,50.33098602294922,27.488245010375977
308.5309352874756,98.96572875976562,36.274044036865234,34.95947265625
309.54683685302734,97.69158554077148,39.059181213378906,35.482749938964844
312.7508659362793,96.57065200805664,33.31413269042969,38.72388458251953
312.6851463317871,96.97462463378906,38.28605651855469,37.83561706542969
313.8218078613281,96.28977584838867,37.28679656982422,36.783790588378906
318.39742279052734,95.3393783569336,32.79314422607422,40.03955078125
313.99842834472656,94.73538398742676,34.43645477294922,34.542415618896484
314.91233253479004,95.10795211791992,35.33406448364258,33.352760314941406
320.95277404785156,93.48634910583496,28.79199981689453,41.78085708618164
318.02314949035645,92.79533386230469,32.184207916259766,40.49090576171875
317.0737018585205,92.20676803588867,34.60914993286133,39.32001495361328
320.38197135925293,92.03990364074707,32.39811325073242,39.83543014526367
322.5332202911377,91.14250564575195,30.51236343383789,37.932899475097656
319.12681674957275,91.57415580749512,24.129873275756836,41.91916275024414
319.68709564208984,89.38882350921631,24.15239715576172,28.319543838500977
321.0336027145386,88.82348251342773,21.945405960083008,18.611465454101562
315.54023838043213,68.33093547821045,31.814367294311523,24.185312271118164
320.1411190032959,87.44102382659912,27.410259246826172,22.96159553527832
323.27268981933594,85.37227630615234,21.681167602539062,20.856582641601562
323.10136699676514,86.44610023498535,20.650468826293945,18.992717742919922
326.29474449157715,85.99093723297119,23.012920379638672,15.974691390991211
325.8717317581177,103.70869636535645,24.62428855895996,21.518375396728516
305.7100534439087,116.97407817840576,28.05238151550293,23.564470291137695
300.07664585113525,122.52497673034668,30.653196334838867,23.496440887451172
302.60179805755615,115.05178451538086,26.080568313598633,31.017677307128906
302.837908744812,115.09263610839844,30.111413955688477,27.19286346435547
302.09035301208496,113.74577617645264,29.23592758178711,29.257638931274414
304.9744167327881,115.06237030029297,26.142406463623047,29.103271484375
305.8961601257324,113.0944414138794,34.31439208984375,28.432485580444336
327.6457109451294,83.11104202270508,29.045225143432617,43.34007263183594
307.9348773956299,104.26590919494629,37.850032806396484,35.64628982543945
326.76416015625,84.39803695678711,39.56959533691406,37.919471740722656
306.039005279541,99.83939743041992,38.00090789794922,41.15465545654297
327.833438873291,79.79353332519531,39.442115783691406,40.051483154296875
328.9641227722168,80.34792900085449,35.89299774169922,40.7917366027832
329.7098731994629,79.57455444335938,34.218299865722656,42.61811828613281
329.7779712677002,78.57866477966309,35.27134323120117,42.72700881958008
329.20332527160645,78.96638679504395,42.30990219116211,40.8435173034668
329.69843101501465,79.6273136138916,36.08623123168945,40.448238372802734
328.11132621765137,79.28877830505371,36.847354888916016,33.22500991821289
327.22914123535156,78.94376945495605,36.15116882324219,34.28944778442383
330.6986885070801,75.93112182617188,32.101829528808594,41.877899169921875
332.57016944885254,77.10418891906738,30.757946014404297,43.27094650268555
331.62120723724365,77.27864265441895,30.366167068481445,41.11513900756836
308.02076148986816,109.58587455749512,35.45283126831055,29.80563735961914
304.61616802215576,110.10879135131836,31.82139015197754,33.14423370361328
304.7492733001709,110.90745258331299,39.28163528442383,29.07289695739746
308.121768951416,89.03741836547852,40.799522399902344,50.73731994628906
327.6918754577637,76.93079948425293,35.45978546142578,43.427425384521484
330.561315536499,76.61678123474121,32.663150787353516,40.80521774291992
309.3002815246582,95.37017440795898,42.59552001953125,45.80488586425781
327.79841232299805,75.0231761932373,36.3509521484375,48.53640365600586
332.5346326828003,76.54116439819336,30.11760139465332,43.25868225097656
330.61189556121826,76.52154922485352,31.788057327270508,42.12852478027344
332.57457542419434,78.47518920898438,31.009838104248047,39.20459747314453
308.55048179626465,97.93762397766113,42.94670486450195,43.96036148071289
319.80188941955566,79.98932266235352,46.66935348510742,43.887420654296875
329.3672122955322,76.5813159942627,34.987972259521484,54.750431060791016
325.02201080322266,79.31468200683594,37.72132873535156,57.775794982910156
332.1769371032715,75.97096252441406,33.096275329589844,64.19303131103516
316.3799419403076,78.03610801696777,48.8254280090332,44.319942474365234
307.66226387023926,105.71844863891602,52.582393646240234,40.74961853027344
310.0354862213135,96.63117980957033,46.814449310302734,51.015922546386705
324.6151809692383,78.32581520080565,40.860992431640625,48.86906814575195
325.8380527496338,101.86680412292479,33.66616439819336,51.175930023193374
323.1559658050537,81.9135570526123,53.09915542602539,51.73770523071289
305.70593643188477,103.65485382080078,55.29730987548828,49.47038269042969
306.48697662353516,82.5232620239258,62.24407958984375,68.96159362792967
305.8923454284668,103.43058586120605,59.162010192871094,50.711612701416016
305.9293022155762,105.3825798034668,61.562156677246094,52.45574188232422
321.04393005371094,83.01656341552734,43.494140625,70.43008422851562
303.4012870788574,84.38634872436523,62.95140838623047,75.74176788330078
304.0472183227539,106.48893356323242,64.7984619140625,54.82917022705078
302.8511657714844,84.92870712280272,64.40847778320312,79.11821746826173
303.1296043395996,90.88084983825684,66.18659210205078,58.80929946899414
302.11639404296875,85.08852767944336,70.41986083984375,78.78243255615234
302.6371307373047,87.33531188964844,72.0225830078125,78.21662902832031
303.17740631103516,84.69851684570312,62.37812805175781,75.81565856933594
300.98043060302734,109.0978775024414,69.36665344238281,55.2935791015625
305.043664932251,88.29048156738281,57.61185836791992,65.70578002929688
309.21631622314453,110.56433486938477,60.55763244628906,57.46965789794922
316.040807723999,90.24190139770508,53.65532302856445,78.89994049072266
315.6669616699219,90.69687271118164,48.43049621582031,74.75672149658203
316.7721767425537,91.85147857666016,54.05147171020508,77.9609375
312.94824981689453,88.40074729919434,54.324981689453125,61.10786819458008
317.9386577606201,92.40072250366211,47.96805191040039,78.38721466064453
311.77710914611816,90.99720001220703,58.700618743896484,78.99951171875
295.713436126709,108.83404541015625,73.68697357177734,64.11955261230469
299.69648361206055,115.0659294128418,70.69335174560547,56.944541931152344
316.0748291015625,110.95056533813477,52.92124938964844,60.52312469482422
308.34387016296387,90.11301612854005,51.9400520324707,53.28123092651366
318.5271797180176,117.06506156921387,50.395896911621094,55.196170806884766
312.122127532959,93.74972534179689,40.74347686767578,65.84576416015624
310.1070899963379,94.03523445129395,48.488746643066406,53.73273849487305
311.30576515197754,94.62114143371582,39.419429779052734,53.50230026245117
313.1834182739258,95.13359260559082,36.76200866699219,58.1638298034668
311.9879570007324,116.93351936340332,54.838401794433594,56.65256881713867
305.9423084259033,95.3227367401123,46.65970993041992,54.19845962524414
309.175085067749,120.63152313232422,57.2680549621582,54.97608947753906
285.42514419555664,125.36385345458984,81.01802825927734,49.10009765625
305.7416305541992,97.65339660644531,51.29289245605469,67.18434143066406
283.21817779541016,120.50570106506348,83.41236877441406,57.284542083740234
282.6190528869629,110.6086654663086,85.87096405029297,67.66082763671875
285.2452564239502,96.3278579711914,58.95730209350586,75.54470825195312
304.25953674316406,100.82079315185547,42.3228759765625,72.49325561523438
296.33968925476074,102.40690231323242,49.6008186340332,64.40491485595703
300.68323516845703,103.27445983886719,45.40296936035156,61.48109436035156
302.7818298339844,104.01331329345703,41.60101318359375,55.88310241699219
304.7590618133545,105.52458381652832,38.587833404541016,61.53347396850586
302.3501205444336,105.18690872192383,40.23930358886719,63.45154571533203
301.53049659729004,108.12709617614746,42.32368087768555,60.84294509887695
301.0436096191406,109.40635108947754,46.29191589355469,55.565425872802734
277.89623641967773,124.23666381835938,84.14147186279297,58.904083251953125
299.1375675201416,109.86144256591797,58.182674407958984,67.81044006347656
278.46265411376953,133.51788330078125,82.83049011230469,52.57073974609375
288.5525245666504,112.38386917114258,56.21221160888672,69.21192169189453
279.601863861084,113.87621688842773,68.8849868774414,68.6216812133789
278.199951171875,127.20584297180176,82.79934692382812,59.714107513427734
285.0609588623047,114.34381103515625,65.1629638671875,70.68576049804688
276.9940757751465,125.87325286865234,82.56824493408203,64.64289855957031
279.5568084716797,114.33268737792969,79.11264038085938,68.4205322265625
276.21016693115234,129.5941047668457,79.49586486816406,63.42870330810547
274.0475311279297,116.84191513061523,76.77108764648438,77.11249542236328
277.2003288269043,105.5515365600586,64.76087188720703,90.37825012207031
274.0738220214844,119.486083984375,67.8115234375,112.78189086914062
261.3135871887207,122.74328231811523,82.4081039428711,105.19971466064453
257.8275718688965,120.75726699829102,90.39673614501953,114.69991302490234
270.7712516784668,116.19787979125977,81.3376235961914,124.87581634521484
275.6969337463379,118.07205963134766,78.68697357177734,75.40660095214844
271.8571891784668,122.25995635986328,80.5119400024414,107.01564025878906
273.9008903503418,126.37290954589847,79.91117095947266,122.54965209960938
122.67182159423831,168.8909072875977,115.50749206542969,52.00199890136719
178.8478469848633,151.58362770080572,73.16477966308594,54.31748580932617
186.77582168579102,164.60176658630377,62.132347106933594,33.79191970825195
190.75539207458496,166.88500404357916,59.31967544555664,29.204021453857422
194.1167221069336,164.0433902740479,59.13737487792969,30.12765121459961
198.89888763427734,159.50856971740728,60.1953125,32.989742279052734
203.74248695373535,160.6142435073853,59.54964828491211,30.206464767456055
207.09720039367676,159.53060054779058,59.229793548583984,30.364992141723633
214.97992515563965,156.77233219146734,56.016605377197266,31.624570846557617
216.66544342041016,156.48905467987066,58.751251220703125,29.5117130279541
219.95208168029785,155.1326179504395,58.40888595581055,29.23119354248047
224.5904369354248,153.60205745697027,55.325870513916016,28.520036697387695
228.1221981048584,152.6661806106568,51.90573501586914,27.526769638061523
232.9695987701416,151.83775138854986,46.502437591552734,26.410907745361328
236.68704414367676,149.5505390167237,43.74189376831055,26.607784271240234
241.76484870910645,148.64913654327398,38.63198471069336,26.636083602905273
245.61114120483398,146.83524513244635,34.662513732910156,26.95151138305664
250.95483875274658,145.5435876846314,30.363134384155273,26.281721115112305
254.8991289138794,144.66178894042974,25.540273666381836,26.42760467529297
259.2009439468384,149.06473922729498,22.0053768157959,20.316650390625
263.43159103393555,149.53412628173834,17.566970825195312,18.760910034179688
267.6074252128601,150.0516090393067,13.613327980041504,18.249862670898438
273.26680850982666,142.92672252655035,24.765562057495117,21.074533462524414
272.88394927978516,167.32622241973883,22.77385711669922,19.279043197631836
271.2565631866455,172.54888153076178,14.87575912475586,31.17572784423828
239.14758396148682,165.06311702728277,27.226415634155273,20.11876106262207
244.59490394592285,164.1364240646363,25.853282928466797,20.029016494750977
248.00579738616943,163.506838798523,26.25542640686035,20.219087600708008
253.37960529327393,161.98261451721197,28.76515769958496,20.15610122680664
257.26583099365234,161.50541210174566,26.179901123046875,22.9916934967041
254.3426055908203,182.93103981018072,26.295547485351562,40.105098724365234
254.31818962097168,186.22584724426275,28.168323516845703,49.74039840698242
253.79097366333008,178.08034515380865,29.64214324951172,58.1925048828125
252.8683795928955,177.4761295318604,34.24729537963867,58.57950973510742
252.4828758239746,177.07485008239752,34.490501403808594,59.4827766418457
252.27196884155273,177.4066886901856,31.90937042236328,59.38629913330078
250.35766792297363,176.53197479248053,40.12575912475586,60.531341552734375
250.62530136108398,175.2677783966065,38.051551818847656,63.04533004760742
249.47981643676758,176.64288139343267,36.700660705566406,62.69772720336914
