83.0,200.0,35.0,131.0
81.11982917785645,198.74986267089844,57.98318099975586,133.65597534179688
77.66265869140625,198.51342010498047,66.71575927734375,133.0308380126953
74.57040214538574,209.11801147460938,51.559207916259766,135.1339111328125
79.85749053955078,199.6835174560547,68.53260803222656,132.36996459960938
84.98776626586914,199.73037719726562,78.48210906982422,133.61935424804688
76.82998275756836,198.1039047241211,95.8218765258789,136.60963439941406
7.871089935302734,213.8977928161621,84.7171401977539,112.2161636352539
5.836990356445341,219.4073715209961,82.9298095703125,104.31517028808594
75.64711761474612,200.57488250732422,75.56831359863281,134.7172393798828
80.0334053039551,201.2737579345703,76.64836883544922,141.11663818359375
66.93753433227539,198.64126586914062,112.45586395263672,138.41854858398438
83.92305374145508,199.65982055664062,120.2004623413086,145.757568359375
81.52969360351562,204.1312484741211,120.42279052734375,131.4784698486328
83.28813552856445,219.13700103759766,106.2458724975586,118.53672790527344
90.70999908447266,202.84842681884766,101.73417663574219,137.72059631347656
115.59183502197263,201.31929779052734,90.18229675292969,141.7981719970703
112.36330795288083,197.8557357788086,89.37479400634766,138.3116912841797
110.85938262939453,199.28848266601562,95.83375549316406,138.70718383789062
124.79882431030273,197.19935607910156,87.09558868408203,139.68853759765625
151.23978424072268,198.19277954101562,55.51872253417969,139.73760986328125
81.70122909545901,191.6231460571289,124.70130157470703,152.7993621826172
79.72872161865237,162.4757080078125,198.77833557128903,209.86175537109375
210.76962280273432,203.5219650268554,352.27294921875006,136.43849182128906
127.90509796142578,149.47463226318354,96.30561828613281,213.1121368408203
74.56999206542969,67.821548461914,231.43060302734375,211.51358032226562
215.7156524658203,0,282.4107666015625,211.2284317016601
95.62075805664062,37.42201614379883,154.50546264648438,316.8006591796875
200.16749572753906,141.3941307067871,365.8818359375,186.7496795654297
43.53703308105469,291.2664985656738,592.173583984375,188.73350143432617
5.1977691650390625,242.6768741607666,614.6124877929688,209.69119262695312
15.900131225585938,311.2765522003174,558.1854248046875,166.52894592285156
134.83586502075195,7.118371963500977,127.49828338623047,327.3258361816406
33.27433776855469,73.59932136535645,553.84228515625,189.72251892089844
149.26797485351562,11.188043594360352,223.13760375976562,259.9109191894531
109.83209228515625,34.19204139709473,163.17922973632812,316.4742126464844
62.31761169433594,64.40090370178223,456.51239013671875,317.1886901855469
27.68946838378895,239.93125343322743,573.982421875,240.06874656677257
109.28012847900379,12.971272468566838,208.4702911376953,360.15618896484375
46.71498107910145,303.73589801788324,527.0252685546875,169.40928649902344
151.8969726562499,16.329533576965275,152.03860473632812,348.0460510253906
102.56755065917957,18.61111927032465,155.899658203125,283.5323181152344
84.22505187988264,172.08295917510975,220.46929931640625,212.86048889160156
203.34382247924788,42.95825672149647,102.07855987548828,299.2974548339844
163.7557067871092,15.127072334289437,277.1778259277344,209.7183074951172
165.1596832275389,1.6058092117308433,128.6932373046875,313.4731140136719
61.12306213378889,58.47305774688709,446.0709228515625,299.8034973144531
67.30030822753889,0,541.272216796875,213.18793964385975
93.98173522949202,24.00650644302368,352.42584228515625,432.049560546875
100.64265441894514,209.8988175392151,499.31335449218744,255.1639862060547
68.19695281982399,1.2823700904846191,192.7616424560547,393.9504699707031
52.60752868652321,299.89201974868774,514.1644897460938,172.71432495117188
129.91933441162087,4.931906223297119,163.29685974121094,334.4233093261719
171.30419921874977,3.1562867164611816,175.55496215820312,328.84747314453125
63.748062133788835,40.01080942153931,526.0438232421875,290.45428466796875
64.7954864501952,287.76318979263317,524.5771484375,189.34320068359375
144.4413146972655,4.994970798492545,237.23947143554688,296.23638916015625
219.04323577880848,12.46045541763317,143.27659606933594,305.3905029296875
189.2238311767577,23.508108615875358,163.72509765625,300.1855163574219
78.57777404785145,52.22638559341442,497.9443359375,284.619384765625
23.2232208251952,25.686071872711295,603.453369140625,396.06854248046875
0,238.13544321060203,635.3478851318359,231.9517822265625
42.99950408935547,265.86598825454735,566.4677734375,200.96554565429688
178.01622009277344,1.8846650123598465,200.06178283691406,291.7674865722656
218.63808441162115,21.55052804946928,149.49005126953125,262.1133728027344
46.41747283935558,86.54164743423496,552.7218017578125,230.32485961914062
0,232.04076242446934,638.3610153198243,247.95923757553066
0,227.7160446643831,640,212.45254516601562
0,235.62508702278154,617.2116088867188,244.37491297721846
14.2049560546875,281.1571708917619,601.1920776367188,184.6698760986328
4.09051513671875,245.09893572330486,622.7973022460938,217.85202026367188
9.977111816406136,273.76932299137115,610.8203735351562,190.78785705566406
10.726165771484261,91.67776262760162,622.6610107421875,377.9979553222656
190.87028503417957,25.787137627601624,371.6112976074219,435.4707336425781
50.480346679687386,249.36533892154694,548.9234008789062,230.63466107845306
5.866271972656136,256.56855660676956,602.0104370117188,207.0915069580078
10.373168945312386,114.64099770784378,624.4484252929688,365.3590022921562
390.6363372802733,0,249.36366271972668,339.54361286759377
277.75804901123047,26.680635169148445,362.24195098876953,351.2420349121094
373.23647689819336,0.5040909796953201,204.64642333984375,473.4073791503906
482.80603408813477,0,157.19396591186523,322.5071122199297
378.8091068267822,5.44326863437891,115.33436584472656,375.1785583496094
463.6152286529541,4.925370074808541,148.8303985595703,234.23492431640625
409.8799686431885,49.116501666605416,165.3964385986328,167.04437255859375
488.7220821380615,3.395378924906197,125.90032196044922,232.3314666748047
536.9366512298584,177.61277089267963,103.0633487701416,149.65687561035156
526.1031827926636,220.08205495029688,113.62738037109375,105.07658386230469
546.9737539291382,219.43789372593164,93.02624607086182,106.68817901611328
536.8246684074402,226.01246342808008,101.69407653808594,101.8278579711914
505.4057078361511,217.3706482425332,130.06410217285156,108.70624542236328
514.6381297111511,208.43259129673243,125.36187028884888,116.1667709350586
461.2879674434662,214.89346776157618,164.65139770507812,114.5338363647461
459.23634696006775,215.5862473025918,167.06610107421875,112.48506927490234
473.5228536128998,204.66872487217188,161.3456268310547,130.29258728027344
469.3879659175873,223.4220512881875,167.9795379638672,103.13847351074219
476.7094838619232,214.91345296055079,161.45753479003906,117.82913208007812
435.91965079307556,219.28862080723047,193.608642578125,113.39892578125
446.7955358028412,214.46404729038477,184.39068603515625,118.07157135009766
416.0091893672943,213.72603306919336,207.36285400390625,125.25713348388672
452.46796774864197,228.9738548770547,182.8306121826172,101.41572570800781
364.367812871933,198.50524220615625,72.94107818603516,175.30332946777344
367.42901396751404,197.74351582676172,43.03727340698242,148.74755859375
357.8447377681732,199.540882922709,44.40647888183594,122.21080780029297
350.8404233455658,204.36487660557032,59.905677795410156,128.7222137451172
345.2871377468109,196.84095082432032,61.54453659057617,153.62403869628906
350.1486032009125,219.9296425357461,59.86384201049805,130.84585571289062
351.44839453697205,200.2649696841836,67.86566925048828,150.078369140625
336.03258872032166,204.80217061191797,90.07725524902344,146.0572509765625
341.82798743247986,223.15673909336329,86.8956069946289,128.48873901367188
310.02753043174744,215.06517872959375,108.90463256835938,154.9288787841797
330.7900884151459,179.70519337803125,175.10931396484375,182.36021423339844
391.2541844844818,47.81523213535547,105.57785034179688,296.947021484375
500.7306287288666,7.268509723246098,121.36421966552734,238.98052978515625
433.1902348995209,2.974549151957035,139.848876953125,264.5230407714844
471.81635642051697,13.569352008402348,155.41969299316406,307.126708984375
220.11362051963806,66.65429768711329,387.9892272949219,315.6340026855469
80.60307669639587,0,244.62384033203125,401.55018696933985
326.2130925655365,142.39669840410352,179.8985595703125,238.7390899658203
97.258624792099,93.75179331377149,521.0850219726562,178.76400756835938
1.255878210067749,191.09799997881055,325.11767578125,168.33306884765625
0,208.79579203203326,333.3820226192475,150.9748992919922
0,219.24488108232623,319.48330867290497,140.46966552734375
6.490601480007172,213.77166025713092,331.0144958496094,146.14108276367188
0,220.809891153127,334.3689278960228,139.31578063964844
336.056442707777,87.1160663850606,142.48931884765625,272.70477294921875
246.36482283473015,35.218483377248106,339.260986328125,320.5228271484375
1.7877506911754608,187.293777871877,338.5653991699219,181.7108612060547
0,206.5170139558614,356.31587263941765,145.0808563232422
386.95925925672054,196.94324534013873,76.81227111816406,169.4495849609375
356.1339113563299,185.8476566560567,171.98243713378906,171.3588409423828
239.3648912757635,108.65599863603717,379.4508361816406,284.9898986816406
0,189.10574381425982,363.49874137341976,165.7595977783203
425.6651765033602,134.54839365556836,107.71135711669928,257.3874206542969
287.69657146185637,89.06511728838086,119.10211944580078,270.9555358886719
14.73997127264738,208.4086078889668,364.6719665527344,141.7513427734375
165.05610286444426,116.29242746904492,398.0422668457031,227.52545166015625
18.940258137881756,180.96528666093946,374.7264099121094,176.6698455810547
20.17129146307707,151.83020823076367,561.6672973632812,194.3065185546875
368.0210076496005,0,185.50070190429688,336.2803882844746
28.637447468936443,214.66923161782324,387.98028564453125,134.59280395507812
179.9950524494052,16.754306996241212,283.46685791015625,181.2535858154297
434.4146157428622,111.02587529458106,149.7175750732422,264.9205322265625
256.4384270831942,67.4975320938974,266.0611877441407,238.51206970214844
55.046581380069256,189.53150578774506,367.8741149902344,170.33328247070312
372.0491448566317,7.563839161768442,165.23214721679693,333.69207763671875
63.11275874823332,221.8975183609872,372.33599853515625,126.17291259765625
300.8000146076083,10.577694142237192,260.98394775390625,337.852294921875
388.63624965399504,41.18914433754969,201.6088409423828,374.664306640625
91.4961510822177,137.31991978920985,381.08038330078125,220.7386932373047
391.786998860538,0.36217900551844195,206.33084106445312,276.75634765625
82.43742000311607,202.65839024819417,376.6629943847656,137.63023376464844
458.154918782413,1.6222650650886976,115.51107788085938,309.0923767089844
261.79775630682707,22.36233159340901,273.26043701171875,233.89141845703125
451.7104340717196,0,119.71425628662115,276.23688908852614
342.6501351520419,21.14841280598182,140.6234893798828,304.61102294921875
88.61205684393644,203.4960919441654,367.15191650390625,136.10731506347656
74.9757805988192,74.1979580940677,480.45346069335943,223.74172973632812
444.226207844913,2.3434506477786385,185.67990112304688,354.79840087890625
79.34479915350676,197.4471264900638,356.19805908203125,144.81724548339844
79.26151668280363,65.29663668293489,269.44842529296875,298.1737060546875
48.682018391788006,295.278471094556,537.0567626953125,184.72152890544402
66.24396907538176,0,539.870849609375,262.8278952152467
377.7599755451083,4.226600195514038,194.26657104492188,281.02874755859375
96.90975581854582,35.00070908223279,321.46923828125,280.19952392578125
431.2246209308505,2.4301677003968507,137.28750610351562,329.0567932128906
232.32241450995207,4.943076635943726,304.2122802734375,195.77389526367188
426.261364094913,0,143.01235961914062,269.89566757832654
462.1391831561923,2.7046544678742634,116.95514678955078,258.8662414550781
266.5161248371005,51.04944206553051,197.94818115234375,207.93374633789062
90.06965266913176,1.8201711304719197,402.617431640625,206.7904815673828
362.8139001056552,1.5277745850617634,159.31814575195312,473.9095764160156
43.354442708194256,49.34866691904614,578.92431640625,267.2807922363281
364.0284310504794,152.02304436045233,180.3561248779297,318.8795471191406
298.9250298663974,1.1005971558624879,267.90631103515625,230.18849182128906
446.7315713092685,0,165.54249572753906,302.3442113526399
482.17210399359465,0.562738305714447,111.71269989013672,243.58201599121094
308.67277919501066,12.607705957081635,244.0268096923828,219.4972686767578
140.55841457098722,17.94728267827304,194.6832733154297,297.54107666015625
391.29317485541105,122.00375545659335,121.13452911376953,221.82656860351562
486.4986802265048,11.213037377980072,120.25287628173828,239.37599182128906
436.9486962482333,22.985139733937103,130.66455078125,268.687744140625
335.8529931232333,12.820611840870697,212.72296142578125,192.6454620361328
438.4451028034091,8.08680904546054,177.7994842529297,309.0433044433594
461.72333919256926,0.5904253784683533,166.71682739257812,329.68646240234375
506.588024251163,0,132.47860717773438,277.8928850952652
515.4120446369052,5.829178753687302,118.608154296875,250.85403442382812
495.40026485174894,0.5288934143318329,129.16644287109375,243.9807891845703
455.75297176092863,22.015000286890427,184.24702823907137,303.6366271972656
423.47356229647994,24.863358441187245,199.590087890625,339.2292175292969
502.1748600564897,0,124.14379119873047,319.042496624781
296.84303861483926,26.81739089051544,312.0140991210938,321.59881591796875
389.4779415689409,15.747200460827912,152.82363891601562,348.44085693359375
129.14429288730025,62.6040577606326,458.6255187988281,261.5038757324219
0,231.2897038177615,630.6991787515581,248.7102961822385
15.099017171189303,14.659164653021492,243.5207977294922,339.29254150390625
123.05520918779087,15.73788474579493,220.14161682128906,366.2386169433594
195.44668105058383,0.8963167526308666,170.82400512695312,306.75537109375
75.25599196366977,22.258499369818367,486.251220703125,274.01171875
27.900614766404146,229.24675010224018,575.3309936523438,222.44061279296875
6.624705342576021,283.8857118942324,598.97998046875,190.49996948242188
0,273.1673052169863,607.3577070515604,183.67311096191406
24.283071055077073,269.52017997284565,615.716928944923,171.1701202392578
53.779413945507315,131.12969993134175,580.3721923828125,348.87030006865825
19.501887090038508,147.0688325096162,603.1563720703125,318.2681579589844
0,149.03251659164732,629.9061839650384,247.04525756835938
17.598569277441072,295.18706523666685,606.5676879882812,184.81293476333315
0,253.93761068229827,618.1313451563474,190.4607696533203
84.03491085942369,22.026058253099052,235.2010498046875,379.28875732421875
223.56265133793931,4.300731715013114,189.08026123046875,330.7008361816406
53.670256318408065,89.11180501823577,566.1133422851562,233.0340118408203
187.41166562016588,12.508281763841296,238.00711059570312,401.2674255371094
112.736159028369,47.30854421501317,332.1260681152344,359.9035949707031
72.09936398442369,303.97804647331395,519.05908203125,173.60047912597656
178.32943600590806,15.181392725755359,183.79656982421875,316.93402099609375
158.34715146000968,24.93709188347026,471.67300415039057,231.15907287597656
82.13641995366197,83.34037404899755,249.11936950683594,369.3942565917969
36.17077511723619,285.46271139030614,579.3050537109375,194.53728860969386
498.3157717603026,0.07716563167650747,141.4139862060547,408.5446472167969
206.1009508984862,8.315599469567132,222.4700927734375,302.9706115722656
198.63224667485338,10.351541547203851,278.7955627441406,245.38108825683594
265.5067126172362,42.88533213558276,136.630615234375,298.1173400878906
55.689482392626815,72.33713725032885,568.7883911132812,248.4050750732422
157.29724759038072,5.82455637874682,242.53294372558594,375.16485595703125
193.24440640385728,30.709550885582757,220.9615020751953,275.2679138183594
130.51032132084953,28.280427960778127,234.84019470214844,304.97723388671875
8.799444856005778,185.06092265071953,226.1587371826172,136.10386657714844
0,175.02005961361016,184.97283047612297,139.3303680419922
8.842097611108358,172.57361796321953,175.14971923828125,130.22300720214844
1.4944337317138263,101.29026225032891,55.43971252441406,233.18919372558594
121.06294187990719,72.00656321468438,64.8041000366211,143.20953369140625
5.339679093041951,130.01544382991875,58.642333984375,190.70965576171875
140.7599881598144,85.61141398372735,53.45235061645508,147.4644317626953
18.96651014772945,142.9332065862664,131.54742431640625,121.00071716308594
110.36673674074703,78.39953043880547,124.9953842163086,138.37269592285156
6.80219587770992,213.22711756649102,195.3189239501953,92.07592010498047
215.08897337404778,186.89286234798516,123.40644073486328,138.72911071777344
65.73289045778802,181.30795481624688,160.69993591308594,122.774169921875
12.46953901735833,200.20654871883477,192.62245178222656,95.66466522216797
244.31869444338372,196.57913401546563,97.81665802001953,116.65692138671875
280.1091798254638,176.73407938900075,84.74774169921875,148.69990539550778
333.5344422766357,191.73643687191088,157.67120361328125,119.0654296875
356.4952424475341,180.13076212825854,269.1764221191406,136.09812927246094
364.96722731081536,175.09268382015307,266.5002136230469,156.89932250976562
346.9556153723388,183.1044864934929,287.59478759765625,144.48130798339844
357.43948683229974,176.95295908870776,275.0436706542969,147.610107421875
350.1188691565185,182.73176768245776,284.5492248535156,142.52386474609375
345.0347932287841,168.34018137874682,283.9642639160156,148.49526977539062
349.9019807287841,179.35501292171557,283.6539611816406,148.94009399414062
346.6192811438231,181.82899668636395,290.79235839843756,151.3897705078125
342.3202546545654,181.93974497737963,287.63113403320307,157.0391845703125
338.0849641272216,188.81009104671557,297.4851379394531,143.64840698242188
359.1189149328857,202.7546024602898,275.12994384765625,136.7797088623047
