162.0,188.0,34.0,84.0
156.79964447021484,174.43753051757812,46.48118591308594,98.14183044433594
156.88902473449707,172.3277244567871,47.76241683959961,102.57170867919922
158.07746696472168,169.2109031677246,46.88577651977539,107.4804916381836
157.18100547790527,166.34881973266602,47.61677932739258,106.49356842041016
159.1253604888916,172.7538185119629,44.63520431518555,105.78565216064453
156.77873420715332,171.58030700683594,37.24074935913086,100.34471130371094
155.5569019317627,167.25706100463867,45.04948043823242,105.86734771728516
152.6499843597412,169.1130714416504,41.541019439697266,102.85222625732422
148.66860389709473,169.32327270507812,43.519222259521484,102.42538452148438
157.697904586792,182.2489776611328,34.90239334106445,86.76235961914062
158.96442127227783,187.10406112670898,28.5383358001709,84.8380355834961
157.94160079956055,182.20813369750977,53.572532653808594,86.1205825805664
159.13612461090088,181.95937728881836,31.317853927612305,90.64720916748047
159.68528747558594,192.66768264770508,28.963623046875,76.9876937866211
159.68050384521484,184.67174530029297,26.798934936523438,86.66624450683594
157.97875118255615,199.53205108642578,27.360963821411133,72.76034545898438
159.2526912689209,202.88129425048828,27.48892593383789,68.48834228515625
158.51674270629883,187.76656341552734,28.883094787597656,84.50852966308594
157.3654613494873,207.37903213500977,49.85847854614258,61.649314880371094
159.16033935546875,192.617431640625,42.026763916015625,81.05874633789062
155.12528610229492,203.61877822875977,48.60497283935547,70.09740447998047
158.58572959899902,204.59622955322266,44.58328628540039,68.24421691894531
154.87373542785645,218.26618003845215,35.39146041870117,60.257205963134766
165.60581588745117,194.90972518920898,23.83380889892578,77.42243194580078
155.89101600646973,215.17593955993652,35.25840377807617,59.54495620727539
163.7353858947754,194.40251922607422,35.40001678466797,79.46836853027344
168.56340217590332,206.54112243652344,32.08077621459961,64.3448486328125
162.95801734924316,217.66422271728516,36.63039779663086,48.733612060546875
158.20751953125,194.44519805908203,42.51531982421875,76.56475830078125
160.34246444702148,216.9433937072754,42.291404724121094,63.03791046142578
165.71078300476074,196.42168045043945,33.46213150024414,71.97362518310547
167.94378280639648,192.99052810668945,28.89545440673828,77.41350555419922
162.02359771728516,213.21479988098145,43.846954345703125,60.9179801940918
160.55338668823242,195.18334197998047,35.753395080566406,76.87693786621094
161.7263126373291,193.0097885131836,32.554622650146484,80.29159545898438
163.0267276763916,193.26736068725586,31.33858871459961,77.25139617919922
158.9899616241455,202.73097229003906,42.79948043823242,66.01705932617188
158.1884479522705,219.26933479309082,46.37723922729492,58.11680221557617
156.99924659729004,196.06924057006836,35.02000045776367,82.80472564697266
155.3567657470703,201.03261184692383,39.97016906738281,71.13555145263672
154.7986545562744,200.36282348632812,41.446712493896484,67.97773742675781
153.75602340698242,193.07398223876953,40.51830291748047,78.80413818359375
154.57263946533203,194.79965591430664,41.469146728515625,77.2740249633789
143.26098823547363,212.51944541931152,50.55105209350586,60.64909744262695
157.61361694335938,190.52239990234375,39.77313232421875,82.24154663085938
144.3040256500244,205.61380767822266,42.97024154663086,66.70111083984375
142.44500350952148,207.86391830444336,44.74437713623047,70.53398895263672
141.53587341308594,211.54945373535156,45.6226806640625,64.43328857421875
144.03539657592773,208.98456192016602,45.29570770263672,66.20551300048828
148.60706329345703,193.66198348999023,37.00230407714844,80.3018569946289
153.8906307220459,192.55283737182617,33.60258865356445,84.29833221435547
140.6093235015869,205.46012115478516,41.889034271240234,71.99440002441406
141.07104110717773,204.0680389404297,41.926002502441406,71.3426513671875
138.1314811706543,204.50869750976562,42.666160583496094,73.39610290527344
142.05332946777344,201.2440185546875,47.77369689941406,75.07574462890625
142.1891384124756,194.67542266845703,38.359745025634766,80.72103881835938
140.8998146057129,192.81801986694336,39.58086395263672,80.5582046508789
138.67078399658203,185.50960159301758,38.20411682128906,89.71417999267578
137.7491626739502,190.1495132446289,39.839290618896484,83.25669860839844
142.5453395843506,186.13525390625,34.060367584228516,86.4892578125
143.60616207122803,185.3862190246582,28.414552688598633,85.8499984741211
144.60516548156738,184.62932968139648,25.77840805053711,86.7876968383789
142.75286388397217,185.69414520263672,29.73540687561035,84.85188293457031
138.10507202148438,186.62847137451172,36.17015075683594,84.00384521484375
142.80254936218262,186.476318359375,33.0926399230957,90.42160034179688
131.72522354125977,186.5848503112793,37.01941680908203,93.33504486083984
131.16706657409668,186.36728286743164,41.59343338012695,90.4703598022461
134.0232810974121,185.10183334350586,43.232826232910156,89.9113540649414
134.4431552886963,199.30019760131836,56.00983810424805,78.02515411376953
134.1170253753662,184.22628784179688,40.16279983520508,93.48707580566406
140.95126342773438,183.21512603759766,43.508697509765625,94.95709228515625
133.29840660095215,182.06068801879883,45.96376419067383,94.09685516357422
135.80260848999023,186.57456588745117,46.651222229003906,89.80970001220703
151.01199913024902,182.0074920654297,34.99336624145508,97.51483154296875
143.64530563354492,185.07898712158203,41.069557189941406,96.86947631835938
146.66073608398438,181.91875839233398,48.283782958984375,102.84149932861328
158.50479888916016,180.23406600952148,34.01054382324219,105.27411651611328
143.28374671936035,197.02791213989258,49.095455169677734,88.6946029663086
152.32163619995117,192.42778396606445,40.52593231201172,92.99816131591797
157.96470260620117,181.10784149169922,36.716148376464844,107.56629943847656
159.9612159729004,190.01245498657227,43.153846740722656,105.69017791748047
161.77190017700195,198.7295379638672,52.004798889160156,82.19808959960938
170.44868850708008,177.16553497314453,35.19641876220703,114.67544555664062
178.79595756530762,191.22929763793945,37.87810134887695,91.29712677001953
180.151123046875,188.76355743408203,40.29949951171875,87.89114379882812
186.01908683776855,199.07986068725586,43.64125442504883,81.01941680908203
184.36518669128418,205.944580078125,48.66301345825195,76.63801574707031
185.4197006225586,185.37251663208008,41.55213928222656,105.90950775146484
187.3468246459961,201.8304100036621,54.84165954589844,89.77161407470703
186.3533821105957,186.74172592163086,42.186607360839844,89.60802459716797
193.89086723327637,187.00639724731445,48.35660171508789,90.72779083251953
189.33221054077148,191.70681381225586,44.785179138183594,87.65343475341797
193.4752712249756,193.32123565673828,52.18222427368164,85.11669921875
184.5972728729248,191.90975189208984,52.319278717041016,89.72732543945312
195.05315780639648,193.36555862426758,51.21875762939453,86.36270904541016
191.24030876159668,187.74652481079102,55.82876968383789,90.4727554321289
194.9784336090088,205.56191635131836,54.6540641784668,75.24010467529297
195.3788356781006,181.5595817565918,50.09309768676758,98.34583282470703
191.2203712463379,200.54197692871094,61.41063690185547,78.7244873046875
188.01165771484375,187.7991943359375,65.91357421875,94.65164184570312
191.66970443725586,174.66055297851562,44.78040313720703,112.81210327148438
193.26019096374512,181.05680465698242,39.77353286743164,100.93521881103516
192.22694778442383,197.1076202392578,42.76386260986328,77.83233642578125
208.0875473022461,222.19042778015137,72.56927490234375,61.559635162353516
249.91387748718262,195.35015487670898,57.0174446105957,87.20157623291016
247.5921459197998,173.8318214416504,50.62919998168945,113.46575164794922
324.68344497680664,155.15624237060547,67.52570343017578,159.6085662841797
326.9499855041504,158.49649810791016,68.30338287353516,151.06565856933594
326.17404556274414,155.122314453125,71.28577423095703,156.3292236328125
203.14212036132812,162.3111457824707,59.968597412109375,121.84227752685547
200.08279037475586,161.98292541503906,49.028541564941406,123.55252075195312
254.73873710632324,161.52947616577148,52.79800796508789,120.73538970947266
256.80975914001465,160.35308074951172,49.07258987426758,125.62388610839844
334.4046936035156,152.67369842529297,69.34921264648438,158.8599090576172
332.92342376708984,144.664909362793,77.62403869628906,163.2984466552734
339.5555076599121,151.18115997314453,72.02777862548828,156.95863342285156
327.7933044433594,142.70794677734375,86.42645263671875,166.25653076171875
337.96764755249023,138.0381622314453,78.26541900634766,174.44915771484375
339.5949592590332,145.5542144775391,79.62932586669922,164.30624389648435
218.28077507019043,148.36216735839844,63.49893569946289,129.73785400390625
272.22058868408203,148.25125885009766,81.33323669433594,135.3996124267578
343.1141891479492,140.39319610595706,75.21394348144531,169.44502258300778
217.39926528930664,149.34523010253906,62.67353057861328,127.88894653320312
263.3190612792969,157.154296875,77.15553283691406,123.22906494140625
294.50628662109375,139.30242919921878,104.35438537597656,154.46069335937497
338.29157638549805,150.79430389404297,81.17150115966797,151.3618927001953
219.0400791168213,148.08868789672852,62.60111618041992,125.08147430419922
268.13368225097656,155.8585548400879,68.77548217773438,124.48821258544922
345.29714584350586,141.78091430664062,75.33228302001953,169.60800170898438
219.54629516601562,148.21729278564453,62.513702392578125,124.96473693847656
268.6233654022217,153.56831741333008,59.274112701416016,126.0674057006836
344.5971984863281,134.86251068115234,77.22500610351562,177.6761932373047
338.1591377258301,137.43882751464844,112.56917572021484,172.21334838867188
328.82680892944336,166.26412200927734,94.67798614501953,137.22132873535156
346.361759185791,169.70647430419922,74.86540985107422,132.7019805908203
218.0221176147461,149.6641731262207,59.42699432373047,126.94152069091797
296.89523696899414,143.4955291748047,74.75558471679688,142.48190307617188
340.5458641052246,137.9219512939453,82.76866149902344,172.7618408203125
218.90754699707028,150.20891952514646,61.763160705566435,125.18463897705081
272.91571044921875,144.7508087158203,67.77896881103516,133.76455688476562
342.0267143249512,142.88636779785156,78.52870178222656,163.06033325195312
217.09358406066895,150.44976806640625,62.598087310791016,126.55935668945312
268.5903739929199,152.8172607421875,68.99366760253906,129.02325439453125
346.9602355957031,143.0335922241211,74.4710464477539,165.00648498535156
217.57187271118164,149.87091827392578,62.5830078125,122.39866638183594
268.13915252685547,149.99496459960938,65.20525360107422,133.3182373046875
224.81128311157227,151.6219024658203,108.54022216796875,131.12066650390625
346.3927803039551,137.98583984374997,75.30526733398438,170.63549804687503
214.83556175231936,151.6343040466309,63.24225997924802,125.76749420166013
232.4623260498047,150.74307250976562,99.72640228271484,124.6875
344.52415466308594,176.49551391601562,81.6390609741211,132.74514770507812
344.3409881591797,159.28829956054685,80.59456634521484,149.25347900390628
348.72132110595703,181.27721405029297,77.13834381103516,128.20997619628906
219.2976016998291,154.71248626708984,62.9594841003418,129.41844177246094
243.26507568359375,148.168701171875,72.58389282226562,139.12774658203125
347.7492980957031,160.98922729492188,82.49288940429688,146.58343505859375
224.4891357421875,154.01868057250977,67.27069091796875,127.79878997802734
219.26677703857422,164.09095001220703,50.44783020019531,117.33604431152344
225.65485954284668,158.9218978881836,44.770389556884766,111.34352111816406
224.32062911987305,159.12343978881836,37.508522033691406,109.8622817993164
225.85051727294922,217.95446395874023,64.94938659667969,61.016822814941406
251.89308547973633,144.2967300415039,37.39275360107422,133.61599731445312
219.98541259765625,247.1591968536377,59.79515075683594,63.7226676940918
220.07661056518555,249.83620834350586,73.94884490966797,46.193565368652344
256.6600093841553,196.9132080078125,34.91452407836914,78.45051574707031
261.90774154663086,151.67568588256836,30.11418914794922,121.52527618408203
261.8002529144287,148.84260940551758,35.906986236572266,124.1166000366211
345.9832305908203,143.3024673461914,48.64295959472656,164.9264373779297
348.9713535308838,157.08130645751953,44.719600677490234,151.34104919433594
353.00952529907227,162.24895477294922,42.162025451660156,142.3880157470703
353.0414333343506,173.06773376464844,42.375919342041016,133.19674682617188
353.67838287353516,176.7261962890625,43.3753662109375,129.69729614257812
342.1941337585449,179.57489013671875,55.673118591308594,131.8509521484375
335.68067169189453,176.95589447021484,67.34133911132812,133.7886199951172
345.2059497833252,172.72020721435547,61.47736740112305,141.1215362548828
359.5169258117676,180.47565078735352,49.752723693847656,127.9199447631836
359.213191986084,188.68498992919922,52.147666931152344,118.81639099121094
357.7400207519531,144.0470199584961,73.54286193847656,174.74668884277344
350.1479797363281,180.56183242797854,69.78804016113281,125.99828338623044
362.96424102783203,195.7357063293457,61.461700439453125,113.18587493896484
356.0999069213867,143.33438873291016,80.06842041015625,177.95558166503906
360.62074279785156,193.60967636108396,106.57057189941406,122.28025054931643
366.2653121948242,193.6254768371582,64.98016357421875,116.7984848022461
362.51782989501953,139.44900512695312,74.00375366210938,178.67059326171875
368.6881675720215,203.19988632202148,84.02742767333984,110.85950469970703
371.1778450012207,202.51967239379883,80.61307525634766,107.07988739013672
368.0123100280762,140.27566528320315,90.82042694091797,175.68884277343747
377.3275032043457,198.74830245971677,88.76627349853516,111.17075347900393
377.7630805969238,203.92144393920898,80.92926788330078,104.2912368774414
303.9476795196533,162.11856079101562,60.97150802612305,112.67990112304688
295.36967849731445,154.14092636108398,72.53076934814453,125.0387954711914
296.41959381103516,151.03162002563477,60.3896484375,125.2008285522461
312.565616607666,155.17349243164062,68.45978546142578,113.45834350585938
313.99568367004395,153.05417251586914,61.26939010620117,113.8271713256836
308.7534866333008,154.48495864868164,73.38308715820312,111.68016815185547
426.11326789855957,146.00527954101562,54.99958419799805,166.43170166015625
468.61223220825195,152.67102813720703,71.65164947509766,101.69096374511719
486.3993148803711,157.12740325927734,54.872100830078125,93.88899230957031
495.73854064941406,158.4518051147461,48.96284484863281,87.84001159667969
514.8726196289062,156.82138442993164,35.07298278808594,94.50850677490234
449.4153137207031,191.4610481262207,55.87229919433594,111.4945297241211
364.38104820251465,157.7696876525879,47.54622268676758,103.4714126586914
369.734676361084,158.79556274414062,44.89582061767578,97.18534851074219
374.92141342163086,159.8985366821289,39.008888244628906,90.51809692382812
326.7972583770752,200.23937606811523,36.50570297241211,66.12813568115234
324.9164695739746,235.67176246643066,47.344276428222656,47.62189865112305
261.47616958618164,184.86096572875977,43.400325775146484,101.42498016357422
182.70519638061523,160.88091278076172,54.6219367980957,107.44297790527344
161.94867324829102,185.19297790527344,55.200260162353516,89.50381469726562
168.56736183166504,187.869384765625,44.47191619873047,85.56430053710938
175.5393524169922,186.48667526245117,37.91001510620117,84.25664520263672
179.06917572021484,164.7256317138672,51.894100189208984,105.15223693847656
163.2063808441162,163.98087692260742,72.67636108398438,115.06182098388672
158.92086791992188,186.4937744140625,58.50126266479492,88.06022644042969
160.4545021057129,189.75070190429688,57.661502838134766,84.40162658691406
161.59775161743164,186.7272720336914,59.21890640258789,84.66775512695312
183.8253688812256,158.75078582763672,48.050079345703125,114.01556396484375
175.88883018493652,178.34806060791016,47.189056396484375,91.51132202148438
179.17182159423828,186.14080429077148,46.96450424194336,87.90850067138672
184.62875747680664,169.9519157409668,41.876224517822266,100.4356460571289
179.50821685791016,190.34081268310547,44.7517204284668,81.58784484863281
178.56801986694336,178.2121696472168,44.62607192993164,90.21862030029297
174.0461883544922,187.28779220581055,48.681758880615234,83.1512680053711
175.78861808776855,169.1536636352539,47.110565185546875,105.82363891601562
171.4191188812256,172.8592872619629,52.92460632324219,103.6911392211914
169.88360214233398,185.3156509399414,54.91177749633789,94.16281127929688
175.67771339416504,167.3777198791504,45.75775909423828,103.56336212158203
176.27661323547363,172.82594299316406,47.306480407714844,89.68327331542969
176.93563652038574,176.94697189331055,47.8968505859375,91.09081268310547
174.90745544433594,189.9160270690918,44.485347747802734,80.2184066772461
175.05364418029785,191.0417938232422,42.332054138183594,79.28068542480469
176.9411907196045,180.332275390625,41.31089782714844,90.02029418945312
175.89452743530273,184.95538711547852,42.95682144165039,85.45520782470703
177.03103065490723,180.72604751586914,41.78534698486328,93.77046966552734
179.2558937072754,178.3495979309082,41.897281646728516,90.93244171142578
180.0713996887207,178.3450584411621,41.00687026977539,95.10567474365234
181.898775100708,169.75782012939453,42.210304260253906,100.03863525390625
183.625825881958,168.0558967590332,43.19965362548828,69.30757904052734
173.26874160766602,171.63575744628906,54.02377700805664,54.75526428222656
188.5979232788086,162.02987670898438,37.62673568725586,89.25021362304688
186.8064785003662,154.4383316040039,42.378143310546875,79.44772338867188
183.86989974975586,156.18474578857422,46.46196365356445,122.298828125
187.25219917297363,169.3897361755371,46.279640197753906,102.8197250366211
188.5344944000244,158.92704391479492,41.88768768310547,119.08406829833984
193.5658302307129,157.57344436645508,42.810611724853516,119.63733673095703
191.7200107574463,166.44857025146484,41.715110778808594,110.6463623046875
194.7524185180664,156.07757949829102,41.29745101928711,120.33716583251953
193.03116416931152,166.54196166992188,41.1041259765625,120.52647399902344
197.75091361999512,164.79553604125977,36.39863586425781,114.37934112548828
198.07582092285156,142.70587921142578,36.5890007019043,134.59841918945312
199.50551795959473,153.28629684448242,39.120689392089844,123.14202117919922
181.07805633544922,169.42782592773438,54.237422943115234,108.33580017089844
192.44935035705566,139.35889434814453,41.22820281982422,136.493896484375
186.3214931488037,139.05237579345703,42.462860107421875,138.38803100585938
188.31033897399902,132.5911407470703,43.31304931640625,150.25758361816406
193.27060890197754,151.6283721923828,67.4800033569336,133.74205017089844
193.7289638519287,183.71024322509766,61.144378662109375,101.41744995117188
190.4853687286377,183.28289413452148,71.53620147705078,101.61922454833984
183.53809928894043,158.15627670288086,51.97859191894531,124.25386810302734
188.42722702026367,165.21946716308594,62.0480842590332,122.36921691894531
172.22373580932617,164.76718139648438,62.4888801574707,122.29606628417969
159.68202781677246,187.1798553466797,74.11129760742188,105.61555480957031
171.81436347961426,176.81340408325195,79.40222930908203,107.7458267211914
193.1372127532959,139.13341522216797,51.6029052734375,141.924560546875
196.7166347503662,147.96888732910156,52.3463134765625,141.5238800048828
194.18704986572266,148.51034545898438,55.24251937866211,137.94737243652344
194.57886695861816,151.01557159423828,48.902671813964844,133.02597045898438
192.9476089477539,131.82274627685547,48.840206146240234,162.1431884765625
208.75473594665527,198.96641159057617,74.23171997070312,87.45345306396484
193.4442901611328,150.68760681152344,60.04838180541992,141.39418029785156
210.15961265563965,185.57788848876953,68.378662109375,106.34512329101562
203.03744506835938,138.6059112548828,50.4188346862793,152.8465118408203
216.1908779144287,186.16160583496094,66.9051513671875,98.14772033691406
191.36900901794434,188.46147537231445,80.27191162109375,93.52774810791016
108.48708534240723,156.523193359375,65.13971710205078,107.26875305175781
98.66525840759277,157.50793075561523,68.58778381347656,99.5313949584961
88.52011680603027,155.96092987060547,75.37809753417969,103.93017578125
73.9538402557373,155.6637725830078,74.3157958984375,102.95018005371094
66.79336738586426,152.90045166015625,70.4543685913086,107.80107116699219
56.718496322631836,153.2487564086914,73.46449279785156,105.49227905273438
45.200204849243164,154.21831130981445,64.36920928955078,108.79126739501953
36.12424659729004,153.60213470458984,65.42700958251953,104.13388061523438
24.200159072875977,153.85348510742188,60.75342559814453,107.44438171386719
3.680635452270508,161.26754760742188,67.41423797607422,95.78770446777344
2.0215816497802734,171.62942504882812,51.92857360839844,90.61042785644531
35.93499946594238,150.35300827026367,85.52416229248047,97.77010345458984
3.3560924530029297,152.29176330566406,121.645263671875,106.98390197753906
86.0958423614502,162.93797302246094,76.25878143310547,86.10481262207031
156.48527908325195,171.32412338256836,62.01027297973633,81.6530990600586
153.5427703857422,165.07992935180664,60.73635482788086,82.1211929321289
243.2883186340332,135.0516815185547,46.62733840942383,161.0618133544922
245.43891143798828,198.52976989746094,55.78178024291992,93.65266418457031
229.8508129119873,158.91382598876953,55.943603515625,140.78244018554688
219.9045352935791,152.31890869140625,63.41828155517578,140.3960418701172
203.72515296936035,152.30591201782227,90.03156280517578,124.03003692626953
135.99570655822754,177.64623260498047,53.549415588378906,114.6436767578125
136.89195823669434,168.49108505249023,47.29035949707031,89.52251434326172
89.72256469726562,164.15959548950195,36.83439254760742,83.9355697631836
60.08251762390137,185.23028182983398,57.35472106933594,62.36890411376953
83.8312816619873,184.5542755126953,73.33818054199219,65.678466796875
120.21341896057129,199.6470489501953,52.33623504638672,83.48489379882812
108.9164867401123,181.39758682250977,42.2979736328125,104.60103607177734
108.34638214111328,145.89585876464844,49.99982833862305,100.08428955078125
99.28887939453125,175.50709915161133,52.52041244506836,107.58882904052734
57.68413162231445,168.34804916381836,61.828250885009766,79.79346466064453
59.25321960449219,192.0489902496338,56.33015060424805,60.2602653503418
68.56118774414064,211.0825023651123,35.87089157104492,62.18942642211914
44.85814285278322,206.48445892333984,52.69575881958008,41.13002014160156
47.611173629760756,205.19613456726074,41.69187927246094,46.05830764770508
29.56388092041017,193.73911094665527,40.73237228393555,54.031681060791016
29.057849884033217,197.65614128112793,38.00448989868164,49.900089263916016
22.825035095214858,198.70414352416992,47.5710563659668,50.598304748535156
24.785953521728516,186.97976112365723,47.26039505004883,60.257381439208984
24.570888519287095,175.57460021972656,51.50862503051758,71.86041259765625
24.521741867065415,171.90142440795898,36.36167907714844,69.71656036376953
10.604288101196275,184.11432266235352,72.81224822998047,71.4171371459961
4.009866714477525,172.6509666442871,68.87432098388672,85.29007720947266
0,185.13322830200195,53.33617591857909,101.80516815185547
0,169.30974960327148,49.220879554748535,78.06232452392578
0,171.76062393188477,43.139694690704346,73.21245574951172
0,170.79748916625977,42.21639275550842,73.05184173583984
0,177.72428512573242,37.078683972358704,69.95728302001953
0,164.76917266845703,45.22782617807388,89.72845458984375
0.14718011021614075,141.57493591308594,28.8188419342041,102.31248474121094
63.693504840135574,178.23939514160156,34.908931732177734,53.39518737792969
59.863346606492996,174.96845245361328,37.2695198059082,67.07763671875
36.85903409123421,152.3386344909668,51.987266540527344,77.14513397216797
42.57633450627327,190.33172225952148,35.96021270751953,61.777671813964844
44.05604413151741,187.28765869140625,59.038909912109375,70.74589538574219
106.35792592167854,183.03514099121094,50.374324798583984,67.82719421386719
66.81549313664438,166.04498291015625,97.27426910400389,87.530517578125
46.16298535466194,109.12882232666016,148.49969482421875,139.24879455566406
68.98183301091194,68.02700805664062,308.02392578125,242.80593872070312
492.0239854156971,131.5224609375,144.9037322998047,208.48837280273438
538.3359437286854,128.99118041992188,90.81332397460938,204.28152465820312
546.9466653168201,130.50372314453125,66.4995346069336,187.24038696289062
550.1493897736073,131.0128173828125,71.58480834960938,157.9244384765625
559.5970788300037,137.92102813720703,58.17670440673828,157.5782012939453
564.6236424744129,133.7059326171875,46.8390007019043,165.39788818359375
566.9294476807117,135.73370361328125,49.856143951416016,158.69805908203125
570.9059491455555,133.9495849609375,44.627994537353516,162.10565185546875
574.8296361267567,137.29527282714844,41.50626754760742,159.10964965820312
576.7238278687,133.52828216552734,45.78425979614258,166.71400451660156
577.0169225037098,133.3423309326172,51.02427291870117,149.76031494140625
576.188110858202,134.23505401611328,53.60361862182617,161.75904846191406
577.7122712433338,133.75279998779297,55.1392822265625,160.8717803955078
573.1215710937977,133.867431640625,62.46487808227539,156.01263427734375
574.4465184509754,136.60991668701172,61.85627365112305,151.20774841308594
580.7635579407215,139.21104431152344,55.300716400146484,145.80477905273438
584.8762116730213,139.88359832763672,52.199188232421875,142.7646026611328
587.0165829956532,139.7087860107422,50.99336624145508,152.59738159179688
588.206816226244,139.31946563720703,50.27098083496094,152.20042419433594
589.2232384979725,139.27842712402344,50.247779846191406,155.61184692382812
589.136518985033,138.76317596435547,50.863481014966965,155.9485321044922
589.120175614953,141.53441619873047,50.87982438504696,149.28688049316406
591.7176252678037,141.28524780273438,48.28237473219633,148.99468994140625
586.7898753322661,153.328369140625,49.663021087646484,123.98556518554688
584.0673163570464,150.3539924621582,46.01231384277344,127.14922332763672
585.2477534450591,150.6309471130371,45.10371017456055,127.01941680908203
586.676298443228,150.32616424560547,41.284523010253906,127.85322570800781
583.7486842311919,153.01608276367188,46.38300704956055,128.5906982421875
583.6970275081694,151.8691635131836,43.41533660888672,131.1809539794922
582.7300265468657,152.48248291015625,42.189579010009766,128.9169921875
581.6163161434233,154.29515838623047,40.26813507080078,128.46534729003906
580.1301367916167,153.45435333251953,41.60450744628906,125.88676452636719
579.6982310451567,153.40276336669922,42.225582122802734,128.4849395751953
580.1353648342192,154.22893905639648,43.033260345458984,127.59281158447266
580.0477240718901,153.0718765258789,44.35688781738281,130.2543182373047
579.7183230556548,152.46814727783203,45.25729751586914,132.0217742919922
582.0946639217436,153.1651840209961,46.049903869628906,132.3032989501953
580.5725501216948,151.9447784423828,49.77378845214844,132.298828125
580.732055965811,151.1929702758789,50.51871109008789,133.8137664794922
580.8411048091948,150.45533752441406,54.59663391113281,135.35922241210938
578.0957396663725,152.04959106445312,59.282798767089844,132.40457153320312
577.5461218990386,156.42154693603516,62.45387810096145,128.1079559326172
575.8663150388747,161.06996536254883,63.96730041503906,124.87248992919922
575.1911422330886,151.46827697753906,63.59502029418945,136.67837524414062
575.6111957151443,154.0075454711914,62.33709716796875,133.53224182128906
572.4418078977615,152.3986053466797,64.86642456054688,135.86105346679688
578.5148307401687,153.18712615966797,60.59092330932617,137.5546417236328
579.0278312284499,152.98387908935547,60.4019889831543,141.2191925048828
579.6790896970779,154.18415069580078,60.32091030292213,144.03233337402344
577.7783838072792,153.27798461914062,61.692298889160156,145.3209228515625
575.5044198790565,153.45052337646484,64.4613265991211,155.1017303466797
575.4267335692421,152.45559692382812,64.57326643075794,144.6019287109375
577.2871525664814,153.18252563476562,62.13895797729492,159.20547485351562
572.400866784621,150.99168395996094,67.59913321537897,145.68405151367188
574.6356312225107,150.73432159423828,62.585323333740234,144.5832977294922
575.7578998992685,149.8339385986328,63.303462982177734,183.93722534179688
571.5407349059824,146.49015045166016,67.92581176757812,151.2151641845703
576.5594040344004,146.8553009033203,62.31813049316406,151.65283203125
580.784410137916,145.75404357910156,59.215589862084016,150.70303344726562
585.5537803863408,144.38580322265625,53.9034423828125,152.453857421875
589.0165184234502,142.26972198486328,49.87396240234375,157.57176208496094
592.5380752776982,141.08873748779297,47.461924722301774,153.78953552246094
593.303862010187,141.39630126953125,46.696137989812996,156.487060546875
594.5158340507478,138.42881774902344,45.4841659492522,157.50836181640625
596.14185104637,136.90365600585938,43.85814895363001,158.33819580078125
595.7876308454506,134.9793930053711,44.21236915454938,162.8014678955078
