99.0,237.0,27.0,82.0
98.34299945831299,233.874755859375,27.54347801208496,84.44271850585938
97.21087265014648,250.15006637573242,31.328147888183594,74.97989654541016
71.95882320404053,220.5161590576172,31.28538703918457,69.65863037109375
73.26900959014893,223.0670509338379,31.461111068725586,77.8438949584961
67.10763168334962,220.80870819091797,39.31841278076172,85.30952453613281
73.64145469665529,221.13818359375,36.28749465942383,86.44796752929688
68.22958946228029,219.47626495361328,40.78825759887695,90.05856323242188
69.51805114746097,219.12672805786133,37.42393493652344,84.8168716430664
79.65923309326175,216.95906448364258,30.418380737304688,82.64592742919922
84.95388221740725,215.79811096191406,25.071422576904297,100.64335632324219
79.99383735656741,215.54368591308594,27.432125091552734,81.63880920410156
86.97282409667972,212.27460479736328,25.997955322265625,93.17584228515625
87.13006496429445,210.90446090698242,26.304765701293945,85.9256362915039
85.56679630279542,211.3220672607422,22.270719528198242,81.9014892578125
88.07250499725343,210.15585327148438,29.550928115844727,85.33988952636719
83.44005966186525,211.28773880004883,32.16785430908203,80.51627349853516
82.29983139038087,206.33293533325195,30.481834411621094,81.33684539794922
80.49712371826173,207.99892044067383,35.910858154296875,80.6832046508789
80.91232490539552,208.79137420654297,42.50211715698242,79.91474914550781
85.41424942016604,205.61884307861328,42.571449279785156,90.42178344726562
89.91675376892091,208.14138793945312,47.085544586181626,86.816162109375
84.02486419677734,209.72852325439453,57.3238525390625,88.86491394042969
87.26828193664551,188.32917022705078,48.74909591674805,130.94032287597656
89.40704154968262,188.1386947631836,42.2846565246582,137.5044708251953
99.82117462158203,207.27731323242188,48.93389892578125,142.75466918945312
93.99369239807129,210.0196762084961,52.89870834350586,158.52867126464844
91.50896644592285,206.8397674560547,55.388851165771484,186.28945922851562
89.82201385498047,216.24513244628906,62.1077880859375,166.22967529296875
90.57300758361816,133.0927505493164,55.92965316772461,142.82308959960938
96.88924026489258,193.4985237121582,43.52942657470703,102.71979522705078
105.19632530212402,197.15631103515625,39.118412017822266,110.27424621582031
97.7842845916748,213.26510620117188,40.53201675415039,137.32130432128906
84.99449157714844,221.2384490966797,72.36685180664062,138.2566680908203
93.18107223510742,139.76580810546875,56.12879180908203,179.2460479736328
90.8247184753418,133.9554901123047,67.90027618408203,195.13706970214844
10.18991470336914,108.92456817626953,104.65401458740234,196.17251586914062
92.33124542236328,139.746826171875,182.93653869628906,152.9216766357422
196.9977264404297,263.3884468078613,292.34417724609375,67.29035186767578
253.81031036376953,230.35403442382812,215.85816955566406,113.76133728027344
215.50142669677734,180.33396911621094,166.6089324951172,121.56404113769531
238.9890899658203,252.6679344177246,239.305419921875,91.06847381591797
233.43180084228516,259.1854667663574,241.8260040283203,73.0250473022461
239.38716506958008,121.28120422363281,102.9972152709961,165.79042053222656
207.06216430664062,34.58355712890625,129.13204956054688,156.27012634277344
223.8683967590332,71.83946228027344,111.95122528076172,170.9455108642578
232.0401496887207,50.772300720214844,88.14189910888672,191.13165283203125
199.74310684204102,41.67778015136719,125.20690155029297,147.8354949951172
247.49027633666992,35.53643035888672,74.05899810791016,187.36898803710938
175.78829193115234,66.7791748046875,167.31077575683594,177.2019805908203
187.9841079711914,128.93582916259766,221.30067443847656,203.98004150390625
196.58348083496088,188.4306030273437,279.58233642578125,250.0114288330078
345.98171997070307,150.4964523315429,228.25643920898443,313.1769714355469
399.674072265625,162.7178878784179,190.66897583007812,308.3005065917969
276.59666442871094,207.5548934936523,319.20648193359375,272.4451065063477
364.27967834472656,64.9240837097168,222.9183349609375,401.24151611328125
213.70034790039062,104.63048934936523,246.69442749023438,261.4706726074219
258.61924743652344,96.63312911987305,257.53375244140625,223.39471435546875
336.1972198486328,160.10925674438477,234.54150390625,223.0211944580078
234.8113250732422,160.32964706420898,331.310791015625,277.1811828613281
291.2108612060547,131.5642204284668,292.7470703125,338.7952880859375
220.7110595703125,163.3446388244629,357.4217224121094,189.4104766845703
206.55615997314453,71.3093147277832,195.6422882080078,255.78404235839844
346.048843383789,149.35624313354487,172.1437377929688,209.28857421875
218.78218841552734,79.93204879760737,224.5870819091797,229.9083251953125
204.68970489501953,86.72672653198237,231.9875030517578,258.62567138671875
199.2904891967774,194.03454208374023,237.46934509277344,148.06521606445312
208.82270812988287,201.35083389282227,282.1898193359375,150.0109405517578
216.87194061279297,51.652080535888615,175.60093688964844,180.19390869140625
202.68666076660156,129.37215805053705,247.68646240234375,209.91549682617188
271.9043960571289,79.07447433471674,207.3662872314453,384.316162109375
222.0336456298828,93.92335128784174,331.18212890625,371.8873291015625
78.91775512695312,6.5732383728026775,306.5280456542969,200.07009887695312
240.66864013671875,115.69320297241205,291.7643127441406,325.6299743652344
118.14486694335938,246.01720809936518,429.7880554199219,216.42373657226562
137.42156982421875,22.716106414794865,208.54092407226562,235.43115234375
101.45767211914062,36.57075119018549,310.7773742675781,157.23809814453125
194.02676391601562,67.55231094360346,310.7256164550781,198.5296173095703
180.9532318115235,34.22097396850586,293.8026123046875,168.20419311523438
243.91058349609386,86.57297897338873,151.41091918945312,230.47589111328125
208.77632904052746,126.85465621948248,165.5449676513672,193.3590087890625
157.97967529296886,271.74077987670904,229.96286010742188,75.61325073242188
191.0396957397462,278.9252891540528,197.14964294433594,59.814361572265625
175.4339828491212,286.95640945434576,206.8432159423828,59.07884216308594
174.751190185547,287.9943313598633,213.13546752929688,56.936195373535156
171.7146224975587,287.0276565551758,214.80006408691406,54.48645782470703
169.8059082031251,287.5047607421875,210.84378051757812,61.834007263183594
164.64675903320324,289.8777542114258,216.88796997070312,52.001991271972656
164.75345611572277,289.69933700561523,213.5596466064453,57.77606201171875
161.6498489379884,286.69575119018555,219.15403747558594,56.73736572265625
161.93333435058605,291.9209575653076,205.23529052734375,52.822811126708984
165.85959625244152,283.8991584777832,197.4287872314453,53.33854675292969
166.31532287597668,293.01415252685547,189.95419311523438,53.689918518066406
145.55144500732433,286.5821228027344,217.0292205810547,69.25923919677734
146.4628906250001,297.55040168762207,220.81564331054688,54.47951126098633
63.006748199463004,247.87910079956055,67.1778564453125,86.72500610351562
182.19363594055187,235.01253128051758,31.384342193603516,68.20091247558594
184.62776184082043,233.44119262695312,41.21649932861328,70.78606414794922
185.06039619445812,232.04232025146484,46.95021438598633,74.30326080322266
184.5603199005128,238.67138290405273,42.535953521728516,64.72262573242188
182.91915702819836,226.63622283935547,54.38003158569336,78.23136138916016
182.43151473999035,238.51614379882812,42.607574462890625,64.5056381225586
189.4548740386964,226.1356964111328,39.9312629699707,74.07015228271484
184.1548767089845,234.69826889038086,41.883705139160156,66.24043273925781
192.2717685699464,230.69582748413086,38.304203033447266,71.52291870117188
196.01943397521984,228.9904441833496,39.348087310791016,71.68095397949219
148.12589263916027,220.08808517456055,49.44640350341797,77.01495361328125
94.35400772094738,253.4396629333496,49.905853271484375,81.46331787109375
100.89052581787121,247.67083358764648,49.17748260498047,75.303466796875
91.63380432128918,239.4284782409668,75.77269744873047,82.79249572753906
102.4497642517091,230.7138900756836,60.326934814453125,126.94298553466797
102.46714782714855,251.17761993408203,52.130638122558594,86.2662582397461
107.21512413024914,246.98072052001953,48.79172897338867,82.40584564208984
106.85858535766613,246.82080841064453,52.20314025878906,83.10266876220703
106.68238639831554,247.3129119873047,47.026851654052734,83.8200912475586
108.18149185180675,248.43248748779297,43.277923583984375,82.3478012084961
107.30504798889172,250.24740982055664,44.654361724853516,79.73562622070312
104.16166305542004,246.81895065307617,59.61656188964844,82.84904479980469
109.30263137817394,240.94885635375977,67.80050659179688,88.5855712890625
115.79893302917492,226.42107391357422,59.35749435424805,103.50045013427734
123.96624565124523,223.97162628173828,47.9491081237793,97.57588958740234
134.65762901306164,223.01433563232422,39.11483383178711,90.36870574951172
133.54711723327648,225.89611434936523,39.31718063354492,87.23892211914062
133.81104469299328,225.9733123779297,40.91373062133789,96.06853485107422
138.15330314636242,223.68038940429688,39.615535736083984,87.77960968017578
132.848882675171,251.3225326538086,41.63814926147461,77.80693817138672
133.61651802063,250.57550811767578,41.880435943603516,74.32491302490234
137.82238578796398,248.55870056152344,40.91144943237305,74.32959747314453
138.46812057495129,245.16748046875,41.309173583984375,77.12979888916016
142.17222023010265,232.65349578857422,36.11870193481445,91.36449432373047
143.52774238586437,221.8396873474121,41.08378982543945,84.41120910644531
143.1681594848634,216.33754348754883,43.55841827392578,94.8935546875
143.37335014343273,215.28457260131836,44.62307357788086,98.72654724121094
150.5130252838136,240.7464714050293,37.589603424072266,75.84086608886719
153.99870109558117,238.3884506225586,40.347835540771484,79.70584869384766
153.14251136779797,241.4293327331543,38.91202163696289,77.69505310058594
155.72557067871105,251.77940368652344,44.026588439941406,65.95113372802734
157.5802574157716,242.9152717590332,40.5289306640625,74.28596496582031
157.99817276000988,214.43437576293945,34.67936706542969,101.95469665527344
161.20972442626964,217.1197166442871,47.74542999267578,85.19349670410156
157.05841064453136,213.73280334472656,49.41040802001953,88.8774185180664
157.23032760620129,215.9030303955078,43.58460998535156,95.28595733642578
156.1886672973634,212.18170166015625,47.059776306152344,96.46257781982422
154.79508209228527,218.00662994384766,54.248985290527344,79.93253326416016
160.6470012664796,215.28823471069336,51.45609664916992,79.09695434570312
167.87839698791515,210.66864013671875,46.18410110473633,101.67382049560547
175.73110008239757,213.20931243896484,41.570430755615234,97.98734283447266
174.88267326354992,216.49466705322266,40.15359115600586,96.67972564697266
179.07310867309582,217.94176864624023,34.74476623535156,99.63650512695312
192.49336242675793,243.02510452270508,43.34673309326172,76.91761779785156
195.1864070892335,245.9782829284668,41.10871505737305,72.62748718261719
200.73081207275402,245.08227348327637,38.532203674316406,63.093502044677734
207.6559991836549,247.0265350341797,31.20575523376465,73.43669891357422
174.60417556762707,228.75777435302734,42.827606201171875,68.9111557006836
186.88056564331066,216.5400505065918,34.91999816894531,79.66651916503906
213.80259513854992,243.8858871459961,35.33805465698242,77.77861785888672
217.3356227874757,245.4712791442871,33.15180587768555,87.79367065429688
217.60546302795422,249.7458038330078,31.174198150634766,74.6457290649414
223.13522052764904,242.23871231079102,28.494474411010742,75.23460388183594
224.7630729675294,242.6177520751953,34.64813232421875,75.30095672607422
223.45278358459484,242.74163055419922,36.15031814575195,73.40343475341797
227.48462867736828,242.5089569091797,32.42189407348633,70.29232025146484
229.00692558288586,247.83045196533203,29.420238494873047,66.7370376586914
232.52745819091808,244.3808135986328,25.399940490722656,72.64778900146484
198.09809494018566,216.9928092956543,26.397735595703125,76.67788696289062
185.09873580932629,217.94341659545898,50.95478820800781,72.29295349121094
194.80191230773937,212.85546493530273,55.62942886352539,87.89419555664062
218.95444107055675,233.47076416015625,52.091827392578125,79.67070770263672
202.46027565002453,215.65321731567383,62.22031021118164,99.84963989257812
226.87327957153332,235.62189865112305,46.38871765136719,73.36067199707031
185.47524452209484,218.81877517700195,44.04195022583008,75.90328979492188
181.82861709594738,217.55356979370117,65.93748474121094,81.00634765625
193.95504570007336,218.2544708251953,49.884639739990234,85.08824920654297
185.9183635711671,219.07025909423828,50.04685592651367,77.16138458251953
173.18914794921886,214.94547271728516,75.5520248413086,81.54271697998047
230.45826530456554,246.63402366638184,59.438228607177734,63.066829681396484
240.56421279907238,240.03079223632812,32.35853576660156,72.18326568603516
244.64166164398205,238.22311782836914,27.79911231994629,72.91412353515625
248.55475807189953,238.72370147705078,29.617420196533203,73.01024627685547
245.14065074920666,236.68301391601562,30.668275833129883,75.2097396850586
244.84140396118175,236.19815063476562,31.76483154296875,74.9388656616211
246.8840446472169,236.22180938720703,36.69212341308594,75.4625473022461
245.30662536621105,238.73860549926758,31.524024963378906,74.25717163085938
245.76806259155285,238.29497146606445,33.737213134765625,75.47370910644531
243.3594264984132,241.83037948608398,29.604381561279297,74.37466430664062
247.59394550323498,244.41650390625,27.63801383972168,72.70366668701172
247.960530281067,245.5358428955078,29.198728561401367,73.54830169677734
249.89816570281994,245.67767715454102,27.825136184692383,72.25302124023438
247.88481235504162,244.23438262939453,26.92694664001465,72.26778411865234
245.6726932525636,241.25989151000977,31.75387954711914,74.10421752929688
240.83609580993664,239.85275268554688,33.51797103881836,74.6985855102539
238.7264518737794,235.96744918823242,43.08280944824219,75.70387268066406
235.45941162109386,237.68115615844727,35.95478057861328,75.88298034667969
235.43799209594738,237.64270782470703,42.07989501953125,73.41751861572266
231.12828063964855,237.62811660766602,37.482276916503906,74.53988647460938
228.68189811706554,238.05874633789062,41.45022201538086,70.63370513916016
229.10894775390636,238.44699478149414,42.046592712402344,74.00494384765625
230.07908439636242,241.60830688476562,36.92545700073242,69.76688385009766
232.07187652587902,241.79735565185547,35.06476593017578,69.2738265991211
231.14496517181408,242.35015106201172,30.622507095336914,67.8843002319336
285.87867546081554,239.001615524292,27.234676361083984,63.560115814208984
231.37512493133556,240.3894500732422,28.545087814331055,73.96337127685547
230.7412452697755,240.9292984008789,26.716487884521484,72.12100982666016
284.5395393371583,239.21272659301758,32.298397064208984,66.74501037597656
230.29093647003185,238.79757690429688,31.800294876098633,74.2365493774414
282.2611083984376,237.48432159423828,37.41457748413086,67.36449432373047
230.1249465942384,238.84909439086914,31.616344451904297,73.13005065917969
187.62960624694836,229.9765567779541,40.172279357910156,63.732181549072266
182.4782829284669,231.77514266967773,46.74018478393555,74.88641357421875
180.00105476379406,229.78614044189453,47.47308349609375,74.77742767333984
176.98599433898937,230.6725311279297,48.13629150390625,72.41118621826172
176.5352363586427,230.8167610168457,46.47628402709961,75.68621826171875
176.31817817688,230.4268455505371,46.85966491699219,75.79273986816406
177.6486110687257,230.91943359375,47.06597137451172,75.23201751708984
177.15944862365734,232.52693557739258,43.21382141113281,72.98371887207031
183.33375358581554,232.1165428161621,37.65599822998047,71.85777282714844
181.81642150878918,231.19633102416992,32.633670806884766,72.83262634277344
188.56029510498058,231.2114028930664,33.56731033325195,73.12122344970703
187.3388719558717,231.23489379882812,31.903757095336914,74.15099334716797
187.94095993042004,231.3962745666504,26.069759368896484,74.185546875
190.26835346221935,232.75072479248047,26.165536880493164,72.9170150756836
185.82929134368908,232.14382553100586,28.17915916442871,71.87908935546875
182.0493679046632,231.95210647583008,42.51782989501953,73.62847900390625
178.00621986389172,232.53501510620117,39.817596435546875,74.78707885742188
177.25973701477062,232.61228561401367,48.16633605957031,76.599853515625
227.0006332397462,234.75197982788086,31.708499908447266,76.46894836425781
220.8559570312501,238.64413833618164,43.37065505981445,66.00831604003906
220.50577545166027,232.9922103881836,39.896549224853516,75.6475601196289
170.15772819519054,232.83051681518555,50.063331604003906,74.05088806152344
227.6280918121339,239.31426239013672,37.55924987792969,69.14289093017578
231.3840560913087,242.2174530029297,34.72024917602539,65.83739471435547
226.43703651428234,243.54700469970703,47.37493896484375,64.5613784790039
227.59932613372814,245.27206802368164,30.278539657592773,66.21675109863281
293.51544380188,238.05520820617676,28.212295532226562,62.97165298461914
299.43580532073986,236.74853134155273,25.395742416381836,80.018798828125
297.9536600112916,233.63018798828125,27.759035110473633,63.60034942626953
296.2248516082765,244.6759967803955,29.29442596435547,52.44472122192383
295.56947231292736,236.38938331604004,27.779714584350586,61.27334976196289
293.3163633346559,242.6029510498047,30.593931198120117,52.84931182861328
292.8710336685182,223.73341369628906,29.389436721801758,69.06327056884766
293.3447494506837,213.70537185668945,30.019794464111328,79.55596923828125
295.8801546096803,204.22640991210938,28.324182510375977,89.99217987060547
296.8428897857667,205.90160369873047,27.542724609375,88.86614227294922
295.2536039352418,222.0416603088379,28.329771041870117,73.73101806640625
300.49353122711193,242.40698623657227,28.474123001098633,51.99627685546875
302.5485544204713,247.2072410583496,24.635744094848633,47.253173828125
304.46568202972423,234.8113670349121,25.025609970092773,60.59259033203125
302.54570198059093,221.60908126831055,27.673629760742188,73.85960388183594
298.17678260803234,236.11819076538086,33.23945617675781,58.938507080078125
299.6642055511476,234.20090103149414,32.345481872558594,58.975982666015625
300.1592712402345,242.60293769836426,34.232791900634766,50.06538772583008
300.9892559051515,246.18576431274414,32.59606170654297,46.18736267089844
313.03012943267834,229.30919456481934,20.99742317199707,62.9083366394043
316.75074005126964,230.30146598815918,20.123477935791016,62.26394271850586
311.7333440780641,240.0361785888672,22.9063777923584,53.83509063720703
313.20119667053234,233.96998596191406,22.940399169921875,60.123252868652344
313.7834682464601,237.88935089111328,22.11121368408203,55.27533721923828
311.12214756011974,240.51533889770508,28.164201736450195,53.382110595703125
310.5752534866334,232.43831825256348,25.89060401916504,62.688480377197266
310.6065664291383,232.57539749145508,28.80904197692871,59.22605895996094
313.65295028686535,235.55842208862305,28.25594711303711,54.79585266113281
312.76738357543957,230.05229949951172,27.689098358154297,59.909812927246094
311.1109437942506,247.97401428222656,27.452035903930664,42.41693878173828
319.7337942123414,248.7641143798828,21.770193099975586,42.259239196777344
322.2321901321412,236.5224151611328,19.159395217895508,52.43598175048828
321.564479827881,250.94444847106934,21.761219024658203,41.7995719909668
323.77900791168224,236.51325798034668,22.69870948791504,55.09357833862305
323.64550399780285,234.81543922424316,24.319629669189453,55.85281753540039
321.7677812576295,235.16516876220703,28.760316848754883,51.906898498535156
320.2104434967042,241.20165634155273,32.86754608154297,48.52552795410156
321.7603282928468,225.5226345062256,34.3011474609375,63.790096282958984
320.9579887390138,221.74125289916992,39.74123001098633,67.42367553710938
318.5675277709962,220.5110092163086,36.443904876708984,69.99686431884766
318.7537136077882,218.53020095825195,34.642730712890625,69.67730712890625
320.06465244293224,250.59571647644043,29.134347915649414,38.98720932006836
323.36020946502697,258.74157905578613,23.201833724975586,34.35226821899414
328.7065944671632,250.65877723693848,18.676803588867188,37.0373420715332
325.71718215942394,250.32558059692383,19.446155548095703,37.786537170410156
322.2729206085206,256.93455696105957,22.02874755859375,32.62137985229492
324.77421188354504,254.0027732849121,21.727352142333984,32.80863952636719
322.9078083038331,257.19410705566406,25.359954833984375,28.943885803222656
322.29654598236095,260.6935691833496,24.488431930541992,27.724449157714844
318.36299896240246,264.67132663726807,21.625019073486328,24.549619674682617
318.49372482299816,268.30063819885254,20.630237579345703,22.439395904541016
323.27841663360607,264.59160804748535,18.108278274536133,25.421932220458984
326.61639785766613,261.901575088501,23.406108856201172,26.421398162841797
325.6508264541627,256.0546569824219,21.59349250793457,32.16925048828125
323.3379726409913,243.8817539215088,21.417686462402344,44.61174392700195
320.59733390808117,237.00386428833008,25.152198791503906,52.546241760253906
320.0337190628053,238.87435913085938,29.192575454711914,49.642364501953125
318.4441270828248,238.247465133667,31.94046974182129,51.37057876586914
315.6813621520997,232.4432487487793,33.17899703979492,56.77130889892578
303.1207847595216,193.15812301635742,35.12594223022461,98.3259506225586
226.38647174835216,239.28763961791992,29.733957290649414,67.28508758544922
225.71371650695812,249.2446746826172,25.467514038085938,59.788848876953125
226.64825534820568,266.8330993652344,27.860002517700195,39.46723937988281
227.15825080871593,269.50185775756836,26.756210327148438,36.546165466308594
228.15800380706798,273.5266361236572,26.81996726989746,32.74872970581055
226.3873109817506,282.5226821899414,29.191591262817383,25.190399169921875
227.38698673248302,287.51964950561523,27.057260513305664,19.06305694580078
238.59170532226574,252.10086250305176,19.074581146240234,40.27128601074219
228.35953903198254,274.7666778564453,24.138935089111328,31.72507095336914
230.6815118789674,282.67387676239014,22.244966506958008,26.03327751159668
228.8415231704713,288.85209941864014,22.799531936645508,20.589948654174805
232.5970458984376,257.0303153991699,27.018001556396484,48.14224624633789
231.37641620635998,272.01778984069824,27.939699172973633,33.05390930175781
232.5907030105592,277.706524848938,31.554964065551758,25.28544044494629
231.2581901550294,273.05314922332764,31.958271026611328,28.803434371948242
230.51794052124035,280.8258333206177,32.830928802490234,22.927255630493164
230.05484199523937,284.8536367416382,37.18108367919922,19.32106590270996
234.4648189544679,284.7207269668579,31.567947387695312,18.623910903930664
247.14004039764416,245.85980033874512,18.753721237182617,41.91350173950195
238.7617464065553,269.06656646728516,25.68754768371582,32.01922607421875
240.4383192062379,280.1516990661621,25.739057540893555,22.190887451171875
245.56595993042004,276.1105308532715,18.882877349853516,27.57501983642578
246.97426795959484,273.4390935897827,19.41742706298828,25.858171463012695
242.44048309326183,278.45949363708496,21.096874237060547,25.038074493408203
252.6756410598756,245.54084014892578,17.848039627075195,51.533447265625
241.98598098754894,275.63537979125977,25.999568939208984,27.58452606201172
239.62275123596203,285.71491718292236,29.89196014404297,14.746877670288086
238.20078659057629,287.74918937683105,29.716487884521484,13.158985137939453
239.31793022155773,290.9965114593506,24.514511108398438,28.37588882446289
238.87856101989757,279.6210470199585,23.802085876464844,22.777101516723633
240.69812393188488,275.8562412261963,20.539226531982422,24.908802032470703
243.65552043914806,270.9401502609253,15.282163619995117,29.97142219543457
239.33745574951183,281.85803604125977,17.119190216064453,21.01715087890625
238.7975025177003,290.83774185180664,19.90491485595703,17.046127319335938
244.20585346221935,266.9262504577637,16.47026252746582,30.168800354003906
231.7678508758546,286.2288522720337,28.347335815429688,15.365049362182617
242.33007240295422,253.5731029510498,17.870765686035156,43.26954650878906
230.44680786132824,267.0399913787842,16.892940521240234,34.370452880859375
226.71730422973644,290.39227628707886,35.3859748840332,13.334424018859863
218.24700355529797,286.1506128311157,24.96564483642578,24.764841079711914
226.93724155426037,285.5829601287842,29.266908645629883,16.72216796875
231.4439115524293,285.7322425842285,24.039960861206055,17.45425033569336
245.47410774230968,257.11756896972656,18.321823120117188,31.62883758544922
234.3816261291505,277.82902240753174,19.99624252319336,26.846464157104492
229.5880460739137,283.6092767715454,22.650991439819336,21.282400131225586
231.1889467239381,291.0412311553955,22.464914321899414,17.568737030029297
235.0127706527711,291.01251554489136,23.208768844604492,13.757027626037598
234.97881412506115,291.4294333457947,26.04766273498535,13.717854499816895
241.91544151306164,264.9256954193115,20.832489013671875,34.30345916748047
241.08688640594494,272.91175270080566,22.264005661010742,27.850845336914062
244.28184986114513,287.86357593536377,25.068941116333008,24.06230354309082
244.95744800567638,286.3929452896118,25.129053115844727,19.816232681274414
249.5224189758302,284.5416212081909,17.716564178466797,20.364675521850586
254.90602111816418,259.6712121963501,16.831531524658203,26.89487648010254
253.69211578369152,276.93043327331543,17.54172134399414,29.81775665283203
253.70116615295422,287.9140167236328,21.576560974121094,25.220272064208984
255.41819190979015,287.5448112487793,24.99988555908203,20.212200164794922
255.15708446502697,291.13179206848145,28.68903923034668,16.154624938964844
254.43773841857922,293.40555477142334,30.74103546142578,13.526334762573242
254.84064674377453,294.72930812835693,31.996292114257812,12.824369430541992
256.51618003845226,285.6349058151245,17.16992950439453,20.460500717163086
252.22848796844494,288.0803680419922,18.754179000854492,24.066043853759766
239.19634819030773,282.2832489013672,32.1016845703125,34.41434860229492
238.027575492859,233.80813789367676,20.315282821655273,54.893653869628906
198.11385726928722,233.84656143188477,26.297393798828125,61.44685745239258
193.11849784851086,226.62203788757324,38.09092330932617,69.94612121582031
269.8544321060182,237.40809059143066,25.300207138061523,64.86994171142578
257.26852130889904,188.69312858581543,30.598997116088867,87.14342498779297
311.0055866241456,196.41271781921387,35.72792434692383,121.3154525756836
313.62555503845226,159.8286304473877,37.92899703979492,157.92530822753906
310.18965339660656,193.34539985656738,43.54280471801758,125.44041442871094
307.7574214935304,189.7992877960205,46.16508102416992,129.5574493408203
381.8880014419557,218.88657760620117,30.469533920288086,56.610591888427734
369.213628768921,211.05933952331543,47.178829193115234,66.40840911865234
305.160219192505,149.55043983459473,33.5046272277832,159.8942413330078
286.0192737579347,197.92881965637207,63.48427200317383,93.35812377929688
296.39238357543957,162.59651374816895,48.76036071777344,129.23843383789062
288.3075180053712,194.98680305480957,88.79914093017578,119.26858520507812
392.9862213134767,267.2149715423584,126.24129486083984,82.86431121826172
296.2368679046632,159.75313758850098,52.3324089050293,164.95457458496094
380.941598892212,217.21007919311526,45.97452163696289,63.18299484252927
373.5210876464845,212.8869800567627,63.82952117919922,75.31539916992188
295.81717491149914,155.6540012359619,39.772945404052734,170.30613708496094
384.6834716796876,215.87247848510742,37.02143096923828,60.74479293823242
387.98075675964367,217.01936531066895,26.722286224365234,93.73347473144531
427.66247177124035,272.45800399780273,71.904296875,45.101924896240234
427.38312911987316,260.68544578552246,76.86962890625,71.3808364868164
378.45597457885754,277.10703468322754,133.07223510742188,62.936553955078125
383.52628898620617,209.5199146270752,43.65719223022461,64.69358825683594
421.1150665283204,178.36966133117676,58.326316833496094,95.63594055175781
460.4768524169923,185.790864944458,67.60277557373047,94.39549255371094
455.67972564697277,184.62990379333496,83.14789581298828,105.81046295166016
369.1919746398927,275.5368137359619,132.58004760742188,68.67559814453125
369.2527008056642,150.05495262145996,75.12650299072266,121.2650375366211
276.13154220581066,160.86545753479004,37.465606689453125,161.61338806152344
203.31962394714367,186.56608390808105,48.71470260620117,108.11334991455078
197.34737777709972,187.17928504943848,74.02720642089844,106.57209777832031
224.38081550598156,211.1642360687256,49.17245864868164,86.71099090576172
270.75630950927746,202.3817844390869,41.95226287841797,119.72825622558594
219.05756759643566,213.10912895202637,36.96046447753906,79.50992584228516
275.61765575408947,176.61094093322754,25.880571365356445,147.6492919921875
223.76581382751476,218.5772876739502,35.43012619018555,70.71673583984375
273.7355766296388,206.49044609069824,29.905364990234375,116.47527313232422
230.9989995956422,223.65001487731934,31.119348526000977,63.287513732910156
274.05184173583996,214.14083290100098,31.50200653076172,95.00299072265625
238.29335403442394,222.26058387756348,29.013198852539062,67.58695983886719
284.1146287918092,251.83973503112793,27.501325607299805,70.84420013427734
307.20524311065685,249.761812210083,26.738401412963867,58.22453308105469
304.2916307449342,253.4342269897461,27.225797653198242,55.96522903442383
247.9556884765626,222.34744262695312,25.467018127441406,63.76090621948242
248.50687217712414,219.61856651306152,27.24770736694336,65.00790405273438
276.0495538711549,205.11271858215332,27.962697982788086,73.7062759399414
311.3624849319459,220.72454071044922,24.99043083190918,62.2655143737793
264.1739320755006,213.29516792297363,29.70258903503418,66.44554901123047
269.0751428604127,211.24674797058105,27.0609188079834,110.34573364257812
308.20751571655285,222.7503719329834,34.99774169921875,62.391937255859375
300.48020935058605,238.68733024597168,39.24701690673828,68.27294921875
303.6374740600587,224.91382598876953,41.47502899169922,60.43398666381836
268.73285388946545,157.51835823059082,31.274206161499023,89.28504943847656
254.3401279449464,222.08485221862793,25.62130355834961,67.0781478881836
210.70796298980724,192.9196071624756,30.027921676635742,87.0361328125
177.71164321899425,193.84150886535645,47.34526824951172,79.49478912353516
155.33353424072277,200.58506965637207,87.70388793945312,95.70191192626953
112.33407592773449,190.67388725280762,113.81517028808594,117.48466491699219
102.61754608154308,222.8914394378662,131.1009521484375,208.291748046875
97.56725311279308,159.65294456481934,251.89874267578125,160.1070556640625
71.26633453369152,64.89669609069824,378.0879211425781,254.20664978027344
344.49573516845714,169.31899070739746,288.4839782714844,200.1632080078125
118.99594879150402,17.219533920288086,320.7190246582031,275.9283447265625
303.16846466064464,190.14395713806152,320.7975769042969,170.89639282226562
151.1700973510744,23.42178916931158,412.77075195312506,268.0210876464844
13.951667785644759,17.093496322631893,362.9974060058594,456.24859619140625
149.9589309692385,1.1641292572021484,364.6989440917969,317.4460754394531
6.327507019043196,2.564321517944336,379.172119140625,462.95794677734375
342.0632247924807,49.31186485290527,258.0888671875,430.6881351470947
135.40613555908226,0.03941631317138672,407.3081970214844,276.2415771484375
36.391716003418196,10.86169719696045,552.12646484375,278.0569763183594
16.559867858886832,1.0515165328978355,590.1326904296875,353.1849060058594
1.8289108276368324,0,612.2752685546875,480
34.85338592529308,0,603.772705078125,480
224.33475494384777,74.20950317382812,415.66524505615223,405.7904968261719
65.79857254028326,50.49737548828125,396.37506103515625,429.50262451171875
164.17273330688477,4.8955078125,432.7838439941406,302.92974853515625
34.3881721496582,0,551.6010131835938,305.06781005859375
323.46936416625977,127.02218627929688,308.0368957519531,307.9134521484375
76.84981155395508,10.63494873046875,476.8143310546875,265.6279296875
103.11468887329102,52.199188232421875,372.3891906738281,387.80291748046875
66.46364212036133,6.4453582763671875,535.941162109375,309.0039367675781
32.47499465942383,20.65802001953125,586.649169921875,459.34197998046875
115.4825325012207,0,442.11846923828125,366.18931579589844
11.959613800048828,0,574.49609375,344.1379623413086
0,3.5694847106933594,632.9802742004395,476.43051528930664
227.36699867248535,7.504682540893555,246.85809326171875,472.49531745910645
52.05159950256348,0,513.6314697265625,306.68765926361084
50.551218032836914,10.924777507781982,479.0996398925781,301.0558776855469
146.67783546447754,234.29501676559448,216.99057006835938,245.70498323440552
97.9184513092041,30.74423384666443,419.34197998046875,302.3563537597656
88.18702125549316,2.5594193935394287,460.6839904785156,284.0641174316406
335.83147621154785,159.38076949119568,286.90130615234375,281.5210266113281
84.91169166564941,22.84469771385193,448.7886047363281,278.3050231933594
72.22976112365723,54.49069380760193,446.4490966796875,414.0025329589844
158.06202125549316,10.285066366195679,415.0421447753906,331.4902038574219
9.609064102172852,0,604.7894897460938,348.4376389980316
106.55379676818859,0,272.30908203125,367.6125420331956
149.13020515441906,74.53452724218374,214.52064514160156,405.46547275781626
272.89414405822765,211.88808271288872,340.4605407714844,157.79437255859375
155.59790992736828,13.377149790525436,361.6662902832031,253.6708526611328
59.828363418579215,7.351568430662155,333.88446044921875,410.7078552246094
308.8175144195558,124.71591779589653,215.26382446289062,350.0530090332031
99.20986366271984,37.46248456835747,314.893798828125,334.5294189453125
256.1144962310792,190.1505033671856,374.32342529296875,195.99774169921875
76.32334327697765,6.439214915037155,502.8944396972656,310.0645446777344
20.619684219360465,6.189352244138718,562.2589111328125,339.91082763671875
197.17951393127453,154.19863721728325,397.4541931152344,233.2122039794922
9.812425613403434,182.8875639140606,221.28114318847656,297.1124360859394
278.28183937072765,207.12597189843655,337.6506652832031,149.4598388671875
113.22526741027843,13.685313329100609,235.29017639160156,278.8802795410156
369.5062427520753,171.7169295400381,205.8819122314453,217.38345336914062
157.92260932922375,86.21723471581936,203.14830017089844,262.9795227050781
59.53328895568859,0,425.587890625,278.8552046865225
0,18.575246386229992,234.29746437072765,461.42475361377
325.85980701446533,184.29740407690406,220.42355346679688,274.4972839355469
48.978856086731014,27.431208398193178,418.9382629394531,266.09185791015625
27.220570564270076,14.188349511474428,373.3626708984375,426.70941162109375
18.873173713684082,15.318018700927496,468.4424743652344,464.6819812990725
129.8490800857544,179.92108668200672,507.83514404296875,243.55165100097656
72.59093189239502,5.9204992186278105,473.7249755859375,338.8642272949219
207.5547227859497,233.44622553698719,241.01834106445312,242.87808227539062
79.94847583770752,227.29974116198719,478.97607421875,252.70025883801281
62.103413581848145,0,466.08453369140625,299.0424029296264
96.19255542755127,48.187415454071015,320.8511962890625,429.8825378417969
15.182759284973145,13.074851367156953,580.3517456054688,413.34033203125
79.32036304473888,200.84542021481332,474.34912109375,261.9754638671875
78.20343494415295,0,455.6663513183594,269.84549650875863
202.317708015442,248.66207473143004,261.62689208984375,228.53184509277344
140.7488946914674,24.935199426254258,111.01360321044922,336.05078125
13.815190315246753,59.57292525633244,225.54061889648438,272.57232666015625
0,35.25513045652775,342.1449174880983,355.4128723144531
97.62085962295544,8.60301558836369,418.07470703125,307.37066650390625
246.1167244911195,157.63797347410582,280.7386169433594,227.68832397460938
111.06859064102179,16.781619714340138,222.84654235839844,337.7070007324219
65.70556116104132,8.45057265623467,448.7647399902343,244.28797912597656
88.5325722694397,7.422168420394883,431.72998046875,296.45025634765625
6.977671146392822,29.760913537582383,633.0223288536072,303.60186767578125
14.558781862258911,19.20096175535582,579.9332275390625,277.2013854980469
6.498082399368286,0,614.1881713867188,430.79188887937926
0,7.382898175041191,592.4147083759308,375.5579528808594
83.45152533054363,173.01716788939677,541.1697387695312,243.79307556152344
27.66581976413738,0,517.6493530273438,302.6054018371507
24.53151190280937,6.015332144161448,559.112060546875,331.6826477050781
53.82643377780937,12.148678701778636,522.5135498046875,287.93621826171875
298.58026373386406,88.76694957580207,318.4223937988281,262.0225524902344
540.8023363351824,39.55573741759895,99.19766366481758,440.1914367675781
481.4097054600717,105.7682007965052,158.59029453992832,374.2317992034948
488.5078312456608,45.332800349424474,151.49216875433922,434.6671996505755
131.41704733669758,20.513537625884112,405.4126281738281,262.61944580078125
33.946817234158516,0,560.1089477539062,352.26530764541536
273.864663913846,15.523187269973278,359.85430908203125,429.09906005859375
13.886010959744567,0,494.7177429199219,343.66216432075464
194.08652670681488,23.89411621799445,433.76055908203125,431.0250549316406
106.70170004665863,212.300503547096,397.22991943359375,216.527587890625
97.343881443143,13.481625373267889,429.0863037109375,299.20135498046875
10.885507419705505,6.955212409400701,595.7374267578125,344.4964904785156
217.42276938259624,26.78153687229144,366.45758056640625,388.7637634277344
34.94788534939312,40.3259857248305,412.8009033203125,314.01861572265625
70.72428305447124,9.27702027072894,481.47979736328125,306.7673034667969
267.5055177956822,18.066052253150815,338.6851501464844,459.7737121582031
45.81009848415874,3.300122077369565,523.2432250976562,322.7151184082031
0,0,602.1294344216587,463.15185242404925
0,0,565.3755082264544,480
0,0,626.6090187616646,372.3205261230469
169.67291758395731,123.46217346191406,443.398193359375,347.57318115234375
18.1454517636447,14.642608642578011,585.21337890625,458.7628479003906
0,0,508.2632190976291,479.0998992919921
84.80931340623647,0,545.2307739257812,476.2213668823242
250.14915715623658,148.57371139526379,365.06866455078125,331.4262886047362
57.884096731431896,13.14102745056158,470.0265197753906,321.5284729003906
0,0,575.1823602812366,345.4532222747803
255.34133272850886,10.894885063171387,360.82391357421875,403.6217041015625
58.987298304680735,0,538.112060546875,346.8852262496948
14.420342738274371,10.366364955901986,520.370849609375,327.0838928222656
37.425256068352496,0,593.1735229492188,480
4.317773158196246,0,634.2781372070312,480
0,0,530.7189572402275,480
87.21171250683255,168.72378540039062,532.5899658203125,293.55120849609375
77.65608659130532,35.88833618164074,249.9676971435547,444.11166381835926
285.2639128242155,20.169219970703182,326.4053649902344,446.3349304199219
40.38377061230142,22.823455810546875,582.0343017578125,457.1765441894531
31.77317490917642,4.3717498779296875,544.4864501953125,307.004638671875
362.5920378242155,83.38555908203125,270.2769470214844,385.1007995605469
77.76377549511392,61.36689758300781,516.4421997070312,406.21014404296875
0,23.0331573486327,510.7603117499966,456.9668426513673
109.6580336826155,130.13233184814453,399.0890197753906,349.86766815185547
43.115721060545184,23.68057632446289,583.9037475585938,452.96209716796875
0,0,570.6773360507796,480
329.2199699052726,1.3663787841796875,282.5357360839844,470.1439514160156
324.7771445878898,43.97648620605469,300.2677001953125,432.0303039550781
453.7391425737296,157.00559997558594,177.7901153564453,322.5588684082031
462.04664532031165,4.763473510742131,134.2119140625,475.23652648925787
404.7472678789054,118.29338836669922,235.2527321210946,346.07232666015625
476.9192882363277,111.3128890991211,163.0807117636723,368.6871109008789
459.8511159809568,208.39097213745123,140.60072326660156,271.37371826171875
408.09225825390604,95.07639694213879,221.05093383789062,297.46258544921875
483.5161321552732,146.08022689819347,145.54400634765625,327.7519226074219
472.5470846088865,111.63444137573254,157.76292419433594,361.47576904296875
440.42785243115213,121.36605453491217,159.40916442871094,354.1394348144531
470.12206629833963,157.9540519714356,142.4061737060547,298.41741943359375
437.16291407665994,94.26580429077154,136.53895568847656,361.7103576660156
511.3578985126951,129.19083786010754,128.6421014873049,350.80916213989246
460.02545346777333,104.09096336364746,161.49534606933594,374.6317138671875
450.2800616220702,70.03093528747564,189.7199383779298,406.87628173828125
445.46980376025385,170.91240501403814,188.469482421875,302.50360107421875
404.2174157597655,156.77646446228027,208.82905578613287,304.7018737792969
366.4524850346679,8.501699447631836,193.29342651367188,458.84466552734375
470.941643665039,83.48515892028809,169.058356334961,396.5148410797119
309.92344329248044,27.035883903503418,327.1018371582031,426.12835693359375
366.2018780458984,38.24682140350342,242.7527313232422,432.61505126953125
333.012203668457,17.40235424041748,280.69189453125,454.9913635253906
36.98946807275388,30.441981315612793,580.7791137695312,319.6175537109375
254.77769133935544,25.018244743347168,364.6650695800781,391.37481689453125
291.55588958154294,11.469080924987793,348.44411041845706,447.6484375
108.48633407299803,177.23032665252686,252.85470581054688,302.76967334747314
9.856275784423815,104.53963232040405,212.25514221191406,307.3211669921875
81.68620895092772,13.81702184677124,384.26263427734375,253.34970092773438
64.05184005444335,29.09729528427124,517.71337890625,427.5464782714844
212.88214706127928,4.656362056732178,417.2849426269531,448.384521484375
40.993124234130846,0,599.0068757658692,341.4603934288025
5.841715925659287,0,579.3345947265625,480
32.12845908972179,126.09532165527344,579.7740478515625,353.90467834472656
65.62888633581554,24.48772430419922,526.5777587890625,348.94287109375
23.14753257604991,4.492149353027344,529.9872436523438,364.77679443359375
141.17055808874522,128.3706283569336,432.4602355957031,316.37603759765625
47.96323692175304,27.40892791748047,557.7095947265625,452.59107208251953
0,0,565.0561019119873,474.00625228881825
63.86586528704834,22.634016036987305,340.1908264160156,457.3659839630127
49.9964957802124,1.6681890487670898,528.3626708984375,348.6499328613281
21.844976004821774,2.73471736907959,586.8899536132812,477.2652826309204
66.69318157122802,109.25746488571167,540.5265502929688,339.96905517578125
18.127507743103024,0,611.5015258789062,479.66807889938354
83.04305034564209,97.06965041160583,473.7908020019531,308.4884948730469
57.285893973571774,19.300668478012085,538.5344848632812,460.6993315219879
99.40860515521229,152.6974228620528,500.7821044921875,322.45465087890625
32.47420268939197,10.166600108146554,410.5846252441406,465.73370361328125
244.50771099017334,0.9491013288497925,362.2463684082031,367.0196533203125
45.96249919818115,10.368718028068542,564.5087890625,444.989013671875
0,0,517.9881949989623,463.8840225934981
95.10261800729381,222.24909442663193,486.6640625,253.08456420898438
180.46275594674694,11.090280950069427,459.53724405325306,459.6846618652344
145.59185160618586,145.25998920202244,343.7598876953125,323.3337707519531
59.64736308079523,0,515.3999633789062,344.87220233678806
100.92409647923262,180.113133639097,464.85162353515625,294.94244384765625
38.51145304661543,0,504.9592590332031,351.3705341517923
1.2626279733732417,0,613.8802490234375,480
204.09775675755293,15.639434814453125,411.2136535644531,459.85589599609375
17.569238080795117,20.516159057617188,605.7808227539062,453.0502014160156
42.84893168431074,114.96238708496094,460.616455078125,241.46829223632812
47.95226420384199,0,487.0020751953125,335.9158020019531
280.3930601022794,11.517562866210824,351.9205322265625,457.67767333984375
31.127541913802816,17.408325195312386,436.0674133300781,458.5154113769531
59.46236552220125,210.02593994140614,330.87738037109375,263.4433898925781
62.278222455795,337.99468994140614,540.9902954101562,133.38052368164062
73.6284421823575,343.4094085693358,545.8196411132812,136.59059143066418
88.74266947727938,5.646598815917912,368.33697509765625,285.46417236328125
152.50780619602938,221.59298706054682,212.73736572265625,253.40916442871094
99.71534098606838,18.149543762206918,407.9971618652344,276.5932312011719
33.429772748763696,0,564.7107543945312,324.060691833496
154.39655436497446,53.04920578002907,475.6927185058594,409.58447265625
6.319421186263639,4.689632415771371,633.6805788137364,367.3996887207031
17.8403136204754,57.934551239013445,466.8359375,298.62469482421875
41.474804587272274,0,518.6190795898438,333.8457756042478
151.88561696520196,203.7221279144286,309.1668395996094,270.8967590332031
45.89867848863946,22.269231796264535,433.0972595214844,308.7861328125
349.22616261949884,0,263.6411437988281,470.4077968597411
350.3488585423504,0,266.1722412109375,465.7922620773315
29.70971364488946,13.881848812103271,495.2501525878906,302.85009765625
279.6921507786785,44.23725652694702,316.8636474609375,434.29296875
45.10207814684259,37.0516791343689,484.5634460449219,333.31488037109375
24.289807028678524,51.88926458358765,466.31494140625,325.62298583984375
20.45226735582696,15.470761775970459,488.0763244628906,380.2796936035156
12.917797751334774,2.245206356048584,533.8585205078125,338.1175231933594
15.409969992545598,27.868222713470345,500.5213928222656,329.6568908691406
98.84667653551435,217.87997198104847,367.5840148925781,262.12002801895153
381.94475240221357,4.58009219169611,210.7036590576172,475.09344482421875
87.95719594469404,31.395674467086735,472.05096435546875,315.712158203125
38.322064108756535,11.51528811454773,468.06988525390625,327.6369934082031
15.714214987662785,0,532.8374633789062,372.0331256389618
24.804394431022274,23.40981233119976,573.6787109375,384.89794921875
113.32856435289727,44.797538161277885,395.7060546875,341.50140380859375
51.773144431022274,0,543.3704833984375,394.91735017299663
66.72399587145196,13.18462723493576,495.0791320800781,358.428466796875
29.431164450553524,14.172633826732635,557.729736328125,381.13360595703125
40.239636130241024,158.69283646345139,567.572998046875,265.19989013671875
40.4854552220379,0,543.6320190429688,375.7944294810295
64.15986318102227,0,525.3104248046875,376.9901255071163
176.795513815788,28.358282968402023,437.30120849609375,414.266357421875
9.405712790397388,222.97359363734734,463.59033203125,227.29940795898438
379.91762227526067,3.2847050875426476,233.36973571777344,467.06414794921875
208.5691649388349,3.2786626070738976,382.4346923828125,450.21099853515625
357.08778066149125,0.22035877406619875,272.116455078125,468.6951599121094
208.8819853734053,201.73973743617557,408.2309265136719,255.60781860351562
81.28464955797563,13.036932870745886,509.30950927734375,339.5296630859375
267.7812010716475,160.50676624476932,342.43798828125,319.4932337552307
70.7902342747725,10.829799138009662,521.63525390625,324.687744140625
103.69047231188188,29.312602482736224,495.10089111328125,340.0755310058594
269.4482848118819,0.7441820725799744,351.61871337890625,441.5852966308594
257.3182341527022,29.888713322579974,335.2961730957031,430.1128845214844
25.714031882194377,0,594.1139526367188,357.40433832258
142.9899870823897,127.03168271109462,385.2171936035156,285.8325500488281
38.4882323216475,0,532.3056640625,356.75131772086024
74.53068227281938,185.51697050593793,521.7015991210938,263.9211120605469
305.4044920872725,0,285.75,469.83325468562543
38.30601186266313,19.242478783242404,542.8727416992188,335.8782043457031
31.89753407946,111.83780043851584,526.9503173828125,361.46734619140625
0,0,632.625805563835,480
