197.0,203.0,170.0,149.0
163.8416976928711,242.18812942504883,225.89308166503906,126.2457504272461
161.37020111083984,219.86260223388672,164.7896270751953,158.7882843017578
0,223.05821228027344,132.35952758789062,125.26754760742188
1.3665733337402344,210.55467224121094,85.02283477783203,103.93417358398438
6.249256134033203,229.33881759643555,105.82323455810547,79.6562271118164
0.26345062255859375,227.08773803710938,80.28144836425781,77.96923828125
0,227.89989471435547,98.62571716308594,79.27171325683594
0.001224517822265625,213.92090225219727,88.31781768798828,87.1360092163086
24.75537109375,218.00426483154297,133.34629821777344,100.91600036621094
0,199.97228622436523,131.18636322021484,111.76984405517578
0,191.9533462524414,87.90408325195312,124.25093078613281
0,190.13178253173828,105.26456451416016,113.22123718261719
0,195.5650863647461,89.3113784790039,106.44841003417969
8.426559448242216,204.1626319885254,123.64762115478516,104.91167449951172
0,79.42063903808594,74.67358016967776,197.11297607421875
9.559858322143612,195.6358909606934,148.00411987304688,113.39987945556638
109.51369285583502,229.1233253479004,127.70704650878906,103.97493743896484
78.90236473083502,224.61016845703125,133.26429748535156,100.85150146484375
13.66226768493658,219.09584426879883,140.1698760986328,114.05733489990234
0,224.49455642700195,104.90984535217288,113.24666595458984
0,235.7942123413086,86.39923191070557,96.94502258300781
0,215.6266975402832,81.41252183914185,103.3713607788086
0.6299631595611572,213.23426055908203,88.89127349853516,93.95039367675781
1.5019190311431885,194.0152702331543,113.45592498779297,113.96411895751953
0,208.97386169433594,116.08683037757874,103.38165283203125
1.4914284944534302,209.52671432495117,124.63543701171875,106.05695343017578
10.942676663398743,199.2367286682129,138.52035522460938,101.69377899169922
19.977123379707336,220.75751113891602,126.41807556152344,117.91307830810547
20.69418728351596,236.93244552612305,171.175048828125,124.37699127197266
0,151.63206481933594,100.15520489215854,224.13327026367188
150.06417852640152,260.22986602783203,103.34850311279297,142.9901580810547
32.51649862527847,268.88512420654297,128.6094207763672,117.67558288574219
11.075771391391754,255.30113983154297,138.793212890625,112.56413269042969
7.388950407505035,114.07254791259766,157.9134063720703,188.68702697753906
0,91.43978881835938,124.538967192173,242.79348754882812
0,187.0967788696289,135.66641047596931,122.23402404785156
0,204.5733413696289,132.4497213512659,116.78858947753906
1.7310099676251127,104.43249511718747,166.62423706054688,142.88308715820312
27.888854511082144,247.46592712402344,175.47962951660156,127.5113525390625
34.63822890073058,266.7863311767578,147.1545867919922,113.91802978515625
54.72408247739074,256.0903968811035,127.47171020507812,114.36971282958984
158.65418959408998,118.25305938720706,120.41368103027344,213.4227142333984
0.15195418149232864,189.9511375427246,131.26425170898438,117.18219757080078
0,166.15533447265628,86.24995375424626,131.41333007812497
0,190.95770263671875,60.995139840990305,117.34640502929688
0,229.1700096130371,52.320487858727574,91.4338150024414
56.730567873455584,225.83393478393555,71.5573501586914,65.3955307006836
141.37022775504738,206.02281188964844,57.48567199707031,134.4712677001953
60.31927484367043,212.8638153076172,110.85131072998047,71.09492492675781
105.47935479972512,222.48691940307617,83.30538177490234,65.12841033935547
75.8605269799009,208.52575302124023,94.30583953857422,79.31481170654297
158.2976149925962,129.57460021972656,106.1716537475586,104.80705261230469
56.33113092277202,262.4185981750488,116.50994110107422,106.8815689086914
0,323.5821762084961,50.48684686515483,155.48043823242188
0,323.8602066040039,61.165464371908456,155.8170166015625
0,301.34288787841797,47.20908449613492,178.65711212158203
18.609119884786196,254.62451934814453,112.102783203125,90.44518280029297
0,223.84346771240234,86.457031719503,89.3629379272461
0.4084398709819652,229.10886001586914,100.16462707519531,95.21685791015625
23.181736227183166,222.10166931152344,115.4953842163086,96.97595977783203
48.13237022986871,218.14691925048828,120.08413696289062,100.0426254272461
92.54632591834527,198.21245193481445,104.078125,102.491943359375
122.58325981727106,217.24696350097656,87.17167663574219,80.28437042236328
80.64593147864801,261.693058013916,80.7308578491211,92.3507080078125
72.05105232825738,289.90564727783203,123.34508514404297,88.63985443115234
79.48047661414606,275.08911514282227,108.70962524414062,88.98348999023438
0,346.8445014953613,28.302803274302278,131.23699951171875
0,346.5559730529785,30.54240047748317,133.44402694702148
0,343.2122440338135,46.90337186960096,113.43412780761719
19.000903158921574,269.300012588501,120.54795837402344,94.33116149902344
22.22439864232001,253.42896461486816,115.01341247558594,84.03706359863281
26.748305350083655,237.22676277160645,125.24047088623047,81.42953491210938
38.1610975558942,232.72031593322754,120.46044921875,93.95021057128906
38.251059561509436,239.4311466217041,121.09854888916016,94.26890563964844
37.263529806870736,184.95572853088376,138.45901489257812,102.25471496582034
0,224.43129920959473,30.298602133530892,158.98204040527344
0,229.3617649078369,39.112422480950016,176.14659118652344
0,252.87771034240723,51.07064986962541,164.3750762939453
0,287.4279956817627,65.19386375317208,178.71347045898438
0,309.10239601135254,53.76084369604405,170.89760398864746
0,342.3426866531372,41.61482164355425,137.6573133468628
34.51102791772439,298.7257447242737,116.99092864990234,88.24974822998047
6.988402948241969,238.76728677749634,143.67127990722656,98.2646255493164
0.09434090600564105,231.618155002594,102.28514862060547,100.60387420654297
0,211.71792840957642,90.81717644677713,96.0826416015625
0,191.59076166152954,100.84759121411122,98.60125732421875
0.24591627355951573,199.74129343032837,115.01304626464844,107.60356903076172
1.3233279251708723,227.75528573989868,123.96024322509766,106.56014251708984
4.632257368530247,265.5124497413635,122.46033477783203,101.36319732666016
0,297.84598779678345,126.35455503698728,93.99952697753906
0.38296218035887364,291.55446100234985,124.8237075805664,94.84902954101562
5.009419394714342,284.085325717926,127.25276947021484,94.45655059814453
153.17908568499755,144.55123376846313,87.67076110839844,172.5630645751953
33.35702986834718,240.12859201431274,123.34905242919922,93.3608627319336
34.3237695228882,233.52986001968384,128.70372009277344,98.28522491455078
29.676793051940933,236.169668674469,126.3194808959961,92.53075408935547
23.678372336608902,242.68462991714478,125.6282730102539,94.2895278930664
8.043637229187027,222.50359964370728,127.35883331298828,98.9506607055664
0,194.23959970474243,116.55270094989015,112.9029769897461
0,207.05372476577762,98.87545249520878,91.390266418457
0.03354381352235691,214.4306321144104,109.91017150878906,98.02017974853516
0,89.26561975479126,116.2669155481415,149.7671356201172
12.554844492820735,210.3289361000061,68.03573608398438,199.43609619140625
51.62169706240081,256.4064316749573,125.42943572998047,96.76624298095703
27.348259562400813,275.98327112197876,121.21331024169922,91.99714660644531
0.40272580995940643,280.5428719520569,99.15705108642578,92.79121398925781
0,277.00882959365845,68.08176862612152,93.27485656738281
0,257.40321588516235,62.637941655590055,87.03863525390625
0.18172183487510551,226.10556650161743,73.52233123779297,90.4717788696289
0.13131442520713676,218.78024911880493,101.3193130493164,89.46207427978516
20.12953296158409,229.8706612586975,126.23391723632812,96.47488403320312
0,239.00220727920532,36.2139407679806,193.9783935546875
0.6310888074522154,274.57071924209595,34.1567497253418,167.39126586914062
0,261.31712579727173,37.938013627398504,170.9956512451172
31.835538185769565,213.86798334121704,116.66180419921875,84.68563842773438
0.49896363132620536,183.67143869400024,115.64781951904297,100.23815155029297
169.71873215549613,168.97939538955688,78.00570678710938,137.67799377441406
129.57142380588678,175.17350244522098,120.83218383789062,112.97795104980466
0.8420117270293872,182.56088113784793,117.8338851928711,95.0669021606445
56.57273224704892,180.67614603042603,108.39588165283203,87.9865493774414
99.86847046726379,176.44797754287723,123.23387908935547,93.09803771972653
0,167.54786157608032,88.11228684299621,214.4386749267578
1.577692646351636,215.72648859024048,82.06023406982422,168.121337890625
0,231.43165826797485,49.953112263050855,146.11569213867188
0,209.8623833656311,40.32978756157914,198.49777221679688
10.86758771999854,237.9759202003479,124.8025894165039,92.19962310791016
3.4890667544223675,252.62481927871704,128.96368408203125,92.34878540039062
8.654483471951664,251.53231287002563,127.78925323486328,95.08238220214844
15.405666028104008,234.78891229629517,126.59593963623047,96.41168212890625
45.78528562649271,194.92714166641238,134.90011596679688,98.4443664550781
0,218.51426935195923,30.131978665433138,165.32351684570312
0,243.55082941055298,26.379787283461198,144.11273193359375
0,261.3697533607483,22.993613162299454,136.88934326171875
0,233.5435929298401,65.88015695346418,74.19976806640625
6.40673802263052,206.34155893325806,131.38339233398438,91.17318725585938
0.33483097917348914,177.6370072364807,116.92790222167969,99.28221130371094
0,153.04312753677368,112.11483357316763,98.84445190429688
0,171.94350290298465,75.35561930123228,95.49090576171872
120.854407245831,160.87385416030884,41.57606506347656,134.1772003173828
83.99066441746186,199.24814462661743,67.4819564819336,63.395721435546875
2.3420476266903734,205.0018754005432,117.88484191894531,91.75273132324219
33.780211384014564,196.25082254409787,129.23062133789062,92.09657287597659
65.34786122532316,197.00243997573853,139.21348571777344,97.14753723144531
93.20490925999113,217.77322244644165,132.120361328125,95.92723083496094
0,274.3868088722229,63.84218877048917,139.73435974121094
74.34641405687546,242.3054642677307,125.04846954345703,92.16731262207031
52.50317141161179,237.27287530899048,129.82632446289062,96.54236602783203
19.20208498583054,232.0174584388733,140.45803833007812,86.47156524658203
0,219.93061304092407,120.24730440721726,110.38842010498047
0,238.3724808692932,97.79050706200707,93.05839538574219
0,234.96164178848267,106.40432106640392,90.29679107666016
14.89024799658091,206.5085473060608,138.24964904785156,99.2493667602539
34.09606998754771,195.26940393447876,112.77388763427734,93.32674407958984
34.3830916245106,162.27982187271118,127.98594665527344,99.55950927734375
0.11479252172739507,190.7446961402893,39.681602478027344,139.176513671875
0,197.04211282730103,40.8520914871815,159.78700256347656
0,224.29785776138306,50.107074109679616,136.05499267578125
0,224.01077127456665,56.56790701943942,159.5768280029297
0.33602794209275544,234.75198221206665,60.20209503173828,143.10145568847656
0.49401553669727605,238.59175729751587,60.41965866088867,136.81985473632812
0,242.17639780044556,58.26375278034962,143.7652587890625
0,246.73046731948853,55.03505555887597,153.19102478027344
59.169017037250484,228.8907914161682,123.18212890625,101.20661926269531
36.331004341937984,253.73326349258423,130.65182495117188,95.8198013305664
38.41960450062939,262.86820459365845,124.76359558105469,92.12310028076172
47.47186203847119,252.55324411392212,127.9127426147461,95.79931640625
57.99024887929147,224.9597725868225,125.29170989990234,99.68419647216797
60.241965493061,203.60940790176392,127.86905670166016,92.69159698486328
67.79841156850046,196.6628975868225,129.95797729492188,94.11519622802734
73.00902863393011,188.60402917861936,139.02838134765625,99.50423431396487
84.10713501820746,211.5787377357483,128.5048370361328,98.76996612548828
60.91112061391058,220.95085763931274,133.0022735595703,100.06512451171875
39.359004219867614,241.61172342300415,128.149658203125,98.60063171386719
30.23166199574652,243.30970239639282,138.8821258544922,101.36797332763672
21.328730782367614,251.21073389053345,136.64794921875,93.73949432373047
8.62667389760199,263.5039963722229,132.08331298828125,91.90769958496094
16.604209145404724,258.68330240249634,126.31693267822266,93.85182189941406
31.507464608051208,226.70750284194946,123.28831481933594,100.77244567871094
60.69441529164496,210.9185585975647,125.84895324707031,93.76412200927734
0.1568367088812863,241.91157388687134,64.7433853149414,142.5897979736328
1.5918838585394894,175.0479416847229,83.11322021484375,181.02174377441406
0,238.75120401382446,76.42176743397891,152.66172790527344
0,241.66200876235962,50.17783317988008,155.3035888671875
0,144.25499200820923,74.36458568784042,127.88074493408203
1.766483212572581,210.34739923477176,141.0831756591797,90.5373611450195
0,227.67309427261353,101.29748525725032,95.99888610839844
0,237.58747339248657,106.48439402633022,90.06975555419922
1.841199851299848,228.71771097183228,125.02080535888672,96.03102111816406
32.49206731345805,207.07019662857056,123.19990539550781,96.88101196289062
0,210.69833993911743,33.107189154888715,158.24307250976562
0,227.7922806739807,51.16002653850393,142.6762237548828
2.062690728968761,221.89646768569946,89.8410415649414,146.50038146972656
0,209.49600839614868,111.50770568258207,172.64581298828125
0.7574615449043165,232.80359506607056,100.47831726074219,165.5595703125
83.27198409739455,206.76711893081665,119.04070281982422,92.33992004394531
7.645721432599657,194.21711969375613,132.0348663330078,91.534065246582
0,186.88709497451782,110.09412002268755,96.93053436279297
2.4260654434726803,188.60239267349243,127.15486145019531,92.20147705078125
24.823156355337915,189.7584252357483,123.1279525756836,92.98075103759766
27.548143385367183,173.50334787368772,152.79669189453125,92.33413696289065
21.520067213492183,178.86377954483032,129.67251586914062,96.90355682373047
30.281328199820308,193.24221277236938,139.08761596679688,108.7923812866211
150.10708808751562,147.56072854995728,118.98706054687503,207.8824005126953
32.11013221593362,285.4652009010315,185.6923370361328,137.64920043945312
39.19999885411721,311.11174631118774,195.64279174804688,151.59219360351562
4.3629322037265865,299.2656464576721,160.98117065429688,166.04122924804688
4.933221815542993,140.72261667251587,126.84468078613281,285.53631591796875
11.157106398062524,230.44003915786743,151.84759521484375,133.95834350585938
14.241540907339868,228.7013077735901,133.2584991455078,104.88642883300781
21.63306236119729,220.61457300186157,125.82930755615234,91.1809310913086
44.3840045914219,218.18496942520142,127.72763061523438,90.23889923095703
79.09838294835549,219.34239053726196,128.93638610839844,93.47023010253906
102.71477699132424,225.91910028457642,125.46867370605469,93.05606842041016
106.60200691075784,226.91236352920532,128.763671875,97.40267181396484
90.8882770523594,241.73424768447876,131.3232421875,94.43083953857422
66.08434486241799,254.80828332901,131.8872833251953,93.32653045654297
0,297.36619424819946,34.43989181371194,133.8681182861328
0,292.0480942726135,26.25888347552052,143.34642028808594
0,286.2156357765198,18.603778361905782,140.4926300048828
21.806380986983157,256.905020236969,61.21736526489258,68.86589813232422
9.698785543257571,207.2106614112854,133.92691040039062,102.4032974243164
2.8258302209919464,180.59866189956665,138.13973999023438,104.98432159423828
11.874566793257571,187.31711053848267,129.25030517578125,95.28158569335938
47.09208083134351,198.00807428359985,128.44320678710938,93.33993530273438
63.57547545414624,214.49403619766235,124.25379180908203,96.42404174804688
68.33559584599195,235.1362977027893,124.95034790039062,105.00658416748047
80.5156915185994,262.93825006484985,127.25470733642578,106.62216186523438
0,326.6700768470764,52.12281966190994,152.46142578125
0,343.7991280555725,33.49865806093544,136.2008719444275
27.413647115184517,308.4610378742218,125.1885757446289,91.1345443725586
4.596847951366129,294.00760769844055,132.01083374023438,96.87764739990234
0,279.53723645210266,126.86254924531144,99.1046142578125
0.16534444687448513,247.44175839424133,123.63058471679688,98.76557159423828
9.906311243749457,216.58952832221985,125.45809936523438,99.9803466796875
21.645607203222113,177.55523037910461,125.84849548339844,97.03145599365234
48.52428838608341,152.6229450702667,121.22074127197266,95.15225219726562
72.68759939072208,152.0252010822296,132.38771057128906,96.90892791748047
82.60295888779243,161.43779492378235,128.75440979003906,97.93243408203125
90.26609060165961,171.9698269367218,132.4800262451172,99.24089813232422
95.17092916367136,190.73781704902652,128.83444213867188,97.93422698974607
84.81417867539011,207.82606625556946,129.48162841796875,100.1614761352539
70.60369130966745,231.5764515399933,132.0775604248047,97.15841674804688
43.80857107040967,249.6647388935089,136.2333526611328,99.97903442382812
166.36829015610303,228.16993832588196,119.48818206787112,118.6180191040039
8.480385035253448,268.07189297676086,127.6109619140625,99.7593002319336
0.16262075302688572,175.15117383003235,112.00198364257812,161.38485717773438
0,231.49316143989563,88.46012899277298,103.96022033691406
0,217.60043835639954,76.80861674248024,97.91897583007812
1.2002678438963699,199.95791745185852,119.3807373046875,93.6752700805664
13.244709067040901,184.0576832294464,147.59532165527344,95.247802734375
23.51967244594715,176.37509274482727,130.8847198486328,102.27204132080078
37.68940358608387,192.63393902778625,133.11831665039062,102.63914489746094
38.205257467919836,213.83738446235657,129.39694213867188,95.96980285644531
19.512054495507726,224.9933636188507,127.03697967529297,96.16791534423828
2.052337698632698,225.833886384964,124.56987762451172,96.70137786865234
1.2892647311034011,227.63665127754211,124.81172180175781,93.91414642333984
30.07118611782215,228.03826260566711,127.42460632324219,91.22469329833984
61.917034201318245,223.8332874774933,127.7398681640625,95.36422729492188
72.63600163906241,205.64117932319644,124.90938568115234,94.6799621582031
80.89268117397452,194.73629879951477,130.1688232421875,95.59717559814453
100.46789937465812,186.34344601631165,127.72843933105469,93.90491485595703
0,154.81164288520813,102.39870458095695,207.8343048095703
0,207.10799145698547,98.96739962324216,167.58688354492188
7.621311200781236,207.71527218818665,173.30882263183594,110.61707305908203
21.718959821386704,218.41498684883118,139.36553955078125,109.23577117919922
26.857280744238267,232.49607968330383,132.81234741210938,101.0822525024414
22.953655255957017,232.2077534198761,129.09121704101562,96.12991333007812
1.6763687264160012,233.52836346626282,126.32804107666016,96.00837707519531
0,238.5179226398468,118.49275208823241,94.0825424194336
3.72724915202636,217.5808765888214,131.9129180908203,105.65850830078125
9.421295172534172,232.8364155292511,153.65809631347656,94.26751708984375
0,255.24633526802063,103.27339935954589,147.1438446044922
6.311786654870616,227.9415638446808,168.6321258544922,164.28744506835938
0.8202934297729598,178.8674442768097,160.24066162109375,230.5977325439453
0,229.84973645210266,186.94058609334718,209.30868530273438
0.9592456833923961,248.3154804706574,155.3123779296875,178.747314453125
0,226.05296063423162,104.96587181254279,188.0780792236328
1.9193372734588934,238.61506009101873,154.165283203125,106.85225677490234
1.5147428520721746,247.12180447578436,129.84263610839844,95.61763763427734
0,245.74913525581366,130.30316448293155,96.39712524414062
0,241.80662274360662,131.88409566920015,96.96974182128906
0.15207743665087037,232.58128857612616,125.23982238769531,95.14450073242188
0,227.8626453876496,127.22829890271532,96.40060424804688
7.465704321963102,226.0455105304718,137.8331756591797,99.08028411865234
34.87306821356469,224.4404423236847,151.20790100097656,96.56858825683594
1.5842536688869586,267.71247601509094,71.32288360595703,150.10459899902344
1.589407324892818,250.8161747455597,84.50425720214844,151.9650421142578
0.008497595888940168,256.75088238716125,72.333251953125,138.3502960205078
43.541853308779565,228.64702725410461,142.07354736328125,94.36339569091797
156.23916852484402,93.85171246528625,85.6864242553711,197.43348693847656
0,191.16492581367493,82.5020660162991,104.09404754638672
0,177.76149487495422,68.31494444613782,87.18276977539062
0.2319160402075795,153.10989499092102,74.64334869384766,104.9994888305664
0,138.01697278022766,80.91180571916266,92.41339111328125
0.8407066315539851,156.58004117012024,71.61470031738281,94.7700424194336
70.69997863472781,179.24084210395813,73.35965728759766,76.02098083496094
131.43439559639774,213.97075009346008,69.13606262207031,126.5821304321289
124.72415809334598,248.97158551216125,48.2026252746582,128.97825622558594
75.62284927071414,284.6658413410187,69.16168212890625,68.51241302490234
76.1284683197864,275.8852894306183,68.85665130615234,69.075927734375
80.08070831002078,276.808797121048,68.72542572021484,67.02670288085938
92.28346709908328,274.82982754707336,70.5168685913086,67.8280258178711
0,255.8866093158722,89.29097442330203,95.92732238769531
0.6570152267877347,207.97096753120422,106.15559387207031,100.42123413085938
0.6573928818170316,191.50857281684875,108.62410736083984,99.49925231933594
0,191.58089566230774,121.3317016586725,101.93773651123047
154.61810607835972,124.16476941108706,93.85440063476562,147.71398925781247
3.4958679191800286,235.48528790473938,141.6984405517578,102.31330871582031
1.029360961172216,240.53898358345032,137.0102081298828,102.03950500488281
0,216.97260403633118,130.0745498649808,107.79659271240234
0.24376449547867196,190.4271214008331,126.94752502441406,107.03550720214847
0.002721404658359461,180.2680218219757,142.0526580810547,101.30240631103516
8.043820952998203,164.62306332588196,148.5211181640625,107.26502227783203
0,149.88216137886047,142.47547683678727,103.18255615234375
0,147.5473415851593,135.33947639446785,101.22383880615234
0.46655979147220705,140.7396595478058,141.5548553466797,104.06320190429688
1.268973731901923,128.50932812690738,144.1062774658203,101.52438354492188
6.074424171355048,141.9806377887726,147.2390594482422,110.5533218383789
145.58932819357184,106.81525921821597,85.94344329833984,206.4012298583984
0.4655527113941105,269.14283871650696,132.2557830810547,102.1541519165039
0,275.5214321613312,134.6936258315113,102.07146453857422
0.30139513011113195,266.1364529132843,132.61354064941406,105.71968841552734
0,251.02979016304016,127.90180559153688,108.80218505859375
0,237.54989743232727,128.46642861363955,101.32257843017578
0.18270008562836892,198.7171413898468,126.84660339355469,109.78942108154297
0.7111806154135252,171.8645679950714,126.57818603515625,109.76983642578125
0,165.56684613227844,137.4654225587729,100.36494445800781
4.383788549894263,165.99867749214172,151.769775390625,105.64755249023438
0,186.97085309028625,42.63352152108567,191.61598205566406
0.14477131962485146,205.97963452339172,36.97807312011719,161.657958984375
0,204.60825085639954,35.54223988651938,159.003662109375
0,219.7254993915558,31.419370523093676,160.16592407226562
0,238.38965344429016,26.25176995545553,149.52069091796875
0,239.96758770942688,39.65408703461253,144.28744506835938
3.675737364962515,195.42215847969055,151.1463623046875,107.78960418701172
0,215.52702069282532,125.26135061569494,108.85679626464844
0,245.66796612739563,104.15231608543539,102.87434387207031
0,256.61481976509094,100.98062657909469,100.23661804199219
0,257.15712094306946,103.7977130393032,100.04779815673828
0,250.5227711200714,97.45889603991526,102.9547119140625
0,228.0703022480011,109.50016182610997,96.63137817382812
0,228.52763867378235,96.10550388668776,101.96005249023438
0,231.35764050483704,111.54196779417398,104.19784545898438
0,234.5119755268097,126.8572189434737,106.07789611816406
1.1528526357993485,229.184716463089,153.20669555664062,108.1899642944336
0,262.4066517353058,50.85393868011087,190.07391357421875
0.39135532638351833,261.7742054462433,58.9764404296875,153.35128784179688
0,254.27006268501282,81.77286701461594,166.07566833496094
1.2298668874349232,249.14680981636047,72.08419036865234,183.02783203125
62.309750462874376,197.45477414131165,167.33848571777344,105.55118560791016
17.596539403304064,182.31133008003235,177.19798278808594,115.52047729492188
0,181.79822659492493,143.32713022361656,114.97789764404297
0,187.72536206245422,122.33369298046063,107.16415405273438
0,189.63048672676086,115.84804079565023,105.96788787841797
0,187.92310452461243,102.48324738757123,105.82799530029297
0,193.72044873237607,92.97419434197894,108.77496337890628
0,201.52012372016907,92.01336899105783,106.30445861816406
1.113381578048461,196.8772556781769,110.62788391113281,106.98429870605466
6.54721183927893,184.6916859149933,143.50674438476562,110.52688598632812
0.6453563705289298,180.70689511299133,157.20965576171875,114.7992935180664
30.486336900314086,180.57806134223938,132.99009704589844,109.07197570800781
49.66454429777502,167.5387852191925,166.46376037597656,113.65293884277344
0,197.85777020454407,28.624377442916625,177.85902404785156
34.66513214186847,148.72046399116516,123.20973205566406,118.32704162597656
20.34050140456381,160.99271893501285,143.00596618652344,116.65393066406247
23.867890930930997,184.8762867450714,141.29969787597656,120.37196350097656
23.614831543723966,214.8527615070343,135.40963745117188,123.13159942626953
6.6908966072005285,250.17179989814758,152.69830322265625,123.37010955810547
156.5156188972396,146.3304798603058,115.5951843261719,200.36451721191406
1.6624771125716507,264.0170986652374,151.9656524658203,121.69092559814453
208.5136352546615,209.15295910835266,138.54470825195312,172.6231231689453
0.3906188972396194,237.7190716266632,136.52919006347656,115.62157440185547
0,226.80075192451477,135.3987747199935,114.22533416748047
0,215.11638379096985,134.0578849796256,112.21836853027344
0,198.84235882759094,128.28968467731278,116.0992431640625
0,188.9222462177277,119.86271495828532,113.40217590332028
0,188.72523617744446,117.02493581776571,117.21483612060547
0,206.794766664505,122.48713450434184,129.25326538085938
0.25932958127248185,236.52761960029602,139.15805053710938,121.2910385131836
