298.0,149.0,67.0,122.0
265.2241096496582,176.1861915588379,67.03697967529297,95.14763641357422
288.621057510376,150.81399536132812,52.5501823425293,196.54388427734375
271.96965408325195,148.1529312133789,81.17745208740234,182.61387634277344
134.04593658447266,228.74763107299805,140.3999481201172,122.45108795166016
57.94895935058594,235.8223533630371,81.07904052734375,100.84992218017578
55.806941986083984,231.62886428833008,71.1862564086914,93.5921859741211
60.75345993041992,236.87296295166016,50.75763702392578,72.45298767089844
55.16738891601564,232.51858520507812,52.93218994140625,63.1832275390625
58.741773605346694,232.384916305542,39.24773025512695,56.95157241821289
63.48863792419435,231.97965049743652,32.86923599243164,61.153385162353516
57.68869018554689,228.60291862487793,36.63877868652344,57.09502029418945
62.11922740936281,229.8808422088623,28.055368423461914,52.15654373168945
59.59670162200929,227.14542198181152,30.210573196411133,52.013736724853516
60.72439479827882,227.87134170532227,26.77714729309082,51.710960388183594
57.58799743652345,226.62513160705566,33.31047058105469,48.06673812866211
57.40088272094728,225.77201652526855,28.67060089111328,47.40788650512695
58.49776935577394,224.844575881958,26.642492294311523,48.97311019897461
56.0806121826172,222.96739959716797,28.814697265625,50.811370849609375
52.86041641235353,223.27606201171875,38.895164489746094,48.25257873535156
55.88145828247072,225.4904499053955,43.97673797607422,51.04397201538086
49.844631195068374,221.78375434875488,31.64708709716797,62.017147064208984
49.10715675354005,219.80792427062988,30.455486297607422,63.73441696166992
56.86470413208009,232.36655616760254,46.10112762451172,57.103572845458984
45.7353401184082,218.11748886108398,48.37799835205078,52.98345184326172
43.0164680480957,218.86301231384277,33.39891815185547,60.35110855102539
43.690908432006836,217.582857131958,33.11893081665039,61.44546127319336
44.38216209411621,216.23696899414062,42.01588821411133,64.59407043457031
38.52003479003906,215.6577911376953,39.57316589355469,65.58612060546875
39.077680587768555,214.6586456298828,45.512271881103516,67.14454650878906
34.24869728088379,214.4623203277588,46.1345329284668,63.47567367553711
30.12542724609375,212.19987106323242,47.53131103515625,66.55744171142578
29.333087921142578,213.24414443969727,47.324058532714844,61.01592254638672
32.13232231140137,214.90911483764648,46.013797760009766,61.57707977294922
22.726137161254883,210.59657287597656,45.57082748413086,64.94879150390625
27.725521087646484,210.79329681396484,46.813316345214844,69.83050537109375
33.02440071105957,209.1837501525879,42.10993576049805,65.30506134033203
25.30538368225099,208.0828456878662,36.59971237182617,60.12613296508789
29.446384429931655,208.72493171691895,41.05156707763672,54.5077018737793
29.3466148376465,207.07866096496582,39.494361877441406,60.06705856323242
27.743309020996108,206.08101272583008,40.43507385253906,65.7874526977539
30.32440567016603,208.51515007019043,39.212806701660156,47.51042556762695
28.98746776580812,206.2324390411377,30.58719825744629,51.9348258972168
27.457599639892592,204.99206924438477,32.75757598876953,55.264991760253906
27.10163784027101,204.23212051391602,28.97715950012207,55.40306854248047
36.17469215393068,218.64239120483398,31.681499481201172,46.99211883544922
27.69085502624513,206.5022850036621,36.26736831665039,47.35344696044922
25.040885925292983,204.97488594055176,37.08543395996094,46.4478874206543
25.562659263610854,201.99143981933594,26.712099075317383,53.08836364746094
26.40655899047853,201.0501708984375,33.30347442626953,54.504547119140625
24.001668930053725,207.85614395141602,37.585147857666016,47.26262664794922
21.55555915832521,201.9521656036377,39.15607833862305,50.632381439208984
22.059413909912124,202.9222068786621,35.75354766845703,49.31877899169922
21.021877288818374,202.1499309539795,36.31542205810547,49.74307632446289
18.642686843872085,200.67537879943848,38.32369613647461,49.35909652709961
18.978794097900405,201.4270896911621,36.11353302001953,51.295387268066406
16.099447250366225,199.56012725830078,37.15297317504883,49.45623779296875
16.901353836059585,200.6291732788086,34.447444915771484,48.35835266113281
13.12073135375978,194.78022003173828,39.01874542236328,53.1678466796875
14.577583312988295,198.70528984069824,36.62690734863281,51.13205337524414
15.270505905151381,197.7444553375244,34.35396194458008,48.11979293823242
14.422466278076186,197.75508308410645,34.38280487060547,46.91306686401367
14.319789886474624,196.51290702819824,37.13384246826172,48.6530647277832
15.680660247802749,199.01324081420898,36.516319274902344,47.38446807861328
15.080568313598647,196.2921962738037,34.19291305541992,52.80083084106445
13.742782592773452,193.67482376098633,34.13539123535156,56.66259002685547
14.566827774047866,200.05803298950195,37.30814743041992,49.68877410888672
16.517450332641616,194.93859100341797,30.559917449951172,57.79277038574219
16.265715599060073,198.1070556640625,30.885087966918945,51.83430480957031
15.970075607299819,194.39463996887207,29.77597427368164,55.25967025756836
17.33050632476808,195.32338523864746,30.040464401245117,50.876651763916016
14.947847366333022,197.024808883667,32.45469284057617,50.73845291137695
15.346998214721694,193.3191375732422,32.974796295166016,51.398712158203125
14.75894927978517,194.50449180603027,32.41294860839844,49.73280715942383
14.587095260620131,195.93506813049316,32.098819732666016,44.9823112487793
13.889019966125502,192.11510467529297,29.977285385131836,51.01910400390625
14.379946708679213,193.07765769958496,30.56670570373535,49.010990142822266
13.991576194763198,191.2663860321045,30.562776565551758,48.19510269165039
13.693923950195327,190.47260093688965,29.413299560546875,46.46213150024414
14.68390274047853,190.70993423461914,27.92121124267578,45.20000457763672
12.57428359985353,189.74424743652344,29.591514587402344,43.511993408203125
12.35842323303224,189.0654239654541,30.15481185913086,41.97880172729492
12.28931045532228,189.7080535888672,28.534263610839844,44.47801208496094
14.110902786254897,189.73319053649902,25.227947235107422,42.70961380004883
10.92781257629396,188.28101921081543,27.410526275634766,41.228641510009766
10.573348045349135,188.20947647094727,29.571741104125977,40.983497619628906
10.320457458496108,187.28001022338867,27.887367248535156,39.31603240966797
6.168544769287124,187.55818557739258,29.68994903564453,42.18653106689453
3.9878005981445455,185.74788665771484,29.323348999023438,50.852691650390625
0.5051212310791158,185.43949508666992,31.154613494873047,51.249488830566406
0.5142326354980611,186.77583503723145,25.82659149169922,51.93412399291992
0.22678756713868609,185.62508392333984,24.31470489501953,68.07015991210938
0,185.23442840576172,22.094735145568862,67.30766296386719
0.5407404899597168,185.83874320983887,27.60160255432129,58.4742317199707
0.0340571403503418,183.36364364624023,23.019556045532227,62.389198303222656
0,196.02569389343262,36.629013538360596,49.42927932739258
0,215.21961212158203,35.66100716590881,48.83930969238281
2.2066842317581177,218.6472930908203,32.59157180786133,51.139251708984375
0,217.68171882629395,29.440065503120422,51.54938888549805
0,214.33050537109375,24.187868177890778,51.18817138671875
0,213.07077407836914,29.150870352983475,45.922767639160156
23.298551097512245,208.49879264831543,44.144832611083984,39.65364456176758
18.021836772561073,208.43416595458984,50.588626861572266,42.37982177734375
10.46034194529058,206.22693824768066,59.099327087402344,45.27561569213867
0,195.0741424560547,70.32713653147222,59.92547607421875
7.265157468616962,197.38545417785645,88.3859634399414,62.45870590209961
90.99259162694216,202.4428596496582,52.268436431884766,94.31841278076172
83.40241599828005,206.30933380126953,52.856441497802734,86.77427673339844
89.80317664891481,207.21160888671875,42.31062698364258,78.49945068359375
85.6306321695447,203.39237213134766,42.00218200683594,74.14183044433594
81.50248504430056,202.4872817993164,43.481117248535156,70.81207275390625
82.64698577672243,200.9623737335205,36.29540252685547,55.14034652709961
83.76861167699099,201.01373481750488,26.624584197998047,47.60433578491211
76.15507484227419,201.70145797729492,28.736637115478516,44.05828094482422
75.08469272404909,201.97504997253418,23.7992000579834,45.477359771728516
71.15202213078737,201.26190948486328,26.097867965698242,45.18949890136719
67.17319179326296,201.43678665161133,23.88682746887207,44.09911346435547
63.38841510564089,201.0205593109131,22.2796688079834,42.46860885620117
58.391682393848896,201.03510284423828,23.209413528442383,40.12004852294922
55.24842048436403,201.1884822845459,23.015735626220703,40.671504974365234
51.03345275670291,200.85735702514648,24.32670593261718,37.179481506347656
46.44254279881716,201.35145568847656,27.04874038696289,39.50325012207031
43.823730237782,200.09747695922852,24.883342742919922,40.990623474121094
39.62359119206667,200.398099899292,26.220922470092773,36.8687858581543
37.61986041814089,200.95772552490234,23.926054000854492,41.56487274169922
32.166462667286396,200.667724609375,25.5200138092041,45.417091369628906
31.24470306187868,200.41895866394043,27.279258728027344,40.27436447143555
27.125924833118916,200.5110683441162,26.95208740234375,47.219783782958984
27.047802694141865,199.62224006652832,29.78435707092285,46.90556716918945
24.321051366627216,200.52466773986816,30.856786727905273,55.422122955322266
25.513883359730244,200.4250030517578,38.29460906982422,71.03491973876953
19.610929258167744,200.15229606628418,33.937538146972656,54.32212448120117
17.75524116307497,200.57369422912598,31.083560943603516,51.02373123168945
17.66730285435915,200.5879306793213,36.28614044189453,53.331607818603516
14.43168044835329,200.93228721618652,34.1666259765625,53.349483489990234
16.685296781361103,200.48294258117676,36.33958435058594,54.98653030395508
16.232438810169697,201.34290504455566,34.84809875488281,50.8942756652832
16.632402189075947,200.8321075439453,35.86859130859375,54.480873107910156
15.708385236561298,200.54180145263672,34.63132858276367,54.731773376464844
16.75487781316042,202.18082427978516,31.643888473510742,53.417823791503906
19.452731855213642,202.62626838684082,33.423213958740234,53.81572341918945
18.943559415638447,202.48503494262695,37.92132568359375,50.32084655761719
21.87969756871462,203.55563163757324,33.358787536621094,52.99555587768555
22.46919036656618,203.5962677001953,29.008750915527344,51.000022888183594
24.74756122380495,204.5744457244873,29.270292282104492,50.650386810302734
25.581056363880634,205.18316459655762,30.885025024414062,52.2188835144043
26.79722572118044,206.05517196655273,29.07541275024414,50.859771728515625
28.17795444279909,207.1234359741211,30.551305770874023,50.169883728027344
31.682611234486103,207.37875175476074,30.376663208007812,49.776607513427734
31.0854547098279,208.9734992980957,32.962059020996094,51.10072326660156
34.997310407459736,210.05768394470215,29.724254608154297,48.4831657409668
37.16142154484987,211.36389350891113,28.56300926208496,49.020755767822266
40.02246833592653,211.90937042236328,30.618305206298828,50.72919464111328
40.96095157414675,214.0158233642578,30.728857040405273,47.783958435058594
48.113874204456806,215.24174690246582,32.345375061035156,46.84579849243164
57.03363776952028,216.27014923095703,43.28126907348633,51.092369079589844
61.60416579991579,213.86896514892578,35.06642150878906,47.11577606201172
61.4894960001111,217.51533317565918,48.8765869140625,37.39120101928711
75.4584901407361,215.51890182495117,48.417236328125,37.18017578125
84.73391319066286,216.23574256896973,37.237545013427734,37.28615188598633
92.51911140233278,215.4245204925537,30.59561538696289,39.0922966003418
98.9664886072278,215.8848991394043,28.857812881469727,36.99964904785156
104.5923545435071,212.54460334777832,26.629518508911133,41.44662857055664
110.15229202061892,215.06821250915527,34.60435485839844,38.71102523803711
115.36970878392458,213.8831024169922,33.744564056396484,41.056236267089844
119.91822791844606,213.10327339172363,31.109729766845703,40.17607498168945
122.56159759312868,213.6211166381836,35.91680145263672,37.323814392089844
129.609468229115,211.5047721862793,32.08479309082031,38.25544738769531
135.99760127812624,212.1255226135254,29.39629554748535,38.06886291503906
139.60054660588503,211.42490768432617,28.2675838470459,43.0111083984375
138.0687310770154,211.87454414367676,32.353370666503906,60.708988189697266
136.41146064549685,214.773042678833,37.2723274230957,58.020145416259766
135.19867873936892,215.87835502624512,44.74888610839844,56.95321273803711
143.32754684239626,210.59693908691406,46.69834899902344,84.67220306396484
195.9806420877576,162.8113899230957,45.042518615722656,76.42515563964844
186.03242278844118,165.64184188842773,68.26280975341797,72.16995239257812
200.9638497903943,167.35671615600586,45.403282165527344,75.09414672851562
207.34418655186892,209.8062858581543,41.745147705078125,58.57012939453125
211.13536811619997,170.3834457397461,41.245426177978516,79.96924591064453
164.95237136632204,232.12859725952148,48.78395080566406,72.44549560546875
165.3294446542859,217.59851264953613,56.6464729309082,59.61519241333008
154.37134719640017,214.79124450683594,71.16804504394531,69.2389144897461
220.10845351964235,161.94727325439453,50.36161804199219,84.41693878173828
170.75825286656618,221.8082275390625,46.83393096923828,74.6401596069336
174.103421933949,215.25165557861328,38.64006805419922,64.63268280029297
164.01513267308474,213.35331344604492,58.28286361694336,65.99996948242188
169.64095474034548,222.5660743713379,69.444091796875,78.96229553222656
168.71451354771852,222.69921875,68.7822036743164,80.23812103271484
180.00738693028688,219.45825576782227,81.23890686035156,84.28352355957031
283.04075027257204,158.66677474975586,64.5435791015625,151.4710693359375
207.93028808385137,217.60052871704102,73.28484344482419,93.72193908691406
217.90155196934938,148.26615142822266,85.3465576171875,91.85465240478516
212.72162414342165,219.74210739135742,69.0970687866211,90.92413330078125
207.10989547520876,214.86606979370117,85.58279418945312,96.14273071289062
168.9028718546033,206.92076873779297,115.15068054199219,102.76371002197266
55.70149398595095,211.19593048095703,94.34910583496094,103.4251480102539
64.17464996129277,190.7592353820801,92.0531234741211,123.08329772949216
25.21919799596074,211.3342514038086,121.48981475830078,111.47803497314453
110.8889024332166,167.7326202392578,119.41145324707031,87.31798553466797
250.14509177953005,140.8489646911621,56.91244125366211,129.5714111328125
213.67558074742556,220.6962661743164,71.0112533569336,92.0199966430664
210.92442489415407,234.51791381835938,66.27482604980469,80.57189178466797
204.40867019444704,237.9138412475586,69.91928100585938,77.9974136352539
194.74774337559938,207.6554412841797,85.63691711425781,94.95136260986328
206.01756835728884,192.50327682495117,105.43921661376953,115.69737243652344
120.58442092686894,198.78004455566406,145.37261962890622,117.20352935791016
50.88185668736696,206.46734619140625,101.3045425415039,110.92157745361328
69.55674529820678,120.26504898071286,74.83760833740234,145.24121093750003
71.4425523355603,198.8327178955078,74.87126159667969,95.9618911743164
81.22591567784545,197.6058464050293,95.54888916015625,95.93415832519531
70.54337478429076,199.0687026977539,75.00137329101562,84.22600555419922
76.19989181309936,217.37528228759766,81.32310485839844,66.27367401123047
89.1607911661267,211.41083526611328,78.38751220703125,74.69603729248047
92.04635024815795,213.9579963684082,78.92657470703125,98.14315795898438
99.05762267857787,200.3595848083496,72.25708770751953,77.56278991699219
103.68697143346068,209.0909194946289,64.95685577392578,66.90581512451172
103.89272094517943,210.9372386932373,52.780967712402344,55.78660202026367
112.2742116525769,215.60171699523926,39.83823776245117,51.61636734008789
113.05943465977904,210.3309383392334,36.13359069824219,57.1462516784668
115.05414176732299,209.4596996307373,48.52756881713867,54.865047454833984
115.16448570042846,211.6517848968506,40.922664642333984,43.97884750366211
118.56397414952514,213.4016170501709,33.34877014160156,49.66865158081055
119.60010123997924,209.77799797058105,32.95498275756836,47.79829025268555
107.17612815648314,198.57321166992188,46.77090072631836,61.358497619628906
115.2909295633435,210.84185218811035,41.051231384277344,57.61032485961914
114.43544746190307,219.56357955932617,46.47468948364258,51.68316650390625
122.65425277501339,213.59627532958984,36.43690490722656,56.30590057373047
123.16216254979366,222.49919509887695,35.9671516418457,54.76611328125
113.06850028783077,213.20043182373047,37.931087493896484,82.31319427490234
125.95606017857784,213.4909439086914,44.307151794433594,66.89563751220703
120.89947677403683,213.83425521850586,60.03092956542969,84.53736877441406
122.39864135533566,212.27113342285156,53.99036407470703,87.78809356689453
97.15929389744991,217.4653663635254,58.755069732666016,81.09982299804688
158.99022079259151,117.53495407104492,61.16880798339844,97.93209838867188
151.87108398228878,76.99446487426758,69.25296783447266,152.5769500732422
250.55296493321646,76.40958023071286,66.14848327636719,156.78599548339844
252.80796218663443,87.8207969665527,83.92050170898438,143.96292114257812
183.28680587559927,135.18333816528317,68.86717224121094,129.46946716308597
264.0521409586071,140.7742691040039,85.87361145019531,108.0436782836914
238.64530349522818,216.68693161010742,65.77743530273438,93.61618041992188
201.24074722081411,225.7707405090332,72.58326721191406,91.87452697753906
298.03048682957876,132.23906707763672,38.365909576416016,114.1145248413086
284.7269685342907,139.05872344970703,64.45008850097656,98.26192474365234
258.04069305211294,99.0653190612793,80.21125030517578,133.9647674560547
183.81824279576531,214.75686264038086,91.55339813232419,100.57765197753906
292.4823815897106,111.8156852722168,47.183738708496094,123.60353088378906
234.68221832066763,214.7984275817871,45.984703063964844,89.21101379394531
274.87537551671255,161.7477569580078,60.100616455078125,70.68195343017578
271.84381271153677,146.68344497680664,58.78315734863281,88.36041259765625
280.31491065770376,123.1487922668457,40.99480056762695,110.5955810546875
262.23133254796255,149.99697875976562,70.89773559570312,88.30628204345703
274.01751685887564,112.51877975463867,49.2950325012207,147.23036193847656
171.52414871007193,231.2215919494629,72.66671752929688,86.44967651367188
271.89942909032095,153.4582290649414,50.7733039855957,78.76134490966797
368.1683881357311,116.28139114379883,43.15866470336914,142.5294952392578
362.6567037180065,116.68120193481445,54.354488372802734,82.67666625976562
383.58949256688345,114.59881973266602,31.231067657470703,83.08184814453125
429.8764894083141,96.4196891784668,42.96405029296875,59.673919677734375
443.5625531747936,70.55305480957031,43.148258209228516,65.52852630615234
434.7075555399059,71.76999282836914,47.602699279785156,68.09811401367188
433.39484954625357,67.37535095214844,56.049537658691406,67.57471466064453
442.87841010838736,52.031776428222656,45.19401931762695,80.47374725341797
436.3930490091442,44.64908218383789,64.19756317138672,74.68572998046875
441.05957961827505,52.46925735473633,53.498046875,81.177490234375
439.66793800145376,42.114891052246094,63.22041702270508,72.49544525146484
436.04097724705923,49.14542007446289,52.86490249633789,74.37530517578125
449.8847501352428,46.4829216003418,52.8991584777832,117.77412414550781
420.029477842152,44.141136169433594,75.33162689208984,81.1975326538086
425.8083551004528,43.912391662597656,72.55536651611328,80.42015838623047
416.80912566930044,43.9748649597168,75.64794158935547,83.80793762207031
420.27948547154654,41.45905685424805,72.53730010986328,79.85008239746094
419.9305360391735,43.49995422363281,66.047119140625,76.41522979736328
413.79783798009146,45.40875244140625,66.32987976074219,71.60877227783203
405.503110654652,45.84669494628906,68.5215072631836,76.65839385986328
344.20533729344595,113.56562042236328,51.91073989868164,106.65550994873047
260.93834663182486,154.58460235595703,55.789371490478516,112.5811996459961
149.30342269688833,210.11146545410156,85.7679214477539,99.22174835205078
188.0688893869518,151.2323760986328,56.63203811645508,96.00702667236328
183.19510055333365,141.77910995483398,69.18274688720703,89.23249816894531
173.0118882730602,141.81541442871094,62.919105529785156,112.46561431884766
245.55069328099478,156.89833450317383,52.09701919555664,87.71649169921875
296.3895833566784,109.85306930541992,57.0549201965332,124.51261901855469
379.1403939798473,108.67515182495117,96.68482971191406,177.65757751464844
213.04817558079947,167.39310836791992,63.742557525634766,146.8624725341797
87.68155456334341,205.44170761108398,64.68722534179688,118.80686950683594
94.10753417760122,204.24953842163086,84.7174072265625,118.76341247558594
75.07778716832388,190.38815689086914,83.05952453613281,133.2999267578125
131.72165466099966,110.85141372680664,68.1595458984375,128.29791259765625
26.23248458653677,215.64104080200195,87.90592193603516,130.42672729492188
120.12549758702505,135.03532028198242,71.34627532958984,136.8849639892578
117.23238921910516,125.51348114013675,83.69471740722656,118.26851654052734
108.21246886998406,66.30779647827151,65.57974243164062,168.3796844482422
97.08952117711297,119.44183731079104,79.33531188964844,138.63265991210935
88.93367934972042,131.9051094055176,77.1412582397461,136.0050354003906
13.181360013782921,195.4921531677246,69.72640228271484,148.6051788330078
14.892148740589562,185.22390365600586,81.81349182128906,158.24839782714844
0,169.5271110534668,110.17189193516964,170.94606018066406
64.94577491655943,110.05350112915039,79.44800567626953,147.31591796875
138.24841773882505,156.56120681762695,80.29248809814453,111.06369018554688
92.78959358111021,73.4426383972168,75.99120330810547,124.53863525390625
64.89714897051451,107.0938606262207,80.210205078125,118.05049133300781
39.51722801104185,76.91601181030273,93.16044616699219,165.78353881835938
97.24089897051448,161.8148384094238,106.71365356445312,160.27458190917972
0,206.5094108581543,98.20474326983089,142.91351318359375
10.550548972561899,176.53554916381836,94.29639434814453,165.54217529296875
5.189804496243539,49.3104362487793,103.33782958984375,185.64544677734375
9.982246818020883,35.61160659790039,90.01539611816406,199.30262756347656
10.278686942532602,121.38574981689453,95.06710815429688,127.46338653564453
103.97257274575526,136.25174713134766,79.22767639160156,118.9559097290039
124.00769466347987,140.55380249023438,56.012474060058594,118.98653411865234
98.03551525063807,133.87213897705078,77.07341003417969,127.0994644165039
108.09663814492521,145.44353485107425,70.28606414794922,113.32340240478513
121.73174327798185,126.57435989379883,63.38456726074219,138.38926696777344
113.17567676492033,140.2519073486328,62.08193588256836,119.18901824951172
92.50798076577482,124.70034408569336,79.2247314453125,143.030029296875
96.73335689492521,133.27492904663086,74.04759979248047,136.921875
98.74404186196622,130.20589065551758,74.33677673339844,134.53517150878906
77.51057857461271,136.0004005432129,78.2823715209961,128.0654754638672
88.36799282021818,119.97507095336914,71.74478912353516,138.08787536621094
74.33104366250333,138.26755142211914,83.30773162841797,140.42738342285156
82.8223804850131,130.67546463012695,75.39427185058594,126.39985656738281
75.89232677407563,128.73115158081058,66.92176818847656,131.16696166992185
72.9866451639682,122.09869766235352,69.31867218017578,146.68983459472656
74.66906589455903,120.28247451782227,63.69180679321289,138.8538360595703
34.45253795571625,116.96825790405273,53.29228210449219,136.98565673828125
12.339615287259221,102.8848762512207,78.5679931640625,147.2309112548828
60.44907802529633,145.12896347045898,94.21564483642578,137.81344604492188
58.16095012612641,131.4739646911621,85.50924682617188,139.6090087890625
48.03142208047211,118.68635177612305,104.94853973388672,139.6712646484375
74.23329776711762,110.30648422241211,62.82448196411133,143.8525390625
87.67287868447602,125.56164932250977,48.31043243408203,125.96293640136719
87.203848304227,131.33463668823242,48.23625564575195,85.32037353515625
94.56679767556489,124.36411666870117,33.8919792175293,81.07591247558594
96.24133724160494,132.2459945678711,32.136894226074205,68.1236801147461
100.7124695200473,138.09586334228516,34.0278205871582,72.2475814819336
101.1456207651645,127.46737670898438,38.35298538208008,73.76604461669922
107.16605800576508,131.11588668823242,33.03527069091797,70.05099487304688
110.07674640603364,141.13693809509277,31.67251205444336,62.08597946166992
103.34216731972992,133.73464965820312,45.78984832763672,71.54492950439453
107.29038661904633,120.39627456665039,59.21446990966797,92.24592590332031
120.84029621072114,113.95866012573242,38.46163558959961,101.63436889648438
130.80897087045014,146.97106170654297,31.58941078186035,86.86746978759766
130.6434349436313,138.51871490478516,50.969478607177734,72.84302520751953
134.1026291269809,144.0713005065918,51.56473159790039,86.79302978515625
126.85298770852387,132.52112197875977,60.52363967895508,96.44023132324219
141.5343098063022,171.56893157958984,67.16282653808594,117.77539825439453
118.62257427163422,156.00160598754883,92.44912719726562,127.44001770019531
30.72270626015961,70.70437240600586,106.31197357177734,155.84500122070312
72.71499294228852,55.333194732666016,95.39954376220703,169.9344940185547
139.39969295449555,160.46600723266602,88.99712371826172,137.87205505371094
162.73171657510102,172.61055374145508,87.7127456665039,131.04310607910156
287.7757076639682,74.03622055053711,82.00092315673828,208.78152465820312
177.02155345864594,163.80497360229492,84.47544860839844,160.83892822265625
106.53414577431977,82.56030654907227,90.86975860595703,159.47389221191406
177.63517040200531,147.92514038085938,92.88212585449219,116.44612884521484
125.04806560464203,81.44807052612305,71.38031005859375,157.79824829101562
85.64913600869474,213.3486785888672,83.50074005126953,101.10872650146484
91.06797832436857,220.99456405639648,64.08157348632812,90.904541015625
105.07059139199552,217.10076141357422,40.407798767089844,69.20362091064453
115.77644390054044,216.19439697265625,33.96380615234375,63.77111053466797
126.63298744149503,217.72882270812988,31.783220291137695,56.82223892211914
135.66229766793546,219.50825309753418,28.2828426361084,51.562068939208984
145.1832661051303,219.52875900268555,25.585052490234375,51.438262939453125
153.50762695260343,221.29184341430664,24.835927963256836,43.866973876953125
162.01639789529142,221.99789428710938,24.954158782958984,37.59319305419922
169.0600628275424,223.12419319152832,24.74121856689453,40.798160552978516
