143.0,125.0,30.0,54.0
175.03447661078928,100.04165494243136,35.29033022568706,50.25561833779352
190.49721772042616,102.59435313242548,35.969082701847846,49.767177238109255
188.79145720681325,107.14391345142081,36.216447053734946,49.63958846809952
186.50094002331315,107.9616567981324,36.802279117802414,49.73184444664292
190.0885225695589,111.50275094507431,37.14073106403772,49.61141238215972
188.1247825778242,115.7763199179605,37.22046539053994,49.49442923680236
193.24445931667836,125.5428379476184,35.64248981963097,52.508653461910434
192.51240309056035,118.56355495387305,34.53607781775013,55.21101198327561
194.75019535594868,111.46070820906064,35.242992695695406,54.518338544799875
191.71788866793585,112.21121371575178,34.628388256321905,57.577028497298926
190.4958850734567,103.9634575268852,34.49992025034917,57.90763532693639
185.29840599079807,102.28736003883587,34.288741139970625,58.10919291480568
190.38391021311253,112.6314494022161,34.680079153776745,59.10140359234208
195.81981650270217,131.58440826259252,33.482904369092104,62.19533328369863
195.64702997633762,125.85711483417381,33.637669915379156,62.38986364486953
140.27238924782216,119.7598084656957,36.516620561863206,58.68546000151569
181.74671718075643,104.23801328568919,38.50917258173686,57.51401587666544
136.52419276450928,125.00326734285258,40.135923074387414,56.25810111561013
179.89405174388466,105.70100349384708,40.98022000821476,57.32299410903131
136.6075541832197,127.45612849462165,43.45344553725956,54.73986050152513
187.09558310994927,103.9024187127242,40.13299681465976,59.164018193982145
135.36391106892864,127.6997475374043,44.43865657052916,56.939195444524266
185.86676252560633,112.68730795685455,42.708603681587824,59.75535535208373
199.47061871820517,146.17903138666,41.12339266968118,62.34708854618376
136.68935686969508,126.31502709850963,45.67322105420134,60.169941940599756
192.47890950672746,126.26082121267203,40.883384273788906,70.95872976513142
199.67817043344962,124.51756271272508,40.33510408141639,72.59792263210599
192.68854411204507,111.15806542575746,40.358046452008686,71.96409394859496
199.751302163901,119.01997904316389,39.317037336822246,73.62085524527623
146.96483358232533,122.14401917067701,43.47695722702433,69.51691308801306
187.6485667092297,155.03997780024957,47.62400208161405,68.84927866578195
195.4273274254282,148.06999375186072,45.93930913279863,72.8684417851427
193.35165810445596,145.40404612435995,49.16193647961518,71.30765305729513
200.11599543843482,144.4128415500299,46.59117616407444,76.6529174019544
200.6441850816533,145.92179548338905,44.06305317474905,81.80465198366134
136.02643097341902,122.41675210329065,49.32665282188161,76.12925671871167
183.5342281945445,143.26080915310607,57.818939544181426,68.5307918195203
192.9097108952001,136.30416030329565,57.76322179301673,69.43875275766652
186.92370705225952,135.09341424848157,57.37545298201071,71.00508773037757
193.54676945357036,130.65151567428683,57.402781891852385,71.07331786216547
190.40216020111478,123.74214020810874,57.88666487506557,71.72870152309832
187.57632538701398,118.1622250862743,57.97165073404105,72.31120213114706
194.81432665473147,121.52322297207542,58.071836286069484,72.3975554920827
193.46195961709498,123.61674025283293,58.0740597660208,72.39800376442996
179.8074251559612,109.01463817414073,58.5095706438548,73.98491551763956
178.84359942697895,95.23379580773644,58.86562798274731,74.23996153279677
188.14677360075072,71.80852997805869,61.62039032245963,71.87561510987688
187.78531168818216,73.15466824636584,66.078687644606,67.5509912279104
133.62033939803158,42.63549757741049,66.06975740801268,68.78984449819416
172.91065790481545,112.5342041291418,65.98654928848786,70.41876196113779
121.98769467173892,34.34558636156652,68.55632219018781,71.89925372187429
170.0272166827673,107.63675292564395,68.08360141031855,74.72730572555535
207.8571805353295,143.67694099362438,63.02699096593638,80.92559322484843
205.09067295230835,154.0480111499333,63.2343888185936,80.32272560204993
232.09314329708883,133.4724389672126,64.99984150061474,80.77748935225688
273.87385480939133,140.9547477952687,55.85400685491594,90.10684561887422
188.74699069506235,115.58352866467828,56.0359272222458,92.54165143376599
186.1387064897953,117.92282903657119,56.04169450820712,92.53768848447481
182.90320310736067,119.87775247908851,56.07002854358419,92.51817835137801
186.30855830386713,115.30946280789482,60.12630061059325,90.3342115435579
205.3445469783051,118.79080754131847,58.93526656005719,92.03799451170815
204.7912751182144,122.35522169989821,58.919367200290154,92.0676864162589
204.15843165951827,127.92997918897538,58.93645411157889,92.05340436351958
193.5057301131754,163.36038693767665,64.68903795225052,85.672683775785
202.51031137257664,155.2964430802037,67.99487024545972,83.89145093103858
232.3888911987462,130.9121438806248,70.10487520493699,82.84559620519636
272.18983520953907,121.46398497845328,65.62426403882,86.73192236372635
196.93618583363966,158.27251383012972,70.62951811288447,84.22108872043209
201.3110528519109,140.54581458309468,66.04199406398236,91.56096945327167
201.85185701820814,145.1013455549524,65.88938151948524,92.22704145120666
203.63978060460576,158.17032263750463,69.05519494163018,88.0856750393981
204.05827999624796,151.02466125211998,72.32695270055163,87.15789208964735
199.3984700820884,123.95494478618093,73.27792876818954,86.60433185746295
198.2862375066382,126.30860706504447,74.53922541723605,86.7473819983748
201.01109450135596,151.8120086379546,78.59504369250999,85.79675789918542
190.61110306366902,157.44569528228317,79.5681089195684,85.00096797692233
182.18063782524047,157.09497735019008,79.97892800726541,84.81613445052547
93.21381979347082,86.71523489612326,79.26492002783593,90.14461960279972
14.210871053162066,76.24688806624084,76.63400720571906,89.00265229759874
11.32685254662217,78.389902858387,74.73609582783816,87.25724804709242
15.417214719352813,79.55960500150616,72.78229685545426,85.5814239400686
14.462435509311668,81.38137419225873,71.25623282184698,83.3733003496706
13.185543781409265,82.95622224810211,69.66250765643596,81.28436938519303
17.34610427397851,85.01504017318686,68.68187891983263,79.17540338823396
20.33901199962979,85.82877856220173,67.86736483342875,77.59984065392877
16.475408070566324,86.89708535141173,66.92691483938283,76.58446006195895
19.357056865352853,87.75285448135165,66.29627239354757,75.59826413539592
20.4031608995438,89.20414230647435,66.00831611521237,73.92384529018898
16.8069866382325,90.20555350452464,65.68814956978076,73.10344541281856
20.811380883935826,86.7096827278854,65.37121746265146,72.73160244766444
22.978907697061118,88.54147365187133,64.42282393543042,72.5613794501717
18.420389088194298,90.08995557504417,64.41646618703857,71.81689577693697
19.545304814439664,91.43065726324753,63.94147795049022,71.15876801431507
16.842783893613394,91.73867418003513,63.64569028622235,70.91558063512178
19.81025896222505,88.82427124742401,63.627918302990736,70.51149541758038
17.75482901590597,90.33996509555473,63.487985215434804,70.04619067572565
20.16365096350377,91.4324252244237,63.2428248598205,69.55938588601293
17.409608442197968,92.07051946423188,63.068001367428444,69.34650123463601
19.861387347835873,93.50336811058187,62.60682970651274,68.94031450674008
20.76772924903358,94.66621244027004,62.70108326488088,68.45843640568286
21.43526046822616,94.73586725318933,63.388364700473375,67.89660158257676
24.763926722626238,90.5790233773491,64.32175379888147,67.78521284957702
18.77138137624788,92.4033377757081,63.506777543701176,67.67629981976577
19.997971911787786,93.43438068090965,63.3510255573992,67.73494870098253
17.357588370609047,93.30583615326586,62.97004566099691,68.1566753665864
19.995958706896786,90.75311815601526,62.98988911775493,68.22298973327999
21.282286056404583,92.38923753235389,62.42995118891145,68.02691927932403
18.077643332094627,92.93233559976551,62.346040626941765,67.99751945683293
19.8159467248516,93.49308565435202,62.35379096003439,67.9696179518622
21.106040471844807,94.23777698925193,62.294914987578125,67.56023413288483
20.887340186627277,95.13750170945215,62.582676011142,67.10147578211452
17.942211390176773,95.17159052141042,62.50330240897465,66.90803415432511
20.761611457902532,91.43559359051608,62.32388909908465,67.02804113104297
22.22578499246121,93.2056448662473,62.09677875482081,66.78678649332262
18.264085741932504,93.96232293720696,62.200063120136036,66.71158326068215
21.596635885408553,91.96067834444526,62.37682646538609,66.82252701773875
21.49333856657438,93.40887920532764,62.22915830402985,66.95907426676868
18.010112760630147,94.27474779611447,62.39922558135411,66.81595536369845
20.774185512077125,90.92747563310222,62.2441093104853,67.2717773653516
22.02746222828257,92.40990352692364,62.02294005623603,67.3271058561969
18.095732224180963,93.33790680309876,62.25990613362259,66.97794430125268
20.023776341368666,94.44566281218984,62.43958163978674,67.02070540776535
19.922936249497283,95.77135696919844,62.54255746310403,66.65899900521666
22.11939289947319,91.2668207876282,62.169693258306026,66.980896571299
18.36911142249313,92.110567462208,62.125002935441195,67.32087810235792
20.12613734727592,93.43639717679335,61.9167624910575,67.34919513650512
18.37998752968644,93.9343748840422,61.970720747070814,67.28093726133693
21.25636370892297,90.35863535195483,62.05491296867588,67.5914930161855
22.39394212844293,92.00759390985198,62.00607615794101,67.35681475956785
22.075797155524235,93.33647077761995,62.27092876280359,67.1378341792443
17.78783074775717,94.14055547266537,62.27950260769563,66.93293562979828
19.31991803895429,94.83372616083199,62.17421727128833,66.74153744308603
20.297200583934227,95.35128964205202,62.33140349930636,66.49773789754278
21.127663591363778,95.10511372319593,62.0909088599508,66.44661762402983
18.000966319936417,95.24355253838027,62.02917412271519,66.32094629332373
19.87967777983606,95.21705256401364,61.822475947712654,66.18647340687387
20.306911910994334,95.75155352565733,61.99397075340453,66.20393278920477
21.469884841820715,95.99448246401843,62.00476371659613,66.03273689215786
21.573253537274027,95.65998097675717,61.80380497783969,66.0110998939936
21.373088896529126,95.51945109393269,62.13528606663769,65.6704023311323
21.674035960244787,96.86631860143481,62.44666473726774,65.6551903797877
21.275379449377024,96.52660064729181,62.836697641729934,65.46113368954009
21.476098099603846,95.96251737398993,62.677675948251846,65.56040605012397
20.66784720351698,95.76146573468836,62.774360149712074,65.59036570251403
17.277648135835328,95.55193677288894,62.51853773453827,65.81786256794922
20.407140793144357,92.27934007382913,62.526105345030075,66.12911250369699
18.168490630664046,92.77234966436754,62.1016460455095,66.63439760099389
19.698070822872133,93.84199803626703,62.228292412344544,66.49052584308056
20.901931109948293,94.41277762573003,62.31887215214181,66.46877796061754
18.16872531743352,94.24156909729831,62.12883394240207,66.60964431025998
20.0166842242526,95.14389555616211,62.411195957789175,66.21937861863712
20.80794856215274,95.80549290506528,62.35921025169257,65.92480332943823
21.099370054357763,95.94000663206853,62.043586572320976,65.87469038425134
21.858162252321236,95.61538992063538,62.09798670588927,65.88692247149673
21.289946752352414,95.75318062521573,62.33704170494572,65.82527107313163
22.1889320516975,95.95650731767637,62.065749430001276,65.6664202139691
18.250451289680345,95.90522297956619,62.11891801961786,65.99992111100609
21.055093276198,91.28697810459465,62.08637860300955,66.56903529637395
18.242038996392353,92.89389269729183,62.13394922164184,66.53314028074888
19.919300114052277,93.86834356701135,61.989345485314914,66.52434076089145
20.80724613724356,94.343964853698,62.06100895708268,66.4153999138594
19.025655587794457,94.95063368163552,62.08270474638005,66.3688713400156
20.362565329697517,95.54821720132828,61.89841129597542,66.16833571027516
21.211568767335258,95.69935160261346,62.265423789825306,66.01405190414283
20.49251562144568,96.76222825077575,62.65399587998245,65.73848745917476
21.30762196381716,95.93897524030666,62.14897667191644,65.70322172489443
21.34200306702879,95.84440405804108,61.97135070943257,65.61519948118547
18.22760721340837,95.71507218843414,62.217433962541335,65.84971706587645
20.364252375062478,95.80255646532248,62.05383668961764,65.72668080229617
21.276046595125997,95.89068155399607,62.00314740033899,65.62479881124402
23.721998193234455,91.8948964480945,62.308843615132815,66.55883861990996
18.877578830377445,93.25145516141305,62.008562811122715,66.71286053271992
20.305562236476824,94.40660852078247,61.71833348480958,66.77683951191808
21.57578186987299,95.04413686581798,61.72912846331754,66.78877119941816
18.299908570009663,95.02149691227567,61.65376410494483,66.7627915334008
19.42860892935358,94.94818814497631,61.64463413630277,66.55178942478814
20.380987427101473,95.46353530282342,61.53267065315134,66.35517085801436
19.039338396985183,91.29760182621867,61.43597994766737,66.5462287520808
21.17309659133001,92.98623021205763,61.31200108034002,66.45745202381411
18.66236429833269,93.37852855193555,61.61568889097455,66.89079329037787
20.09301918422701,94.5698799765561,61.384014453200805,66.76305789223235
22.226099704067735,91.85745026803093,61.41021610349128,66.97605426835862
18.933599392627702,92.70227386784849,61.458375333854256,67.1371423754633
20.230791948358736,94.1194035255166,61.830276166377175,66.96134081616955
21.271123123671273,94.37714770526267,62.19391136786086,66.92692637263583
18.92725673624252,94.61915819052628,62.24130810603624,66.94025609485763
56.42501366989836,85.11607504961728,57.08205980268939,73.7239158535433
24.130446157455598,92.97239077007376,58.23437384368821,72.25122696328953
27.548716672217886,88.65546477368707,59.995820942825745,71.3151393427206
21.301177051601563,90.95339229203222,60.804316665076456,70.38485194252019
18.061868418559484,91.65577935013516,61.423320035744354,69.81105031900915
19.319159102634817,92.39798537350799,61.71741610251495,69.26187341497133
18.382777632709583,92.5220800435824,61.642508940245975,69.20767867142303
20.026669774993735,93.24391874302606,61.60229230933368,69.06133010230104
21.25521752767838,94.55417874906188,62.241898902810824,68.15790629975547
21.165044148613788,95.11551434682107,62.1812138950022,67.37950414148378
18.127199960352375,94.3916682505868,61.23337703348792,68.01345667655028
17.397150452409896,93.89826740759241,60.05099591440889,68.56677753353857
21.222061745395454,93.34859736448772,60.12566158679959,68.37681848930823
18.305974691566313,93.08028340433671,59.231855412628036,68.65842009892792
15.689305249639574,92.36718866982588,57.93062360251179,69.29625093919975
15.830061057526038,92.54804689033412,57.12098729668301,69.18169701906875
16.585381726575093,92.05671245740714,56.966089247578736,69.73844465341443
17.56180188585963,92.09331742057192,57.388277300820576,69.94541330379272
9.683300246864825,92.38174915307386,56.73544285603187,69.64265726519382
21.607635985811,92.46565571554635,57.51102179012682,69.29492661102346
13.764380394693244,92.97624452077073,57.13931306269436,69.1846615143076
13.690730171510111,89.93082613967735,57.08022677898575,69.1855777557119
24.744876784915306,91.25529378174633,58.77305621758063,68.91369120242416
16.394251345732176,92.39227071476512,58.641282117309196,69.2092420742406
20.69271650186525,93.00305202062718,58.652783621144124,69.75224695690886
24.45101377712448,93.73706421784894,60.88939246265447,68.99729659095733
15.82318811021181,93.6186178027693,60.50341553109895,68.99993610399892
22.030160267121065,93.50041732314322,60.936001177912765,68.68671202415041
22.17403214301759,93.5572580090104,62.017293742991356,68.68148139299186
18.664400756476184,93.41587879038445,61.42466000118159,69.08653871165528
18.253692299149975,93.34798318261002,61.10409805593258,69.56009576988032
18.32313249428133,93.02283505099233,61.05183006906266,69.50408098603853
18.51842518640631,93.24560831721374,60.94284325277535,69.46850965448719
22.310714065967886,92.68361724990615,61.006783102294776,69.68805681014044
19.83065250433508,92.66364011854832,60.58555570828744,70.21991717932812
18.855476186466447,93.06074894141237,60.37239969038396,69.82865840353409
21.199136761658167,92.84832134654292,60.241704383048614,69.83171429117188
19.017967738319253,92.74319091947625,60.39388837317737,69.59859151121478
18.134590050273072,91.34702963091804,59.48366683009554,69.7948182879314
19.882579495493022,90.34747593909252,60.08563982869372,70.62693741798901
19.246573513266682,89.51310862580543,60.43301221051243,71.17215178947438
14.773081317943529,89.74584446213076,60.62474090200102,72.66637915151458
16.515382193804943,87.66131761868412,58.912721800462826,75.69582075974117
17.996527831932177,86.35652942311383,58.744047772743514,76.2148364762144
18.418381587065262,86.8274368489979,59.01031285864586,74.79030419981514
20.857883924934765,82.35902249784034,58.89956675453161,76.5760480022279
20.44021110221199,87.37792333911038,59.20807797166677,75.69747845927523
18.200441953547347,88.74157342739224,58.91712228477364,74.27628020093204
16.26901588539517,89.25491252300709,58.11063190322521,73.69450079386294
19.995312207160175,91.03413019559535,59.06730477788368,72.19429847137624
20.8098755958869,91.49594910665687,59.4124237870971,71.553198169185
21.62427261819793,92.34300900846195,59.87166461071539,70.85536302925206
21.657255968691643,93.1953153448085,60.84162329806415,69.7459395703117
21.396227694880377,93.99638862929325,61.69803466355396,68.70669974343816
21.366519251524466,94.52982811065446,62.080884830256934,68.16287865873315
19.390938247901804,90.20388097432861,61.90885548084332,68.42726740007382
21.493568247369343,92.1211975698503,61.6100273952841,68.41819334828216
19.446053175804078,92.93616148509273,61.77395311679903,68.40043490275366
20.82470748400672,93.64890694341877,61.663049482006905,68.43900584237142
18.374113564544814,93.94651263099964,61.9620954637835,68.20808977103124
20.23749119708175,93.8472448175365,62.147501310541294,68.19538901046629
20.46762337326556,94.010914726152,61.95373999419586,68.21301345905866
21.04206554994701,94.71097163889624,62.40837281555372,67.92506544224783
23.138567361688928,91.1685499520165,62.33915087313068,67.84544768014305
18.963238902379928,92.69094616217362,62.600495238342916,67.70914329503086
20.489276858934552,93.75062501678394,62.54678735005972,67.43687177698757
17.113785037317818,94.28258711880343,62.389262692511934,67.40214359688964
19.081558761984105,94.5627602665356,62.406923689682046,67.17574385727816
19.852625739720548,94.58490663415446,62.48438120874224,66.92097403811901
20.450558658786168,94.54894064648134,62.32000998807316,66.89687451902662
17.637639460018057,94.77207812217195,62.231233994282476,66.97928364729248
29.47973094955718,90.00096508410815,63.1156469014347,67.4931731984567
17.36396611072319,92.27334640351273,63.1150579725353,67.5833259115152
19.33605044724644,92.43412549909672,62.736762922383086,67.76797494805415
20.715809504427117,93.25365294085377,62.73397202664966,67.69747637328638
17.948588191318862,93.72313284088416,62.43812481216793,67.65021827152881
19.01425824936851,94.31100525171861,62.34063608118521,67.51888856617003
20.177523471144987,94.68071541845065,62.10466774281109,67.39640652568616
20.29546218727729,94.78136802848715,62.09714521162184,67.10423421836816
20.932134368625775,95.10405040732536,62.19773344894624,67.05241841422493
22.46329859867153,90.87286768548394,61.92421047362646,67.22792911395024
18.447271009403266,92.90335633975484,62.02245827911611,67.259365230854
20.07278693897638,93.4653556826567,62.18563411688456,67.3066274979998
20.032472450959915,94.15523310880688,62.276053139058035,67.12748161443417
19.849657938817508,95.05544193055803,62.48644754336776,66.89447956598652
20.100365680914507,94.89425029345222,62.35136330864924,66.96756577267514
20.2665011978984,94.60386465569178,62.43052030898703,66.9157137333385
20.428073596327394,94.69040720220234,62.349525133377284,66.82108649500557
17.732154823984093,94.85377612673595,62.24781809951164,66.91410178018899
19.49832070802811,95.50582537632198,61.979129119356955,66.79615132846413
21.845259334710914,91.57297609568191,62.1317861181581,66.95489398001527
18.092715100655692,92.20075950279451,61.99506512276756,67.36338787765071
19.570121888968824,93.29949337323916,61.72533016705194,67.33952724773859
20.79875447562245,94.6854436430877,61.59028984916767,67.20680879880081
17.858123947057216,94.69170705395426,61.631396735308144,67.13869142944642
19.41528082786327,94.93029773197799,61.65449218390111,67.04948150441588
19.915842630592422,94.44486265901728,61.442897603997466,67.12683522901928
20.469447871999336,94.66904913759916,61.498782476217514,66.94681111471476
21.02538628936096,94.74086540830446,61.465822071967594,66.79584895288323
20.451130422961945,94.69380219126458,61.53332906595794,66.85698034922848
20.38874413754285,94.83233522110498,61.606467053173915,66.52742447613048
21.233837276025465,95.58762675821413,61.5529856979311,66.47200714574001
21.402905734897985,94.67270089678158,61.6923708553623,66.41715451717992
21.333218140957882,95.20432720756325,61.91854751256852,66.36117866906935
18.131386448804612,95.18882237487298,61.92743932094733,66.32758357523358
19.22090599940049,95.51631165306185,61.860051878767415,66.49322013163739
20.085028086397898,95.5516249322284,61.87576760848964,66.32490491327866
18.70442265231451,91.01935170702899,61.68110522569511,66.56150565444896
20.102048648866003,93.19281874061159,61.32062763139584,66.67214929266709
20.173191788470938,94.01066725422383,61.30699115320182,66.64728245324014
20.791066580610774,95.1952261468512,61.41320259511386,66.43159703721759
20.996509323456095,95.55420181323552,61.08590514333778,66.44279737061335
21.196309074162922,95.55155835462102,61.146777421032176,66.44511588572855
21.404561238514102,95.6644434802621,61.13382818752559,66.28240800426987
21.746580969123293,95.5229211572645,61.56458131168013,66.05613888807709
18.193847397838837,95.42165386647163,61.26062987133278,66.04807929241676
20.031942605683483,95.50533011879449,61.350493132248715,66.1372421118868
21.111478912804344,95.63083398079702,61.3217322455308,66.34073190403697
21.771012868506624,95.50887828651517,61.24450076276851,66.3075873734303
17.960808430545857,95.1055557746137,61.41003226213365,66.46374241129038
19.23243517712912,95.54146063093967,61.2498208660588,66.45634786740067
20.353144603297665,95.66625544436715,61.10524334901834,66.52787054547161
21.367861508847852,95.54271375968275,61.01846414759814,66.55872182365198
22.140636014341965,96.15860414451927,61.358192527089955,66.35610501062109
18.718527107479193,94.61406113046561,61.384104848414374,66.5652297865159
20.03093020052151,95.14096312209202,61.22253785529239,66.6329389315437
20.306534195251928,95.25517514912114,60.97587109603327,66.7371181830637
21.338713561296743,95.62673791378609,60.94135187962968,66.78343781555326
21.385681894196605,94.42323326605207,61.101576094872435,66.82562782276753
20.96357007869969,94.60531334813035,61.45055206379885,66.92218593272747
21.19736765103074,94.50223954002945,61.267246964636556,66.77685944261748
20.57535608839177,94.9259792923839,61.91873918371408,66.63807564761393
21.483352259905544,95.02951817165645,61.939454194278454,66.52402479532074
21.253546449329235,95.57780339823736,62.0583968987288,66.14464228323327
21.326140106378546,94.60700921703697,62.13735253838365,66.38590694472921
17.972900356799684,94.98827754116586,62.29202177295397,66.46072871159825
19.398108837041363,94.92456213252117,62.086584527817905,66.60635674684382
20.361934896581143,94.63590764556452,61.89303787653467,66.71479159408436
20.787509581958297,95.68936856651403,62.249954373204375,66.33200479342221
21.339983164390322,95.6408366723322,62.397939041607536,66.19647815975163
20.937567084571484,95.74446920986097,62.41119678270044,66.04698990460867
20.30804936358998,95.5233335607818,62.68573503514166,66.25075148816357
18.074393968594215,94.35662939581286,62.008014372954236,66.56966849844508
17.52920353060516,94.79373902154394,61.60644378332566,66.61907096109806
20.032864469046782,94.85855457035831,61.33423552720047,66.8050824885628
20.830406632337418,95.62193518161443,61.43837138113067,66.39416122424146
21.142326306912665,95.1422039072369,61.16592850324216,66.25206318034515
21.65752479487443,95.51305024571572,61.24695192030874,66.13159448953635
21.369307243450784,95.8897886443516,61.569554980938776,65.95593942383196
20.877913915534982,96.95428722340569,62.21970969116033,65.66017097303735
21.47766649335165,96.06829651729132,62.22546588520504,65.89764093831326
20.895281163469726,95.81392073259865,62.24140315091829,65.85139387145287
21.45975175344071,95.05396125118739,61.882620857885804,66.08835694934193
21.31203054668908,95.50471681893275,62.09066948835617,66.05548802481158
21.222503611768204,94.50296198726264,61.73103553299498,66.24604886517665
21.266238210620276,94.50550587079101,61.887531096786425,66.45977290813654
20.546043401602574,95.30739301338109,62.5161033072138,66.34718166548262
20.343047613196944,95.71736015496674,62.718512671696146,66.31168360820242
20.36897012598154,94.75550687267354,62.59428862329027,66.4823844297621
17.6916566798738,94.83463369133067,62.585132632815316,66.61679332358531
19.47885777943821,94.75419291446441,62.30317561648679,66.78423620923442
20.186677113355422,94.64282376091668,62.092353409261804,67.01841923118157
73.93897871427825,101.18349968710538,54.050106774798955,79.55118595485398
117.3029504414909,70.75644565659613,50.247128225158804,86.11343915747403
118.00614084894389,71.99584771433857,50.265474015668175,86.10096223238834
120.93574325598627,36.01787697385629,52.85045350486712,83.04832064450522
117.16013592852033,36.80723736017719,52.855452625588775,83.04144659541994
120.57849022483654,39.50770475271611,53.50233225164534,82.43397742466095
114.27302248817882,58.246019527953216,52.58580571934553,86.19200134708713
114.13569805879791,52.95304239178843,52.123667974179725,87.99609431417989
114.69192212281723,60.54460747017736,49.854625092875715,95.40289755278776
109.77245462802735,70.16545827867061,52.956955391903726,94.70973795850634
111.90307780989835,55.654206175120336,52.82451800338145,95.49436718086568
114.60534774489143,61.06395405223291,52.7566685592681,97.13744829279044
117.11373647328261,50.50319313880124,52.16824393527991,99.58094201296433
116.02261420622332,52.105430296827244,52.7094949934845,101.45679759193185
115.64992379765197,59.486857913501495,52.81627385187553,104.42564897784604
115.98353637873097,69.44501723307869,53.239864949101666,108.72785145685573
118.52032435020388,55.14857332350715,53.6851193055333,109.88621473986598
116.07925926998277,50.54866822638822,56.90820770362353,109.22691600923811
116.02613983030369,66.04447592254206,58.092013087460145,111.6208482548699
165.51965780066354,101.08005919646783,58.221943394299075,111.96103577195977
113.87863452997433,65.17248274574546,55.54253363684931,122.60953980865841
166.86268417010842,102.1297914210358,58.44547470081946,118.8604726900113
111.05240728615277,53.967262520355504,59.983974330547156,121.99007303287581
111.26962940644529,65.4108311979918,61.10973388062678,124.53851116283273
167.91763706749546,102.25155729829484,62.34528899309674,123.16875787580084
104.76617120159378,43.371884595881625,64.05917043193135,126.92354853209213
114.45877301159595,58.02356837680306,68.96669332865063,126.56733406167992
169.98418179055963,107.35067748758722,73.36832938400455,123.39147124782644
94.03926135963593,34.314421382371535,77.3207312810082,124.70961944458594
138.9780269474508,88.90408334561519,83.83325290078864,117.74654307669238
20.669701690290175,64.90344812692449,86.04994003620361,111.6591332467398
22.1494589711224,99.17623515035028,77.33179233778989,123.75937218816946
15.433046992076086,63.98899418864051,79.38023023326045,114.224186142839
13.167895340705336,65.1722396481708,79.19092999748877,108.31591522881382
12.785084079227843,66.00703140951984,78.55344702308352,104.1577018881531
24.594759840597973,67.73673907836454,78.8375169023208,99.5371492080107
11.675922475275463,70.45864618925033,77.4051129739082,96.42138416913096
18.765087671630035,73.02254685115365,76.1158168524393,93.96022098123436
15.284809149886186,75.84643951694684,74.10655673436693,91.40357711197402
13.45623921012691,78.85610016470761,72.60018676815184,88.5617412824559
12.696504997886763,81.45080195741536,71.23393446280426,85.26289593983826
17.86585062178454,81.4992309656075,69.61720900480363,83.85636044180269
14.973608739698221,83.90955940778942,68.97646035854535,81.50154628128527
14.217059515146502,85.12768364170833,68.1250749743358,79.85461750748966
19.3958173538253,85.76733375844181,66.94467473734686,78.63523082732021
16.68514730727476,86.48387645846122,66.09646975217035,77.33646808546258
20.031992522309096,86.92330422212376,65.25606892628869,76.26886898173008
22.290228446745544,88.29046925598215,65.12505220894656,75.12857012872736
17.96794815322849,89.2783193827888,64.20021105495283,74.56613295761832
20.30315702737622,89.48428509543103,63.969087168046535,73.76876651737071
17.214847687978477,90.00257076541749,63.641458658273905,73.2423165229178
20.158376698256486,90.28549341954943,63.161370184989615,72.76440571612305
21.147673968386158,91.17401565981038,63.22180333561772,72.08927623747034
22.38347306251866,90.74221029786786,63.02256118067791,71.54141344870587
18.43090074709432,90.98278643584072,62.9991465082429,71.35394401620685
20.391710317832416,91.44548701997239,62.82409342397191,71.05771153719448
17.619098059804514,91.45205551544299,62.68299954250574,70.84729162100511
20.435757444833783,91.75258418983061,62.77181822361908,70.69333321284077
17.728136993540193,91.48757794216411,62.43130799324117,70.33044953278926
20.102778962260953,92.07961674896337,62.30649858125131,70.05875940946325
20.498099683873527,93.00029064637253,62.447990693438456,69.34847579120438
17.772982266542012,92.48096302054338,62.58013079772429,69.10505170383527
19.43313982637237,92.63712387115703,62.98081015056724,68.82911851530878
20.79304489041476,92.95097449692072,62.537277087759556,68.88966613653835
17.617694654317855,93.31448808526466,62.4467362956101,68.90494686123293
19.968684246545457,93.39556441242726,62.4245609594215,68.89023639874694
20.49345210845684,94.3234393661637,62.723281346743754,68.51687665660305
18.09123930224299,90.2927185641731,62.64586673013703,68.7090341075996
19.805770427614117,92.03395911138327,62.40733072641931,68.92772846445797
17.150518881854694,92.60811901923773,61.967332662084885,69.17253978564325
19.336778090940875,93.2524137963699,61.75864214003069,69.17482340127792
20.291882596173078,93.11316468761154,61.7025041506463,69.42925488001032
20.850881675496193,92.74353050968558,61.83538647181269,69.35749719912289
18.48461528673579,92.74134198412347,61.65174626807129,69.51818191774093
19.900736402901202,92.435259453313,61.119738591938585,69.60960176156176
18.854374374619038,92.46355425211038,60.52046059047374,69.95104107412702
17.85606788297099,92.60089553688843,59.43383807152679,69.83098120836159
17.153411210827514,92.85992301345476,58.3052323198207,69.52087343490406
15.9926746138907,93.48467625716421,57.42182694504504,68.86107783873194
19.411836509136243,94.08702359246533,56.77775135401684,68.65328342857815
22.64178115108189,94.30605634779407,56.962872064632386,68.02321317768249
15.85678401548618,94.4673498449671,56.60056099982527,67.96989117938821
21.85440540159471,94.75907958223803,56.710764089424615,68.34880949148271
22.50389994925417,94.3077769610556,57.06176710245073,68.14210446449181
21.432122288489587,94.25161809490746,57.44717458824839,68.099246555609
23.410793166165195,94.46931399979302,57.853704884136185,67.96767133257075
20.496896387407013,94.09477535095873,58.44946757312228,68.03578034563239
22.132337941895003,94.13770834027812,59.08546031291644,67.71534672478168
19.460228771079393,94.71581947194824,59.62940952765557,67.586249820023
21.84833411508864,94.21572411635512,59.4878032936776,67.69257995267226
23.498715552462713,94.43901273908295,59.67453822547853,67.65080237719759
20.151619632279882,94.20238205214407,60.16856717827095,67.81192274985082
23.83230399808813,99.02726285408481,60.7742423233024,67.47304371432872
20.322098316947347,92.44781767830438,60.995544703497785,67.6905459357016
19.74745750491786,93.12596339400622,60.735132609600214,67.92935001954908
19.42292854784284,93.4947430708221,60.88636764300532,67.79368766718382
19.75249131693606,94.08405178016065,60.69514714937455,67.5807196148855
19.683432365988036,94.47710988840635,60.64147518577682,67.45340167577217
69.30719801837907,45.63975346385481,55.51322183509631,73.46988088229712
20.643768262820085,90.08483092062131,57.21499742287444,72.12007020704536
23.771547461535242,96.6747263107327,58.497291789573765,70.88988155389781
16.913747691843774,90.84498498435981,59.416567552711584,70.13829910502002
21.773733255413674,96.52107079852338,59.97477082590137,69.68670883655616
20.444626348750127,91.2757338670297,60.39658689600337,69.35369514613777
19.799802371169818,92.94899173270397,60.41192926911748,69.07173529819681
22.30804315401014,98.81799788095066,60.74910113437556,68.51375382445734
19.48807194016243,91.81200356619159,60.966894857542165,68.6441573328207
19.291030424486546,92.4767682366637,60.838340104412886,68.42958186741816
18.706268384153248,93.07387187724756,60.57878262589827,68.49724306311813
19.446032602652455,93.32574297774313,60.99381440675722,68.31614226460997
19.515252781325696,93.45646502662842,60.76311319695464,68.1348531222265
18.837907274258313,90.40213966755897,60.72377983898858,68.27447918216227
22.98670549697957,96.1822709591585,60.894009283133464,68.1876453251595
20.284923539191645,91.46273488480668,61.17365991059286,68.52558889567713
20.055473930683938,92.4103592143421,61.29795176486108,68.63054980653732
18.665428421014635,93.02073392533136,61.26019815491197,68.59119472316658
18.935639474358595,93.41825101325836,61.25415475563295,68.41507801252256
19.160056086431496,93.94366428786464,61.13356332678859,68.18229529132054
18.877639263288657,90.44125195976278,61.278490416467974,68.2858447895958
18.924780127534092,92.20899126313338,61.15699844865611,68.16566226058285
18.939037173627696,92.72054913039456,61.464430856770264,68.02667622910539
18.969162234992858,93.28852952991132,61.48281533140103,68.12496192245774
19.462293252926067,93.36696561378977,61.57562863199091,67.87132507097738
