176.0,75.0,47.0,102.0
169.5686592743018,74.60756394397822,48.33555609281484,102.96544426418131
168.423692450439,77.28867556984699,49.90411773221679,103.7070136798327
167.65975744930114,80.74931271284312,49.79709622448274,103.2038602548939
166.8365087396176,95.07275054266103,57.5277248846945,94.9728094853948
166.89250416984785,94.04617342218887,55.79140576858065,93.4726180461023
159.98649930654076,100.49239783337913,64.57078838948193,84.81971790688827
164.46488692263813,89.07098716877607,64.44565149346883,90.07904695704167
159.016305544432,87.09656130010993,64.75431041229567,91.38544693122087
157.91033358211345,85.99638921226972,66.26353810558665,89.56379079409611
141.6427935609065,82.64413550095352,61.879840682180195,93.5745533188861
142.56468692855685,79.40091046107723,58.99008446064292,94.47264499638649
142.1329146102478,78.63427507136882,59.3271242230316,92.78530730297922
137.8649095540208,89.03084583767378,60.53980393311135,91.23014947398258
135.68023770539216,84.7541682472772,59.414729009305404,91.05825917900668
132.76100616090417,78.84371943881139,58.702554376265965,92.69768592496663
136.85937135481794,70.88395720620628,56.58114375543674,95.89363575181018
134.64541316004326,70.0269234695105,55.96026396807573,94.03026677805816
135.8491066951701,64.63976751434417,56.09033460236611,99.55555286670503
132.58476218664936,58.25538723859822,55.42137414049526,99.14128424339225
132.52503177328944,58.48974317182525,54.01258725317241,97.63690758010895
128.1490255433363,49.86335075321376,50.61784449457283,101.71870814914347
128.29304680285563,60.35211391157293,50.121506764338235,98.54420421706868
128.781199497241,74.48271919163223,44.358044316851675,107.22884402926454
127.53576008240326,73.01095071867023,41.35544341782841,109.43701761096887
137.23978104328685,71.33334597864341,43.65649268258464,108.11023360652544
124.63442882824813,69.48441121218849,45.6751633449619,106.99821573022507
137.33655999741546,70.68568184961254,44.5035937251331,105.48269498369348
138.64510231852154,61.97905925913232,43.42375984013833,107.29908118638242
139.6230229354861,54.31539743737312,43.405369968819116,107.3440781315976
131.93924098569485,60.7117900470963,41.61457815551098,108.73704387345495
140.6861680074554,47.424796671915175,46.39036408086194,102.88452076663947
137.89455558645477,63.240090430807555,46.01476953351995,103.20705061946018
126.19728114243159,48.63182814170085,52.94710109063368,94.34176138541773
134.67820907248537,54.97768678338784,59.95971346172729,88.59893526491607
129.26261319648336,59.659349106807085,65.22677872218472,84.91000522562152
124.45136482769257,47.48158952526656,58.13493143510805,94.6967072500307
130.08561086006685,62.997470286143255,63.77613976403626,88.54165852734957
134.74684484895894,69.42959825311792,66.12492212957484,85.85631094148374
133.50635411722007,55.90493109639019,64.78280231093282,89.08108699688255
140.12073110486972,58.39747722802322,65.30156210669067,91.7022836435286
136.03796116873326,79.39214060299838,68.07339899510735,90.68427037014078
134.11197217447818,84.69401620001169,66.57517823788996,90.21497104226407
133.2402210620036,76.35767932464907,60.13789719104959,97.4464521660362
132.1192732122698,92.52614828224108,60.23895283695886,96.03765298376233
124.85392441931498,76.82135783167853,59.25931068593001,98.88272544677707
127.48567397939675,68.84104365453926,54.39245201552883,102.57904963998382
137.38470358514664,69.96610801583537,48.14358904731518,114.70008714663965
128.4937837280121,55.99865997309162,49.0810989275999,112.2586957718
117.57627704603311,59.80324258059291,51.323388445122305,106.63586941063349
121.63265798890134,63.32487114938432,51.02880378259141,106.12946987803113
123.12337384770152,61.72177803535597,50.91109462778098,107.25230044088093
126.71022992109584,67.83601204507892,46.57886678923513,108.88679228319039
126.76219462082108,70.90535322526377,47.85034067481119,109.28445445101895
108.55756627383221,76.68781473670023,54.87863499696276,102.56722916297878
121.77669562132127,69.27916004383721,52.192089101056936,106.47393597912475
126.62514741871831,61.850483807275566,48.01944555036073,111.64316951761668
128.9691133434565,63.048211238012456,49.51817637483455,111.32805194213839
129.4935315851373,60.419861389904,50.32574264625658,112.91088775056843
127.40866835727232,58.32323292550054,51.855259188732774,112.61612998134679
128.19561356366765,57.47249168452524,53.24282769737458,114.11708248561814
128.6521641526318,58.660992681157026,53.65999001489157,114.69761075244062
140.92867560323145,54.08255602724281,57.133011959273276,114.04438445852345
141.43996221632267,46.098464687046146,57.82842460154481,116.16031131768875
140.2554097255973,44.64287389618407,55.64349487306518,122.28459905480841
139.92220816872833,47.30773893550177,52.55665907040598,126.82966679721794
151.68657264763772,48.999337372249364,58.93020329068779,120.87522902177572
142.31346380017845,41.41959609014273,61.1581562150985,124.76066659544944
146.0481929827744,33.84351103838442,60.1816115728986,124.83842149205688
147.9316380542753,49.11821544520081,60.29012912566702,126.7784917433655
144.3395372945792,45.27319384659777,63.48007128760682,125.0045056284378
160.0216166299754,53.193765564890796,66.8287650948418,118.13174502723993
148.35724929720408,45.61296710894594,74.79595324396601,110.53945094791871
161.38484245985427,49.44506715718617,73.96990433931988,115.1871557586648
159.28225891559566,43.09356191841254,72.66649360419817,116.96911997919302
159.44551501893034,41.14815223443403,74.9991777743294,114.23371959769936
163.99220531513467,42.25093762418082,71.65929287512752,116.04823367614645
171.210451137902,42.126222204736614,64.87207748615415,119.49912892963142
163.38707478353535,54.40819288379805,60.463723078188224,121.19090008066382
165.52579194302544,51.182965588684,57.550229594207124,123.0906935838558
168.84573058697347,48.25565682825646,55.97831399912108,123.27983001416521
167.9007569436077,46.8591323518986,55.658407636713235,125.4379717808496
173.37365980954527,48.1782141309332,56.23445725914719,126.75329704953211
168.66634626336673,40.49523727581072,56.32545211120882,128.3016724440422
174.52695523040245,45.54681084717886,58.431006866956736,127.57805334696022
168.1133223943265,47.355760212757374,62.87380350682106,124.07992515013976
170.23788637933274,47.44211749836647,61.50147726601085,125.31430648804022
170.1539953972674,44.86734588548075,61.00675884867179,126.35364120245912
167.97068193843464,48.52364910752454,58.70756039936346,123.4194770458166
166.7360698980208,47.708429022769835,56.617654765225296,122.90117692373056
174.6362733745026,47.60793942526822,60.88533634375585,120.53107901035061
176.85310646904145,52.668077313948324,66.17473839198286,115.83875599940886
165.2735480590641,42.835316826095294,57.15356498976957,122.17349122377215
175.52578949166337,47.74912799143937,61.641185701231194,117.6935022549004
160.1456138474784,38.416958724836775,63.4447517875748,115.98089338515149
168.77474080072565,48.66530731813808,65.15549011435661,115.91633082684477
157.48256090832203,46.60429912646032,61.84066281115116,119.14220299890803
169.26009029604495,48.25967451921946,66.7901473401487,114.62303598986375
147.71588070710436,54.19185952519905,63.163448109826746,120.70960515637137
167.30802084537478,60.4270827582845,70.70800770755348,111.94532424233975
149.14749211858856,53.945406136246866,67.40995505370405,113.27479114913474
169.69979685300353,63.4723187331667,71.74578671646586,110.19414863351773
150.26864338141397,58.06694890636932,70.37231485105127,109.94318555884101
142.46898029485396,57.71920365619253,65.87449022155897,114.55872596497156
156.5269709816567,65.58073431483298,73.28949181914494,107.43263997422875
152.71460217937545,74.11319655665105,80.22332730979294,102.62392104936946
144.45361942299553,64.22852028351022,83.07799259824853,102.32700467475267
139.65548508522897,41.96695233447774,77.96646708432851,107.20936679962429
135.5234348340568,49.981023593180915,76.73006500030819,104.55132239623161
135.29135193547333,35.61822077641658,73.31554579991648,110.30613144467728
133.56685025405827,43.16967842359076,70.54698314941045,110.63747556500176
130.526222124855,32.488691036735375,67.12049080399615,114.00669254147132
130.71024996815345,43.57893524171514,64.8871270710583,114.47862036075983
135.73290472875928,46.23547842179873,58.37122171320725,125.92184732456727
128.46548315675147,48.64606656384255,57.616560806014405,130.45109008497425
129.1489421092336,55.21961378063534,55.54995947323946,131.19600061812451
121.8805753348413,50.591869810899894,59.47946188188736,126.41179853989522
135.95698086858837,53.57134446706964,58.93832607684435,123.85505350268694
136.96640518577817,57.92573156652597,58.59748623724933,120.78697249148792
138.69441731864578,43.94863388241064,58.02827012848128,120.88987048117853
140.76796332824296,31.61330071628867,54.97231969082223,123.20591111151818
137.4454858442405,24.79244816780856,54.98602523103174,123.60560418455262
143.84691366519132,38.54226220777436,58.14374469288985,120.56742286670598
125.19922379113311,11.984711900278661,56.47014555917037,120.811094038338
144.90318920414234,26.512515993681333,61.32481849291756,114.74469216561957
130.16734156325043,14.279783083644993,61.483168819256996,113.99385320663951
132.21341535842618,37.959057105935585,68.95853755580978,106.12052321015403
129.73491460268295,44.52974854970953,76.1940927915852,101.52978233615595
141.82825443908445,26.42195245764168,72.47192117542285,105.30790503786977
124.50776743714316,48.67262550408011,76.49788777879272,103.13791880827416
131.9295938359862,55.300680439720786,78.21241674380195,103.89114636222475
126.24589886592207,60.44229576331124,79.26454865780715,105.24191553956776
123.47471591263195,58.134634232341256,75.32306599261007,109.50097743755776
124.06779995685264,57.769150349225214,68.79875837017211,113.189620422372
138.63372391173414,63.207488060094676,68.67914419453993,115.12313424776443
135.8257134804715,58.74487941744198,70.25226497161597,117.09336353029272
133.77935241980475,65.45148697049395,72.69649678323427,114.65207034496515
120.86945116544027,54.42723717951824,67.35562233578645,120.40268593948981
131.91604120357374,50.56423285873802,64.9754702136211,122.44205479528364
132.94569354427878,58.2716963237189,63.20551973734252,126.0476070675924
124.79801909851615,52.86414667549947,63.84110529268614,125.90689486348194
136.64706683946764,52.20619088604009,64.93842568907907,125.78892957033801
129.8640989234666,55.75674848169015,67.10278547890587,125.96126761466411
128.68483217656325,58.98695347504176,69.92081091106513,122.66105250177071
127.06359264706022,58.32635821733526,68.48412508359658,121.6645361938347
141.65298677336165,59.16117296423343,68.75719535150157,122.73825458326286
133.88995197877102,62.65975755041741,74.4087761101164,116.91156220513776
129.4921150699842,60.88210834187805,75.1143191217208,117.37069162731291
145.6275221875946,56.738220468803874,78.70666406618749,115.33777149638607
138.40237157296139,53.255326065814614,76.05962185062972,120.65598587762094
154.6525356919235,48.796010015447365,74.51446901248576,127.68591212870791
144.4728294457557,47.712988076284745,69.91901318817092,132.0651427479084
146.4604060697694,56.69462830623159,72.71172798213576,130.5121234421895
159.30532622696,43.19433161475125,72.3349484282526,138.03033691182011
155.10931695614812,37.17187737566621,70.82348262539394,138.82418490415034
161.60447502058256,53.53779177417299,72.64355601526286,131.13627090205867
164.6045216575848,29.467321889797063,66.23228147018216,138.8684773028906
163.00415041122997,42.90611939168879,69.05666408292124,134.85864391104562
164.2952537556395,45.81045611547664,70.34330595634282,131.87639649267524
163.00270306146908,41.914513445957056,68.62197319017314,132.2373989009588
163.27913381276494,40.395980020636586,69.19871650401817,132.3893606185431
173.98936093455882,39.20336929414225,69.9171878127986,131.99228398345804
179.72799146017752,38.727159711036904,71.2588545264538,131.0212096451445
170.34945485159403,41.16678840706547,69.595578622527,131.82173273633322
172.64629128044177,36.64184576093069,68.81645640303036,131.1962449512102
173.04082826370473,37.131902866121976,69.84890622209558,127.39130235452086
171.38073409813114,45.540247232741265,72.54565112854107,125.58443360571832
172.44993811214363,48.530554812798606,71.27988198172261,124.07595637361267
171.61929311183664,36.38417862657185,67.46098695044572,131.77266039096364
181.93623905494854,37.14554570522287,66.51730349928049,136.17575230635447
169.6421502025624,43.37149855816227,68.56414705183116,137.4316465119747
174.74607225822248,65.97811358715995,70.25610514845772,130.16390443005355
170.3979676641488,40.14211211725487,70.05708881170271,133.98157539964888
173.8964854765536,40.09346138257236,71.63990338373148,135.23799206428825
169.30320758506974,44.938753024685,71.14296269147953,135.57723971268015
166.53115006152456,48.43985927046572,70.19582388572567,132.54993485776117
168.1126012427356,43.46940438894032,68.98123320981941,131.70563877974752
167.69084884526598,40.90900161116032,68.38993594939976,132.78484410795156
165.97954171822272,39.7992194534762,67.16689027993274,134.11675590695475
165.08344902265657,36.702254415803424,64.68392346464415,134.5697659154668
166.2345108097798,54.990598511388,73.12169094264377,123.28613993438066
157.7394180569055,62.331152558834276,80.6383246982093,114.05010735142048
146.29115846723516,39.370027891790144,74.54795117735466,123.22628582369234
152.6766893041555,35.692994406513435,74.63519448093099,123.8227896800795
170.93989658539022,42.58193962356036,77.05469132593223,118.62756468940606
173.5601280969416,48.66769177009098,79.05278993307847,115.89697550407186
162.48585775596996,37.8202187419693,78.13594098184305,117.8554637356082
171.9961639553214,52.4532835253615,83.4785869449566,114.48848501721247
159.41566055381952,42.01791236763182,81.38976350198868,117.81963077505463
155.49285194815047,48.495556751433995,80.05527168927891,114.52101257782383
149.63832196980331,55.06172658118891,79.11675436020667,113.89566716575052
149.78409165366594,55.12405101506161,70.64763225169769,118.33941820416356
167.71472713951312,58.290863578816456,77.8451839118393,112.60070387711087
157.40086561878036,58.685034310663525,76.35843551775795,115.22280333520018
154.81391946412077,64.21891868357895,84.90763491020701,108.39673905332808
148.02939421856655,49.1735533538197,81.90944754731152,112.74735168611318
144.34904771854985,49.62308505545209,81.18286218125603,112.7260821909676
138.36845170272147,50.350074646070965,81.4756839660256,109.88520628026055
136.51793104921484,48.51785235748977,81.45535004606441,110.6837608313304
127.17539325396748,49.04042346593687,81.7864236376577,108.9741877577315
128.03241862123699,47.29239826337392,79.85315208602962,112.09124044952999
127.11992136582533,51.6121114216284,80.29538225740592,109.4447207034556
124.349706202118,57.0956815894116,77.86444808668217,107.67703276809672
134.86805748847976,57.41920890594999,72.67002971653433,112.12265334406534
126.08769638016918,60.72540013870285,68.86359495073363,114.31094913173345
128.08790080012093,55.64992594933237,63.09118424830415,120.79803408998796
139.11819463827808,57.901507305390155,64.20614512545666,122.25157313339608
139.58660049597356,54.44395644957599,63.102576139371926,123.53675531606322
142.97552564482027,43.87650747951457,60.44639322677984,123.44609211421829
144.7041810173979,46.3516702136805,61.1567760965843,120.9570729794283
148.13299305942962,32.146346141037874,63.42522489612681,118.01595453840984
146.15227173021063,38.62699650455892,66.78918314475568,117.93098609438778
143.56893092300822,25.153593966817603,65.56779322214268,115.57938456891826
148.42785984773292,33.414124189101074,71.43284400306437,110.39326408101635
146.05492027362047,43.76566239479699,76.3712563910115,107.37858412348194
139.39807238337477,45.57553546204478,80.53358975237447,105.11270885766922
132.57875624105347,47.160581682678924,83.71876801937793,103.31278271812823
132.82080384524932,49.25373004692858,84.65888133282918,103.19009034448732
141.72507961518374,48.889686179751735,83.51197949693986,104.56243049831275
140.1185680364481,57.705561151508995,84.7208184083479,106.68076066344081
134.4744865754903,62.58074173332992,84.30318413482895,106.25369223203772
135.033392833626,67.62794038159504,82.48727558164649,105.58170399312466
123.87310856850215,73.37643140665126,84.46500391719206,103.40829600917434
125.33342009170107,78.61162347899545,82.0794902715434,102.44544016953967
113.2205423208259,71.06144146401711,73.77378981964142,105.25628775052175
