129.0,80.0,64.0,78.0
116.15677249469105,86.93228296403264,67.62164902612082,74.3939713644152
109.71694820168645,40.978621781460404,70.49315800183952,69.80603158356357
106.76365216987566,37.17730140520959,70.4946258779916,69.80442238184156
139.66320011425591,40.69808933432289,68.59237676047135,69.63491588244065
148.75638221045415,40.01833891572988,68.62873557527702,69.607792383384
157.7219188455124,38.8286478175347,68.63096804551698,69.60584981170794
166.73181284427022,11.1630724534023,69.94919655801108,67.50400569744345
169.74950341297458,9.82054620238629,69.9545349297271,67.50055660302466
172.90604605274243,9.133937681926128,70.01253910865698,67.46378249881101
174.13718266850316,8.192966504318093,70.01502427328418,67.4619173140872
175.05448016730696,8.171904721983594,70.01739078347384,67.45993176524178
173.8011665657526,9.51397942940703,70.13925617627984,67.34164119133729
173.77180734484497,10.659068124224184,70.24604164766065,67.24732633336497
178.66194998319037,8.383287589739858,70.25407309765441,67.24033084563196
181.1172354039068,7.797582552797884,70.26311800176602,67.2331167663787
184.87515522738917,6.512816062441253,70.26701750580224,67.23008657570524
165.7829202918144,48.256371144466925,66.99548990991077,66.53701327688827
158.42049589380645,64.90463904097228,66.9106110371645,66.44175235570374
159.15277595179253,68.49085876615652,66.91138795923247,66.44106440451127
158.16158079435405,72.42488904001524,66.91147143607385,66.44097050871035
158.70775832837145,73.96966083594779,66.9118845603303,66.44060977054397
157.03845265243768,77.95403589903287,66.91211295283196,66.44051761480229
167.51318830444143,88.0964362618039,67.31672947841435,64.57245730674069
165.62868095713162,85.5476206642069,67.31687763403247,64.57240841007679
165.91717402488638,73.8252479291358,67.22194462938805,64.70156206808518
191.54533201250567,84.7205252950311,66.43238738217683,64.42882197252507
192.47344144873207,87.31655240863537,66.44265362859001,64.42709157496738
194.50749718966392,86.45403983206828,66.44395866970602,64.42504007843576
197.83217314050864,86.10536111129943,66.4506083358572,64.4201888221776
197.74723062234503,85.70842146252787,66.47733991335069,64.40066338081766
205.7991099576425,84.91367193564919,67.25944931526557,63.840048613545356
208.79879910021535,84.81395451722953,67.26755928085224,63.83422925326399
234.41830346795462,83.53536274173058,65.12917844454364,64.33571727050946
233.67886385189695,83.76192509064535,65.13443642746009,64.33165188025514
235.5486169525562,87.46437413697706,65.1347414081637,64.33101346929341
235.02655326509097,87.06768504778137,65.1672870045678,64.33479735504407
235.2211080140582,87.43927376667949,65.17435134143406,64.32996667275245
237.60350413133744,91.50122978474815,65.20611271863095,64.31025595344862
240.544253078604,92.75938768973776,65.21510869387934,64.30434878337722
241.03616693886244,94.64477397429744,65.51993994991732,64.07066389316718
245.72464254083673,92.41297986780742,65.54991013268747,64.0503882755808
248.5906493127279,91.95882922844228,65.54980443344863,64.05085478601582
251.06304034276897,91.31625528777914,65.86140197770605,63.662900526915465
250.79550630964516,93.87432051805496,65.86052707224731,63.66351982985259
250.11963128934207,95.77694958277158,65.93738490189307,63.55857741430179
249.71593678672917,97.57988859432476,65.93673275178058,63.55773684198585
250.6116797127523,97.53524813956244,65.7918763524397,63.477342997367714
250.3180483554513,95.9245254116548,65.89212781320792,63.37913827999575
250.34751323232388,97.60960991228303,65.88726670306256,63.37730309526759
248.00699045308016,96.98730690273699,65.92200479313564,63.32552323007471
235.11519457253803,91.40658553265257,70.56701432460565,58.44740565225038
236.5849424695265,89.50971146091226,70.65198480679754,58.376081783783384
237.94460180294482,89.52615437456518,70.6564245990521,58.372836470881126
239.91771281611761,88.81036489024568,70.67153632438496,58.36220345393205
242.537608325416,96.39389698355191,71.39004398895473,57.76422152745141
245.14688446750296,96.26349714452053,71.3939462526629,57.761939446299785
248.7673473464552,99.31240725634122,71.39386474448371,57.76209113885712
249.5876469912114,106.4393286310583,69.2955185618039,58.36013513869054
250.42522525330705,106.62260903027834,69.29276799578821,58.36938687076805
250.51744064812385,107.55738395510119,69.28888702145174,58.37783132005729
252.51130119509196,107.66664618456923,69.28776704178857,58.37899803336336
252.91071384197753,107.56541068915624,69.28671451317707,58.380361999042876
254.78870781294376,106.59286707372317,69.28633083836496,58.380833269787836
257.17425438412107,105.13578991717498,69.2856425116842,58.38143768282929
257.3391587815897,104.03746175196189,69.28523184215703,58.38193798832262
257.7754762769556,101.37147697468106,69.27063360794067,58.39700967377415
257.87195123640817,100.63842844534216,69.25985551062983,58.408487324798145
249.36307483472947,136.01798105310934,69.73053304238073,58.107100004771596
244.8128457574187,123.97879267427194,70.62291090525423,56.807493669184666
227.81448476624024,107.81364051118587,69.4517137286756,58.0382744510453
226.3541479386851,107.21292152442089,69.45190570196219,58.04740852862493
226.78871717474252,107.72723144855507,69.45072339134633,58.048980221074665
230.76365388342225,106.30202186842085,69.45183206779792,58.04812918252108
232.17134666526655,105.33877103282688,69.45306756924909,58.047307273920815
234.1734606425587,105.01894444023698,69.54643101481128,57.98717498813809
236.08292076426068,106.95624957238141,69.54649909461897,57.98711530482761
238.7240536670014,104.6219568729747,69.5536701063067,57.981942196866136
260.82301198079733,141.93862159114954,67.52102905244527,58.6221341838563
244.63642598536603,191.51693146017118,70.78986525839579,55.31125571778566
270.89811615288113,160.88140243497472,64.37043160915664,60.240860215932535
241.48195355497825,185.72932651766502,66.70210067703275,57.814375453872245
272.84344990895164,170.48616868651771,60.39221679476948,62.70483540327622
241.82104642262914,161.0558985133457,58.35068190950439,64.46945137217878
272.8942517697268,159.01923280763697,56.146467107643055,66.33599853524426
257.92383856037316,150.40661268317896,55.52778234165791,66.54546501096691
226.50471379682563,165.51726336159714,53.64324591904594,67.56767866877895
225.8725802655058,161.43903616746468,53.63603683212661,67.57288412515913
224.11618070821933,158.72348014946982,53.637857486387624,67.56958558909685
223.37570966375463,159.92244335753878,53.65809357975733,67.54041904348813
223.68321051517003,156.59973719147104,53.49202813071264,67.73603136112773
220.885645113105,154.58911928750507,53.56350542761003,67.68257205873863
217.41066100833547,151.4760471261858,53.56437791113594,67.681686104125
215.836623676206,150.14523094169652,53.56543795747498,67.68079424977591
215.05328233604303,147.1592318288294,53.633588580992395,67.60270836143542
214.69551071733576,146.47217463581367,53.63394742786206,67.60238279270918
213.37598706974742,144.48636695503407,53.63525411100867,67.60094732151998
203.08873484279985,175.41438784211186,57.327276036217306,63.031370238526485
168.88759551652907,143.16764945193347,58.76732782108306,62.6566295506216
169.01030129499313,144.61118493292608,58.768310883500654,62.65703694022938
169.29091236889218,144.28007286402737,58.770255652072905,62.65584636130623
172.5560020684286,151.63544651896285,59.29439801889977,62.28965967460421
174.6956148439756,152.81356258867473,59.29583118972957,62.2892198191923
176.7002421259436,151.6172419606531,59.292796489685195,62.29293003924007
181.02234313169038,151.7946832159051,59.29913864475656,62.28840428637685
184.2838464551528,153.06409810675217,59.300313840635674,62.287601075956566
188.07375055595074,151.23201590455196,59.306988163911605,62.28212017090873
190.55744139863927,150.11558403616775,59.341753199420786,62.252809778191086
193.33721394842857,149.87108337382767,59.40742076921475,62.19544035816604
192.82757617460368,151.12695264304918,59.40748633589987,62.195278710668426
192.381885804736,151.9751341860666,59.81968200106748,61.81310684682446
187.87583788866166,151.9800706205864,60.11147429775469,61.618495311965724
192.24380650461168,150.88194807060762,60.11186137615737,61.618250600979636
195.1028736533672,151.0437267450298,60.044076218813565,61.71643983392815
193.44485013510524,149.1004133424615,60.0791584039581,61.71039863026037
164.32363297355133,80.11667284857619,60.50657121217338,60.77497129283572
161.22090350712568,40.870138829245036,63.64210197577413,59.16978798872457
163.0086927278114,34.10322122890039,65.74269149933805,57.217565907919735
167.6068383778927,80.12984968362841,64.26025784993229,57.743753883717595
163.62091919097145,57.134623373175174,66.68472626680457,55.36146480540531
184.7278013552941,51.95611435786804,72.12702120329597,52.50106225801666
174.88585669811923,45.8477115602974,73.35267954535568,51.93303013037963
168.94444277154975,45.538294823421154,73.36573448742284,51.92551993662493
167.13689620782506,46.553895484536426,73.38043813428139,51.91423538723681
163.96781174225657,47.379171938909096,73.38102495405973,51.913876050535826
160.15150436848268,47.34169334049844,73.38444591880113,51.910885191195746
154.02769956932016,42.21929621111728,75.61651634781462,49.966111884040096
149.3082092488064,42.477864408341034,75.62539845521175,49.958221421694795
142.34692084804936,41.5396354806973,75.63132353095685,49.95419994119734
134.85939467571745,40.25471699515353,75.6365672971294,49.95338347371676
128.92116965022876,38.353155888184595,75.63370006447641,49.95827861589255
133.71402309243422,37.11653698221891,75.81762933424034,49.839286107847116
125.82507791221639,37.35089496402149,75.81721464096508,49.839398434942865
147.3879409277982,101.08611295908614,76.41189037371744,48.49190250829014
152.4077684692348,103.09870238791787,76.41641711457471,48.48692008846238
116.20792171798556,116.57975827597394,70.05111122742476,55.33737697690101
101.66191952200842,134.31727614699795,76.17375526781653,50.27008659618109
98.0320558213827,135.85911775840086,76.21662857360901,50.23730883945499
96.65821290938888,137.25340135536538,76.22195309045246,50.23450395555405
97.30360640659944,138.656435367436,76.22654346972674,50.2318285801097
101.36503300739278,140.02778708730733,76.22739803944133,50.23117793386987
109.06445842785797,157.0931578995382,76.55996866915301,50.04608068807025
110.77218133595716,154.2584210434626,76.5482348871801,50.06007020069754
115.00383686842036,152.11494874133658,76.52553375419951,50.08903731929281
117.19179875532303,151.77003330082567,76.5125507686632,50.1132832188731
120.59697499244476,151.8173660917985,76.48566749455402,50.15438363648304
124.98391401505623,154.0330012780773,76.44915612566167,50.200380052408114
128.46249025034223,154.20088348634357,76.45732614959647,50.19430090666182
147.4964991670003,153.904089556724,76.64438949303816,50.00384146031709
145.95228260348915,154.1522771206022,76.63877864995244,50.00905718052966
146.59890157210782,154.4893055777758,76.61957521283715,50.02439927016504
142.45539787003975,162.61450882359296,76.70455529611151,49.95660424398482
80.18773450735895,143.31005806662603,66.44769146971528,60.47792030869995
150.06993674566223,62.21188050408823,65.84992822846027,60.23489860272085
160.6448573273324,79.92010129698708,67.78225373687287,58.184336075761024
158.15532582471405,80.24042121031273,67.81645819108415,58.12701847611092
160.33038502693267,88.99763529070846,67.92546673595723,57.984372618175904
162.3996903442898,90.55610577819697,67.94327919313137,57.967297556590005
163.34916070613625,92.69393949168655,67.93924797051426,57.96826339224511
163.96208600309055,95.535966348606,67.93540167100109,57.972539851898674
168.17801180844398,105.70254687053874,67.98828364183719,57.89019706059664
152.91860861547326,157.25540902757783,73.65144198700715,53.67812661614739
152.91139567610443,76.66054040920758,69.31337505644917,57.14346810093473
163.5642901026194,67.76419126231471,69.60722037395144,56.73703347540895
163.8555084565096,92.0439206762329,71.13473158601661,55.019840730336256
163.84977075709597,95.51251108756948,71.13443709592133,55.020493216836684
170.0652817743859,104.41541922719011,71.37197222839467,54.7369051785622
177.43610232497582,120.74867761014858,70.60541257100145,55.62866554277224
174.61214592720634,131.95814629936731,70.30791463808582,55.96016113247441
180.46764093401367,138.00914740395376,69.61878283980317,56.753542758140405
175.55010051886543,139.94284256396642,69.62005381749958,56.75266425986189
169.12992646292864,142.0504199673307,69.62588349675599,56.74849511368634
166.00585558222687,139.385702794071,69.59922734174717,56.779869519867574
163.02459589950766,135.4158342372667,69.08617602847467,57.39662670641322
161.41070293136482,138.70083870937057,69.05356643787432,57.44117502844081
162.38970083681772,140.63836719897532,68.86277216982282,57.69739036521031
159.6490677911181,138.12538864419037,68.85654760723034,57.70599298640738
162.63905935634202,134.01188978989936,68.66481539993931,57.98709788416788
165.5678714765631,135.16883165181258,68.62362077451787,58.04198976649683
175.57082307571113,140.1118425206669,68.37242109795035,58.30468590903724
173.72137801798414,136.3740008580126,68.37033651056927,58.30668396975839
176.6527083602116,141.46014095600694,68.13545292572368,58.50987393520773
178.79115281792977,140.50940785484107,68.12283860745531,58.52354695421276
180.47980956048664,140.0633017791953,68.11784839695402,58.529009182275026
181.16239927132975,143.30636720296508,68.08374714699782,58.56321448585855
180.13400052512014,142.1405667818188,68.0802881582464,58.56690442803515
179.82218403865335,140.5044002386197,67.84752618460482,58.81289178460546
181.0993624845071,141.2614095845807,67.83560088583857,58.82686140731211
182.18639827162434,144.50830263581193,67.41113925880872,59.27231146894262
183.65574102881925,144.0660259444739,67.40074721098686,59.285433918143205
184.50849706287852,144.79071110132364,66.91678095833616,59.90120337495152
186.7926411098847,144.6003542498489,66.18816233034248,60.76207305252758
188.70012307013945,143.67733819605735,66.17722048357868,60.77481935154739
189.4422708536686,144.26182813958232,65.56691402174503,61.44858655674449
188.51470131756054,141.61503763828784,65.55559384351103,61.46087750501215
187.5788713199615,141.6196671539214,65.55369698636837,61.46307281474685
187.5783973189666,144.35060548246486,65.55132529975114,61.46652389737548
188.00220312455932,144.57642416338564,65.531611118032,61.489443130621
187.11065531892882,146.1138939684546,65.28953282678143,61.753376430028986
182.7046438080692,144.74833860290465,65.2448578123068,61.80878315874852
183.69620042534362,146.68943741126463,65.24056621300421,61.81896935588657
183.41555253444676,146.4256457427054,65.23930101924633,61.821514510269566
186.57745756833538,146.87965103571932,65.2390273474957,61.8223447593362
189.7848211712589,144.87686353430797,65.23843988926832,61.823316376233635
188.6802454373703,144.66859833839223,65.24248271446739,61.8279904445845
191.86619531796939,140.98626185690148,65.22134198265762,61.85729334378424
196.23964638319,140.06773253397424,65.22069381950153,61.86043210686439
199.70076597984283,139.4472624236791,65.19818578540612,61.892093624718775
163.53755268999532,175.1957924495982,72.1938781121714,56.98849365588836
156.8442296948883,122.04474920904171,67.4596706783132,61.096175534950554
155.95194494351605,124.1139093039712,67.45947231492308,61.096355558714635
156.35391774098346,124.9114401152967,67.45940359681931,61.09666768579661
159.50875092923528,125.6024257319738,67.47462068131422,61.0852644894755
158.56419068840938,127.7749513510078,67.47482645864321,61.08525118857178
186.6199233256999,142.021057494859,66.33958799070278,61.19028507091334
188.42724304653655,144.36324275557502,66.33985462164607,61.190883021008425
192.70349128476576,146.1101950818244,66.34111772007778,61.190921344507544
195.60438771861155,144.4080099878834,66.34120378152437,61.19332949053471
193.86844952968335,144.75005461159125,66.33780035133637,61.20140692917702
187.8927385929722,143.96212131466567,66.33476017336704,61.20789037864953
181.7185372843914,142.5536169502227,66.32828436493051,61.21127186449348
179.17168927895824,143.70928879864158,66.32702969983248,61.213354900672705
178.14603806210954,141.4588333890727,66.31408571743795,61.26159705297082
176.58784566288486,142.9124206052444,66.31384973684983,61.26361756691655
179.69971379394542,143.01161094414135,66.310338332059,61.27540671110024
183.33354181929278,141.96328573790433,66.3102823408736,61.276294632348076
185.2514470889896,141.68586061813613,66.28400754328594,61.308795633488785
186.591733392243,139.8145780342586,66.26975931383913,61.320924953007776
186.67329084769625,138.00369321663675,66.26671343643615,61.33202592904126
155.31576055669572,167.4138035419076,63.91505496326141,62.17996476336282
154.11308760762404,165.7463686623954,63.915180591247925,62.180179714342806
154.02149041309926,165.35994869411937,63.91581245025676,62.18033054681466
154.94647776802213,165.9507618058909,63.91643440674704,62.18050898025405
155.61026383080986,164.39791134730524,63.91654608759099,62.180812196161945
155.9740792748993,163.45181935508083,63.916739410532664,62.181964438514804
157.28121798667158,164.71890424280755,63.91737664267354,62.1825463167326
157.9707392010137,165.02967510051116,63.916735612648026,62.18204923709812
160.6102143212201,165.50096390680707,63.92830031821918,62.18399567426521
161.04962668644876,166.35856700702593,63.93016604319854,62.183812753017556
161.86217132403777,164.68451721688916,63.916678835967886,62.17753410987187
163.85063333563681,164.80848744502305,63.91741761451237,62.177472830936026
164.4760575909452,163.76738366771198,63.91796003788608,62.17827903744418
145.08791768458863,93.83108579051225,62.877959485609004,63.38559158871861
163.12296942324582,107.16769754445156,73.98274461913444,56.64723975442399
167.1075266642609,114.97019345920646,74.18346999611308,56.521598014941034
171.47597899279216,117.01758668258844,74.18687028594996,56.51871382418905
162.75854512556072,125.5451508249612,74.50400883340116,56.30267779408221
163.42622416659444,126.57160288651238,74.5622271349244,56.254039217778555
140.49791010154442,135.8314562689145,68.4156394752295,61.19473208065982
143.7161773700838,134.99920143964763,68.41890472376475,61.192038312832516
151.6613196721174,134.05606040865877,68.42329442084502,61.18923174413394
159.38135360554514,132.1067291761713,68.44147564609158,61.17627240010313
160.33372237904564,140.8586667150742,68.59893316172794,61.03457612478757
160.87893284116967,143.67827600410726,68.6020589856412,61.0402922009573
159.43699884981282,144.9991647614266,68.7612279479691,60.9321503026211
165.81647359879202,146.3000232263106,68.80141556548926,60.89377808987885
163.28754103760218,181.8719602679767,74.59223697811396,57.01434645039433
125.38726831577677,103.39179314434699,70.5994474608273,60.12293509218502
120.98526578972574,110.83567353623626,70.26466715068571,60.26354135094797
120.87581089536855,111.57046302314058,70.26573075443115,60.262369054385445
129.32074915806803,119.71763829236437,70.064004634916,60.40300844513707
129.36960879640327,118.51974041440783,70.06334551709426,60.40313545600924
168.89813853520184,164.05234355275704,68.26053561225103,62.38369791710379
169.48549424657992,162.37677158203223,68.27099126369836,62.38027313868952
170.6639509848965,162.11239611010737,68.27518966641394,62.382347189305015
169.48415401650323,161.73936699440085,68.27477655554733,62.38270804160579
169.53007858050964,160.17670986243834,68.27473135823432,62.38260674194742
172.1606098269749,159.12310493033527,68.27567943964456,62.384509503950206
170.28724819600754,157.047019594071,68.27584785004733,62.38455958626879
169.90343467934565,157.13237999647595,68.27600613289431,62.38472955976202
169.10492314385655,154.84699135661225,68.27631291912058,62.38518861744356
171.75742886284246,155.52851394381952,68.2773870676966,62.38560863296277
172.1939841706178,154.37423440431326,68.27788843878304,62.38612208628868
170.9753062749088,152.0116434684408,68.27919977562645,62.38613859090708
170.4900566194763,152.54058544709693,68.27917954379738,62.386113935161895
171.50068698234242,152.66115578046183,68.28091381318234,62.386638363523
165.28384144236068,152.28825573604942,69.15955881160284,61.75049868355662
163.67075784274311,151.59849559600372,69.15968755487482,61.75063933355921
162.1103453130101,150.53953915081775,69.15967587956916,61.75062991787033
156.23416128458865,150.3342653879204,69.19139612452241,61.72484274427273
153.83888052363204,148.649621409084,69.1909234247864,61.72585887424778
152.07147001171313,148.10176329762447,69.17542406173766,61.74298398884466
148.72381770319538,146.97495763573335,69.17362136370971,61.74556558278382
142.3974044447222,146.0709432433918,69.29114857950856,61.64575030084703
141.69493405721707,144.73627796608443,69.28978189564128,61.64642331418673
137.77626583395744,145.36472252731716,69.28949236178337,61.64691300832588
146.77084052183608,164.46540328416387,67.44918865863347,60.77795277026725
148.70839467156392,163.85661238093846,67.4489215724041,60.77921716148065
132.50982320898535,170.20699005152187,67.04465000781515,60.88456457299938
131.68752252158885,168.57160401524908,67.04464360024427,60.88465717166801
133.60151015998755,167.60142150885275,67.04503722565327,60.88530071934984
133.0121350973491,167.4533841119747,67.04509846714876,60.88524208429392
132.93081670414557,168.0071609809504,67.04500824032549,60.88526280923313
134.88424594999404,165.26580196594733,67.04502512056153,60.88523233078593
140.42654895288993,163.7367889114943,67.11273711556322,60.83655682721943
142.18508755049413,163.52316450331554,67.11260981239887,60.83656863953529
144.13225990059956,161.6481622275299,67.11556511714713,60.83409125369814
147.28409822774753,161.45480480480094,67.18043924028647,60.78164771912445
148.46094335864194,159.13799199102442,67.17331374824252,60.78889957882473
152.1711997893489,158.4418017990028,67.21666139860844,60.76108760198997
155.67000339521428,158.33798010569228,67.21663566881124,60.761125477660904
159.49886755034893,158.69851873070132,67.21749386061714,60.76065538916478
169.18143326472003,159.77971282921214,68.41747931419918,59.649267668026575
167.41802414294017,161.7324305652827,68.41729879944283,59.64940651763234
167.27336490324603,165.69312634392625,68.416687471645,59.649784579333236
166.2389903450128,168.18576405511348,68.41529145795396,59.650460580603784
166.2682955398571,167.089178022836,68.41257369967693,59.652659601717005
146.21446953248665,70.09046536993301,67.7226869570936,61.08380072783546
133.1069817806775,98.06317445172004,64.81102023353907,60.63121474809931
139.6566888510472,27.72913260696728,69.78636462246277,57.3142825684642
141.00138639299985,78.00673456883635,65.57399337850799,60.61189236542917
142.68245244539875,31.94039100894497,69.00257601446339,57.79688661411819
150.56721456270174,107.39108102046698,73.2735562354238,55.16667053150385
157.23301201860747,118.37757306058401,78.36606792151277,51.209141697241485
157.92662083218676,123.10516494170548,78.36544923901818,51.20979518475439
161.57422446197484,162.13897027458808,82.54226022132431,50.09694220941889
162.9873417603252,158.70708710469083,82.5409505704549,50.098396709156006
156.02978283334767,151.00804444820702,83.40619411868488,49.66161740572962
155.82405920957922,151.90302691712773,83.40427880356538,49.66355131451445
155.804769770386,152.7850786551928,83.40297263040334,49.664845744687746
155.0740687548773,153.98034278424936,83.3990431070079,49.66935418396229
153.53690922691234,155.7044575567827,83.40006513916461,49.669516553263286
146.3148123819024,169.2962272732303,78.11392931563466,54.94579691406925
162.9838750718145,172.01574909120816,74.06222285060537,59.992253613806895
159.91457846384495,165.25986172934012,74.0603384092264,59.99764825636622
157.95353927637262,161.53243003503445,74.05774537265674,60.00187001289748
158.53186472416738,157.25247751188567,73.96409670580415,60.1019342846589
158.35138653116906,155.93799755499637,73.97879707411586,60.13297306539613
161.96310135069535,156.86105597620426,73.97877518042458,60.134036947124336
162.32741109964587,155.64522927066128,73.97855382676867,60.13454469018049
162.72067533549358,155.59553111318013,73.85010557529571,60.29490316805473
167.1452232298857,155.8043915056122,73.85018523969754,60.29529633010524
172.22678623735345,156.5666607840855,73.84980088583382,60.29784283900025
174.09577417966034,153.24786023638313,73.84887982604913,60.2996163930537
174.9676069876165,153.43368776097677,73.84844777165263,60.30028452907193
170.27158978989956,178.5785267122934,75.8087251938199,57.295015195774546
167.94168220945537,176.07904934809324,75.81151930902348,57.293431098186126
170.57064929736953,170.54626810274652,75.80309256041075,57.31240850587178
170.40989912597155,168.11108570222524,75.78063887650764,57.34266825015165
169.00833480743927,163.5698572500841,75.78037438803813,57.34371474641387
166.70395329066872,167.5511090897937,75.62707439515101,57.59855630472665
164.23719528968275,165.53253002421553,75.6268817293678,57.599147701569
162.31139188286784,163.87252107166893,75.62483654257038,57.602531190082026
160.25599129161583,160.5837170852194,75.56688505478631,57.70340214058113
158.92789850260476,156.41692201669798,75.56639338671474,57.704128469945786
139.55335969509335,162.68486943448414,75.11643154250903,58.940107108494544
147.77355922711757,160.92816283165038,75.03819792951035,59.064181105559136
142.39188808605556,158.86673211964148,75.03292353530384,59.07343655347222
135.97081705080362,160.23884942477457,75.03187255160849,59.07523728065414
135.71129646885788,157.97753675785006,74.96765103353893,59.14837349783446
134.77692637372496,156.54615019883255,74.96656609906415,59.14997179401589
133.65605373915704,156.59997264758672,74.96617202875296,59.15173702599501
136.17055506885157,154.9260244767509,74.9745252691747,59.147572811254946
139.2787779714866,153.98458869415765,74.98132222360928,59.144345872374956
138.61524148001791,162.70263255219942,74.29188543519956,59.714819435588296
137.7101953478019,161.7078819883234,74.2914888795556,59.71552814390676
109.0541895003235,150.55763438493577,67.27027913896553,65.3789956102035
48.921744121877666,153.6475055090138,66.82267599937282,64.71599273048619
88.72093214829147,116.23188957185194,76.13187746119365,57.937849604809884
78.76971373249832,117.49905401379928,76.2781840742741,57.74538626046597
80.94127881074797,120.15092172125514,76.27790174187147,57.74592206671513
80.60073982679351,116.54826992671076,76.2577124077441,57.768301385174034
110.1950593267495,157.62472099727887,69.79096290368173,66.21132362147921
110.24374093170209,155.38714552565975,69.79289652437109,66.21236777608222
108.55690699341011,153.62239929097132,69.79565447167954,66.21287927507636
169.53539249480284,160.9262202057247,69.8443749972144,67.03028436634601
171.14351544170734,159.451384123005,69.84588799737207,67.03090133693065
168.56388363982973,160.27755615995542,69.87825617342347,67.02949505866884
164.5465487273786,159.00776895941394,69.87834958231008,67.02942283423299
166.7369322883111,155.50067444771184,69.88189842800486,67.03048357699757
164.1160239665077,154.97751740291397,69.88226857655552,67.03078609947747
163.07790394904924,155.30822840159186,69.88301169946986,67.03086324476853
161.91351872460498,155.71723172306156,69.8837804107638,67.03073109304385
161.2378369266675,153.5779053215942,69.88541291895412,67.03071692286463
159.32436356806454,151.6791946589551,69.88602730545632,67.03076733749823
159.02154836506017,151.08275649704808,69.88616953035084,67.03092265205785
158.67260843995956,150.03189897315644,69.8879794843309,67.03193899035315
159.60734832781068,149.17139565374623,69.88786671206952,67.03394791226994
158.17132387625574,147.51487247148543,69.88898327455748,67.03461324766252
162.4786392762377,153.85584035683638,66.56473104515022,71.07641137893813
160.37168439834568,149.53449854352155,66.56531005523722,71.07695747810196
164.4721474592987,149.94726868605125,66.57015824058213,71.07664892398051
125.0286170989355,173.58394230603392,69.93826754529292,68.02729689275542
125.22529112127202,167.16197966419065,69.94115848329733,68.02550570000152
122.03534055177141,166.1356802910897,69.9418186326135,68.02565164354537
119.46836299599681,165.18326460800145,69.94163086849129,68.02631273498734
120.56560063742474,163.7830423001921,69.19480089222267,68.96240905825525
119.2340423613476,162.74933680283212,69.19460572448251,68.96252760111672
120.96188413479838,162.84411573245416,69.1991029370109,68.95878333275687
165.29549492154064,85.19322322822754,69.00220301879986,69.48061533828043
160.49617866278845,57.609470021190745,69.1932837708623,69.28784266910205
161.86690971471853,55.8918299747513,69.29320321683737,69.2038325531644
212.8857185685913,114.20122524729678,69.24401934698241,68.59066487184298
170.65803428614356,149.64207268266625,63.10263955982714,75.51957028186575
168.0011325567713,74.52271803528274,68.40344087346757,69.67525650534371
132.780486256295,32.93706288223318,66.95816731231076,69.01764835441159
134.28443972895658,30.256515060988036,66.96235987145843,69.0141357090906
93.58530729757572,40.0307799190522,70.75917667513814,66.14559676139488
96.81649541044385,41.001568531346884,70.86453755191043,66.07886396868265
95.82238353120542,41.33501149897274,70.88639203910888,66.06585958326615
93.71488901047834,42.99084840943745,70.89799429696319,66.0586911105423
96.45253002596925,43.9210470649333,71.06469911290522,65.9546186868263
92.6069137108926,37.452627666422224,72.59222973195011,64.82325641878496
89.85713084917498,39.63972373926718,72.64333010809533,64.79817344591609
80.66716247327841,40.241878313869485,73.82503993117751,63.4969935688744
78.55923947593924,41.54743865934371,75.2877857690718,62.51625696548851
68.70392574466555,40.63303929514432,75.89416327739553,62.02156721999508
75.86474673996679,42.356043537887565,75.99346454698592,61.957443547817306
76.88674140127917,44.41748605576899,76.01599233900046,61.943211580596945
48.11283478964401,37.39129707204082,78.12423036695827,60.311416917743216
148.85156882289857,87.78290364918729,74.88659994693353,62.10635165163386
143.44608213306927,54.596638483335894,78.62835564470737,57.86042037444994
154.7432967389961,89.22183125326751,79.4115528519211,56.98208225890311
164.44570060024827,97.60983518120574,81.39090803224879,55.61417643854913
223.5782734901017,72.74190253587953,78.90055015537392,57.81734977363514
227.01640508554894,77.84515933176438,78.89173767859079,57.830844078288784
230.0239743494839,86.65218333379231,79.01594193560248,57.798258934340346
237.61201660294157,85.64031948929386,78.75178274454407,58.321418591072536
238.61310330226922,87.8102434855988,78.59426581332652,58.48269831834179
239.06175686529457,89.71167434290376,78.56821140286343,58.51212153110003
247.4434135060575,95.72141079571082,78.09060750244105,58.76773216735604
247.49228284876972,93.5304742422968,78.01439987549199,58.82636928556714
245.94296518235583,92.41835163988486,77.96375227603829,58.861880197407004
246.75747770059974,91.97834003806392,77.95777554506199,58.86752847495865
243.42699614510417,97.3266235064787,77.14864445210411,59.59811607914472
251.90624744949696,105.9898811223442,76.23492066717105,60.04848301904456
249.04422273610737,110.1451021536114,76.22495796702763,60.05811503793106
247.4237767655358,110.19907252479791,76.22016313868534,60.0619384955898
246.29545909202116,113.1739029538176,76.19048733611741,60.08424676520546
248.41527062427144,113.35036241846964,75.98832364509097,60.2267272811967
246.4111951477343,115.35608521810249,75.98390660118652,60.230904774582385
241.9908495237007,105.88853305007524,75.7720713752547,60.42106739921109
243.38673386577562,92.00009391268382,74.42223000490945,61.863225062421655
243.93164170043488,93.43935747744902,74.41725451408065,61.86624943702639
242.05406541060938,93.35020205805455,74.40615552970579,61.87718049421154
240.6188927329709,93.66268216285576,74.39640015790145,61.88525737491064
240.09332280919216,90.28816142106494,73.28823872448356,63.07289033874738
237.86363805254405,90.44468592989111,73.28413730195822,63.076411454065855
236.68335585223596,91.67128227676376,73.28207848785276,63.07870648843945
236.7772012187988,91.1465331262952,73.2472291439063,63.12038430235418
238.7592870161177,91.78488042827372,73.24173293378999,63.12521304529807
242.18229160823284,99.18725286867283,73.11803953782871,63.31656954389438
244.32631281225773,99.90518087978705,73.073094911914,63.36701422852933
244.97969782113185,102.02955107025977,73.07086004469369,63.369301431659835
248.49386024738104,103.37857584202449,73.06479013604297,63.374049539421286
248.892044682603,105.9227565717811,72.79646453571011,63.58050981910485
248.1838748646883,109.16296685073857,72.70737645337698,63.63724155153414
246.2878209626743,108.52143741441427,72.63900609463948,63.65034633883271
254.3555867988247,148.31345203574233,71.37068385684798,63.85545589012192
266.4355350590008,156.4184335876152,64.8683514997037,68.96110176464768
264.66927875660417,158.38835758814184,64.65333817409237,69.12292212144347
264.54467391871754,160.95914152655212,63.15964151784962,69.90474510994889
264.8326420917472,159.08940749327937,62.62624479442501,70.17141959739278
265.95105761880376,158.87321781164266,62.04302957264068,70.44304574034646
250.4338883041307,153.8990773146683,60.33610004402777,71.61916429685624
260.16222512740006,160.88589863749337,60.30745831887582,71.55957270711428
258.3627552357259,157.54573497887276,60.83489851611877,69.96209946435792
260.0203987014231,152.98253127957634,60.83747004228967,69.88630311234047
196.92088471155404,152.41688699731571,62.865820836969206,67.2949115850038
188.34716261444572,159.38816056927516,63.12445010503839,67.27677335374355
187.05777966989248,157.63049299269775,63.125700153614446,67.27703186963032
187.50981883471545,156.03852864346143,63.132194591226195,67.28247851243889
201.68305895765852,166.20501846884102,63.283713536624255,67.0131833251807
203.24536718569834,162.46892984998084,62.897706632928035,67.39725345383124
198.28397702726153,161.80823891664187,62.898562358737195,67.39735424503155
194.829669233412,160.92535972493306,62.89941494213324,67.39832841156841
171.00046018815175,173.41151403678862,63.544550256774855,66.81160748011801
171.86230611161827,167.83422244307508,63.545098236044225,66.81170305768183
174.1041073880114,162.70064124153868,63.54750671154772,66.81481402337668
175.52103001587503,158.31922590762514,63.54751303167196,66.81497226688737
150.87412812158868,165.6107684296183,62.83594954119192,66.85381829895087
