118.0,57.0,82.0,98.0
111.7313215330357,62.77478104051903,97.44042213854897,84.40994812613815
114.41895543935063,51.459583119648286,97.71406389470573,84.99175044676147
116.92797921597825,67.17362224419885,112.95418742299344,74.35550988992108
82.35266465567695,74.51395002344243,117.85055171205309,71.08656507056966
105.00322830461653,55.29256959325825,110.7812283082169,76.52557989822319
94.24788242705763,69.71927544209103,113.16862714036105,73.76739448839943
107.28520813983702,56.66521069955142,109.03929393684817,78.03353445626672
99.97599761611124,68.59811714191461,116.26231207597453,71.84611779651593
109.34006393492575,48.42851770027502,106.37240098833333,79.99962484629901
111.11117694102492,67.72074134675607,102.53185238792963,83.22923013512403
86.10356989726677,61.14464327649898,115.65380551963541,74.54661220398293
104.17250749444261,68.21117820472307,110.3141652648589,79.93268449841366
85.67656287198847,68.94784965160088,116.17574063647618,75.24153407330124
86.60134330219233,55.50280195023045,122.7801916931827,70.74664832064659
100.3734165993873,71.23504975928734,126.10340044547245,66.67211013051133
99.34316512334428,46.04312130570577,123.02312819385367,69.33136910676626
100.64812303106947,48.803611978010025,115.31737049379025,75.74819103059036
88.61549254585262,68.44018698641199,119.22417466185578,73.13954220397198
98.7472185877396,44.66652733015912,116.81457198909257,74.9380402579328
93.63635101251164,53.21111297250395,116.78919295802993,74.96249354599705
102.97336100044303,48.64851159222609,111.73904383177651,78.28645109399783
89.51872794539483,71.64872908633627,112.59377312241493,76.48542559064074
105.5206310914169,51.04232633282807,103.49163347160614,83.51791035791106
101.86447782259734,66.91481852580989,107.07628006852563,78.44762003322673
98.78847078156411,68.2334080954318,113.738647238971,70.80093848309421
104.1343132191392,52.05148690573807,107.78198729286746,74.81256986394654
97.24049148526255,73.68643027888675,113.88201298184268,69.70705079343044
96.69859122316251,54.243857611667536,107.7356957081912,74.54272713372822
84.96713913475945,69.8432949306246,113.94120890904517,69.9944815393932
99.44985516815919,45.338788880037995,110.19657724202598,73.82238707318359
91.79873163078594,73.4218818435375,114.03829498937989,68.41808011346974
97.68491359664102,63.861315404063504,115.65614311669073,66.616365244615
79.08958805737687,75.51826825460478,117.96916968350027,65.39946538764866
80.11147911882762,75.22701454663925,117.36030942129366,65.57364260147705
93.67240658689877,59.37258898885107,107.88235249540524,72.86294377503681
93.83872154600161,59.157405389350615,101.65482416258776,78.52407059470423
97.06148409658023,46.24235315599822,101.25900504363878,79.64945170325473
89.65504481320067,74.73708945097553,99.43546049943599,82.31613374586846
102.31582455584567,46.43972938606164,96.43075739842332,84.85615493160444
84.04136074998986,70.57983801430237,102.3304254428742,78.43635027277922
86.61475685559013,69.8707535591092,110.14409770921273,71.3553231306143
93.81051825362523,58.66568456931638,106.23773001873334,74.50146880062962
92.3300803673307,58.987933376530826,97.75130678772135,82.62196199278033
91.3639349320444,45.57011818932296,97.31145629705736,83.2839587917566
83.40650854273949,69.52854897341818,102.18903948338203,76.53666433172046
88.14292699387293,71.15166307178093,108.50503715295352,69.55769358700607
87.01541832300846,52.40093135713275,107.54050531560532,70.57818854096064
83.24063105739975,73.33294233935601,107.5608449606533,69.51453583920943
89.16314425539879,58.357951320740284,100.88213698125068,73.74931363754928
91.31766320565086,49.03285509109632,97.77994436425485,75.94819117068974
84.32861505445481,69.20151493449461,99.6011364460659,72.71249501904941
95.56209458489697,63.31447965241318,93.70039671501556,77.23425292299498
91.40035523241033,67.28241245102205,105.13188595046063,67.46910420752926
96.61547581735076,53.96258472470147,100.97908580536007,71.25589825575148
91.99543267753471,70.58319297997284,106.32616194552682,67.3367814308777
92.92403240339908,62.36953779904555,96.67167216863326,75.57496768537142
99.5347634671041,52.46840858642439,94.39629406374522,77.01284432045261
107.38048196330735,51.889663963021306,91.09453221171958,79.21255237161822
91.09575315042657,63.75434990318976,101.96263485701238,71.10536429102496
95.78245195720986,49.75860325025783,98.40906813791602,74.49421935225992
93.46530991910684,66.04145981841566,105.46046074988865,70.50171788586611
97.40205349689204,49.92332137153426,99.30774848331058,75.10083733944339
98.22393091542409,68.10811314681405,104.61902408753065,70.33984105389845
107.41168386658248,50.85530537944563,100.18635971506006,74.49255131519779
97.41289254652077,59.02722602803891,110.86480001356972,67.53330588898291
96.79098001810476,67.09364903887754,112.23916387672098,66.71786747533788
109.13618613476845,49.768318066436194,105.9941118271094,71.78203115972252
109.49833374169486,39.94753062722754,103.51963458067144,73.96364128594256
112.08833395778112,61.36838801987651,104.18229314508095,73.3181507132911
117.82361167089773,47.46154812059475,98.58392914798591,77.50483542518471
114.39324343003936,62.76539320520341,103.71786554558858,71.75709818260313
115.91845150874224,48.3405448097262,101.08477995125122,73.8679930173808
128.76110127695588,60.752766042304486,97.84277875466766,77.03771978745371
109.89429503599162,62.339619792674334,105.20166780214797,69.81145863299697
120.43946283641856,58.99458311049858,96.17242267065443,77.63597492280167
115.20419247446003,28.135406495757977,97.0945710987341,78.2563476530153
112.96408475152356,38.80653706108419,97.09565293865,78.26584738662068
127.54823649088394,62.10302824223672,102.90516699532965,74.18477069448164
111.17394995348394,39.94616584490682,101.19615568902613,77.098242193243
109.23313280818444,38.06103142141432,100.32162447516956,78.38283403636753
113.11287705730854,29.03912044674754,99.58201388753538,79.26896021543742
114.38621957479339,63.20721927813535,104.20971726122656,75.3680652870368
119.79584763957624,62.597116133324604,105.19198434027902,74.60072632481197
107.64723621787192,36.35154450979269,103.32315531906364,76.87731955356526
106.17890803500987,25.24739845557003,103.17275814741897,77.1872332898182
115.75563820069073,59.89754885655651,107.40426371266368,74.29396068608742
103.1913440630154,37.11035736458607,105.48516827219402,76.4989245721279
103.54637882674965,38.480245112857546,104.41692719230589,77.43991589649255
100.59268255376789,48.82243135427885,104.41027488124425,77.4608981042017
110.47728816379131,69.57173362743337,106.14591977081653,75.74314301467976
95.97644740080194,70.17295048259689,114.67629926432457,68.15060310318086
90.0168623964029,59.46653774821917,118.66208390096081,65.18357436966579
105.34638284562672,72.56313970411404,120.11991769733736,64.18216580699715
100.36271948853322,49.2959175430323,116.00162448507174,67.70484560279343
84.84022721194526,73.09003012350401,116.48085128678281,67.42985667842228
102.29851298964948,48.55169527832818,113.20960062370834,69.84165133825636
89.30149478370613,74.874480425088,116.22305765937435,67.84918773418987
102.6015264787961,56.97275628041086,109.24419864541511,72.21258971311931
82.42668236160952,67.68546856484865,111.23005249868477,71.24914214924863
107.29144832299545,51.72328974877641,106.51201807347151,74.56315775563627
106.78403077090081,54.40901755420892,100.68567857515222,79.35497690978589
103.53198690566634,53.29671382669066,99.53732575767805,79.54990983479311
96.04752499572588,71.94422725164287,101.39985290244911,77.88929384304298
100.2977184035677,63.06061574014653,109.23489623202914,69.6488512318804
110.20898241621731,57.22437530773163,99.05568161462789,77.2944060560608
105.27596759134023,61.045373753643375,108.34698283506455,70.61665347032479
113.57559917275725,59.396715765644025,99.61176576903227,77.47315828909693
101.32277065959002,62.6097171951604,110.31712315089652,69.61287622664926
102.16233090980194,74.70718461131756,119.9552767441006,62.55095798063864
102.85913718047858,60.8910656364926,115.74894724184034,65.5062244947417
106.40102038154915,46.9719106086512,112.0355846063313,68.97987047266571
110.69300022304716,67.79118038041273,103.87040972052687,74.00789587054891
100.36737187999755,63.17849891179416,112.60884082221449,66.32119520915323
106.10504575896076,76.34268531585026,106.62283384645359,72.5283029003086
112.27982856534072,48.76084343556601,104.96207381383283,74.74568233958804
96.30965284236457,75.39782370647544,112.54674860878416,69.19335952359928
110.42253998696859,55.42715847314934,103.64555737316498,76.80054158326904
110.63874698062378,45.22312943893506,102.27012339970196,77.90470560872885
95.0237193713012,69.25331767377965,104.90532235614009,75.92946173791663
99.11819910448966,63.709707907117625,111.78138440465574,68.53723676745649
112.95598277082917,65.95949677841145,102.0983154698039,76.81805644002999
93.40268709332986,61.8510270362862,112.83420789596948,68.10176647786935
99.78155367422949,72.91094624747913,112.53396756253939,67.57559985418953
91.0592436628861,62.76511683360644,116.32980866982086,64.31461204497202
102.63545685236198,42.336435051050294,110.98716431906736,70.1932845090101
105.80315382560167,39.32261939928914,108.9332220747059,72.06746961502265
102.26256648183099,38.49115117833419,105.20466813981074,75.47568954139146
117.45774105217231,64.943846466075,111.85102020152068,71.12696629379069
103.06753831744098,40.829253469149656,106.25656300008491,77.67063593021952
115.62666108462567,68.7076921499654,118.31763112538349,69.9895337150724
100.74031063983256,35.452021648970096,114.52904508870016,72.97694512111575
107.01643007977216,68.51062518876121,120.57970385286394,68.42497699417024
99.81946000209834,30.82747187031252,118.44102453189322,70.3543176886848
120.92563051431654,67.36591506910973,123.98673251868728,66.00979976032866
114.80574395865138,67.78540499533693,124.53839527845511,65.6733150179092
99.78079442671253,28.86713480513955,120.85732205229375,69.25345433629225
110.94943466227183,65.85177317466571,125.30034744360191,64.74246769733759
118.91669913498359,65.90485624381031,125.71810579065884,64.4820161877448
121.85476033157192,66.22682967056461,126.64329393672777,63.19502373000725
124.33761237146662,76.79249726999802,127.15045019324211,62.801277413586725
123.43003951687227,75.56516256776142,127.1639705314515,62.792703095144276
121.98822011259227,76.03338775526234,127.79074288493335,62.53388767459496
122.76250363996016,75.28102640179901,127.80411638100172,62.51658217374266
120.5293107054986,75.13761384597373,127.82517830583306,62.503871772469026
118.3102602619188,76.66759146244858,128.1578738623347,62.23105762419035
116.95224040246642,76.90682287411163,128.18178039299178,62.216966362868355
114.28554637524087,89.2034712366356,128.56280829424463,62.04523564734191
88.53687808420112,122.67616257877918,129.0025315035214,61.97835485514459
99.87599973357162,123.08157301530113,129.0142696653517,61.974435019793695
108.10289313367718,123.184698615066,129.13216293411028,61.896612860576745
103.74088625237498,121.4613807452482,129.4921868666976,61.735345358101114
112.53438617950175,120.1452359795589,129.51084077526144,61.72964203059299
114.03787245210628,119.65186385866076,129.51751721686878,61.727063073593975
115.78589826974782,118.62371217633276,129.5277107178467,61.72551583896103
115.46715224362563,118.05851840511978,129.53841200814344,61.722639078179576
97.32630569081904,126.84236072359971,130.90502027488944,61.29808378997461
103.83335453201714,125.70376104018698,130.93228726229304,61.28262292044144
110.50591668972909,124.76735585162395,130.95405957620264,61.27689445059789
114.03921947983837,122.86121549914859,131.01806160096456,61.23628347197011
111.15616354329653,122.51583374193687,131.0225863311039,61.235438974670984
110.96118174925246,122.06503854943799,131.02681136757536,61.23411257061388
107.81817130999863,121.34125823487507,131.03261889006495,61.233689577188755
107.16126909851012,120.69800729065302,131.04018132390624,61.232831155078344
106.64391107419756,120.2243967392346,131.06037338952964,61.23320988549772
108.4287388135671,120.46525470326823,131.06531789209856,61.230634686142565
113.70335061523537,118.66484371680485,131.05001266949932,61.238826034298185
114.90794827478477,118.6792904864247,131.05639905358655,61.23220423251482
113.56019939099636,119.87468915309634,131.07697173228092,61.22483308859416
111.65032217160125,119.16700174418045,131.08246854930601,61.223886509598216
112.61741734742401,118.32228580491389,131.08462079466824,61.23696469512294
110.63872088081338,117.30997453085885,131.12814911531015,61.21441255107907
109.0836502307487,115.85266070480917,131.2231684786414,61.15932985314182
107.41499959163059,115.8615555362995,131.23218453959248,61.15838436777978
103.09711835103913,115.65384660029659,131.30061284566554,61.14215774048371
105.56019072508057,115.53599508033682,131.31926990498621,61.12766485993586
115.00979644404401,128.75941640902695,131.45734713283082,61.03286153971379
112.31345681034166,128.40483478036708,131.47950628533684,61.031414407324036
111.45367471856898,128.6680750770981,131.48343469236244,61.03152308826845
109.40376617103682,128.64253976717774,131.61664111733702,60.92932082600527
110.60500007056307,127.82792795960948,131.61741328372338,60.9333924492976
119.97836781868351,141.22113904321205,132.6510618512032,60.43931532908954
128.7157700470631,142.14378005273954,133.96205642093327,60.00082940778996
120.06552288156452,140.72371250948444,133.97668687558766,60.000284133506135
112.84608685305346,141.39001413826531,134.00272857982657,59.996528880285474
108.1758611490263,142.86115536148665,134.03033285042972,59.9918689809925
105.14624975977198,144.59947137410876,134.0800074416825,59.980558496580755
104.07645597447558,146.51179730239608,134.1225309940258,59.96880885214908
103.60779280590432,146.93588542869358,134.1577554568168,59.95828242178919
102.16606369154475,147.4843664927271,134.1990203204389,59.94576207476616
95.44627710233004,182.27594376693577,136.41539174715933,58.77872233347776
91.25933126288001,191.64814795774194,136.6549889161717,58.58402517928238
91.9966818773521,187.82249059353813,136.65715703193882,58.58275154022783
93.86524824147625,183.82100226563196,136.66157570292148,58.58135369195081
98.12810130055408,182.3473631779116,136.66410406657735,58.58029049776265
99.2027684517125,180.17381192286874,136.66635438950465,58.57973198947676
100.63675081040394,174.34728263021302,136.6664428699825,58.58019314742008
102.43944454120685,172.15722590407398,136.6792771681728,58.57939858730797
103.51759195645269,158.02012138010215,136.67475674411423,58.58452079748308
105.39832568812085,153.12953304309818,136.67599913681124,58.58545169054623
104.13620635041438,149.54212982036114,136.6817410604389,58.58448594592632
106.71105490903992,144.42977474626878,136.68786145188534,58.583852389887376
113.01507253590252,141.82934368315193,136.69228442722508,58.582121189552474
112.80847727674258,142.40620779976044,136.7159260179994,58.57078523405306
117.63017615385658,139.81981338161833,136.71734275504338,58.56982462346838
118.70500790493685,139.28999430526227,136.7284541990956,58.56859963893531
119.82296316161454,138.69331729765835,136.73462818891406,58.56694764122658
121.86773647836685,136.73053015671465,136.75106767372608,58.56198708348386
124.40834125302301,134.8347664998934,136.75884166018037,58.55973645446893
121.86134721872504,136.20258536144814,136.9704735619367,58.523624564489296
120.92855209955403,135.60969336209888,137.0042863468562,58.51705865245174
122.67415547815472,132.9255273595268,137.01418084507168,58.51438702981883
122.59348346626605,131.8866158610795,137.02529613006422,58.517338963481016
119.12322372405323,131.0501828550401,137.0905743348878,58.50592648740057
121.49730177732764,129.65846406752868,137.1158361780155,58.495902739638986
134.06533226691647,129.8949199653379,137.73888851060542,58.40999832951294
132.6971589131739,129.11689279022352,137.77363109020666,58.40663447829511
129.4987722621372,128.83238482753248,137.78342481235453,58.40220526236175
128.35909311959608,128.62577385849767,137.82111940305504,58.3860831423946
128.03751154692378,130.0814052480908,137.83636156317775,58.3817734595981
128.91198756127778,129.06031396434864,137.88410154821034,58.36996590142625
130.48412987550626,131.25414252691277,137.9307263054345,58.358287246146624
130.54979924468725,127.95653265613468,138.02064620736184,58.32588486016986
129.06534277508322,127.77036925192418,138.03562781493537,58.32261714206154
127.98360866867054,127.25553820302983,138.10445720329784,58.28966849442024
124.45755720823284,126.65111965540262,138.14113491894253,58.27856909961578
122.95662644508698,124.56076805033751,138.1588534265117,58.27217142244739
123.69387642305726,124.18274145633728,138.22368514514696,58.2539568773508
125.513227227532,123.03458224881773,138.89547843594724,58.01435419558814
117.82568272337824,123.42154062334585,139.01965954630555,57.96661794036353
122.2715647775648,120.90815774671296,139.05323322937528,57.928240585261385
110.88981573483501,120.52069632355291,141.17869267958096,55.89925770610236
109.76532455974997,120.88849447408765,141.17650081824897,55.90171740908027
112.38758274123983,119.96975576141804,141.17042926041452,55.82972141523004
100.22868166562839,109.04207291102495,135.6528699309245,58.124992282642225
99.03236458603804,108.04780505081798,135.5938394039022,58.151124109585375
98.40382397163405,106.61222236526058,135.56525380932302,58.16423460437267
105.14875521102508,79.60851116582619,119.29282454472862,72.93664494879809
111.54752177325938,66.7948472300911,107.3138311589151,83.63739429853976
121.8382190104008,47.78441697943552,101.83925393011563,86.44186609745833
110.18905940371897,60.71140483531107,100.12873448991486,87.24332022579512
114.87792587595274,66.80235739579282,98.51811666156671,88.47796383377447
114.95509409596792,33.784768431363695,97.13933344800726,88.91910947503509
106.22445622195013,71.81364345974103,96.14916075549108,90.06136399591713
110.96774095071139,44.315272026549515,94.4479745224559,89.2632917988236
81.24162366183708,84.24986061379317,103.80156865830998,82.88965142853549
82.93841821422205,87.92644351066677,103.89263541062623,82.80239101503733
81.83826430047893,88.77286275263849,105.26178322920516,81.72836485371047
88.41494695462085,97.59170428780983,106.24253600106047,79.8852269570128
84.49880399800605,100.81474001712664,111.99273892745839,74.45952776991697
50.11826700159743,114.87581094494307,108.02232183140845,78.72369267697943
49.79549976858389,108.80426666236264,107.63402970785118,79.13328743720865
49.47346934618467,111.91503808544,107.01006157811653,79.8468112910356
47.35936524710631,105.8089711809159,106.86707684414435,79.9859241650252
17.597795617455674,83.46484915347469,108.53478550041828,78.09015332732952
8.519343311956177,85.75225566831321,109.54841771151493,77.18682071490406
-9.756139572487427,87.67210011577919,109.33455575213065,77.40465745473773
-14.861514456646034,90.58922371803527,108.79982879773058,77.863410471478
-28.29684254642688,82.19447695787059,107.40751500658915,79.12652059184397
-29.001763553960288,79.73059130539775,106.00093408235543,80.45718734738169
-29.150420260977178,85.11619425784298,104.35558454205876,81.88861720756692
-28.467068269960087,80.00994637915716,103.10449796937307,83.06554949600549
-27.255366662446626,76.39095845974683,100.52645671726061,85.5060347380549
-26.955463895854983,74.43267778233614,99.1125823302222,86.79214989727384
-26.421870176253265,78.78704333999488,98.09461316939701,87.67108815451495
-25.80121383452814,75.21885070865466,96.83522403445147,88.84505152312192
-25.534288372569797,72.02880488002498,95.59253327679836,89.9688045840373
-24.375995759544523,78.64304030991818,94.80337322069258,90.65292661212932
-23.75542060452731,74.94036357284818,93.40738180054787,91.94076929067602
-23.24709494228965,79.35353427424765,92.94015101163697,92.36789067931997
-22.016415034923575,74.35587008796867,89.57960416849677,95.44106271795458
-21.684081887512,70.72491303820034,88.32398523886222,96.57774555146952
-20.54211811093858,76.87668268149218,88.1253857878272,96.75105295983211
-20.797506695619816,73.29986324843432,86.97693296336948,97.8252407418109
-19.817245958596303,69.563641647898,84.68761540062692,99.90498851594262
-19.14581991408469,67.95203722442739,83.51432045088116,100.96734254644707
-18.150935649676804,73.10628173354206,82.45719861386455,101.91307830543941
-18.086735184439448,75.52469633244998,82.23291311440056,102.11197946956204
-17.693110236354116,79.45554058067175,81.43517177443195,102.76644144766684
-16.945206910623135,73.43012419697851,80.81778762167299,103.30893242580771
-15.859539731144046,69.46293585044896,78.9463953091187,105.00591860067834
-15.769004593739076,67.56783582071573,77.88588001792463,105.9629499151039
-15.747176971450536,65.31919517344076,77.13546108859795,106.63868799294852
-14.867988675726956,70.45191429076256,76.15016126984061,107.4346673379558
-14.07629126810415,66.66495481420401,75.25672848405209,108.22312486529164
-14.725759497817414,64.44106234508737,74.39202539803794,108.96896950544449
-13.179777105953619,71.20913209668115,73.86237655516729,109.39896407360702
-12.869734899860596,68.75856405907719,72.78885129796858,110.37978106846217
-12.766867554821914,67.16761066526827,72.17272968791593,110.89506736314482
-12.714837847792829,66.20773025440337,71.0301321755225,111.82748439672764
-11.863017189507637,69.38448409404894,70.47102008239419,112.33633719488401
-11.314360921176387,65.98689957749477,69.95824302527728,112.76618077709514
-11.709788864049408,65.03367719664011,69.45512856457252,113.18929898450605
-11.405340274170463,69.54923146290216,68.82416258813525,113.73524447572463
-10.943019099373608,65.90725415404422,67.40087114801305,114.80928345547053
-10.580425732678819,62.71638348380182,66.79397656005452,115.31059219021193
-10.313401801098948,61.80845096347693,65.83009468867792,115.95059110384756
-10.108455095833136,61.318717550116915,65.37080997120955,116.31082599125179
-9.988569459639422,59.87073443200392,65.00107612040625,116.5876969020078
-9.617645586238531,66.23337029893602,64.69648503764218,116.8028195696939
-9.261699157171293,63.1495660841003,64.2044035296149,117.18379450784923
-8.993734570382763,62.177672240265665,63.45273963580773,117.67986786675263
-8.471142637905508,60.34388348077275,62.62922179398841,118.23052062301262
-8.15689690742705,66.38545334783026,62.48620947927363,118.32077127738638
-7.900715564925296,63.01317218230751,61.96639432867631,118.66355872516162
-7.956003783216794,60.5728014165555,61.672769376900234,118.87969463914244
-7.531102380047795,59.35501409220136,61.15888839454066,119.16060834768044
-7.330752597165198,58.87389669803164,60.45063324267584,119.63543408078687
-7.227158890793742,57.857743325327235,59.983160780256036,119.90107047993561
-6.666438874061587,55.713927350394194,59.614090508258705,120.10333904174017
-7.1972758327021715,64.21894175924419,59.17339526011934,120.36438070438685
-6.761850216447904,61.10536623287489,58.88617697362521,120.53065729499777
-6.688465867751727,60.00456888510407,58.47924330011286,120.74962126086412
-6.507059453157218,59.7326021072839,58.133441493119065,120.9297773578367
-6.0479871707808535,58.7118935552965,57.63657373615137,121.20531793021055
-6.046839307466822,58.6574109779142,57.23974857746497,121.41797227125015
-6.152309591523416,58.23559895107337,56.68423403169037,121.74321943808718
-6.457491912126407,57.79162644249526,56.48319438508126,121.86167331916934
-6.316450377722877,56.78855120810143,56.09153581369976,122.08390397670821
-6.214207162156615,56.076823206306365,55.842822359889574,122.20386421556599
-5.763538717871498,62.78423997270686,55.72370553691306,122.26523174019908
-5.36868295658763,59.473259332897264,55.48695411213509,122.40510779185196
-4.3803042634613405,63.50099403808342,55.3810030622854,122.46288339185563
-4.457755307133922,60.64384514973784,55.19346341197874,122.59194414233218
-4.375074431762474,59.461523021238165,55.037739428684866,122.69881571523425
-3.789299847177393,63.51298290873766,54.99280983692254,122.72609155791103
-3.321802020381636,61.0871630468989,54.882842245197786,122.82534947998333
-3.3667484149082014,57.797931557461,54.75586956920594,122.92344098363941
-3.427704914213642,55.642902766241804,54.552404805499165,123.06152486078605
-3.288503446734225,60.28725270506216,54.48173866072054,123.12186882927571
-2.276894849712079,63.423937471044674,54.41006050628806,123.18513631742177
-2.3003651003267116,59.68176298419568,54.285652942379464,123.2766830526554
-2.2143196559722504,62.978771797438185,54.208047135402815,123.35105522338108
-1.9708016354866267,59.66086775649628,54.09321340141742,123.44619767873901
-1.9296094096296947,63.603785701466386,54.06773522515474,123.46293728165769
-2.0488812981920503,63.894933678588494,54.046835927814655,123.48477022460357
-1.9380598065266277,64.65726777253917,54.02841447420602,123.4953213484164
-1.454538091584979,64.24086808496628,54.010024503871676,123.51097632964125
-1.8018372981725577,64.2349299361424,53.99496322142153,123.52131185979445
-1.9293929612650977,64.25244325150052,53.97211692937007,123.53748625596488
-1.9966850507191474,64.83312910346012,53.953522684635054,123.55424815895638
-2.317333218854216,64.98991817280822,53.93021900621861,123.5672326931137
-2.187738538626867,68.14814428933526,53.88943077977804,123.61260687988991
-1.6446998158942066,70.92959104369255,53.826382661705296,123.68683218755106
-0.8597333519117392,73.43686475007561,53.763897334105046,123.71094196320048
-0.6385535659234414,74.98248035087678,53.657500892125704,123.7556367698226
0.04555120669343182,74.76621265949092,53.5656398185335,123.75981243546369
-0.42865057980881005,68.00383458062136,53.531134665799456,123.8184631320822
0.05852038480297139,71.55935175472024,53.430859745071224,123.89250359009782
0.10633736939227134,74.53053809558625,53.353152209947595,123.90821358429965
0.0038289754858027436,75.32415251761554,53.30501924991202,123.92665519235895
-0.4347089456330018,68.87245145025355,53.28517721256818,123.96127432995159
-0.34657288650653584,65.29523406316383,53.257544519950585,123.98909214932756
-0.6889774210230293,65.89239575410303,53.23274926607326,124.00108356961897
32.115315658182936,73.84398819536244,52.89348073461446,124.41619702694392
28.212699810693927,75.17096862843653,52.963719448635445,124.33846883253341
23.496754244794644,76.34562884921672,53.15000797270696,124.14021660157483
19.6269809494793,77.81360314749763,53.408210340315186,123.86913874399616
16.550377337874625,79.56393937981679,53.661104186144165,123.60816349729915
14.800277284077712,81.11153131176889,53.759233294592484,123.51932514387774
15.338132532845435,81.40242852116737,53.86104927105606,123.42298993356924
14.914891573844123,81.81391896310609,54.26569748434868,122.98621549776995
16.306973273285415,82.06199080449328,54.3666966774003,122.88363922808722
16.23591298225558,82.59874643186828,54.61250229576158,122.60127300002101
17.12777446493844,83.23743290441791,54.71561180605809,122.50326008700335
17.867966469813922,84.35749910227673,55.08625349687628,122.09601093007815
18.81471318073095,85.15387067303448,55.176808083960985,122.0043056246375
19.163199169819336,85.48737152622482,55.43397462316398,121.72802610363011
90.10013639742138,35.05170440039156,65.7419849335849,110.67105377570678
91.10092528130366,34.655305456249714,65.76632064276428,110.65033612005278
120.88800530754318,64.59709428284498,69.19258020698446,106.21203663458687
92.8403097134547,62.78752631281827,71.70094289174347,103.51175128328896
96.40931584168325,61.441580017198476,71.73143678076366,103.48151166856542
98.81987490256222,71.19645884597571,72.41612272089537,102.83186143288594
126.82768112780056,76.71740073044026,71.99762101870971,103.25127088447688
125.2296661146575,87.08629935740399,72.7751563436103,102.48922550738047
124.93416032243343,87.52225684955303,73.43042286761458,101.7510536453024
131.80682446618695,85.96519818512617,73.4739749283131,101.70988704623866
118.28426746327943,97.49036842955957,76.06163806742892,98.6906306180408
117.33594452837329,98.69464504994056,76.08848170068421,98.66705948634866
66.29714372994383,101.22447161574468,71.0421208951994,106.59384224493817
58.78889474851971,85.68451625112314,70.57452900666823,107.38929290643223
61.5611243301054,91.89264964423207,70.47449733373122,107.52123912528029
62.863095111640966,90.72905435629437,70.45806611802642,107.54759599906828
64.829178101615,96.18467877256236,69.54536439245763,108.6923545517862
65.28288948553833,84.81664700701886,67.66447981783683,110.25704090086637
55.38488479202153,72.7805653896434,66.95233719681379,110.9546580845919
53.42359026341013,77.30113579541194,66.92239277053135,110.99267605601379
51.15265366980971,80.35117770544474,66.90094389047144,111.01824741020357
49.70286319800965,91.30206250772912,66.70014727440969,111.2877291026319
47.7894454923818,94.1818401019157,66.66738762531688,111.32959174186495
35.62729715867255,85.77547094890306,65.99214014905863,111.98296534757283
33.60335318292799,87.7657552166113,65.72866821819301,112.33264755220762
32.96081320764322,87.85413016521035,65.3844624755939,112.82057205629278
32.028135810406745,88.29881501546836,65.26295186879885,112.96659249440286
31.227609851784386,88.5681267123311,65.22484231849138,113.01676303406897
28.89309557916993,88.10724995181374,65.16781905631673,113.11118525055348
29.20271650248499,86.45727546011443,65.11227097151217,113.19490646410041
30.388000250255168,85.67258180209177,64.9963354721266,113.39682649594319
30.642840953283326,79.1034059024642,64.82631554506656,113.67089091879451
31.433125968334643,79.77858373036842,64.80591497335321,113.70471092121207
32.42240045856311,85.8537454772953,64.38022708737107,114.47903189757315
32.87980676713387,91.54204629624252,64.06418389657537,115.03630057523047
19.263377931638445,97.16639441089487,64.04027810931427,115.38917638266895
14.837879430610442,94.42692009097294,64.1387535964777,115.32183700905456
10.177363026464946,116.63890229676804,65.18171214024233,114.30271497417333
9.71940026335141,115.75377529591131,65.64154483199674,113.81308294950436
9.311999715883857,114.99200770577515,66.10138921063279,113.35811573700781
8.755138095728029,104.50844854809931,66.90012535773423,112.50723707359973
9.089945118590315,103.4115330229426,67.26367748212989,112.07079263601335
8.482086766614302,102.30389770835832,67.49639545732978,111.82856852946415
8.744084505743416,101.41589623681759,67.70519688649648,111.59774745597456
6.621529255077178,113.74894723919842,68.79172470045103,110.43278223099807
7.358229602026256,103.96814407506857,69.52345267629164,109.62557790557125
6.789516761992218,105.20916370616989,70.70832674931717,108.3426318659867
6.255186841112263,105.37680687347465,71.23494469330333,107.7951332966417
6.40050506416317,104.61491844486184,71.69625725948103,107.25136569357069
4.437977948243493,114.08860215897342,72.74863988716389,106.174351964078
4.38512937521719,112.81885807787066,74.03711992162897,104.74618637491021
4.611729937884796,111.79518779177909,74.26451979707959,104.47750931937732
4.800268638012049,110.11507079060891,74.85764645213438,103.749681989015
5.289835014420525,109.38922971796674,75.05766702249095,103.52888319348055
3.6551521897653885,110.29642520072476,75.51204262816108,103.07915189497962
3.269729070623306,111.36527391004158,75.93150011398477,102.6303321781053
2.6765735690251518,112.6507316035252,76.27513191462447,102.11522557371556
1.487276190750741,112.84234558427336,76.50970277590962,101.91033864329378
-0.276477141390707,122.58109323198036,76.6814133414834,101.63764490732802
0.5225552289420818,129.67971192930315,76.784294931842,101.57728647996758
1.7311160645276544,134.2772045815623,76.83504897974129,101.40628703818122
-0.2741258027755151,124.15598372010778,76.63649254940012,101.70074788035296
-1.4879533504901232,125.44861595234144,76.45640056688744,101.95600308255742
-2.7159659299012233,125.39599701420252,76.15381976867839,102.41266705360569
-6.425585828671181,115.14541950456987,75.7944712712354,102.8841895045116
-8.475475196919959,100.65230403131093,75.67143449412211,103.04318427549238
-8.712986044422145,86.57380505982447,75.54393435236882,103.229740400228
-9.73628726344841,78.015425421461,75.29651256137167,103.61406063581721
-10.343541011737749,74.16737167562876,75.0388525660375,104.03012404865481
11.209383260660253,75.86570273610737,74.2781196828626,105.06591126851791
8.712814654096505,78.78029115803648,74.33323857399913,105.08284000022122
22.97968315522256,63.828953497924275,67.54232421884174,112.17522593751104
24.752901895831783,62.18932654053706,64.43801083616265,116.54328207072267
25.114412314665532,59.73697264187804,62.79913339868741,118.92415468585077
25.89133578189899,57.834646936648575,62.55468225432059,119.28970225452808
26.752652653439515,58.01918667885963,62.53866944286491,119.30997449568427
26.26498108029778,58.334317285130105,62.50673057048688,119.37595990713625
28.234061728037904,61.5448033086927,61.986913772687295,120.15904126195808
28.86271076774613,62.55985064959784,61.59665346640317,120.77442029879099
13.52686986350762,87.16898319795752,61.73954193991925,120.98838329045056
10.25653852724507,88.81615810999688,61.808382827471206,120.99125393489292
7.679896164132405,92.47421581923905,61.97697545698633,120.98359970567863
5.83082293563568,95.58624904262109,62.11181582076384,120.97878155374484
5.592918743489676,90.38943616590143,62.19456843823494,120.99531876043123
5.127445841296996,95.80719239096325,62.27652046439154,121.0697479835864
6.057216625258015,111.59517931042488,62.517243207306294,120.953668324961
9.310331751194084,108.4141896304582,62.81489746165974,120.64291390117245
8.653522337718467,100.2263067227935,63.10649094185499,120.80117712250771
9.367340860727346,99.52289199648162,64.0081714655699,119.72538824322228
10.649225966956266,100.05306761973694,64.53179501379321,119.16260018001928
9.124412218440533,108.58410636286044,65.5485078723054,117.97994011320588
9.068924798544955,105.89755853027748,66.43181710893569,116.95338472780418
9.317858712802341,104.45797104319612,67.55580239359536,115.4971262188431
9.386902500003451,102.72480310034429,67.98101036238695,114.9798672101376
7.228915940531948,102.5378190515845,69.08250737277893,113.65176161438171
7.718053088360975,112.187911210861,69.92865424449454,112.66743422942247
7.085330817490693,109.70019345893965,70.53266288411642,111.9713776335032
6.082497634548183,108.12219994746161,71.27911949791861,110.94819357110164
6.3536572692000135,106.94451660489608,72.3088349452211,109.4927587501902
7.123732001848595,105.13658870257551,72.48719801501915,109.27051745934185
5.9706918565942,105.6589874345558,73.27330192804075,108.35858064103309
6.460664270904836,103.94681936310306,73.59542259109581,107.98726153338923
6.754917721067116,102.45522144147193,73.93282562719932,107.59612900178881
5.689708270256034,110.17407469570696,74.49479550843574,106.90422728000088
4.644738128136574,107.9811198624771,74.80647961477244,106.52696575047675
5.607106262705251,105.87208980097921,75.28730789222017,105.92293667822106
4.267799763790407,104.83957908817823,75.46020909615032,105.67845287959513
4.497188814191674,112.82704329483164,76.05880344617634,104.90407645298264
4.346481965558631,100.45821212331353,76.57184152736882,104.22743597009112
3.7211018831507943,108.44842905966298,76.93301428984074,103.751426192546
-4.032512392857043,103.72814640800205,76.2766323834824,104.28770034291378
-3.0801810140800754,108.94221076968608,75.8991611456657,104.51891533902813
2.413489760893782,108.79382625242204,76.12526716651877,104.2248886777745
2.4406285104821066,108.40564187053485,76.80619299309056,103.27779724410016
2.757476706946747,108.22508988621027,77.22008745194503,102.66471467309934
2.4569603980859682,108.25126732742923,77.7795274605293,101.96657243237743
-5.110545658065888,103.8760776895538,76.63204216682715,102.92908320837243
4.3562263375176045,102.95416876274595,77.3591503363047,102.11270070455099
1.818355971065138,111.25408621589418,78.16171535280948,101.02818562247332
-5.464711858680317,107.21947232166156,77.41016397769346,101.72462069014387
-3.51257181139421,111.36403362376645,76.76189751494192,102.31175312133448
-1.9193383586394575,105.8130036311824,76.03736899062748,103.0468602103844
-2.3257639610562535,110.05967454210435,75.5163793484457,103.55362043169235
-1.9964104250959522,104.32604172484162,75.21424946430166,103.84439909722367
1.8752275477356903,104.05662832782255,75.59306767299628,103.19424102035119
3.18655262559475,114.21890054501685,76.18668033466098,102.06490799648503
-5.012031911309492,106.49911208959219,75.72651908620384,102.36831642741491
-2.6759867094001564,101.70553738124408,75.24500046735831,102.73170619292705
-0.5394085504637047,99.92080608343309,74.93986435021478,102.99230848657758
-9.880459264167705,106.68041985904787,74.43177260135325,103.44096118437147
3.4681719244347633,108.23801298241536,74.72033099441198,102.9752941427299
4.487561534994214,108.89795329352395,75.05415304396874,102.56922025698196
3.6373542505553615,119.53424870490818,76.46484201117332,100.91703463135705
3.697389769572716,117.86086787117958,76.79071847122172,100.54284474165485
3.4878081003904953,116.27705665012456,77.13525906675446,100.13616832512228
3.8717838496667554,115.63336553497577,77.39899971545688,99.82345194549558
3.076601958703293,123.72519442290843,77.60893613684914,99.38745385285779
3.872148703017018,120.29646279671127,77.74803578634425,99.23469705444033
2.3399906313267493,128.3102601075805,78.46206425386724,98.33332408950122
0.7581963660090238,133.83555741927182,78.61382460037488,98.06656296984171
1.0334821877703817,130.55011033034518,79.08569052933142,97.6873676930441
1.6576401183937506,126.74239775522767,79.29773662563473,97.39075547069001
0.7925241336183433,132.61758482432126,79.38348753229644,97.2647852860551
-0.9914582911123873,121.86542548694067,79.17753971352975,97.57918544274985
-1.6455914414845623,116.53100873211667,79.08256402227734,97.779748650579
-2.498414252011841,110.90918217274935,79.04541787144316,97.84118035665493
0.4037506873425585,108.16775650998738,79.09320553118651,97.84376463429679
1.7326937272205711,104.55263936263646,79.10683849249189,97.84160137269375
0.5566119206972076,81.49434011017206,79.18062361890532,97.81298961150924
-0.6024725718033181,83.42003013707742,79.18720622390148,97.8025500331624
0.9364477188287523,102.92309607825055,79.41694992837343,97.7862977589704
0.37436398602003607,122.49446970147054,79.53132756950508,97.84873926375117
1.6696179745643391,137.7459976905003,79.61197170728464,97.84156150529614
-6.758937991444618,97.54776206418595,78.22351631752521,99.19361442296389
1.0779160318254668,111.45613701366534,78.34230876689568,98.97859105598752
2.007327672133215,103.63178158304103,78.3591950199716,98.94203542248518
2.803511174581132,101.93611175777346,78.39960320256813,98.89690599495636
1.3133980456119474,99.00115792619664,78.46172981870657,98.74882402264245
-1.0084511713106394,96.4319366021609,78.4954376557805,98.69839290286116
0.7925071389475846,95.55157532721213,78.55133482272439,98.64007908820331
0.8605786807529583,94.45633835326942,78.58536577156336,98.58956835782034
2.585644315995978,94.8458980370653,78.63204446048894,98.54790376222411
0.5807691857326844,94.12052400372785,78.66846827638967,98.48004027856788
2.1724691690691955,95.61251193661334,78.7117078189177,98.44499276896754
3.9566393345995863,96.14183626858105,78.7720732278319,98.38859155776807
6.692913306064227,96.33053496338627,78.83836081041531,98.30312254888538
7.730523832631434,97.61179222503706,78.93166664517457,98.19876318076567
8.865991295152597,98.570840917824,79.18071620385112,97.94851116357712
11.479590912684152,99.54347729745157,79.26799059778581,97.86099191956549
3.4250964343951793,98.04237626489883,79.40195628471044,97.6861894089416
7.108141381242348,99.13118132180026,79.46658767397508,97.62821821496907
10.328709564942436,99.71475162395942,79.57970297741231,97.51413587729049
10.081060370160358,100.41133629391292,79.7753977259433,97.31005428591098
12.166544590297022,100.82764667405057,79.86050323739116,97.2216030588884
10.103621744882375,91.59083003256603,80.29083305717248,96.7939645217891
12.793628972767948,82.87238562700274,80.9055619485693,96.18659712258855
15.02153652036153,84.01679073482214,81.65614581731036,95.44544678091218
12.204861506959453,86.2097321661999,81.64353122161695,95.41679172043324
15.268246072270138,88.27457161071749,81.82095797188548,95.24763405255898
10.281803153615066,89.0278654458742,81.82983643157111,95.23335261469792
10.870208242879485,91.12693462766833,82.11820796137815,94.9678643403736
10.862416261676394,82.44444213128872,82.61939993526848,94.44501859887986
10.986297968084529,84.88583845133581,83.2318387157124,93.7911044568631
13.91620019269022,86.77439373568421,83.48267097762162,93.55989137199197
16.802541665819916,88.68749341276855,83.89063158986443,93.14556392791852
19.368245524891535,90.04216927120814,83.90946047831909,93.12477818050651
21.41822979900668,89.88075397928932,83.95270186432342,93.08287494915095
11.745852806150495,92.670453677893,84.28294092694009,92.7972577861355
17.240974314969428,83.69275810947161,85.28030872625779,91.79742393213354
18.008554083845553,84.71235851429034,87.05401545094145,90.09046853198477
19.095794025815955,85.9049816130202,88.63712586088492,88.48078563418098
15.129394849934464,76.38311114386465,89.52777896042012,87.63795087363951
20.65902076064551,78.23690656479498,90.24445849733543,86.94646973675017
18.634966490518856,80.30034662735338,91.1692056884829,85.9937713113862
20.674731662144346,80.23754692885099,91.4906286380786,85.61391330711533
15.67672086654536,82.22291674930534,91.99727606850998,85.09731003781917
16.92882778992105,84.12192718768411,92.63429542755388,84.44039099821984
17.933013076688134,85.18194749976118,93.07937314961298,83.96411653884536
10.322030563214128,88.32239742963687,94.36065481169283,82.73325406312719
10.455486766905508,88.87404418200302,94.59915969165976,82.50689717290827
9.323508924386978,89.51616615869716,94.83289176867986,82.27810413581028
10.314446046392653,87.50134582037381,94.82634561247521,82.28144342848479
9.097051292858495,88.44812541282487,94.93087269698188,82.1874117694845
9.441683670267032,89.39227291553561,95.26641479927387,81.86976090430655
15.97427984444807,88.59988995882873,95.47597602146844,81.6794137119464
9.623270119478192,78.34919398702189,96.06279924338085,81.08053633793311
11.741205484173918,78.49238568452722,96.35308207844253,80.82228178667695
12.226818540816431,77.67032958381114,96.17244660904025,80.97035531280092
16.87784278721812,79.93207135363869,96.65888268960113,80.35559441222966
13.11490998815993,82.26910485434615,97.11348402074974,79.85649756080863
11.199932975310965,81.63791661784464,97.08195065783683,79.88744612586792
11.243829368688296,82.38382689250724,97.00911555703703,79.93764697031867
12.11676466388375,82.85999579328251,96.95847533144563,79.9782692641737
11.747372257884372,83.62133976044423,96.89881646840318,80.0288849101344
11.29636849258695,82.19360922211467,96.88702900464378,80.0405757212143
11.530332473994264,82.44481295238035,96.82473499802308,80.09589196168315
12.756895116555704,84.83323653602604,96.71407249099163,80.21889563972869
12.822690669675673,86.0456803631833,96.63118930580963,80.28882595759741
10.29730476673926,85.04669878118887,96.56786399330477,80.34939283366815
9.47327723947582,86.3991203914926,96.5479075016967,80.37166500574563
-2.501475953218602,126.13349766588806,92.8632910385748,85.33973144084143
8.119577688727595,107.9771200433272,87.70598256754862,90.93081844255494
0.45739406336272026,75.79207750086152,87.41433915238481,91.1965868160605
-0.4218368699722106,74.31754580511448,87.39038229117992,91.20511084750822
-2.7833416385068617,72.49267567662093,87.35348505945039,91.20970831083991
-4.118815093025724,70.02980066692103,87.26602938250484,91.27069268616621
-14.54674211872613,71.93675171978086,85.46270183905702,92.98100055664287
-14.92679507394422,62.6178290016932,84.83082841275461,93.68917375160724
-14.353383728000821,65.67624651236561,82.83658884312123,95.86459031717649
-14.433972358176945,67.96479987332086,81.82987781974393,96.98903598631824
-13.57102083015316,69.46748000726438,79.64061800057189,99.20708870900125
111.90328216927374,80.19644577683916,91.0003616110931,88.86741564610904
133.75255182093207,84.48342127550441,94.26240122623348,86.71338032489548
119.30983340422824,52.424683765703584,101.37128395197509,80.75295922633306
110.77761756180684,46.25338034827209,101.34213920554349,80.7764599592063
106.03538904586975,34.302472356554915,101.96204755425119,80.70197284205472
99.81237135221357,34.34401860641728,102.05388257840433,80.6483277544483
103.57872203917057,32.89330810151566,102.18812332408874,80.56929121992476
103.78189848861231,32.92731204183668,102.23067777073862,80.54132696526334
102.99516804278736,33.50182291200336,102.27800786690973,80.51914808133714
106.37489885475799,33.50761881245573,102.32556023146334,80.49791549549823
107.59425591688827,34.05018388977691,102.33442096109984,80.49536173493699
107.0085238698428,34.075566930720086,102.36163263571903,80.48266631313513
99.84778546785782,23.566537658953976,103.44551102049958,79.67112166147692
97.91884699877951,24.740401751685972,103.87822564328751,79.38159312010167
96.33057897973455,25.011164488668456,104.006972107708,79.30896996580643
94.81773952846606,25.741630867401206,104.35840732166163,79.04161092164354
99.52313591249961,16.183717167317752,105.07049453558916,78.53126339505263
102.70750119617998,17.813248908872318,105.19595704531582,78.44016198622329
106.38989891713322,19.374799381949536,105.87565051026967,77.914957377578
51.41932887342365,17.345531564099858,98.69007398391929,83.60178593148262
52.72528925274488,12.173986940349778,97.2533496345023,84.70500033920007
52.64999212230385,13.424085589422361,97.13100442199378,84.79854708059042
51.43484734356299,10.914121420863623,96.70937170583963,85.05543725929115
50.70627076148737,13.869032898481827,96.57585809905582,85.13777319382525
52.03641493072488,9.75269171918567,96.3816523335178,85.26408271916561
54.40623461071067,10.026845390313596,94.65757431578561,86.60882831251004
55.674762225715575,10.822595832378447,93.47962801064152,87.51254475168356
55.58740869129933,11.121466350819063,93.13377159623579,87.7097447228933
57.69634659493305,12.454784707197547,90.0880897930272,89.93331100925133
57.52862210757584,13.764759351060874,89.13752278034536,90.65252788592286
57.9647505618683,10.57853751524651,88.8830950753661,90.81452996819613
58.63635580486608,13.531509156755533,87.01727690523511,92.20207041930894
60.11495512591571,11.301827293226538,86.41478836521713,92.70295879503331
61.460018310126785,13.37972550206279,83.9750823883546,94.24097093296383
60.8638528283149,12.795937908760287,83.59952795311362,94.55465665423681
60.982100447551595,6.189018736745226,83.3464682560316,94.75106373911166
60.53366120318538,9.16543999905388,83.20653634666222,94.82871352024996
62.03236736253334,7.585704061270107,81.79402834105376,95.61225413284754
62.136250595813614,2.0539450493096396,81.61815604051576,95.72811361795011
60.74552974054017,6.4803371794654865,81.42775951520754,95.8555120053435
50.7390883013859,20.035265460160794,81.15096381990769,96.10364570884546
51.35795101327287,14.01385175982415,80.95020901152071,96.26995962837861
-12.605638082378924,46.77587401761253,74.7532416950118,102.26457661182529
115.15926954421401,75.79250778308867,80.43973503557592,95.39292635992575
104.29184385611413,56.77716588893709,85.94958221560871,91.57087272147109
108.00094677688432,61.124024350828876,86.15858794480805,91.38372756740188
113.29208593231344,34.080518838611866,88.00982518265587,90.53400916068355
107.29858640893009,36.58613166774707,88.04110523528195,90.51363395102155
109.06428666420987,37.59860801706533,88.15686763899852,90.42453723707283
108.50182262437727,37.24716147886039,88.41706941365578,90.23551362122578
108.8966240484082,39.058185768544895,88.44556707762165,90.21315357182503
109.60546077104789,38.97628745258813,88.47440335123724,90.19824038382565
109.4156897640635,39.933088391618575,88.59448920752169,90.10702727396087
110.73514429520665,40.452141067796205,88.70683589589153,90.00520127808525
104.89698329553573,42.12376922226438,88.75976960482808,89.97363100811985
107.137100234813,43.874802402533895,88.79735703822422,89.94641935529872
113.27678856349863,41.554316757061706,89.0536258657773,89.8628656714201
114.35954439942265,42.442874339093656,89.08654020215373,89.85211055183557
111.44844882896334,30.081544121619785,89.28445947341292,89.70213419173936
112.48250089697774,30.601268701073863,89.3237044947175,89.67743002985574
117.1718906398983,31.674873542106297,89.34919327364689,89.66591485157505
115.44103042779017,32.462890494879005,89.49391211667114,89.60678172384641
112.8970533435795,33.03942261702923,89.52137186217989,89.59677482588995
115.58243255275791,35.47600290656546,89.52388538596173,89.59587672469225
116.50146399334226,36.64787318673659,89.5474522292956,89.5832409197516
116.10318072933543,34.23552776458602,89.5867364406245,89.56913038008058
118.66305767000381,34.333370777448046,89.61020298393989,89.55831613224863
111.54656238678693,34.5270352560623,89.6456361010328,89.54831104091063
115.19955795775746,35.27530451900622,89.67268853437862,89.53571633502249
109.42004239888638,32.893337885651206,89.6905771884367,89.53102958754184
108.4211387088764,34.21234052926141,89.72571400380517,89.50886425851235
109.41468496216365,36.69713563092886,89.76832129962933,89.48209174316573
110.24573659002156,35.9967434657551,89.78263456021753,89.47685209432623
109.87192629064452,35.213595722108074,89.97376128060706,89.37745572905071
105.18719410884262,34.92000218316372,89.99464814482123,89.3663781723302
107.18145120684282,29.374847676080577,90.01103535796997,89.36202738119863
106.76933882100218,28.039765752717628,90.02624759741708,89.35429139043063
105.8215969885909,30.0576657772843,90.07254806044979,89.32965076131072
106.83171484975996,31.080789453432914,90.08247610306526,89.32641507435773
104.19244667101566,32.26386006005721,90.111061097944,89.31136858385693
107.32785852196322,34.75619120794072,90.12218930034575,89.3050636031534
107.40658090768463,35.083188109405356,90.14307217873471,89.2956030171774
104.28270987325507,36.05092038033477,90.20498842285629,89.25766664685787
103.3579176692234,33.91254275580242,90.2931430442375,89.21014115709201
110.46770614262074,33.177641628249134,90.301075596039,89.20785447920755
108.2891980446979,31.821546818816394,90.31635928990104,89.20191923158744
109.36442576192887,31.011897077980336,90.34124665367213,89.18877087447629
111.76636572005722,32.07275228022954,90.40446077733243,89.13865137039903
112.21459164173866,33.0477414523977,90.41284386009792,89.13498652646706
111.84235766289007,34.01979710054367,90.46487124839432,89.12138825450526
109.29115971289828,32.4914271016605,90.51806279886009,89.08692146325488
113.71010817086201,33.874179381338635,90.58573782049363,89.04765801565398
107.88019925718157,37.43583485961616,90.60234714413137,89.04469074424908
107.00833718951279,37.12756166685144,90.72555700582546,88.96865762195075
108.90175920468283,35.04946842447595,90.7774557084871,88.93198636439217
111.57203057476228,35.6199828315044,90.79290957706232,88.92794917039905
110.58204294951938,35.50278490862929,90.81016300290213,88.92076712265371
113.21689387321052,34.317743236623166,90.85454234753645,88.86230070012543
107.645674932702,34.874639369791645,90.87601903928348,88.85789988467043
103.71529925246426,24.978477847845383,92.67060590619816,87.666803510228
104.62958341569752,26.73482753822602,92.7070737096831,87.64600719610185
108.16338503683151,25.934468850048418,92.74724567874935,87.61292001274941
101.43169786319908,27.11995654765756,92.77641115608013,87.59794432570679
106.46092936820928,18.06933076520575,94.70243663330339,85.95385554332037
105.90325809312583,22.202618356290962,95.16918164499907,85.6752073211414
106.22542738238582,23.66474923182635,95.18232181623115,85.66424560745466
97.31240470778266,26.325660249709777,95.48117981802532,85.49952329550372
98.37817266620924,25.18177517461033,95.84924598056367,85.17373610698802
99.3640790978514,24.48464942940737,95.87361806238586,85.15789083282942
98.83531706543897,25.983500208238915,96.14993236034593,84.9830473703354
98.46695535530105,28.550563334065785,96.26315716201901,84.9240258321216
99.89434175549567,28.298535125657985,96.68171934164076,84.66254600025327
97.83225094904031,28.103436716142376,97.27542796070077,84.23838565776258
99.3403335514869,27.36661506736702,97.94512005179759,83.70481941589983
99.59404029013994,27.810507414583753,97.9925520864048,83.67460811147339
106.68458342505194,29.338682989019617,97.99832304009155,83.67022959024143
101.07431443181498,19.7236280877244,99.33822957972708,82.55958965223128
106.12278492002258,22.87807472923391,99.34584659433973,82.55421847919762
99.36172093205195,25.84621248094755,99.37197809506127,82.5423795449842
99.27043662200569,28.94822428287263,99.37940064205084,82.54417316372925
107.05555684942432,28.65902318018211,99.39611430403485,82.52967163585681
102.3425626179538,30.210904069269,99.43196509455157,82.51034317486749
102.9892630018145,21.24343825983015,100.10271368271853,81.91804929936042
99.41006402040432,24.265249515112195,100.11104574664363,81.91435856293573
99.91647138616608,26.515209706027463,100.3882246588808,81.74826806086594
102.20312048883733,28.059904488778194,100.40317232222115,81.73862974849253
101.1613195836242,30.362126244029277,100.60944907466401,81.57320496433924
106.95717543837408,32.65271851772843,100.62213227788399,81.57493143149782
104.74474980079816,32.748243236473904,100.63654167757805,81.56778071117186
106.05613887131938,34.20035013281218,100.64500748070373,81.56273183358014
98.52831267387359,33.567889146418985,100.7024451539156,81.53599945799313
95.63836485483137,33.400603625208475,100.72823617774223,81.52575986556269
102.27820230412259,25.13661698375715,101.21709689317348,81.11391190517921
99.03115443615296,26.7268518621447,101.26813604570819,81.08778241558551
98.57156424454692,26.37468671493206,101.30860186745787,81.07160175038554
104.53285991993747,27.39951297653355,101.32352100709424,81.06015461239069
105.75782659908445,28.193152758046793,101.33841923945275,81.04760926033222
102.08112415249995,30.14728044266613,101.34424656075285,81.04459442682963
99.13238205328975,30.205171832413782,101.35570866826141,81.04066540334486
106.46049086781323,31.419709778222824,101.38620044320612,81.01622255692331
103.90265009029534,31.008633113641388,101.38766805476045,81.01747467100974
98.62075388955475,30.828176327568393,101.41701278625874,81.00411589665914
99.91233005163946,31.075709550882685,101.4366872958143,80.9894989477303
102.26536005104583,32.31497778515212,101.4572236524398,80.97500752695144
97.17078806433314,34.34055264464651,101.47955949750823,80.96570408329225
100.00909873238132,35.45512171858433,101.51390474847851,80.95303474645176
101.4499728546536,38.026710738664804,101.54254616572292,80.93822937551079
97.11897155457626,26.737446183214487,102.0774811999596,80.50075392403349
97.68391884343981,28.43782586543714,102.09261461734205,80.49268331080889
96.78348411151806,29.493039528031424,102.30068036452602,80.37672550905019
98.20826081592426,31.92455772629186,102.3543507086891,80.35468347059206
102.37956563301645,33.45372819872326,102.38130322355255,80.3404471018401
99.08082559956127,34.74346122701281,102.41715780981107,80.32314964343605
97.68633843370215,35.950555256639404,102.43481227534889,80.31586842736829
95.62493212213144,39.04713944951008,102.49151619487704,80.29117185482885
96.43881700169955,42.85019605111876,102.53906610737167,80.26879173342911
100.83047301235224,43.55367047517602,102.5502353635321,80.26769937544978
103.87675245465942,44.132382951791286,102.5617376056267,80.27020703559205
101.1122503924999,43.23063025989614,102.56429967901192,80.27797407995821
101.97443456626353,46.11304992198236,102.61246105274475,80.23889235466272
101.82387571843557,47.001262972464545,102.63139474361702,80.22503282016564
110.22158146947766,50.00506310137229,102.71286579463344,80.15743929529081
101.26546389632,49.9885062170853,103.29677566934232,79.62217658233175
102.02019734543632,51.333678138261135,103.32927282521733,79.59293193546043
104.94105949122934,50.79413072140728,103.48449486847015,79.43581499243474
111.30441405987649,86.55618727583943,100.55998509488435,80.58054038454699
112.82823787429507,68.81990782718421,102.76521470145978,78.18241751916214
124.70418721783585,102.19070353175292,106.21916661557452,76.54224365152862
100.02275842656915,72.65313537574406,109.81134853892823,72.67445164933736
122.2444348103542,95.2088313037156,112.71683839220773,71.25108622161693
104.4405795426608,75.06019857258767,113.92412397031916,69.93582955862865
93.2397059677086,89.9001526214341,116.60265220237687,68.01026067907543
84.00580207832417,87.44765060647391,118.89248337286936,67.18142281293868
98.46158621875358,76.22442452680902,118.77903368331914,66.9404989499296
95.58782064509899,66.04345027214141,118.83876251587002,66.76315607742887
93.36780129582561,71.90815214169895,118.85569740506008,66.7475260657308
92.63178999626814,60.49388405775067,119.34959121331963,66.38964370030216
92.71918746445529,59.5847466720139,119.40431190397189,66.35448855825489
93.71918398350991,60.80564930464623,119.43616109761312,66.31554250395824
104.5746993608951,91.3762539713348,119.22992541730567,66.26097638957523
97.90630728432792,82.31831323268108,118.04899411633843,66.56674586737095
96.37665159121141,92.25920991877264,117.69013838831366,66.46031832465562
89.9245550389329,82.77480903442725,120.69244455286824,63.23604300594406
106.14968256067607,93.63400023753823,119.2224789686104,63.3241276559965
103.97223161319512,82.37062067262531,119.53257581367606,63.04296442254112
107.31301782682411,90.90480608418848,109.89219091121362,71.65325876054757
92.56360345250908,85.04906568125341,115.0332048710253,67.84731975135423
96.72092062724612,78.17534209266114,115.29140644379245,67.46479637800165
108.3586376944266,94.19793734758136,109.77270906480257,72.27417816430379
113.69770724441771,87.13923946128044,121.2431734041514,66.49601844068982
94.23108003054543,63.54016509490411,123.29853247667137,63.50081161313974
92.52891993433988,66.18356115420153,123.3458113101347,63.48732634116356
94.46971150605648,51.99049833655994,121.41112352764817,65.07582738843405
100.26655161357849,88.98228950160113,112.46925586600993,72.02942462378135
94.8492482563698,80.26349861047895,114.34009076035892,69.95676775856478
103.04286068687831,88.66322862654272,105.95126468016466,75.17474661498704
97.88242754072714,68.35018221017478,112.29198504122311,68.99164679025222
101.25138634267452,93.66865807371715,116.91045552936936,65.89259026580419
95.59212669458448,80.95987744783949,113.58024931590589,69.04255241172456
91.62586208027705,98.80117303612971,113.64565351018848,68.35830565653082
96.65678001042966,78.78194666819488,113.69176690678024,67.96058590704895
106.96841346974225,90.39397488367412,104.12474769933671,75.02569878761389
99.211617416194,70.77380866913677,107.91067676627203,71.80732531458897
111.16213881953927,92.87722789188702,114.6732825649282,68.01330577777989
91.19918733108987,83.42686619650482,116.54858358259847,66.72719864791442
107.43182984735147,95.44588228878479,119.33808599514364,65.17064420078124
89.57665755069405,84.83391481147422,121.4019652869448,63.4619753193428
85.34581482859056,96.07606833452701,120.96356242091007,63.62828587272451
106.92511255575116,97.53064025876894,129.9884157580928,60.27620625945107
88.57417332907572,75.76068574879672,128.76764864259601,61.03245057602638
81.6778296981391,65.18125069338387,128.75934675346826,60.98877170613918
82.53931632007529,66.33489108650035,128.80108977718166,60.98697545321616
84.64513895435063,66.66927428476788,128.79893576153015,60.9675078437981
