134.0,55.0,60.0,88.0
160.1617642323811,56.0170079634092,61.522548500569826,87.48748227645919
160.6035221742784,59.21047211377163,61.517683162849174,87.49075554433784
167.1972978349928,58.20479480374025,61.51401264738955,87.4914216210809
172.20777635285958,55.80859407419633,61.512648850486606,87.49179179202177
181.62075159719544,64.22804572950159,59.62093488830412,89.1732704089015
183.7735996966073,63.14473417451028,59.62069818883953,89.17304462095014
184.94897951223072,54.352323149640526,59.61848291679985,89.17574005325801
190.18088900295396,53.136003930548505,59.61914433543884,89.1749268389152
196.85946702799362,52.51020838676171,59.62334120589172,89.17127951267805
198.2074130031035,51.086228953387206,59.627532273021174,89.16668811125385
205.8214134788021,50.09995512232093,59.647276835540026,89.15121058494036
206.2732036248972,52.7890103577422,59.65214988864859,89.14653608821891
207.4756548729202,53.12433033954025,59.655061656900116,89.14261210419892
208.5714379570995,55.788396282387716,59.6567060903481,89.14150610885433
210.77710899891673,55.22904075094043,59.65764027471902,89.14074431045893
216.9032254176774,55.1329904411551,59.65903044592575,89.13962765250272
222.49397954175336,60.08269253739201,59.78520137410436,88.99421267969443
221.26631483016916,50.27769954771947,60.06023270729169,88.85190030393697
221.21092832083644,51.02025607075359,60.06579487035389,88.84676450796792
218.8596938721534,55.33281605694536,60.11978859758451,88.78688921026699
206.4100095803321,59.28723881693638,60.44128776594389,88.4180651098101
204.6676999694949,61.120317377705376,60.4496649221886,88.41083948203126
203.082784112652,60.740329627525426,60.454553417643176,88.40775596234874
195.33064325717103,61.806559719037395,60.45813894635417,88.4017584773076
192.92249153330485,61.46248757806566,60.4635674551217,88.39890956943935
193.74371894348045,63.7430642272572,60.468085410229754,88.3966213413993
192.35059375095568,65.11582834226988,60.470968161459716,88.39414058718874
191.16004013825648,67.28623633014908,60.48571853718775,88.38009920859831
190.48211419353524,70.59466941751307,60.485822726892636,88.38001522228585
193.26735997606784,73.03328478305609,60.48787287554206,88.37866854729114
194.05970181155553,72.73942352375768,60.48843660198948,88.37812862711385
195.400910579789,74.42872056174564,60.498099324845626,88.3700823225918
196.6618264627555,76.0752805567704,60.501979572157246,88.36852798920427
203.61911340616967,77.53260244522119,60.5042920149798,88.3673005979533
212.0873773350043,78.29022134288435,60.52096163655856,88.35823092968693
217.77769747341637,77.33859515815146,60.5210043049859,88.35819982232316
224.46882676528114,78.81629770446875,60.521096642887244,88.3581489434032
228.10180774122256,81.420706456984,60.521944631342535,88.35746132118518
233.49917746189456,82.50647064282816,60.522341641719706,88.35698469014322
238.11070957216472,84.85862150036473,60.52246677512227,88.3569008858367
243.1554975598137,91.05537951660995,60.52249040919931,88.35687755201569
247.1693345100589,87.39273452053902,60.52123424094772,88.35886336782698
250.56290930112453,92.12895321793087,60.52124124069507,88.358855248556
252.27636739703522,88.89719249777315,60.523253662536455,88.35771270648007
254.86308702277637,85.2993421069512,60.5251750906806,88.35675153896624
254.12033118071872,86.51195728767753,60.52524330193363,88.35669279120683
255.44074479578265,82.42021823869712,60.52529141131386,88.35668585803971
253.65173963354576,84.79355053320296,60.52570650187039,88.35650173396333
252.4274649955531,84.24991110824519,60.52598116542898,88.35643140747202
251.1010867106632,84.93613593063111,60.52646861022399,88.35632160740386
252.81847611836685,83.47742443035968,60.52710744694687,88.3559005508636
254.37881607613602,84.06650587408646,60.52721419827859,88.35584266009123
257.5979178391066,80.28501550876577,60.52822633243272,88.35577598167501
256.99301230552953,74.85549146314905,60.52916448527259,88.35485302646069
254.97287285812726,73.76452285636502,60.52920786066791,88.35482488892401
253.26450406523466,68.27884897446387,60.53126687284472,88.35469323683276
251.1562408881346,64.44425298382092,60.53199723323989,88.35430046698951
249.16471895191353,61.381839882097765,60.53262662165796,88.35397217519656
244.5690531800824,59.45916361679022,60.53328242984665,88.35344252845874
243.2768672822247,57.97466036954434,60.53439368936811,88.35246973675666
270.60442041879395,76.58518899723624,59.17260330368084,90.37436673552324
269.00811862343505,65.84611746364496,59.15388911676491,90.39377338302809
268.2474493420992,75.781074246728,58.74612132472324,90.87557299740399
267.2263360279555,61.33450647875641,58.74010276143658,90.88284236818603
266.84508698439413,46.63608627636522,58.737920164946466,90.88623108229459
268.62842445435814,32.42029534504323,58.7273212748231,90.90540411620321
266.0606405645408,42.87944154643113,58.72722506825179,90.90556111528288
239.97543452933945,31.39215166254496,57.02030254392788,93.17236004504252
232.72483475080833,35.071165051641,56.805303179786506,93.49551660501572
234.5389044115306,34.75159231119301,56.806005973744135,93.49497681274124
236.316086667536,35.50830314087704,56.80610961664061,93.49491350794166
240.21520444358077,37.75086643735254,56.80569177161283,93.4963153115971
243.67793191108223,36.51968106303538,56.804916592774454,93.49781555585216
244.20289886378515,37.263517918589194,56.80508849753405,93.49778210639461
244.82611838684454,38.30109551121367,56.80671122757645,93.496705004184
247.42045824333107,39.951392816736636,56.80721999498058,93.49636330756677
250.48100935664914,40.0578887819453,56.807998776492646,93.49581869260392
253.06897197415338,38.83041448730623,56.808119436106935,93.49579429947545
253.74315845096024,35.786492131045954,56.80819094431575,93.49576221527359
257.8505695438486,34.45274089477316,56.80333446441052,93.50273960427731
262.13366966814823,34.875926421685826,56.80292725322587,93.50330149808762
265.69005374193955,32.35406690632683,56.800570272787986,93.50618037987984
267.20304633237964,32.655488647048934,56.80028828366505,93.50639982615856
268.4909462285776,31.024493532816486,56.798166507931654,93.50817834846195
268.30540034046106,34.296847788199855,56.79793976504935,93.50838980534658
268.7533664995786,24.86148638159883,56.794014201689464,93.51204337416387
244.1669621614822,66.42231168819333,55.09709860420064,95.8180661008186
247.3197986013637,68.6385338278513,55.09681322138589,95.81840828619383
260.8216307550748,83.34591929717432,54.56051227150763,96.67804759535053
251.48090146052135,54.75018130685785,53.16984447206471,99.45425563164754
248.71772283364368,44.32156100895704,53.1686772545371,99.45824572390912
218.29927732916732,67.83131655057542,55.752863643128485,97.03311025102393
217.133025868539,69.39942283141323,55.79502447187108,96.99560059691055
216.8917723827966,74.16752260569274,55.807409106014596,96.98669234626415
218.05730930438241,75.39815536779803,55.809796547480424,96.98473520790256
220.8225720151539,80.6487278699897,55.81217193617913,96.98272903561151
225.04245206823356,89.22894044720667,55.91008768756378,96.92543040705645
225.27807831936198,91.20113378248237,55.91382772876584,96.92227069573359
231.8425145447324,90.55092232454717,55.92494703827887,96.91182868621944
240.11192686009406,87.98043287956233,55.92929142916202,96.90818525029191
245.3904102052192,87.6265935874716,55.929756913594375,96.90783402785944
249.42496164622352,85.97271535748115,55.93333450491337,96.90398932588357
248.233174880296,85.42937940907058,55.948262130320074,96.88910516000637
251.23313223419441,89.03122069553586,55.95136913959474,96.88682239023741
251.87963345720564,91.77617309156258,55.95181991012504,96.8863632845243
249.25993455956637,93.04755788561957,55.95346145311474,96.8850387132713
248.32498369956463,94.06215930682478,55.953689205756824,96.88486786281949
243.9204366981915,95.20499633742918,55.95462051929406,96.88415001842283
237.7174433281436,93.12209468096064,55.956000440237084,96.88296495855715
230.96531403066473,94.95955265270445,55.95647104080999,96.88264007952269
224.2489022994941,98.8289267094897,55.95984637540469,96.880135213938
220.38830257272184,99.38616384522433,55.960289298187504,96.87981087056171
219.59348706677264,101.44575824442569,55.96063815504896,96.8796234607088
220.96321176573556,102.1192645516175,55.98450157374299,96.85475583152412
222.866742451077,103.11816529055534,55.9874205955162,96.85159828026893
227.6449031511252,105.4606966015838,55.988394041000824,96.85085181650669
232.42803593163143,107.66526640776371,55.989896576912194,96.84996348969986
236.6962249764721,110.19345140003654,55.992917634264515,96.84802637411171
241.36094526564673,112.5095630093168,55.993496053107656,96.8476605507233
245.51539560907761,112.75447597468997,55.99391867709795,96.84721429417323
246.98809226201223,109.3899649449942,55.99508694616463,96.84622012202789
248.10749049627623,106.11964614707554,55.9954977453979,96.84584876858543
248.29382702861295,105.13406418423614,56.005239558139145,96.83874442854005
249.97710121613676,99.03748159466556,56.00797652816905,96.83695568922415
250.90703706353423,97.24581801587038,56.014399217376784,96.83163786543024
251.5186299563622,93.16729001342337,56.015489497547286,96.83070818306842
252.36862188508465,87.23250479516608,56.01585282523724,96.83041987782273
254.45442455022743,88.89726471670912,56.01625743986746,96.82993126375585
254.18163257743154,84.32972818659948,56.017078416442196,96.82268559838916
251.83436969963557,86.06882819328533,56.01941590909467,96.82093412093668
250.88144949043036,84.56114255862138,56.020858839864744,96.81956482973295
247.32242116146995,83.68344502568159,56.021384198194504,96.81908049345188
241.78174454764252,85.5501072237806,56.02327728180636,96.81735685866744
232.81804151311985,82.94934439252194,56.023912186911275,96.81684089520819
226.87230546362005,78.6828560199929,56.02792166994408,96.8127025432204
219.8557478508517,77.59010633276685,56.02945978519025,96.81145484354529
212.54178803035705,79.670612026398,56.038591660676616,96.8046030021814
213.42496423253368,72.98894105981256,56.03818326038219,96.80527785161208
208.46532718859282,76.0267213492385,56.04431705132789,96.80085803890398
204.94036970673204,79.27856178306288,56.04632275525327,96.79984221413241
204.8374167685822,85.05020177741997,56.046996249732345,96.79937743385328
205.1431439305916,89.01133748167666,56.050943908974595,96.79673559916192
209.3730851736721,91.74530097343293,56.05591375588242,96.79326660438842
215.04252377418308,93.16179073052814,56.06487781767787,96.7861735781588
216.77955883846505,92.35315720202205,56.0678181776241,96.7836758303309
225.22652401722513,94.13582607313184,56.06929072842909,96.78255160243933
232.49635907535966,95.03337369414072,56.069687331215235,96.78224519785444
238.51358455209999,96.00884804885222,56.073883075732624,96.77909855523441
244.48130092708843,99.37629588920899,56.07739991071668,96.7739558919464
246.13811053935729,95.47539547854416,56.07900533370091,96.77264134538666
247.66266381038878,94.47814278999931,56.08267727407509,96.76927496592272
248.86059732357688,89.45907039250488,56.093538038531364,96.75897501298677
247.70641833709152,89.21751343633815,56.094379436642484,96.75829307385116
249.64816930152082,88.74896018587464,56.09783586845588,96.75541048481239
248.22578103345094,87.6008690417691,56.09844660259372,96.75493258816321
243.8999129521121,88.23912839511465,56.09852661445353,96.75487035673002
241.22820169264352,90.77314330980528,56.10160518121169,96.75199078827404
233.0520871663842,88.69715537483134,56.10335320040514,96.7506749559514
224.05812690233032,85.48620482801041,56.10390037646214,96.75011835458594
218.73983553800755,86.78420709818991,56.13911801569119,96.71081309019742
220.19937618536773,88.92271675353095,56.14409396622535,96.68767571082027
212.88895804267236,85.61135768467085,56.1450047526537,96.68696455013958
213.35450312318883,85.5311718094766,56.140086192439355,96.69201006821395
206.90003422651236,84.21151093392501,56.14061963551153,96.6915789544795
205.2716707057146,82.2318878254654,56.14332002572461,96.70366278164346
200.95011571865754,79.5980760001674,56.14367830611316,96.70348657796093
198.35133879790874,74.80688576190961,56.14437755624113,96.70295270205949
201.19067316430474,78.20824954609625,56.147334189660036,96.70115420320526
204.5443532665558,75.02645306102842,56.149750386677724,96.69913752749741
210.15410702462816,75.66344769091008,56.15010294743732,96.69884743212467
211.0790406174874,77.37397565705533,56.13990439327246,96.70464301083575
219.79419986451438,79.31854672442415,56.14019464860814,96.7044478861384
227.0901205109485,80.23381519286676,56.14033333620865,96.70435039760979
230.7695341171886,81.81550836533141,56.140954079813625,96.70391504526472
238.0883730427993,84.45748926171692,56.14136254756198,96.70358028572736
244.07331579227105,81.09997466955875,56.1628148248026,96.6923697887998
246.91304313998668,77.60570487029894,56.17461379148069,96.68031620189461
253.20814115277508,78.52738814715724,56.183167880344804,96.67100078038014
253.41618417475235,82.09634210809418,56.184386173414936,96.67037904472456
253.0889650665227,83.57406444761897,56.185320018231195,96.66974379293632
254.32804590924314,89.4466653732033,56.18733740421669,96.66812371361824
257.3800742137243,90.8368894931638,56.193748229183875,96.65699715376621
256.00074434590766,91.30210473106371,56.19434107219325,96.65634024707344
255.78120701696182,91.78463553436612,56.19483530649135,96.65578592224888
256.30616713024693,89.13754633638933,56.19568393215506,96.65488699428886
252.1536642043476,89.11260189562809,56.19593361940292,96.65466706306196
249.18175647027675,88.14966938106954,56.19643167421455,96.65430428418038
242.47741092732937,85.62742714880628,56.1970130951923,96.65384398552334
238.03851819962074,85.65568258198809,56.20040222645184,96.65020441347933
233.51511699385944,85.27952840550785,56.201058245152176,96.6496394649338
229.736711249106,83.27250079057356,56.20230485428793,96.64858753995615
229.98459549379464,87.21653407711645,56.2127981904722,96.62950185142239
231.00548189063935,79.260754652466,56.21171963353816,96.63134027988588
203.10314568383336,73.40606790952658,57.13980131839034,95.44911601796198
204.11349899650614,75.37011134554575,57.143871390203635,95.44729057094195
204.90842877122827,80.6930597197979,57.15860070699321,95.43481858134881
200.37704367123777,82.8000265728216,57.159202785636275,95.4343939580956
195.49417743471184,86.21219136764361,57.160446084798984,95.43360410233826
192.61336106921965,91.64431097982498,57.163896766985744,95.43127760533149
192.54207944258798,92.84440318926491,57.16667560965325,95.43132049472496
192.9046176256311,73.04042094300443,56.987579637453585,95.48511247137677
193.0709926319654,75.15850592526384,56.988181475294574,95.48465884978398
196.58299775099937,74.0841369695246,56.98953658985729,95.48373045190577
203.50275663465075,75.62253687934304,56.99410356223958,95.47954768625448
209.64454350717233,76.59514433050443,56.99512435302407,95.47878804993056
213.90599234651052,78.1362044234726,56.99632411697459,95.4779039880329
217.8150656486162,78.19748395206149,57.013287223456565,95.46227809992203
222.76145918082247,80.85266313140096,57.013544630784786,95.46206893405316
229.61431807032938,84.20473058425065,57.01439938442479,95.46125500842578
236.60596941010064,87.72443097797452,57.01531244127143,95.46061535989405
238.37068746807623,92.61797033535888,57.02359772081279,95.45485340232752
241.4066818343643,96.3401204690314,57.02372870106628,95.45474554449783
240.5250486923395,99.26593891539491,57.02228491641312,95.45136142505572
239.82560065152518,96.70976896570028,57.02729180927531,95.44665925977826
244.14190874915624,92.93955621690807,57.02902543701122,95.44524897245053
247.1039792720906,90.59035247279499,57.03074956448232,95.44371625605635
249.10761233833486,91.85876706270412,57.03337589567792,95.44139315877287
249.28132745563383,94.39221285167864,57.03723788381825,95.4357527443065
248.5804071192563,94.18221078513338,57.037613855874426,95.4353066072211
246.2269936993628,91.83149710009147,57.039046904462744,95.43421789835595
240.77353302601904,90.73740551351699,57.039260487478394,95.43404276462012
234.65680243679037,88.92961012229463,57.0395130096247,95.43385700821597
231.51025380959652,90.15346393583255,57.04235567111687,95.43053324077452
227.9189716458703,87.04493089226746,57.04840155832271,95.42520056997014
222.4417032722383,87.71870570020556,57.0539112441243,95.42026548561095
215.5314619661772,90.24740083105333,57.06989518376118,95.40259671286807
209.5187309863627,90.07742775130393,57.07553406904935,95.39630720966811
207.1488709325714,91.76285630487625,57.08157297469709,95.3907059351956
205.31093031082673,87.34124593862147,57.08890491894637,95.383912934795
204.5207607349319,88.97428305252915,57.09182180949787,95.38108691216459
205.18830880253194,90.03295726892547,57.092781787540936,95.38045963263122
203.6685895928479,89.86160536178647,57.19564455574021,95.21447070551517
206.94823759574086,89.47539485059582,57.21480638229071,95.20194361731603
211.05027394558715,87.91538185728247,57.217791635478974,95.19881615583787
215.1687207877752,89.4006964748368,57.22014527318542,95.19670970782332
219.68475755084864,88.24424563575882,57.224989433500895,95.19350649706328
224.75475824234996,86.35665007317489,57.226849966086675,95.19211609642852
229.81017577341828,86.56674673781367,57.22869724647935,95.19057080148512
235.67891617802337,86.02205002428425,57.229416624952236,95.1900507411096
239.05546643743327,85.54864110249298,57.231569421104375,95.18866853767601
243.7932247265089,87.21364488169168,57.23208223901025,95.18834332943729
247.65620088273735,92.13813350332299,57.2378942431122,95.18332207982701
246.90526099672644,95.29345669000872,57.238337304776316,95.18304615170699
248.47701859804835,99.41932129348365,57.23859828049254,95.18287334124153
247.4133980868337,104.10894055813041,57.23914724626592,95.18243329675025
245.02311857878274,109.13566125401317,57.23991347672331,95.1820686490643
243.71092499345946,110.86971265879959,57.24242512284902,95.18006605540337
237.8218961164264,112.3055256043983,57.243343213218864,95.17941851961363
232.55828253132992,114.1673870676749,57.24353467021599,95.17927285403152
227.27947819477413,115.7385557248679,57.268407518742606,95.16307136575637
221.20848820741392,117.1817622945456,57.271099544854614,95.15979354515704
216.13553135986942,115.86983059551216,57.275532794081805,95.1550181988697
213.83405609669478,112.38157233194616,57.27988007183492,95.15130391774362
211.415671638557,109.56126756326871,57.28143294273081,95.14983267125453
210.11674093182452,104.3412608566914,57.28241201290352,95.14906353741209
208.43158555006096,100.85287480992795,57.28546756555421,95.14663574461697
207.74915842420418,96.41826318704945,57.28682658659302,95.14555965107954
206.70379178971197,98.12242632029259,57.28913827240178,95.14360545490575
206.53120946864377,95.13151918486311,57.29629105369073,95.1386662620196
206.42331718433402,89.21040888631018,57.29752400957541,95.13783780974802
209.89157692673524,88.70046616367057,57.29880111748534,95.1370551060328
213.60003335489196,86.06329898513857,57.30034958395634,95.13601838842028
214.6056707198414,85.31525281809593,57.3035068074876,95.13367677494239
219.08993799073534,85.99402892638756,57.30482662055819,95.13280614367102
223.38949050242456,86.30157193417665,57.30887959431109,95.12976875403886
224.32506177529712,83.97705958628512,57.31117290347776,95.12829076808974
232.11183867551617,83.83777458017104,57.3252865682496,95.11713124473825
235.98705640077773,81.41201245883849,57.32915457307929,95.11297073017069
240.56797810170758,83.48451792569986,57.34281394831916,95.10605422164936
243.39571154668596,83.88579665352319,57.347687844342666,95.10251973858647
247.02705481739008,82.74424778262639,57.35001309034896,95.10096882353497
250.2239791745967,80.8792027467519,57.35027743974794,95.10076919763685
252.42143375110874,82.56484527850853,57.352297550792514,95.09876995603827
253.07784954499945,83.8448925407127,57.35442966139822,95.09514630260159
254.1642132850821,84.03364918458618,57.35538081778381,95.09385431402609
254.12065441294837,83.37315412201085,57.356120792342644,95.09304682984752
253.98759421755625,81.35208487235298,57.35663168033455,95.09256848498603
250.39408544044167,85.41887315391267,57.361690559179195,95.08949080797503
248.59303289608886,82.96456065410231,57.36183951881071,95.08938530069877
246.02799646266195,80.37947720780713,57.362540742598114,95.08895511687314
242.0223201961932,81.08599248578692,57.36659957436378,95.08608045328569
240.61963799894076,80.22752366310047,57.37208370267906,95.08258629400162
234.0707828899395,77.77850984762514,57.375367765591236,95.0808183927257
263.8039199585233,60.713332202092445,56.601899872320175,96.44330945649617
265.9236905893954,72.8449310642844,56.395720999186814,96.55049785576949
237.75025987293438,64.10008730655468,55.317178837138115,97.76796475965665
240.80213178283762,53.589677659057166,55.316449486478334,97.76917078866047
220.89627929355154,53.127840695569645,55.155025192589555,97.9495279460356
202.26456803977587,58.744433439606595,55.97613736688897,97.18976069374051
201.16377386812246,60.11242850759389,55.9809149878447,97.18561021459575
197.01766140063208,62.90255503725319,55.991010635105745,97.17730711407843
194.70218243108758,65.02564527546977,56.02490646329389,97.14305834312013
195.01155821946298,67.17965438257184,56.079608932792446,97.10474780866451
197.31049602530658,68.33844362737304,56.172837256346924,97.01930032339563
197.21651796494015,69.21120718856685,56.184164996065945,97.00984824468628
202.8947728301578,71.72427081727585,56.18964524060623,97.0061657123049
208.93123857786156,68.8578191460395,56.19106124123139,97.00518615072484
215.92884885695852,72.00444009031335,56.20791419988317,96.99043385186832
222.2758586518613,72.51814258427282,56.268260531098136,96.94901396421868
225.39406131560636,72.49709976664386,56.2935982723031,96.93186688023407
231.95510744871217,69.51260446416202,56.29535492119159,96.93061927642695
237.7581698679127,70.59196474849884,56.29592335061279,96.93004985750308
241.8274447594354,73.4287868080001,56.300049921021994,96.92726698270222
245.53125407401,76.77985985252116,56.30048802786516,96.92692505473191
248.15508007409244,78.80269001228336,56.300840464193236,96.9267087468957
250.18078602289398,78.95009911890111,56.300952252045505,96.92662340233163
249.11723465844716,79.6143404746411,56.30107896775553,96.92656287961051
248.811394220093,78.20216574151263,56.30162686507081,96.92635599515943
251.06040741513212,76.95304013211259,56.300175353685255,96.92919534109576
250.79623388343725,70.04171531822016,56.30072221470529,96.9290777111902
270.80824377181614,85.0943988159274,55.097941909382996,98.26111534834406
264.49538538962116,115.66627621834701,54.941361539373595,98.19225449492085
246.3891942343064,124.39203126155144,55.02323924184882,98.00895386590945
246.117106457911,112.35061848335023,55.01583382912063,98.01889581635484
238.3732026527697,91.8028582465445,54.960754705394464,97.63659112517138
244.67758900292054,93.80504319029944,54.961066134426304,97.63634921694006
243.12725395775655,77.29919854206918,54.95841777191918,97.6415802309299
242.19593389180972,76.53088624200223,54.955160248325825,97.64535087007287
239.5086382503698,72.36625755136558,54.858264009080386,97.74745733429295
235.29389755242235,59.24630868177461,54.85747520996795,97.7487247786751
237.37235764901757,45.675049093325136,54.857310941002346,97.75031187244416
209.99770616259607,67.26457871089491,57.175076285671544,95.67741947690422
211.39178112543135,67.11405145502512,57.17576331602515,95.67651694761864
217.76793989909703,67.04065538350338,57.17884451899894,95.67219668321621
226.94822339571954,67.05899763860694,57.184467482419024,95.66732501221914
230.8636887338772,68.10776911778049,57.18484374046031,95.66702083294003
237.2606193738292,70.61242630926705,57.18650801139865,95.66509885643052
245.8800716637901,73.26693991248516,57.1902105481761,95.66137713095134
248.12560636818972,77.7470622303318,57.19090949951477,95.66098471388595
251.08014035300243,77.12533888259414,57.19620586781048,95.65746874284977
253.7944153228044,76.24388149050147,57.196562368941365,95.65718801235616
254.08644438167585,75.94922006123213,57.1970726921127,95.65692449375098
252.16691736742365,73.08182849094408,57.19748197765134,95.65669128834928
254.85894329553807,73.49220800556537,57.19878607082437,95.63070095016964
250.5329735311398,68.39524066499139,57.1992916549188,95.63043606924484
252.618002836625,61.48527582555799,57.200112884799154,95.63057300061408
265.630561380882,82.39910023941006,56.6195281906944,96.47707273248025
269.0149518637447,87.77223218971028,54.84201204506781,99.30573425454828
261.4577226343732,66.95915374865537,54.528173460964126,100.03998821307411
252.14031830572145,65.8083639425762,54.52842820896589,100.03974468604177
243.92494053305137,65.85920428585064,54.52998835025337,100.03838783301806
205.52562259515955,67.36522755451188,55.78559444088074,98.71648511931927
207.97992996556863,71.70129681528583,55.795444360707116,98.70811631975621
211.09031867089274,75.49745876059313,55.80869338209624,98.69917074411354
215.14726802529617,79.26373789553833,55.813667315806455,98.69561323334791
221.28193084180828,81.18685193367537,55.818060516705586,98.69225634619124
225.6702458374343,80.25046572502612,55.831739477785085,98.6811079747248
234.0713260937517,80.01844796907024,55.83598498626842,98.67834395922986
240.8013877518962,80.69317556792537,55.856933142147426,98.66182230663222
242.59761435964398,83.61243495745788,55.8730457339944,98.64377290699225
245.69302735337607,86.81628216914129,55.878571751535105,98.63904832081414
249.73157924936314,87.98702076042268,55.88169485775435,98.63701553713136
249.5469475166198,91.10144745573368,55.905922412634574,98.61686089605159
249.32825709066094,94.17650049854964,55.907176585370266,98.615850345698
246.24230497245952,95.57637809040102,55.9247553365436,98.59463529642517
244.85300485880813,95.74157593645089,55.9310100209387,98.58821230635179
239.59504861141937,97.48910283666636,55.939016555633195,98.58351065969893
269.8630480774908,79.69032363652227,54.55090199238682,100.60549609245781
254.28345931215827,63.262377423685834,54.65106424900406,100.31022732428303
244.25133641169657,46.18115722887154,54.49813742724676,100.53800584867724
244.53727789040093,36.7430454290244,54.49273182817926,100.54661088758051
194.0195448586111,70.26912816634373,58.36611903433705,96.43878897983636
196.5019146185809,67.65240935844167,58.378543306053906,96.42860524630578
196.30804588740412,69.85030306177649,58.3790135662686,96.42822360898428
196.39640083972157,73.78888229335664,58.39279247694135,96.4188095916248
200.25542363697684,75.5800115382461,58.442491423598995,96.37324729744827
202.38493994459634,70.1507627798753,58.443772319254784,96.37207322147749
204.51902728587197,71.66890091469216,58.44403120756532,96.37181913812303
207.6750413417507,68.9530800802185,58.44485833949075,96.37109729693853
212.25404851009773,68.72815921867358,58.45678304393438,96.36012254725958
218.12269527471767,70.89598553491294,58.45693534599329,96.36000830207944
223.92031220401947,73.24382805295193,58.45720338710899,96.35969155594897
231.0823052474785,71.88548263455169,58.46037050606249,96.35724305520979
235.0233000082064,72.87217684811714,58.46267501765721,96.35553848790404
238.1995322903457,75.26068218466898,58.46461681019014,96.35321415131769
239.55782897914816,74.76413636731255,58.46351735005043,96.35615271176603
246.65907826293173,78.56567394160324,58.465980559216696,96.35500150575055
249.31564212331784,79.52031863679099,58.46971875946499,96.35101297101163
248.70218218705094,82.25338199091196,58.46980052012135,96.35095357691765
245.70312031382272,81.57770834855592,58.474121719122955,96.346658900532
239.40638169432182,84.4566661553555,58.483943600763894,96.33945282062425
237.17442049157796,85.26765716696602,58.48422770058755,96.33930316816128
235.17604766664488,83.1602728705779,58.48470483963524,96.338900900647
226.6170812109765,83.41140999052541,58.48689983593296,96.3371954082724
220.78956005777135,85.21797732190748,58.49588978180856,96.32860252407272
213.89090404552226,86.86324124771393,58.50306642270079,96.32347601675914
207.53314174859693,83.6284164251808,58.5031874597277,96.32339862248824
202.23741062297816,82.49298711269256,58.532436766934495,96.29802168609386
194.4991343158997,88.09507944672045,58.60821824003918,96.23538708212502
185.0931734176515,92.89112320183318,58.763373145056065,96.0738568228761
185.89792354111384,92.33542222606458,58.784120133429575,95.98808708633348
188.5907055830117,94.94838291105654,58.78626328306282,95.98649804896066
190.1993478033732,96.60493955990026,58.791829880318936,95.9827600373755
194.86112801717167,98.45057458538406,58.80125246968976,95.97801270865217
202.03091966184687,98.82963788936885,58.80521700138428,95.97568235436377
210.0758429210586,98.72061973128459,58.82141715959653,95.96549013130384
216.4649634032151,100.87771056242944,58.8228564473587,95.96456902428147
225.1110979135952,98.59220632993687,58.823460809166924,95.96419925821803
230.37568511671373,97.17864741897816,58.83168378757342,95.95980105268491
240.582363431271,97.71144960909153,58.83781606531923,95.95575134279201
244.37178303795665,101.47984736682618,58.84705535078827,95.94683125075412
249.02667428536301,101.5839841148105,58.85669843886128,95.93846009555521
251.12760187127702,104.652733546177,58.858845647404344,95.93475792471676
252.7582186190693,105.04001856147515,58.86538959475187,95.92850267292525
253.69076907818535,101.97124717832241,58.86690432955785,95.92712513207131
252.62773678987142,98.13702365342553,58.87350331666236,95.91338033311017
250.42465517671002,96.72738495982624,58.87385618684506,95.91309337780999
245.13070041265237,91.45375946782528,58.87407822258971,95.91292767480019
240.1656276036349,89.1696053879707,58.87549669066131,95.91184792175908
236.12891536774274,86.9283166201532,58.87632461245786,95.91116530266999
228.46356735314487,84.17026462474539,58.87658298143628,95.91098101299856
219.58858972594277,83.6320344686431,58.881014783081675,95.90800991059895
212.02051261348817,84.78620873285666,58.89101410839375,95.89924600932328
206.71609085029527,83.84239544427291,58.891343802687224,95.89900465893952
200.51062454480208,83.1805244356151,58.91937999033377,95.87045497303096
197.64740850207866,82.45685886468453,58.91970018689509,95.87024511643324
198.45435216841412,85.44749247619205,58.924913544112194,95.86602152211083
195.98341129485735,85.52054586706518,58.92687200478774,95.86436837021591
198.44163986618162,88.38791625537327,58.92873837898494,95.8630036197533
200.09797546301039,93.15886745312523,58.93038655750452,95.8619537709413
202.85608894539112,94.25918992324128,58.93132668411268,95.86143810126278
208.66650264601915,94.9180895911116,58.931468101521126,95.86135858268368
213.2608345843704,95.84590431323943,58.93158596309993,95.86127799707059
221.20309052042177,96.55497846036414,58.935448419610445,95.85710541845839
229.7664938591896,97.9799415276641,58.935781787240806,95.8568854568016
236.83183760821973,96.89553294850744,58.951524304744495,95.83956565413163
241.41368565302707,97.6494853818642,58.95163036204143,95.83946029360555
242.48210998185078,99.9108453992761,58.97533134504954,95.81556533202395
247.45758486719967,98.29767849608844,58.97808640833615,95.81164520353903
246.05185055943372,101.43484977980201,58.98091001387353,95.80867352386824
251.33880926521584,98.35984164104111,58.98171203132541,95.8078967258285
252.12363322599646,96.41736687406805,58.98245123477944,95.80705185860579
253.13044885798655,94.00623733188289,58.983863467884824,95.80465827116217
253.77577519713108,92.30942553439668,58.98476202193369,95.80363760572808
256.75402748459237,90.69378107289666,58.98510416103091,95.80326950052988
255.3856835722204,86.79974149810188,58.98533034637057,95.80290937628521
254.29804173279464,83.28005753619414,58.98771382533192,95.80009866927183
254.76909380672473,81.23274675458748,58.98964824739898,95.79798666238626
256.00115391698404,77.51168199043795,58.99330933219345,95.79171044804006
256.90250930791274,82.64289053952704,58.995752397076835,95.78803186762312
258.87313917983647,81.16054989351281,58.99693244776972,95.78468056115612
254.7911733209326,78.91154701156812,58.997245124134615,95.78431329342928
255.11421646448267,76.41841316308114,58.99832663889144,95.78289054164223
251.52051403367034,74.74428256040693,59.00074681652563,95.77978117394686
245.87618815954355,74.14319749144508,59.0569595236415,95.66326113109203
250.4970236713193,72.03729841769027,59.05897803713832,95.66123691379454
250.92590251040377,73.36072449188984,59.05970134890245,95.66040517784047
251.8430289004582,73.49583454785122,59.063896139594334,95.65612403338407
251.5741937834154,73.49987863508281,59.06604063448697,95.65373503246822
251.67974088024837,73.87984982168604,59.07315439618145,95.64649578950696
252.49464252596977,72.03958134165947,59.075900152208774,95.64366645088454
252.44146645104118,75.17693852488088,59.0767659686957,95.6427653321224
252.627366170295,79.24682905118473,59.07914058862542,95.64015888583795
252.98388405754156,75.61620834509787,59.07928696544994,95.63999959839616
252.80587683451105,75.18847402179583,59.081244576336346,95.63802002474729
253.9949930300248,73.39178211623081,59.08408279916997,95.63317800389184
256.79783361300883,72.51146094870636,59.08410641759515,95.63106220314515
255.23625196181092,75.36277968729215,59.08539920226028,95.62936247392891
252.82985639586653,72.16429922797022,59.08576996595449,95.62899024743115
251.86899311265535,72.23952240819776,59.08937531369553,95.62466369016629
251.41754377013092,72.45354332097435,59.0906299476694,95.62299376684051
252.70664820060094,72.54776447798125,59.096186355055174,95.61698344869541
252.42525275356695,71.84704755183976,59.096992173649355,95.61592537383146
252.70110516914875,71.60296333543624,59.09835687440333,95.61405022610644
255.15326816043094,73.2766440163035,59.097646366539884,95.61463884606135
253.62758879178637,72.43330193863338,59.09805004668489,95.61417073489923
252.3384426298808,71.91902714205844,59.0999332690098,95.61133907862133
252.98257984762913,72.95715746481181,59.10126659680357,95.60972204502254
253.75677785468514,74.41606885522356,59.10201985751756,95.60885950360944
248.5492420871792,77.23389032778456,59.27981245423601,95.45608475306751
251.8875800994457,76.43312433752212,59.28296411982752,95.45306899456347
251.61976367848703,76.15953600274032,59.284655514010026,95.4516530966832
254.19086557532245,74.65395954048077,59.285911994081864,95.45000389717889
254.8844635320264,75.93556190697892,59.28809582043534,95.44753200567428
250.98355985227394,74.16452108518598,59.29082185440924,95.44533502758658
