245.0,64.0,12.0,13.0
245.91452579419476,62.45717896132335,11.885473157551619,12.924511887457676
245.60696447032842,64.09333917872026,11.749298331376867,13.502188257854908
245.4778353112208,62.85793116911644,11.707183810618144,13.971227104973906
245.42387542583248,63.06379637186889,12.150654247250166,13.227508573429505
245.89872312938869,62.256038096130574,12.286898247486373,12.774915135739874
245.35555825203457,62.92988632545726,12.527657557133875,12.48265409616914
245.4365317409678,62.49814193474836,12.802788816800932,12.800223101624109
246.05262665640316,63.52143263129376,12.568233217974491,13.447283847968116
244.47033524902147,62.69381705970476,12.655524305671799,13.412174472194705
245.37500279520404,61.99897734381993,12.82462973645428,13.382652887538278
244.21514120542898,60.22298564944132,12.836044791462157,13.370551508000213
243.5827248005898,61.996876228359085,12.912265259259698,13.493995182699479
245.03359865963478,62.061938475421115,12.458942834138504,13.62917739977232
246.47084756132847,61.80693438347967,12.42901924377909,13.62099907404598
246.41660804546706,62.50579830471309,12.019542614681892,13.867803792881327
246.16538464437122,62.33197422888094,12.142094176805104,13.956520635560874
244.95843829364077,62.23623278125222,11.959466692795452,14.219513763803338
244.66736102133694,62.52836054869458,11.521645694380965,14.284993381640023
245.41164559969425,63.268594387106546,12.076576245841984,14.291837664082745
246.51298800978046,63.94318019806287,12.218469453394782,14.595003116449893
245.28260266860997,61.86984001524827,12.213393120354915,14.187113284019995
243.38883207876893,60.79403003365863,12.269643482776235,14.246259025016059
244.92693523180574,63.86351793425204,11.789235669134257,14.667765248975728
244.37595012608165,63.59373597482285,12.053092036187788,14.931593789568723
244.5318566139702,62.066128015871065,12.23146581129948,14.335475421736204
241.4366348179272,62.893913373917485,12.116504740299565,14.286940700173098
243.36847768668622,60.946922862330766,12.152087391529648,14.260329176883523
241.91080703934097,62.46759602270247,12.433087684709557,14.069605271682706
241.62405535881058,63.16115798967618,11.76942499867407,14.60681038016999
239.48494935180386,63.34303923107236,12.238793638435194,13.962803904572146
238.74255752027392,63.38027310069177,12.758082311146243,13.547224952364502
237.41785709274234,64.73443177839712,12.74674684380648,13.769428131469175
234.8614606190559,63.005263257144165,12.516601844859803,14.08732780939684
236.69542374441997,64.4092302729049,12.253953084747495,14.394717083005352
236.68446843024424,63.84589498004584,11.837078726364568,14.191964717978864
233.51453488216788,63.90360292783851,11.92684282569111,14.41877041028987
232.57710757794436,64.40131127334088,12.595647872637578,13.87452070670426
230.63472824279697,65.57839927637662,12.369874259149416,14.337717737971047
226.36257311107823,63.67013598835092,12.548342657047343,14.145280729122536
226.62620043811097,64.64137122953753,12.936403034987146,13.687318045897875
224.5716819192123,65.62804304415668,12.3073939035035,14.291086376116978
223.78140196744087,63.99437084260206,12.260878730943173,14.049674856908709
220.15208401007024,64.5753451343657,12.085415925133852,14.256458368146134
219.65347281575762,63.23828271529687,12.201339771736382,14.082075563537824
216.4473631853298,63.327269799354,12.474850441130855,13.811789074356707
214.4033828053516,63.57176171299413,12.566678112021673,13.952863595255307
213.05665403833757,62.7362994579214,12.418783183281196,14.131256328972553
212.6361291179557,61.44512339907484,12.241543458004912,13.942948761530786
209.14864952935602,62.85248114883336,12.22763344498823,13.99608404250079
208.10729798271353,50.68663004316974,12.493498869854333,13.799475478071203
217.7315754351292,38.62510979767238,12.742056239192873,13.912708382396
218.83603215106305,39.30816061752262,12.741672518094852,13.911985956982328
218.78557585219204,38.899603159123686,12.741671308087128,13.91199438841337
219.78404716564415,38.71004782315421,12.741745349502606,13.911933837903973
220.57878802701092,52.63601445490687,12.859793052390117,13.913323557186748
232.73534287044237,40.8632991414466,12.903567368212766,13.469780566553567
241.944212823307,24.22626039410831,13.64276410799129,13.428752622997738
232.71714994631907,29.847082118030826,14.587000259306038,12.939407530255242
228.39525554370678,35.6126338807642,14.229301332596993,13.08627107632169
223.86485891495113,17.49957734443085,14.041333413045297,13.546183129701284
220.3493159686102,22.763106766799133,14.245535036012816,13.357770220023308
216.38875121494507,16.412432604227604,14.021827163887506,13.47069100152623
214.66461939992143,2.0268923908709047,13.956236051884591,13.48865672792225
205.91166972906854,1.297388005755593,14.189369280309165,13.582563803092143
192.80274120588857,-1.5433471270518249,14.679416420663241,12.95054653895234
206.18338665532755,1.0964441075470566,14.66445769036439,12.85019428291986
191.89348013442472,-1.4602356016192282,15.296450068717913,12.101543699116199
200.5068965450318,1.88064332583677,14.766541457098446,12.395051823971048
214.98948613539935,0.8742491921757747,14.454959154415102,12.733015495841684
224.95764214438367,2.2092884196222258,14.634915294405484,12.893239994668875
212.08029070893807,-1.7730258472189,16.510069138807395,11.424525594696341
219.0993271109289,6.926354062397559,15.547715214525473,11.931485532543501
231.53426380540046,-1.0998037967835286,17.26853243837529,11.030924206227942
221.64330342372108,4.840634587783424,16.661798492871736,11.859615460775677
238.7756096616049,0.25104829920255334,16.965862011977123,11.848865705173747
252.9184880407078,2.9082916258156697,16.189617201403173,12.799161003851811
266.8432452526795,-0.2595564525541878,16.46888886449597,12.628406984352512
261.90106483823996,6.594370651047364,15.952695036392603,13.745629834034174
272.1665329652479,-0.35823148777087166,16.51217664431527,13.364233998755607
290.61585427669036,1.4782032706599049,16.02372078900838,13.795222952810802
308.3772059252676,-0.7231955552393723,17.06750003579913,13.143587258814678
300.78617126450575,-0.04837206986652909,17.359654844688656,12.88401792669509
316.2642287197872,0.48862286288466805,18.436201372114112,12.299844399016564
311.9006605902993,12.09662987370345,18.786982459886154,12.008448144712984
301.00755979587416,-0.93049495861856,19.850441968048035,11.23350469412263
313.78088184458505,6.536420884279423,18.146687656392796,13.44426910818018
297.3047400412541,0.8705188475547274,17.424116984490293,13.695070946216973
315.5590466673253,1.0238882336265451,17.133734933519754,13.829264388333439
331.53434065604455,2.5174716191125297,17.060698988551945,14.335279322836323
312.5318771665656,1.2925577652767837,17.289972128398524,14.320853128072512
302.1848972975747,1.7247760804881969,17.099683132859838,14.52683914703323
318.2746387233551,2.3940138429173423,16.49689667717304,15.158555100904188
305.6433593129286,-0.8653199852868019,17.099097069070954,14.354538946124732
302.29404323306017,3.7233147371084403,16.97613260634084,14.424290222769795
320.07639283799085,0.024868616486198647,17.892855820795802,13.953405593286739
307.30352913756724,-1.3624131816701448,18.313127365319776,13.398801346734436
315.7929993651936,12.625024806128819,19.30191457119991,12.638328523602329
318.0354120539625,17.06638773823676,19.119171255429702,12.79959279457932
315.5002661066164,2.325646266007798,18.282789241888292,13.371928476464
333.14188038182056,2.4871089717074106,17.494761802319807,14.341529310181961
311.74828662215975,-0.3590801541920392,18.241959850205824,13.7743331486813
311.71266774901966,10.481469217698699,18.119801043088838,13.902114257194746
306.0600242466421,-0.9052270026458631,19.911921620231617,12.70337306140926
317.8177086189736,7.175462634496196,18.723214939167296,14.329007794693503
304.0302894391789,-0.6416070382776571,19.343217407033094,13.760558105207028
298.7656025632898,-0.49148594560948133,19.389559885923056,13.69426108097488
316.6716331463565,1.7920515824819656,18.371482179262358,14.190402234203606
313.5836400482865,10.317220565738179,18.626268576818298,14.481100110586688
303.3593918373616,-1.2905960131182397,19.65265348743768,13.689279349842494
317.574176666562,2.987613480853181,19.185369824520254,14.263714014853754
331.6546794660442,-0.8564827815951483,20.411327116180928,13.502843238663987
313.91309775410787,5.415241198237952,18.463040649916767,14.995215286322004
313.8626504982494,19.375587357731014,18.281399698062174,15.767275805470643
314.7514821195594,4.312009546026445,16.83087630987341,17.78412373539834
331.7924048458196,-0.1280189870377555,18.52871683147408,16.95969204725428
310.5979575926334,-0.8431729620599686,19.625279642289815,15.833322655837524
291.072821749073,2.53234668357646,18.885832701480886,16.42996297958542
312.10048453211994,1.0396117540757928,18.17886910438123,16.879477647928184
301.4159617106036,-2.5530677135223554,19.979185346779133,15.448722920404753
316.752654973895,3.1612200174479046,19.049647620855424,16.074726239592163
301.8100994311518,-0.3460172348584196,20.29998163725003,15.474769362979226
312.85542824050725,9.425939834228448,19.269497053207182,16.60890812702717
312.82973244296596,18.08616102616174,19.187363515156793,16.55851197729145
311.7815152266781,0.18476445244000672,18.985442368356296,16.385898478006396
330.323954901214,2.047428143440092,18.853825348386074,16.75407886272986
311.3733746141515,3.288972134208537,17.463657492335273,17.867703708875464
301.5258337106218,-1.8076103441809135,18.457771510698425,16.949838087041083
313.5755128823067,3.2563879917382135,17.61788315329049,17.732139762675974
301.38128732823645,-2.8317773766381453,18.685865358843074,16.82810913315672
313.64577349718434,2.0860803531413836,18.478851562817432,16.821303547560063
329.4400777907548,-1.260520419389966,20.12310735555937,15.33693856430245
306.7359502176294,2.705306596151651,19.439073530862853,16.31774295301902
292.9679265092319,1.133820593902346,19.47217218667148,16.358431956571586
311.7556027374062,-0.2757578051152878,20.362407346289697,15.434870058012615
298.6385487322706,-1.7933285392974954,21.02340668346533,14.910637193949052
311.4899566344045,5.547144441998089,20.139713193650543,16.035464012729953
323.295349714352,13.466543363074472,19.48128527960511,17.24190085075297
304.83565080338445,-1.913540043250876,21.38470333469461,15.596252538891946
329.5098647123146,1.879626488090972,20.20636142381666,16.51515800922827
312.0504963907427,3.1629634668719078,19.329302626286704,17.291842329940934
328.23520937367994,-0.7905406872757847,20.269618634289124,16.617157942618643
309.52273900958494,0.775382198186735,19.421472814627634,16.717354245897095
329.4783108855471,-0.2062850025513594,20.489107901814627,15.987903145893181
309.9272556364587,-1.962197252447372,22.27614347933712,14.536275783350002
327.82174414930205,3.222902022845407,21.183451701453173,15.953188515113077
309.9877083924261,1.4834992674791572,20.368521506220613,16.41814095272546
294.23984832837914,-0.48353438934835147,22.428681407874112,15.29039968025987
310.3046775384747,10.229106935358809,20.40493996461164,17.117155986534026
300.80464900969986,-2.350053647284648,22.909011991033502,14.968764047572893
308.6821669523216,8.278875078350467,21.9188000193642,15.41339835655657
323.54025160531677,16.543063360135584,20.577226355463683,16.965298282244152
311.2255874369765,-0.3218966768560261,21.014431279058236,16.132413180446118
301.6006190660386,3.2084823204543866,20.524949991148958,16.661010177738135
281.69470024629317,-0.3998223870283386,21.43517630251482,16.411419717825655
303.2049659867861,1.6716682239280622,20.622324570064222,16.78626219204933
316.5307595593261,-0.16512263788895432,22.989091840877702,15.29688815472755
308.6926369493959,4.189131418940638,19.781767343330944,17.94324225420313
299.42167962017766,-2.507903188920915,21.038256815610087,17.04325171650827
312.5531011375109,3.037907407472238,19.72301700665166,17.539196899454385
319.89579691910455,1.0156808347263997,21.120797287946715,17.187676839379655
300.01571664521987,-2.119482016756872,24.01579593996412,15.313066934436042
314.4124366529898,10.226571585825331,22.951701246079544,16.317716092186675
293.66705119722286,2.1560130478650006,22.128076253072408,16.852780769425696
313.1939418006074,3.8888443208571744,21.112411501381544,17.899068239463077
308.0461633101766,16.56544549467508,23.263824424015528,15.704860566509879
329.91393467604377,3.079260140657386,21.94865370155855,16.886110745370466
312.12805552684057,1.576195995139404,20.433986218715003,17.35763472541705
333.9022025436465,2.0253736126542847,19.74149662846245,18.156442595398275
314.998131493624,0.9434602494792799,19.403310756095337,18.165958380052118
320.49504810899276,-3.2731160702749644,20.32118826449354,17.412788807341368
313.24626050258723,5.494305576141009,19.854288799265106,17.63121471006606
317.93650400300953,-1.4366836458936252,20.725521273213012,17.00227404097615
312.27233008847594,13.820600138481526,19.87072262553449,18.119376470394794
314.9097323256746,-1.1035386882430913,21.840692969557583,16.4446801095618
301.28136892522696,3.8020161758131454,20.547313721868928,17.797516533182726
312.86739132739086,10.26053025704173,19.551395397643677,18.62213132269089
296.3261383252241,-1.3128029831501529,20.55955295227007,17.944733548313913
317.29715450727446,1.1343902732198874,22.340005176792488,16.938901847051493
292.32294641664527,-0.9837234153548469,22.433501924457072,16.530289937396763
315.2834003228359,4.140442815545697,21.98734081617736,17.636585084848605
331.3696029905087,-0.8134331975711664,22.807744776486093,16.689401465025202
314.3332223460792,1.8842634413484092,20.681745079017,18.055559567343522
325.55861171200985,-1.8440805895155492,21.819526451525785,17.296489305402005
344.21579441389235,5.666535750321788,19.588714361969743,20.31103085668436
333.12183105438567,14.639803806887745,18.888047407277135,20.38947147389913
315.6846500432502,3.099538487906292,17.779041509626175,21.36541837162766
321.02497902338723,10.954686259401889,17.54255164017242,21.451695513878164
334.75904393870337,-1.8168724268494891,19.940966533050823,19.29927722659088
314.77854433394,2.2553905072447265,19.37303507851521,19.669339714420516
324.4559972740573,-1.3462986658553557,20.457622377601716,18.993120873578444
317.1773875007238,11.600262722540569,19.553365598279985,19.4454456370698
303.2207172031258,-2.626353098930865,22.22145549157172,17.362212588850557
282.4877345748637,-1.9393490716552222,23.365757845263936,16.436534608847992
268.76383976256045,-1.064200559729489,23.59587321449933,16.209414612698858
290.4386878083213,3.08133568710668,22.717112944510852,17.383917337227203
314.28182678400213,3.9340207709357102,21.043167909408897,18.884600664976247
324.75852851697726,-2.4739922878046023,22.814011422218382,17.686381749192712
308.24917935321065,2.710828222126798,22.24399515014229,18.425133444784013
312.9179272022451,12.462035382348184,21.8251672453473,18.75265229084515
312.53584515115,27.19658439049184,21.60022987802079,18.71122952175022
311.3562327574495,4.5941443909643205,21.27943552517819,19.500864464652913
304.7608668170291,-0.8686803137889516,21.700648553785108,19.20446225367606
318.2453754771019,12.356802389664388,22.219546272701997,18.84087248763852
322.5099512586556,-1.298375440610796,24.780797312744042,17.00443859740764
313.00639595437843,3.5161526902198528,23.27529653213817,18.237613590323978
321.5274630375831,18.27934485589367,21.5447535141053,19.74107926507986
315.3079792208661,13.809201356924596,22.027796159746398,19.33046084462201
319.0693597119692,-0.8191755287913107,23.051409498524126,18.159268525355582
313.65882169055794,15.075463323782923,22.53712215328506,18.544951910295005
311.5306536887789,-0.19635229759973427,22.21001499201775,18.258808296492937
302.8198705159502,-2.505894691585958,23.040484459623336,17.6956168355335
319.77861149760014,2.5872380128838746,22.576043572983632,18.084686929218346
313.5702361160776,18.637177288186294,22.268834413238192,18.74983828584007
318.50975765748177,-0.5180681728876984,21.4324959126442,18.3408086391404
334.11049006741797,4.688943780820319,21.55431524194172,18.593901850559813
314.5604924454537,1.760056210227523,20.23963381961053,18.97766604737895
329.5714719010229,1.052306336663193,20.02319019777877,19.110935417310344
314.08088426625966,11.126304010482459,20.08318664955616,19.316411825653258
317.3783729715239,-2.748790787996045,22.051228991530188,17.924025204958898
331.88009876557595,-1.366858461452619,22.680885542464118,17.382310877647193
310.42476059615075,1.0535622163210352,22.08235320211527,17.918934770207795
325.49385970775364,7.37721765539338,21.88288521877772,18.97921590256115
344.43650171575104,21.129930438283868,19.157337836083638,21.37479322069131
340.0929287511151,37.098065502750764,19.94331827997344,20.02739027925752
343.5560716351344,18.833231290194234,18.78532780002084,21.248110187524876
342.4004797468054,36.94276508251547,18.67980906775247,20.83140695224763
345.5145833228872,18.001992362212064,17.295224600067606,21.84900738553023
343.05938777147554,33.45926506124192,17.318039122843246,21.103342450117005
345.37433530996304,18.280649952405625,16.31660349945106,21.58585304803861
343.4815820998957,36.041562787509704,16.640629778899644,20.608693668113652
344.0570928143799,18.828350986225512,16.240216317308004,21.482215049002356
330.5991225431567,7.378248726650892,16.752706847547394,20.975679379552965
311.12348718822204,0.9584438484694839,18.330045672651114,19.55861532304957
319.04028848916136,15.556652566179318,16.742828645113306,20.44631196233693
310.80676132367813,-0.33164701731313606,17.040733577275972,19.807002315845278
294.88825650195196,-2.135296968457535,17.909063792627794,18.83887707012382
313.1662553233897,2.7790927855727894,17.542938891451477,18.812929211843446
302.88048303323643,-3.203525309192159,19.04949438179221,17.555811466131644
318.0364894259711,2.709944736680658,18.823935987802283,17.82020667101687
329.18858530232296,-0.9509701405242001,19.560592013418947,17.27548741038142
310.84118337837003,1.663981572810064,19.32979390209625,17.621876498513917
294.36990260109445,0.5693647353093905,19.176400561627972,17.531516467384282
313.6617684067,-1.234799410745385,20.426412999489163,16.136893137484556
325.04337845407315,13.169646994538857,19.920103228839494,16.85817839698443
340.48244885383593,27.437040044666585,19.072932049064885,16.846572304663546
341.26790457092585,39.89767138155923,18.880325096391385,16.80178401137142
345.9313445413385,24.048737661924037,17.60203104728979,17.617058295734576
346.0155780874644,19.919908026885995,17.551519818513736,17.678130956923944
343.51977786740235,36.807861746914405,17.392734878846554,17.315099646017515
327.7581421370589,28.94425246068572,17.16590143535866,17.712826603179472
343.69061042175844,36.119795928935346,17.108084235466425,17.197169811943887
333.31531614691585,23.52796489708507,16.30058257519063,18.096297421298747
342.63356212653,37.86953707773961,17.15724514171921,16.80199468901798
329.3889364894722,25.305556172573347,16.953932405214672,16.833818498862225
343.04340424524787,38.80492451832286,16.91559053685188,16.513178578603423
341.96186660745076,24.809753847942623,16.793188412620037,16.61681833550161
343.51126994095705,39.575533142779896,16.7434125263996,16.429900477638586
342.95775245798666,22.96606381177444,15.946784572342299,17.356660031983477
330.29638512337533,18.16150424342113,15.642342956774828,18.20033632048453
344.1538600977485,31.1033109978971,15.765985537325388,17.429021776986694
348.13608028355225,20.5654669598984,14.74076177948741,18.325531615069053
334.2377005429528,27.81796027102213,14.854268926091661,18.113182817833803
344.78344413643947,37.35745898730808,15.211947083356584,17.37621114209784
344.6266022646489,21.298833454436082,15.297455797779048,17.862581852006876
343.4144181325406,37.64039457325832,16.393610966330655,16.217614216413185
348.3666728236825,20.082433174179684,14.759363348573292,18.134501370039207
344.4900197936403,35.414603083618346,15.572652185299573,16.95092975489724
344.4926476669647,23.591717141340595,14.871943271689096,17.74301435307578
341.7566311207995,39.08493516547813,16.347545490148573,16.0827730679843
348.93936549574016,24.14677308095166,14.239955043795131,17.9541018909679
348.5524326613459,18.766114794948134,14.17858046771824,18.036586408836776
343.32715634297926,35.89855938368791,15.382662653096503,16.458148189609176
347.67009321420267,19.695052507302993,14.236837986729997,17.519025849239362
343.3884183611983,36.65731787557676,15.436183557606892,16.031838710103944
346.49186587548513,24.898464871708754,15.07250304090466,16.543805505803814
348.2002687915322,19.88494442206276,14.985533338952662,16.64933284766172
342.1289163231188,36.985938739322485,16.338084772361494,15.178476720466492
344.5486995589671,25.69703944765807,16.22999031604576,15.548034794762119
346.63960676364917,22.29189392906221,16.184614753269788,15.601745956007798
341.3688505378772,37.182362024234926,17.348905143656413,14.463237210120367
344.0669621202476,24.390911175477918,15.800522764895932,15.872594977580679
342.42787268625835,37.82464453370601,16.827941077607115,14.652961131607892
347.58965533998696,25.77295055491944,15.883897140083922,15.324811461007197
347.8962338403611,21.536117855267022,15.5652510701123,15.695270225790548
341.98807426445745,36.78917456679528,16.773876549739352,14.240990909179338
346.64410758412123,25.72717967110065,16.097718990917194,14.76814079578345
341.3593696178688,38.650251762689365,17.53047331239904,13.439015884456602
338.7002516612034,26.44892364852609,17.143880963400747,14.020701577504836
343.08046477525323,21.822229764877196,16.984251434825083,14.240808972182998
340.24481731516914,38.2110254204456,18.142697024091117,13.071022913121384
346.9635657043404,26.47754041051285,17.09628491676917,14.042294004153877
340.54111341745886,40.31431411561213,17.932223998283682,13.496422604087154
343.83652045382104,26.50429964663129,16.979676012137695,14.48365811553516
344.6577081736722,23.349216371439073,16.9753315782948,14.490044587031655
344.69652452966,22.116396645930216,16.966112287830796,14.503014179116873
341.58525699960234,38.793286399344986,17.85001953269958,13.351673026779523
346.1807278582072,29.08342740695355,17.199717692809138,13.870826817836805
348.2029239010119,21.59283506751861,16.701650813956384,14.436357314272607
341.13346812892115,38.27143626219627,17.88459540867496,13.166236834096981
347.2425112921072,26.354801949437988,16.34073584316702,14.324260174579358
346.7151466035541,23.186976315238294,16.330742086232448,14.3369310390786
341.02548189583774,37.86919049717558,17.903948721819027,12.795769658236246
345.2727134351309,25.891790939933035,16.96968585761867,13.555158997941072
345.520635858657,23.340491901984183,16.964700191255353,13.560615807969631
345.88658699963435,22.202996306299475,16.96224259189871,13.563162512721007
346.2662079504243,37.33078215578857,16.108358244873745,13.817550988303367
347.0540800489776,25.80537995183018,15.164089675189487,14.641703250834404
346.5537090964561,21.419758328544386,15.152782620500439,14.658709322418197
342.3213887112519,35.571341304084115,16.233632897897287,13.510769125122916
344.1344403795776,21.583802919694,15.195162455761999,14.70816454319514
341.20724445055663,37.925093054314914,16.905656303549982,13.175320678372255
343.02470314686235,27.733977867706383,16.282093834186902,13.566162730666468
345.3905109432979,23.457893122044634,16.162203571668535,13.68683655548606
345.5092653824916,22.566795982301485,16.158135196759194,13.69119236642072
345.98641375234394,21.902388856917803,16.15635638374749,13.693077882408726
346.6574639957301,20.901518363032753,16.146511975695315,13.702186838738093
341.687160914304,36.92677857760811,16.9665584461646,12.934840924357886
337.69859198719314,28.147952705626494,16.691697399019134,13.335525505235184
342.7557062076117,22.021467051294152,16.646051492972134,13.513343463069791
346.1899727043105,37.588241212657714,15.946524370393579,13.603588170127818
345.9174377684484,26.205068150101162,15.36841254141127,14.153944228712605
345.8538528962153,22.800671495251343,15.366371560450832,14.156534173086314
341.2761376022843,37.00759532995243,16.300767144650717,13.175519221579654
340.6681238538532,26.759043192374918,15.807735999125528,13.51524625369268
340.5100680875197,23.141305585602986,15.803511517760123,13.521893037060764
340.1781575320733,37.06032812157516,17.418433037683815,12.309338153715043
344.4886401862909,26.078895752124275,16.231437703766478,13.138015194252562
344.90032628213925,23.235971623429876,16.206899418720404,13.165639345806397
342.6009473067281,36.954574157783846,16.7652330226189,12.54499883703498
342.854630318387,29.095377399026955,16.66349237242609,12.585042859614681
342.6003263451994,25.252102741002087,16.614061070811612,12.651451146306504
342.31046396637095,24.265794164769268,16.6064088762972,12.658039012387563
340.1196881821371,37.844751668103555,17.9460385907457,11.761375455303945
344.6763152754914,26.393227532252574,17.321551074264264,12.522738241166067
337.64185772694657,37.87165656113238,17.585766273587723,12.14741361541328
335.52039763484265,29.208139271209042,17.396775466126826,12.272450438301956
348.5930891356954,24.294019504832637,15.619239907048344,13.189884268845297
338.7557673895547,36.44842517166882,17.070754126868845,11.99297898680867
343.8665231602484,24.38174888824284,16.466274636567814,12.729181513987783
337.39474033634696,37.6242088047026,16.73389786341124,12.279351173866122
348.8864708438246,23.512880600944612,14.548341816717627,14.237176038413342
341.6392882122985,36.94995434248803,14.905333155514588,13.396634130888026
341.36533043876756,26.262828670003934,14.134520494034472,13.978855141383562
340.3128575003275,21.263033399059612,14.058812798832184,14.00138250425609
345.4620445146947,28.299249243809218,14.197131961625992,13.801998643431197
334.8264641887763,23.628074154618673,13.96855201287691,13.806758604221956
346.37270929107746,30.03940553851814,14.050963770554867,13.726881290219408
340.1022062480811,20.37636837355649,13.29046190671854,14.524110786768683
346.905358983612,33.10263378653378,13.336252230334395,14.47716620348989
335.3703015360619,39.6157884783208,13.616862120551795,14.372589722442692
347.422047429342,32.75286725795579,13.04042988904535,14.885669330531119
338.38892714013474,41.317566444790835,13.828001110160038,14.846601080762403
345.40310829748023,46.38781924281725,14.05860047302032,14.491102961516201
330.50166690585075,57.283898835649545,14.112047831474614,14.08561865683306
319.65874815175425,38.88299068526055,14.108830850531831,14.003680227386443
329.3059301740822,21.44645095998112,14.385399194181602,14.716981082974598
340.7350552153939,30.25465188307266,13.962774187852162,15.202969526098157
349.61133057751016,36.015940715951956,13.046580580318857,16.09656770262472
335.2581049079794,27.459557182390668,13.494937131782738,15.803979316256093
348.2260817992665,32.733260933468756,13.047171139125423,15.984108015576968
332.8337679914816,32.201989816342305,12.464027606013747,16.892992768755526
345.9935302118728,23.610443841959338,13.081673193917789,16.808897598991194
344.03946837415526,17.224700386949994,13.21343898017739,16.68478991214709
345.7524782448062,33.26238874894372,13.809001365492994,15.829252284228978
345.25247790937726,24.013158607255406,14.136429125565144,15.618649991311655
347.7506652968534,20.11568744108527,14.094233637569731,15.678828701367989
340.8713466268488,35.95561487718045,15.721567190347493,14.357446653274314
330.57295533172623,29.99533188694884,15.193645419630712,14.51915967505833
344.9650725797382,27.204258326822913,14.963608235008124,14.30514228267591
339.2274963444979,21.305105928495465,14.521950669783115,14.817989468246822
339.3095549507549,36.53179295363663,15.344698560513923,13.835940338618782
333.1806292094336,28.167203437745243,15.273222459843499,13.877007111490432
342.78201685658274,37.3407647876182,15.51696701722979,13.260450436524788
345.1351419153648,25.204872042722144,15.328175338539005,13.763805216478033
335.44298066553057,36.57335999357036,16.258710988231858,12.758791518761106
327.51165941651675,31.038938584803645,15.471031525810263,13.162214757742273
341.01721490561914,35.191506973123374,15.16754879772755,13.128528023827432
342.2385318437192,25.337723501923506,15.023783577685862,13.16289245157873
341.91286399941487,37.81730644921654,14.713891908906994,13.162445810532702
342.94743803797337,27.13269097411843,14.377785952723553,13.271792880113686
338.18729671446147,22.14678697707724,14.300837688492518,13.316370039235121
344.5998356627736,36.2185646864906,15.047944354551358,12.50187231388985
341.357697533383,23.515875715844572,13.839434873433902,14.141859859063745
340.58257362562404,20.069691406616116,13.838259735346103,14.143784675640774
325.92659538978336,28.907638308208902,14.28925810766223,14.3018695254093
342.9655199579343,34.0344391402281,13.6122611747295,14.28586628056036
344.0248376530094,22.432169224140534,13.550697947207448,14.543790893619281
342.7436413279098,16.836580103650988,13.243761860147785,14.882365222244855
331.8905168662929,28.75473171072414,13.491508967585636,14.537292019084878
346.5417964081769,34.26761405615516,13.366176904081378,14.094940452307316
340.4957417633382,23.846398227841668,13.173272994906307,14.067310234544651
337.25441001820934,34.98021055861357,14.383709197871411,12.819560145754751
345.8198511676053,23.469960641676735,14.322040766266984,13.43129037208448
335.66398091185874,34.710858725508615,16.223352276905693,12.072142443556459
325.03410259095205,26.378651368254324,15.17441026454427,13.29508033616563
340.6852157010781,16.27045951564077,13.547698265483536,15.123368185679844
340.3484174552082,29.371387188668763,13.540855165815543,14.63245033962386
344.0368820014034,19.010651640573666,13.027545400970316,15.117629550438075
341.08281114879856,33.943633407776474,14.562130015420756,13.746087021281483
346.2914569867,22.38207567549619,14.504270560076865,13.920622697634045
341.79280526169754,34.21702199474175,14.518916577525605,12.951161882873388
347.1365199761399,22.73394005326948,14.00057360493979,13.453544409006405
344.16754652859237,35.09635761958148,14.161032268375823,12.87326150721736
346.594084843371,23.629334120580303,14.034019843988244,13.107164691132807
346.94072131754325,20.006002986876204,14.028864459368217,13.114713627699944
345.47446228793075,33.95089504362125,13.40686381894724,12.894042673389531
336.33744796054884,28.663521959358413,13.468484407915163,12.911080101680835
333.2136182109122,24.022689372442002,13.310881436943108,13.089557714478506
338.9437751040902,31.31735322971248,14.412259888441099,12.285029575743208
348.2076967566663,24.39879381707606,13.562410357702976,12.586148149246032
344.27201148440264,20.589469868365143,13.353038066231772,12.880956382208641
345.8260115907749,34.34503178798354,13.905074894197668,12.103257683352707
346.4862601914293,23.98409134069319,13.832844151400181,12.076548108573046
344.6332571599167,34.5465633752299,14.478888418618618,11.081057698557242
345.2279627339673,23.645321512993895,13.260051202449862,12.043560343927693
343.05398788228615,20.64760465590022,13.203641088307256,12.124463304025687
346.2023580647062,34.21236257312958,13.477372963915197,11.487989461754474
349.86086337752914,23.07155272194835,12.698793029034668,12.377761553643298
340.5329829392654,34.78962674248634,13.688545909956629,11.367099123529233
344.1296699364571,21.178830358278258,12.766987215560965,12.870025815285238
339.44703443071137,33.52551570147531,14.819071104707465,11.330538109237823
345.27919529012644,23.226337824541154,13.998562328382317,12.112047015571948
339.36338128825366,33.59912237917784,14.862637193394871,11.394031464648185
345.1840713331983,25.57801491587655,14.609378708425073,11.726923461868434
344.7561449551944,22.697463923435336,14.6016453962795,11.737844248630752
345.38962569406294,20.198180721427413,14.598323964662047,11.742758785733754
346.49937505940426,19.940346965091482,14.596316383881824,11.745614637639017
346.26958379389015,20.81791572436057,14.509095738507005,11.783755455625801
347.0471630654389,19.71006940795585,14.50336482392658,11.79069736364276
346.8376524082464,18.400831998285824,14.497137902847454,11.798952227538477
342.8105157701632,32.932576940207554,15.553905991025625,11.002227938177446
348.7523473637678,22.646004306851648,14.187363165144596,12.194002660455661
348.92836662958996,20.057304426221805,14.147302943846832,12.24576107573756
342.24436878028547,34.11230765938866,14.863241948425047,11.351693177519074
346.0110878524558,25.018744005411815,14.643315652534167,11.452347020506958
346.5392426250512,22.121410796796972,14.587170258535014,11.547813761222965
346.10546572106716,21.430340730275987,14.582143776662388,11.554009995110276
347.1872646786238,20.703097532560346,14.568594117469559,11.568184481819637
346.4697611536398,20.43276405233612,14.529825899836508,11.612356940438946
347.5433536250378,19.51303660721884,14.51775848786322,11.625335018310826
347.70568768345754,31.7284170843137,14.055871642362316,11.593166059360364
349.4682205914021,18.11112829536846,12.818561315822507,12.389322387861199
343.7837625063773,31.56757358777479,13.798005478120619,11.465329126656941
346.68977657906254,19.622339398519724,13.272598903337347,12.053127980020584
342.89538814163393,31.831849664730246,14.86153837966549,10.869068003629813
347.02230859413913,21.85847985880361,14.084373461898787,11.632593427861018
346.6510556280138,19.96204651515791,14.081427049731863,11.636595025735916
344.84147854434497,32.18110105400275,14.47897377039902,11.13628158708432
347.2776900743228,20.199328641088513,14.02161075377827,11.673291760202831
348.9822655850476,18.618230946735693,13.932545973097017,11.779903671888208
349.30000012016444,17.716874246534502,13.927718542096098,11.785459069437193
348.2276972688613,31.121911257817292,13.143133370602602,11.76810011950345
345.8467749543604,16.706719503752137,12.182238779938881,12.818597381906224
336.94292904224585,26.187059759657224,12.278008912273442,12.619679489114604
350.1341096786536,18.4179965661709,11.232027644340775,13.621171430896823
348.38718835137803,31.520099501434924,11.480762886553652,13.184934691838498
350.5692265072272,19.099100239534803,10.85997986022518,13.972796939393623
349.98114458380394,15.725116609708321,10.856870459352857,13.97791818693111
338.19668366345536,25.127607454837168,11.230332934205318,13.6573687171324
