125.0,86.0,15.0,16.0
123.91674838079925,85.60809521339728,15.541482376775843,15.850766130538915
127.61957639209334,83.76821534674076,15.08391261593691,15.607460201467903
130.51466440259676,83.00278668406992,15.042257446065346,15.492511214248552
128.23363813249713,78.46853868879833,15.054298351437906,15.583315554401098
135.44939229236962,82.0897698327117,15.09888618495225,15.485449366427913
134.76687995649718,80.28128536818951,14.747042217704829,15.510578743546608
131.40046824660988,80.3745555786913,14.910530176816579,15.5455372440566
132.72802698306893,82.69436091903425,14.883348351862962,15.576165535080902
140.25739262791333,82.5523557086313,14.80798307474735,15.860368132160946
139.4386294168081,81.52206884832856,14.793106142313047,15.87535693569793
144.66718440064395,82.14106187581832,15.079046749897703,15.574525531406582
146.73773512786332,83.23037792866926,14.724413562899752,15.715518803359755
146.08061399685795,79.40783399165758,15.010287947903963,15.968631751388203
147.54380016472348,80.29333422513935,15.156758925390058,15.893802448937315
146.11458453965682,81.81551163127392,14.72792249058687,15.852924017970055
146.23830551354217,83.96361059817858,14.586960269547973,16.308289156365337
149.65481698134167,79.98946848878593,14.759237378962386,16.16268604604906
150.60786774776466,78.17661507753799,14.764048479058578,16.053710546996488
152.46410794579856,76.09255361377964,14.780860237302944,16.043037659999012
154.559668876557,76.44501954483229,15.048928744438417,15.14083048713893
154.66770769433745,74.1957129935444,15.02505600151281,15.173805905846296
154.1372764555933,74.34126235449453,15.024782233273589,15.173211877931035
164.53046335905898,69.16010182293107,15.235637048778763,14.683159817889027
164.58132112348437,68.74759773140049,15.23560624670269,14.683134157432887
164.71200388350343,66.84206891671955,15.231487548783324,14.687117955236506
164.46695779373948,66.37740784151782,15.227757272905023,14.691520858012728
167.45250390945262,63.90013978472791,15.243416597875246,14.715201220554949
167.4620140351994,61.61326374137938,15.242772540322333,14.715991500001037
168.04613453214702,59.42200614642658,15.242734185053193,14.716115237117329
168.83122967441886,57.40897161741251,15.24165524770797,14.717513694254356
168.61625220624077,56.980653684043396,15.241619505038505,14.7175362826036
168.73402670834537,55.26511250754918,15.240540823557462,14.718700107988884
169.0414727438213,55.71343511686237,15.24040354863379,14.718773570221114
168.81117477915302,55.52523781430819,15.240309069025207,14.718776257862354
168.62761364486758,55.51378258473786,15.240280583859615,14.718770353450807
168.7927344098224,56.14058969560223,15.239968137535701,14.71897047135982
168.2131692910115,57.183613245959975,15.239729264096404,14.718942648216963
171.67566209855843,54.891280272083236,15.207840572830682,14.727204501274402
170.32690418755467,54.88975755197786,15.207756506990304,14.727165927082453
169.6624260989299,53.60177135348638,15.20760694941467,14.727457829756949
168.69910858117868,73.95273569425966,15.43736712796831,14.2681362649096
186.53698128659676,70.11595319122796,15.614229444182904,14.234338142310882
177.16821911643362,53.94134661605974,15.452150894494535,14.91857898734948
176.81310621219836,70.71175636750084,15.325919688881166,15.02143242758251
192.56486449148142,83.20243864526516,15.555462059758465,15.200494965559734
198.2560343998268,84.3504295279789,15.640694455286887,15.29130943617045
218.38007276920445,99.22546682267215,15.520978464822633,15.951726790143347
214.98890894324495,102.52445731222387,15.927924170177928,16.22352587466903
213.11509340126142,104.88678819133457,15.937281633539504,16.22148364998646
210.62045387644008,104.65075994840285,15.933419032028638,16.219443807829798
210.3404238356949,105.46789160308089,15.933418850838903,16.219417549483854
216.3022334966798,84.39061007178438,15.923472929747998,16.06634053639328
212.4385893974714,83.07541927544142,15.868439675070338,15.263340571614606
215.32858734868717,79.94059779533158,16.326079861963755,14.610357036472939
217.65471740011733,100.03248392332968,16.697298743936173,14.848276675008002
214.26593945590463,106.88707408164638,16.830634757025926,15.079593756751073
226.32739532655341,92.06982879128229,15.997130745830864,15.823032091385507
232.53081135919186,80.05987716870534,16.00236227918679,15.90091110558236
218.88605736520626,96.36207598906076,15.132192761664822,17.232346442166463
231.3336601157586,84.17799983403293,15.951283601502528,16.80661447487837
240.87400408240146,78.65457924032648,16.81631634082425,16.094598888914803
227.34401758323327,93.63028573636473,16.157955141162567,16.580983443225033
207.96360105751364,86.80300208152136,16.64493870529716,16.432017198834618
184.54822703713342,85.22926779516997,16.935388284143517,16.522034523368443
189.24012391212858,73.37970999132453,16.553445616001348,16.49326583845677
200.54433540477189,68.21937641759109,16.939987230324117,16.191073984763996
212.61791363053047,74.05953190576686,17.050248457639977,16.43825991850767
218.95385915521922,99.73222030462932,16.910274026609585,16.367617617853067
203.42191234245306,87.24813069286039,17.373795337688815,16.206913479574517
218.34033459235363,99.2799262576929,16.957357179440415,16.283550621393864
221.59169999080223,92.52375484934545,16.929588140203112,16.32143283628213
221.6797945058192,89.777426384795,16.927667415470875,16.324208249880094
218.36927167777492,74.82440925862315,16.8419703080401,16.571612131130042
211.20840582227856,71.97710772647464,16.620270736989376,16.990668644676326
191.7004594956335,73.80121466219234,16.855771697164254,17.02257071142759
188.29653402229098,70.51710205860826,16.913775708577056,16.779953404557652
192.36429552883996,75.9873702536624,16.73642453996156,17.204484496444007
189.40568401036927,68.4059742185357,17.062194501494012,17.08813990898256
187.51850308717937,69.38811431372302,16.875667723682522,16.824096635149967
192.16495756258016,70.6154069792978,16.159026015312577,17.105713305572053
187.37350596002418,67.69217855240416,16.663730787502168,16.776429917354974
186.23844262743833,66.91400711293329,16.90864325742239,16.466265623712175
190.6929148244896,71.65714986969321,16.466810450844264,17.36697351839544
192.6286702564159,68.78621621691953,16.495565995911978,17.352362991148617
195.37915022094458,63.67546479425166,16.469995547445446,17.33841699920408
194.63785064038905,62.16056687782631,16.4699375144189,17.338437927803678
206.8423945378102,65.699693190207,17.024026446871517,17.342606129000558
207.2675085632063,66.64990899387767,17.024024083106305,17.34258720037778
181.79326514072443,77.49558983833604,17.954524630462615,18.135375444322374
184.70026882474346,75.44052076547615,17.972060231174563,18.11440912074282
185.58284285413802,75.27949433737905,17.971514714308945,18.114181033543318
188.65013753839185,77.72329867872597,17.92131503238579,18.183531121601437
188.94228696029597,77.2773439549185,17.919915461019393,18.184928698832152
188.19486955300593,77.74995375412874,17.921559152590746,18.183981380151064
187.60733514395153,78.17909553489783,17.921327849392185,18.18411419711097
186.9494912583575,79.03515222065113,17.920271293035057,18.186179983815126
186.1773988685588,79.28300075213706,17.920037022415773,18.186632490593095
184.40418648682447,79.42708673650958,17.92001188621101,18.186637326629015
184.2025989829721,80.25788463216904,17.92001374528371,18.18666394036228
182.17909854739534,83.31836281389775,17.994967525906826,18.123396766815738
180.87085945304145,82.34104521271344,17.995038797042607,18.123236966247042
185.32915131423644,81.43101526022505,17.996762379034944,18.12947627071417
185.6192858101511,79.6008939516835,17.996271939260986,18.129821798792758
186.22643682121424,79.30266980735892,17.993494522885744,18.14131701775504
159.62473465578034,74.2592700245207,17.919566547845285,19.174013685787425
156.0873103534171,70.22571323222422,17.978942263625246,19.06270911089551
152.28752986548926,71.26973284584555,18.070228684274646,19.064730117722693
154.5361838338451,71.8757034253012,18.151232667728998,18.618796382212285
147.7287811195714,69.83808684959779,17.889412081566867,19.19600530838411
149.01608036792672,70.450498410856,17.888243646196607,19.195510822990784
145.3739839076512,73.26370586527021,17.833531232274993,19.20188934067605
143.86073627991027,73.1536651489318,17.786478886057004,19.191269550337104
143.58462951376444,73.8586285501695,17.779813698542007,19.18664956396276
143.2245139871892,74.46362922125948,17.79222832970685,19.15420700149929
140.12167658838368,75.08490905142853,17.837255735044973,18.992332122235734
137.2322384715033,78.81270935295008,17.93041820080033,18.575040616482642
137.053402144002,78.79294490991359,17.93006211611216,18.573707478725225
137.13935351763678,78.36562949164735,17.929926335423957,18.573802437553056
136.93383441568525,76.54192659035617,17.92981956747948,18.5739521041949
137.72687315736889,71.47368597201313,17.916043233480465,18.57119593701134
137.8510527449631,71.86285693703304,17.91602938864958,18.571198340143344
127.54262405571211,58.468602060183876,18.500978731873268,18.040444635589736
147.63045609963285,68.22645506147609,19.729542854481007,18.000582062570736
168.6472610597114,76.83560683507861,21.151022503415653,17.13934180882275
157.0152225081721,96.7387629404084,20.14737270830097,17.855597347186574
162.37985722366614,91.88449160198982,19.76420980654871,17.420183839636547
157.23054718966193,111.02113496065334,20.133698366683593,17.58535079662589
163.71670083642192,96.94167499250038,19.70643883317339,17.50703089528535
178.29882774799623,79.13779410097352,19.256859005996425,17.86785206554609
185.88683916732316,78.34928274876597,19.259928574569127,17.969685680186096
166.95706449659792,78.23219323597816,19.391439128177797,17.905372244318784
156.5523750890351,94.25451774983073,18.120633006779975,18.71412058599842
155.17392247207607,91.27626782496938,18.100316084173418,18.729763502127344
163.1835184572264,79.45361111947967,17.820908354595407,19.401215218770837
162.7953602686486,78.45703815773172,17.8199551299291,19.40210378562306
182.87900938562362,57.21948042975454,18.911503178938077,18.622630160766867
203.62345416907576,73.65289671477535,21.149797907688065,17.132367338650056
191.37389746968697,76.25119339166677,20.603907415474467,17.744937078434116
183.0955064339043,72.84241193487419,22.011414660990013,16.691998473769754
195.197266472213,90.2428738636865,21.46804320497808,16.679465729426383
194.5404676398646,92.81924773104699,21.580974680481123,16.53648409654258
193.0533531273308,93.3471766699388,21.581359177350457,16.53596936985146
193.18692210324969,92.88341290620605,21.5812439246304,16.53595069418055
202.25602433345856,72.3396258908121,20.741726445413804,17.25999170494891
196.9298958425968,62.83902414946921,20.232410970777458,17.281252865857343
213.8168508283656,81.24084083276624,19.40678133371253,17.143013328608994
209.50886652684054,98.77326511503115,19.45581439751702,17.62951821866901
188.5975526932577,95.44011653104178,18.824203173081102,17.851077952260553
160.36173174883834,109.95383712467591,18.630012542388602,19.220929855812592
140.9408973504956,97.54606492179461,17.801843387413935,19.877845797830073
148.0018011640969,101.25367491139538,17.815560509967217,19.790575819391485
168.5588216502795,79.20812264799937,17.10426764551216,21.448548174552624
181.85013172335988,68.6979743965436,20.13516335323325,18.77900436069172
205.34385075636348,76.68847685020982,19.989972296503378,18.865264010244033
205.7091974887653,74.31277953054844,19.665938226202364,18.45864530575576
205.845320798024,73.7319253056084,19.665329256028976,18.459555444402316
206.280305772325,72.72069520080778,19.66900437464196,18.454600378429838
205.28710695182923,72.8888010725891,19.66871399778833,18.454596352524288
205.25821868667484,73.48697754667626,19.668704309275125,18.454582057914433
204.57649050726008,73.76647487295782,19.66866519901135,18.454510888246215
221.76433073576618,97.72067065451357,18.651448029352665,18.4769054579472
219.00774988184125,95.38485890159163,18.55558568935094,18.32910719560259
213.82489622406328,84.26299613205892,17.87757466689419,18.64841333159186
225.70144917827184,100.44917471687653,16.302742913140158,19.736451974944913
246.75467920310345,109.97588611983406,16.503987789014047,19.868267053551328
221.03889286456874,98.76862659488081,17.13471055153269,19.377871247500796
230.2142507131686,77.00028691455275,16.56576556050969,19.61431104516866
233.26427121814973,63.389817640985456,17.369066797556734,19.064480473040533
219.30740677542764,77.62725136252102,17.801916853044865,18.72150428057976
218.62428217292359,77.8538525475724,17.801822082985822,18.72107092173607
238.08614418957023,80.30345397566379,18.59074834876482,18.33096707220613
220.38585158160973,93.62805108756308,18.564293464588182,18.228426595966134
208.7381272152091,84.74199383197214,18.522276911134533,18.058345214814047
200.22788511071633,74.18149575839254,18.693666729250953,18.170823142979085
200.32459909823453,74.47655630772653,18.693558730544314,18.170875348392084
201.94335192539813,73.91058849253088,18.69377022785895,18.170561265839346
201.3027184777631,74.36790513697126,18.692818547651445,18.17000209986433
200.7797900710868,73.72767066315257,18.692396645870378,18.170220975022453
202.5096006036623,73.52715855708699,18.691464078262708,18.172068708767693
202.40214199148733,73.0987973918952,18.690596320765856,18.17274990574749
207.46238340802324,86.77972311355097,18.368692703697462,18.103047052523845
223.61255844120666,101.44874408214392,18.428377579957562,18.42177391416608
213.08474067875386,84.06813015421119,18.403316998906092,18.357451690685817
222.66267868923424,71.89859243695919,17.718115492715853,18.33952677423766
215.0764938725869,70.56237533387926,18.22995503567855,18.280603644353228
212.7441017564671,70.78849311995693,18.229881880375412,18.280540679381353
211.04399673591888,71.40618680470367,18.22985459961822,18.280518462246867
214.7346892119846,72.9134324990607,18.293459805567803,18.269623379379965
212.39581273415533,72.09962425642667,18.292830841365536,18.270367444337058
212.41611796117925,71.88448102144223,18.292784108527414,18.27034676441885
213.35410247985646,71.79649139443713,18.292772679395952,18.26982329890754
213.13470344368343,72.5707514367848,18.29722279436934,18.26488577284409
213.02079056531082,73.36346417811755,18.292910796555073,18.2632596523612
214.16790907296246,75.52994682108508,18.266887053346544,18.27615341717689
198.85307784736665,83.81784880496346,18.460836690207103,18.017486213946484
199.31080187263134,83.138648926718,18.462344289530446,18.008108384454108
199.4591568084301,81.50485857903917,18.46183442513319,18.00812907462382
200.10813024424448,80.04884501744945,18.461983852675893,18.007920699374893
200.46971014832474,80.13059595020952,18.461929951955533,18.00788431883152
200.08277031140327,76.89366299819478,18.46152365368009,18.008218023001373
199.78874732674575,74.05260864729055,18.45990808439419,18.010057006639677
205.99132738722386,96.37218501713022,19.285553360471656,18.268224060661495
205.6317555673387,91.23241958193194,19.162564789510494,18.461045908536097
211.26264280835275,75.65478818352497,19.283682916124988,18.81691981985198
211.7105986664145,75.34478521439236,19.282306503117315,18.817873884433293
212.00483738554473,76.44254717454447,19.281417196284597,18.817738281237197
224.3366292838094,96.15631123044886,18.64417769907168,19.138756769770215
226.2702858544862,78.5494864541678,18.073053150628905,19.3026855581722
224.29653027614677,95.50978103148769,17.463123549556233,19.253975981169123
218.11198452659036,71.87018937395567,17.66186402022667,18.94320873470975
243.6652446363842,85.06487877747574,17.077015095805045,19.361840028987956
258.3638595664845,101.76381873963305,18.315163119515546,17.635701590269033
251.62587407895776,107.44465191248383,17.72888967928585,18.912961750609952
251.44868965883137,106.6736095865843,17.727981607087855,18.913901912167002
254.0245838936629,97.82777693361736,18.19525413061932,18.488372088706377
262.86410912565503,94.3617756195127,18.328902030892866,18.422785605587574
262.6428808833381,95.09967758642279,18.32882993986799,18.42271471353069
263.10627844420196,91.18441134068605,18.32777887484194,18.424306813463627
263.60601979463985,91.02973155571986,18.327667702591604,18.424287491212706
263.5815882992563,87.60457451661499,18.32737959686578,18.42467605138657
263.5544351299023,84.89554802628558,18.326235455142413,18.426120221620575
261.44466459013296,84.5538264545652,18.32619493067712,18.426117076952533
261.2513239661429,84.91774198292633,18.326116003429185,18.426140093277894
260.1273902434849,84.79784066819148,18.32604505419859,18.42613663692263
260.0019350312377,83.54008042719478,18.32584897806745,18.426256470798968
247.80284917943138,84.92918814989974,18.296908102334385,17.775659338224713
224.79211922126166,96.35919201331166,17.10639673571481,19.31140547187454
219.41672053465427,88.7667456358341,17.285569353070223,19.458636674400463
222.3248920866946,89.01249103137529,17.272607215176087,19.444511794324992
222.47717246007477,86.78893109420628,17.277546566644208,19.41800886974334
230.63592708662827,86.74740678801888,17.18617638214074,19.47820105848682
248.21300983060303,86.26350036656851,17.140172820460755,19.390716407452928
224.67633842448106,92.68053117549232,17.661666267470288,19.10149464861412
224.72164669038298,92.17417225270985,17.66865541857595,19.09672902135495
246.1203561815468,77.37236147321286,17.492147080779525,19.12553292287822
245.74219600641294,76.75082880076545,17.490477249601184,19.11360614035454
245.07768356714314,75.50207551374183,17.483017576711088,19.10436928331045
241.23409517828085,74.74242460086076,17.448266711613382,19.08961158453646
238.75745177501685,72.04240396135994,17.32854307350027,19.022718182599387
237.12734527116322,73.08111718262073,17.307753321274078,19.004769307750525
232.5225575035656,72.92963843788193,17.284717200280337,18.984990891580846
249.05609529015186,85.22059714902963,17.875245844637135,18.791329542283513
239.21408548124217,88.23919156874527,18.596184102593227,18.137788621553405
238.2816852137513,90.32964135857395,18.556849171952962,17.981289752955618
259.69321890760875,104.65651885371103,18.41735646075179,18.689951983750763
265.9781743290449,106.42514066291707,17.933837066854032,19.15923054398859
288.9978477702509,95.8497194012571,20.62463468517445,17.273757149339794
285.4208085598411,89.68034252672015,20.525002836066168,17.497122981848737
258.8229703246162,103.9660358143884,20.571337723263934,19.265149095721227
256.82742220737504,100.0688938090611,20.20315766303807,19.43621743102184
249.66776693404324,83.2836700452278,20.26467001481635,19.285515514108365
247.94900819117282,78.24216413815537,20.219375334343233,19.267319595098922
255.24591523770493,87.49218196041885,20.427917007575417,19.328279052500683
243.681869063422,63.254408210434576,20.168172899842443,19.70607112034032
231.7558737538822,79.90986822919112,18.492985708253045,20.33981889898932
238.71022671778024,75.98035581574952,18.805119280884217,19.922534712505826
254.45673830957614,73.0119041886738,18.68080375415281,19.636235261273992
258.94179147460403,68.62704351896907,18.682346594018895,19.382240627783037
259.1858825776221,68.56351462661155,18.683062158625944,19.380109278853972
239.8328706894382,78.64859490290105,19.158437894222306,18.846781917192946
243.24970774164902,79.02103449206022,19.63448669019131,18.421007142131973
258.59888945898496,102.47441718991789,19.740564707545786,19.327634385576793
246.08787392948602,77.57231746268236,20.15051996087957,18.89278583589745
244.69213740215525,77.10477273439646,20.038810985817012,18.634947574306732
245.31308691121126,75.59836643956456,20.037216676185828,18.635415803618958
245.28814195823958,74.5642630933769,20.032912969941084,18.632867252692904
259.6898374631275,67.1935880257184,20.361415118124256,18.606905338144173
244.76063410244947,77.59066593141821,19.67405691638456,18.5872894742543
223.66884811911862,93.66678018221111,18.700810493153732,18.746424192883346
218.9970987565025,90.40662666590387,18.476719458559266,18.95026441717874
210.88082325891253,86.47336797851565,18.41225621728902,18.9446075289547
209.68132536384178,84.774090957723,18.424567351287347,18.90614627551131
207.1377752476624,81.78281887467395,18.417743538083343,18.896762817860623
226.82962523010178,92.95320208270921,17.26000335103661,19.596159441951237
241.9175928000844,85.43796362261791,17.619289310924902,19.41050229078374
266.3336911860366,101.33235064308066,17.500822397418947,19.94345981724107
262.06538063078625,99.49690106578267,17.506697047958745,19.889087270024312
259.22453975174494,96.76047120818615,17.44507550709116,19.92307607838751
245.5031809614999,79.49369186302656,17.355093502620242,19.993931063872704
249.87437289685107,78.06858589632427,17.136346449850073,19.981093966973333
255.06643512590156,74.76732497598792,16.154976775379467,20.569626359098663
254.62814899789734,79.42387333569263,16.516511852394647,19.93934900614432
