93.0,113.0,34.0,109.0
100.10293354262983,110.96696641723179,33.36201735993077,112.51797152201607
99.91703708702666,109.15619759291019,32.8765727533034,113.8026859456379
73.75581381076043,140.03689889703003,38.60254561198819,106.35588905028884
103.68768517433529,92.31546353381532,35.60796258332481,113.19740327037061
103.07663189357227,81.51869475864939,34.63347919810403,116.2730804081048
100.76853050635361,80.66310304543902,33.88998224643659,115.32025044875287
108.41996755283787,75.98769087347796,33.2549452964124,121.7730282991447
99.04397664272793,80.43025067075497,33.333396538019024,125.59357047827231
110.391105807751,77.17386346348232,33.291392312587135,125.75772161706077
106.91969544307031,75.99087110171223,33.63363091914579,125.0818459985752
114.51535042565064,84.79252803089545,33.875931870122834,124.69479877228882
123.06002953462087,41.52446785543232,34.42242837325169,127.0372164254612
122.4836256678546,12.516971507742838,34.41933014479389,127.43153498753938
147.62207382112268,11.545133998742031,41.904526428589776,118.28046723057761
147.21103865740673,16.022159539383814,41.90449552063196,118.28044904724327
168.26334735812148,4.419369713628605,41.37517261383137,118.52185061342654
167.46784802945865,9.472442246152276,41.375180012535814,118.5215700732205
166.31831570279542,7.00109799215182,41.36673357462997,118.49399796110423
167.31809188230838,15.269781930002253,41.366730127652396,118.49391493647758
170.67433371836194,23.941901724728005,41.36676133286463,118.49362371128389
168.94877792630962,25.692911087459045,41.364505683692876,118.49728149377164
168.92934756652147,31.940762573472043,41.363892791407665,118.49778099061771
171.17868933647432,37.30511073313197,41.36379256830496,118.4978759081753
170.8146687304523,40.783251802791334,41.363666544497725,118.4979755666471
172.15010592814525,39.66627751146465,41.36364719443044,118.49799379995049
174.73039805073648,32.323162643249,41.34050506121697,118.54131830109127
176.96976654591987,34.17677735687701,41.340323750171486,118.54132039544169
190.79514884191215,26.254448757046895,41.281289275984754,118.70394787098083
191.64029996616281,29.706398947454787,41.280712426500756,118.70415029244165
192.20311307440537,31.787595530370872,41.28041355872476,118.7047128875653
191.7014885871424,36.838827583371085,41.2800488228473,118.70520936811272
191.7907775024684,36.92189034097117,41.27919605396954,118.70826828434623
192.79367640091368,44.94956848427009,41.12727794724926,118.95139107794859
193.35690008004974,72.8871118185497,41.494834004084865,118.76180932271946
194.7650473338379,67.48079553189868,41.45764206036654,118.7954196792246
197.74794758759384,55.93791925226058,41.45760750591863,118.79544073215315
198.57399651205367,43.61817053105544,40.97574040326822,118.92108700879194
200.3374304126774,37.91509351909182,40.97091678384446,118.91042527496772
181.9002210583329,37.489418552830706,40.9207062811077,118.6962707757654
186.19562202776473,34.192007640907725,40.920414710591196,118.69425937054642
187.84454225574433,27.689818360873048,40.895345613122004,118.73402401612603
188.27528604773363,34.3219798319494,40.88987865854938,118.7395155652453
189.97117042319843,32.23237815994771,40.87727269601087,118.77022466562686
80.25153723737026,106.15815393206476,39.83088232938597,114.97236880010368
74.96215032972813,91.51130333167801,37.07828388362289,116.24267255519848
84.20563524239631,111.74391667951335,36.11378262518103,113.02500826797508
103.21851700250737,96.45824355669136,35.93220398044721,113.42263129279385
104.19670256744683,83.1134538933029,35.93107751094579,113.42403541815476
79.79131954706746,63.925289965435134,36.077674240181096,113.24826976803091
82.24769011665985,52.46564183396137,36.00316466456442,113.6634366211884
82.4118867677221,46.67762360537134,36.01259260763342,113.65918323767022
82.89383188898091,40.39482680208705,35.905070966437975,113.9807411234136
105.11065465984085,11.263906865249439,44.218800912999335,104.48845349464742
105.66882743380279,13.58309380927357,44.16200684250771,104.68489272458011
107.35355090866221,5.468945938275198,44.123672277584994,104.50679160073213
109.0537172752892,7.396084937948103,44.08170412639279,104.53724203308798
118.95535168984823,6.358285834810246,44.09968621280208,104.48128635104277
119.63196630619834,-1.974764783949304,42.90442085205774,105.45367821508775
88.42384370999224,5.0813759620504015,43.08414336990937,105.57129612952144
115.29143390681797,-2.899411712426101,44.58466549090635,103.9968168672684
126.34776504005006,5.546550757518972,43.23174977595584,105.44676891102083
175.14853858001803,22.735637201099763,42.12288610666443,106.65468611174987
175.04751365531612,29.64115405466054,42.10414947397256,106.67629019149355
172.84592797441562,38.4989515837149,42.104095890705175,106.67633424776471
182.41827992667555,49.738903195107035,42.01554814463262,106.91712270588864
227.59231452045032,68.42641821848358,40.98848573198539,106.09673819746563
286.7189234116841,84.57863840829202,37.02298767608035,111.94265792527064
282.2220996377198,87.89339137669768,35.15875940003437,115.1862207979686
284.1348257991782,73.14299050861607,34.57727961701922,116.2853349120615
221.1821907846802,64.53129058140219,34.13333699953091,114.86347109461425
288.6137361071365,82.34946893376424,32.39924415735262,116.95368070458741
234.85817462048823,59.06172831500308,32.64130127371563,113.81807948361364
287.9656821028618,46.927297619197006,31.377893059456763,114.79594050901486
242.45508623919616,44.45326248547479,31.481093148604444,113.27480682748468
233.6307748942373,27.512560558394455,31.77759067067545,115.86830975696273
184.89171682190843,108.14602633006349,41.26849368056758,104.18342472241372
185.8576832011279,102.62069615645697,41.266560392839395,104.18148420903104
188.61484254277286,96.79851243145345,41.26643715174917,104.18154738352543
192.65729702165888,85.01713907927119,41.18557463410169,104.23903934240653
196.30696204927378,82.47300300992917,41.181209846053264,104.24475571021654
197.51278409125058,88.00374803535571,40.96208781104985,104.53767583087225
235.78460427475594,100.61323518656559,39.67823595722274,104.33715512647494
156.6579467180406,85.81130207988204,38.116975875340955,100.78247107739088
208.8514412617568,139.2994958297022,38.80610525714677,97.86088551866848
210.10841616839545,133.4095559397111,38.80589979811754,97.86075984363362
133.72950427055724,76.32728297128597,36.56175521000492,96.49251464278858
115.88881672325827,63.615782373910974,35.657745935706345,97.11510652052198
113.88363455533099,61.21287449872781,35.63381995784021,97.14887379753016
71.65407719902686,20.09635801918091,34.58192545413989,100.33014894412395
81.65216632004251,5.696846180898952,34.43156668537519,100.23438006392517
114.29928979205434,14.699901439098696,34.400030312640574,100.69130894571904
82.04115936084392,28.80963107474261,33.89838498609659,101.8395655100025
82.97526016390513,23.483719951441657,33.87094218048073,101.82785549952433
85.53983944566633,8.332482597655854,33.85085582536287,101.55530083392699
112.485576821624,110.5914118911795,32.19506832930692,101.05737022539532
120.24551170693567,91.39131339123148,32.23451233279245,100.837358485057
120.91673237693588,89.23848680407127,32.240381940210256,100.82984361051876
120.31523854319035,76.03863171352495,32.22875187851432,100.86133632334968
120.45879813207853,69.79872154508081,32.026919079598414,101.41537541023798
87.30826885417,49.66074566675697,32.179898716958455,103.73407084974697
86.45877183799266,47.292719100337465,32.17896649217965,103.74244759098443
87.25738364786025,57.24234806320992,32.17975603505737,103.74533886567897
87.91714704028384,66.75645606589816,32.17957293631404,103.74734861408665
89.35982620575932,70.97024246780221,32.18004810717886,103.75224994663111
90.61566938449363,74.31441321346007,32.181531992019806,103.75346791500166
87.87798596462387,69.80575714692324,32.18145356122099,103.74686189621987
89.32572542400605,62.01945442913029,32.18071045559751,103.74794652644687
91.1312984409832,56.07882960547968,32.1808436708345,103.74792862614066
90.29773706609326,44.35781255750407,32.18102275129521,103.74790225151084
89.92599335690919,40.688529313775355,32.17974470917219,103.74360613291968
92.59100928985987,32.90121003736348,32.14835738596491,103.84995340308963
91.98001917026892,35.29779724436117,32.14836074888796,103.84996279265259
50.4968418021385,58.168474359532496,31.991531281047244,104.52924760039588
43.41945797589031,62.38265082421512,31.969847250499186,104.76992009217321
44.062695909935755,65.70922653554811,31.97201009338395,104.77996618690224
44.400372694174806,58.49051609432042,31.9718603847119,104.77966867793917
44.08775896838813,52.99857198625896,31.97186676265779,104.77947753310018
44.511167343779924,43.49107945101835,31.97187662482356,104.77932397748276
45.17864063433568,38.41540168435676,31.97175257922688,104.77846546051298
45.10721158631803,36.31722066226175,31.971247810410237,104.7780182128634
46.01630036310172,37.93056373302877,32.28179149402546,105.26979167750001
47.43399914609084,51.21314796126296,32.29291697454075,105.39793681966444
118.37308196015289,87.04022967060477,34.27603369504949,98.99339193125425
119.41764987391382,80.45632302157605,34.266441458073274,99.00464433148456
79.10048643785271,69.1479274762876,33.685314228632976,101.17724444305755
79.22555467991148,74.03548994254436,33.67483262825777,101.17850863255329
80.36263205078893,71.31425247082655,33.672076192395814,101.19762942712417
80.9830352731317,71.69940194823019,33.671928984618226,101.19794610961928
82.25053817931035,60.362206280287026,33.66509328105611,101.2058907597146
81.13752832833474,56.58206498242172,33.65900462843885,101.23560713993008
80.73871990159714,60.86257777718119,33.659154309768226,101.23540403728859
40.42321030580629,69.819555864486,33.53886887488505,102.17656375318187
40.2544649477011,69.78980127618351,33.53888351639985,102.17720742731018
38.24821679723393,74.60245445880614,33.53884233793356,102.17795296483594
37.9200817298461,71.15668203022969,33.53888154619553,102.17909788912748
37.23691521443949,68.0482131341623,33.53889110593943,102.17970944453744
36.933329051756274,67.86092966388236,33.53901640991685,102.17956558683376
37.75569292368199,64.92923664442475,33.539015776928146,102.17959360496648
38.36242648213689,64.99573513770977,33.538946639754684,102.17957034896058
38.95055389049499,65.24365100814066,33.53863674739304,102.17997329328135
107.09738958835558,90.86390925269173,32.8865058790156,99.60564409055618
154.9993912011787,69.32856169685121,33.05700521684594,96.94812112362395
156.13362473126057,60.451134760606394,33.0385445939838,96.9710604758499
165.2812358290909,77.1628949094491,32.83420565332808,97.61399220453168
166.51772274470076,80.15037424259845,32.831394929026644,97.61852286471004
169.0287882534587,75.34257078559403,32.83051558997754,97.61953913388241
171.11926213715083,72.06618594962657,32.82781670488703,97.6265796455085
174.53684459841475,71.10307733006736,32.827795825327925,97.62657408341843
175.0099025642627,62.67226322815021,32.82166981806287,97.63699073940118
176.74842779813565,63.92904137714506,32.82275207507891,97.63524855884312
122.56399040241826,85.77747601002302,32.65753873174809,96.2835826927454
122.53987615123204,77.42527051888061,32.656432894323046,96.28435941294526
184.83724564578594,117.61400852447542,32.53786730609414,99.31604020107204
234.89504571365816,111.27265714826787,33.053981037537184,99.72250451201987
187.22492764742114,117.90540327202962,32.157438910733894,99.68957242227224
105.65952178905644,106.94108535626503,32.71340626711175,94.7341674212819
67.60516918569064,142.9933429117613,32.49226986007382,96.01482229319953
69.50148882877625,134.79774822562285,32.491924122486566,96.01466187299592
54.03818886214635,99.69156272037422,32.085781364706335,96.1700260475557
47.116200141061725,90.51661277029874,32.12028386180722,96.54314410261391
125.82731339931723,85.82064697297261,31.53585641756182,92.52943509515434
119.72421825421881,65.6210328443459,31.031425827631708,93.52028856603077
111.14024664799022,61.7305434800255,30.966743078785186,93.7544390247131
105.83105751393921,60.315173767772045,30.98254413741454,93.73867781407291
68.8554013993747,89.67632787706012,30.417346356777962,94.84638287064325
130.1084952504525,91.7386716477631,29.637202355794244,94.55530634074242
131.17923104245398,64.52588636678185,29.27253343082601,96.28396604455062
88.83283963146683,27.0906589410816,37.53425546178468,88.2475300268105
86.98121201478952,36.30556054066312,37.53010465113295,88.26694748499608
78.99186833357317,39.40199744374282,37.450148672501214,88.62959707437501
76.90691025762604,41.07688409069553,37.44701728182342,88.63957452815026
76.26511277844023,42.8210230250566,37.44469388520695,88.64585475536013
46.205702485805716,26.071779104597958,37.10919547023183,90.77423113082331
45.63398069803084,24.15388349200994,37.099805584020125,90.79938416668355
93.09560459553805,111.03558713057701,34.67067552582209,91.45557832997909
44.583347717799185,150.35158517860344,34.89092902739358,91.11455208255904
44.072742135199405,145.30616722473886,34.879910769070186,91.07805911760757
43.14785058872657,139.22832066780578,34.86100039106097,91.08809373843172
40.980818212952684,145.8764732849985,35.21962177941904,90.55054132692224
41.959014184430636,145.15842965242643,35.21293662929456,90.56191855674228
41.994144259022576,140.6021867005817,35.21133590489248,90.57280858183066
41.93328530683391,141.64363905480184,35.20004023300067,90.64292210955068
41.05696062895464,140.09023892166005,35.20292729208256,90.64608229633598
40.32715963229154,138.82104961281635,35.203485186554694,90.6469805597143
40.105587026107536,136.7110874136489,35.20382269471243,90.6470644314684
47.74214914578411,129.11090168637452,35.17973142960245,90.78026574288971
111.5272160640796,78.0318405631262,33.42251720971069,86.69050896106604
112.02596518126722,67.70775050401409,33.344210395413725,86.81710361481272
113.61822337784801,66.53744864403104,33.343228386025935,86.81808841349888
174.5572479817182,119.32223403110432,32.44272587018006,88.43010485859062
190.99840281435561,84.5033631132336,31.375515921091786,89.90289918456642
245.443685419773,104.94746989699922,30.848613429983565,93.9621915679629
224.37834512170645,122.92776858766624,30.479503834466293,92.81813776573047
219.27754875919257,134.94059476067702,30.067490106552153,91.64366835733094
226.73005365892644,130.88407614869635,28.870237303239218,90.86147719536702
226.60541058139572,121.66672169729532,28.425055198489254,90.3793979969728
226.5789512032487,92.28881962724768,28.748099910126548,96.10980006797627
181.36739699989076,74.32899325228775,28.043972904244765,97.13678695485903
242.7503050549231,105.49858009425786,28.728519953359747,94.9450169879598
244.52115638819058,104.65027027008848,28.727839587545027,94.9432091975626
259.8126533769983,115.64181515432445,28.696941023137573,91.55212420509164
211.41362285345826,155.24529544435774,32.33818749502237,86.34097508742742
216.14371155558774,155.64185759940233,32.474545773441584,85.62522161466903
218.8699920377606,149.5995916270028,32.47510885542158,85.62084536397249
257.3143191661599,122.4585202158664,32.85881635399401,85.47399114645037
258.2314468846636,120.50627175820719,32.86242829617517,85.46875452790955
212.70883558444652,148.25587769069386,33.31425947815232,84.09139172299481
213.14862809039474,160.37201419649222,33.987032020691615,83.29455305282872
247.04719795021614,153.01240176192732,35.47665835329492,81.7186347945171
248.28733560969343,158.5937824016662,35.512290321937975,81.64409411135284
202.88505356187602,136.6537018887063,34.67320817733841,79.77078376276091
231.8807659553354,145.01545031180862,33.487001133339646,81.18148605901234
231.14895707718372,143.71914162050442,33.48680796892761,81.18182829895109
230.75688899565378,143.64168420361756,33.486592902319856,81.18260289873129
230.42050927995527,143.99773868034322,33.48625138538314,81.1830982891711
230.83518858714262,147.23704961098645,33.486227328064814,81.18311316952284
230.65133575677876,148.53446640827923,33.48701215997327,81.18100962025586
231.27710880038896,151.12949782753108,33.4869628645925,81.18109751951461
290.30301723221635,99.83012397180909,31.423701909140817,83.85325526513827
291.5154676967983,108.68568171640149,29.870121942882832,85.61222110529917
294.4307836413883,140.53810872993446,27.08049065833233,89.16388258116291
294.9018577331287,79.55876080017339,26.208919157538343,91.98675232984522
249.89200555005516,82.852660802738,26.83761705395886,93.1935857132353
294.9623260987032,101.96878422530608,25.50074792931905,94.27449118133154
256.2150667368581,76.83087846889413,26.84040520281396,91.64827937872575
227.8774799140423,146.54799029971494,29.730311972224822,86.41232842216228
220.67750311025688,135.17880089661793,29.722772942161384,85.48533437984555
229.421036390561,155.6045349628924,30.249921850913516,86.32639783298998
231.10510937713624,152.03734616432953,28.911243937302814,88.59946256390475
217.0650333687217,128.25920199066235,28.143375400543007,89.45002428770395
246.6287753810677,82.99019624804517,28.203158679317806,87.92763385643443
296.07166037100984,124.3854392347533,25.97105996408195,89.18734929903377
295.5927202336484,137.15824026869933,25.408553662152425,90.13927721466223
290.0758434350565,99.81528583485772,25.054986740842416,94.31784660480639
290.401122262181,135.3212805770401,24.743669428972147,92.44213336555879
270.02862968725134,165.78766957074222,28.294421638157548,87.93747122288113
294.6501814577264,130.97278255840268,26.676718640420425,89.6253278281266
252.35545451734214,135.58161797064417,27.276922338083402,87.19312891984237
253.02143817475047,138.1933734804116,27.27700153205579,87.19317584937372
253.20701699499412,134.61131450989618,27.27435825056584,87.20287484509201
223.8982062339059,167.9957306295817,27.981606084998138,81.91887536939286
265.67512297753865,110.32047182468214,27.31811531013503,81.5523595929615
240.54457905239985,131.8547455871108,26.22365430177001,82.26968166649286
280.1244571476445,109.88916399874736,25.392221475538555,80.83612545235059
246.92095366771093,168.11359694970687,26.419780498393926,76.44766146693549
241.24914776939175,160.98725898337227,26.35115322032525,76.96486758148944
236.9532694754299,163.4361236294721,27.41262301930857,76.3311959255508
233.47456048775913,165.24715575322668,28.178871255880573,75.60677452891747
211.92431402570972,172.55416794802318,29.2066636794911,72.66264054307203
177.02148759870522,123.66083616400331,26.973299809867306,79.44181204568207
217.0065621243487,137.59161495055997,25.359878358677953,84.10801020987346
243.21510551460545,100.19016823130812,25.546143171182052,82.98835726165838
211.17209949332965,122.80980189188017,24.89908484019851,83.75162671419592
229.74744441340616,80.24808090299662,24.651253734176365,84.3097763335646
261.1995642161594,100.25647299592896,30.877301299080052,77.19876912523897
262.794636765241,100.77963818641703,30.890805960209335,77.18596182699599
266.690494700425,98.58106221581708,35.183400621457565,72.43625936756112
214.9299533775316,172.03141740801757,32.937141653474875,73.23940640503514
188.44285350923911,166.8136397701227,31.861719808028596,73.74927675193084
226.48058063828978,178.2529300470194,32.83252256897024,70.15651620546166
187.8328458499778,169.2244901236438,32.541604511316926,71.72755239376562
237.91491859455,176.92867398073741,33.39676139033659,68.60561789948805
215.2427517159632,166.75530914104883,31.257891259570698,70.56519586072557
185.60515663536597,92.04307957989116,29.37668264757177,77.65995832776748
244.62428280813452,169.26145141629954,29.067472355257365,77.95221856120072
218.96281393634825,159.65062331611676,27.89653650263845,79.1954506893006
206.10311511287384,154.5680215514411,27.645955817067772,79.72859130666465
193.37493760969136,177.74125854617262,29.78731601142102,77.08885483551215
225.626559391535,168.3614455754518,29.712607909159477,76.45109041135319
250.9048436884917,171.35406907376847,30.014559823058622,76.35429689830141
215.82172480976828,175.3284266616128,32.0918922460328,73.81219841038741
181.33450929956308,174.43537232179742,34.03801821273227,71.30607553026476
161.3204232608157,171.2578808080147,33.91833262421142,71.16885961373839
202.10534263168998,174.6827486435679,33.69399101381047,70.03714390494284
179.70743803041358,168.0638385976298,33.34241557280856,70.55450024407243
179.5772939338089,162.0131132434592,33.16338066855053,70.90654509151274
214.35282089013273,162.13795502864195,31.70107187309036,73.35302994384618
233.7143831001275,128.49435942539932,29.436123112280562,79.01726964276311
255.8417988990753,87.5041840223748,27.535123759258,84.33160482381213
288.45544875545124,39.46149722976669,27.892357737912334,86.41024165365727
252.5572979947563,82.82860220656667,28.048591205102998,90.48416768638542
288.98278889615426,53.66819189451452,27.811409451135237,91.31036703363426
260.884590761196,103.8192771740664,27.223717586286067,96.57812750480394
291.3908221863707,50.4115610010282,26.90979446982344,100.12514249248191
261.48971862256235,98.52361136242345,27.11122492507684,103.3375194308242
269.4286333295624,57.31547459462179,27.15188210623057,103.63079186779473
291.5360298661827,27.5724657455335,27.50295359597825,102.55320330376428
258.4731420546853,4.786874702003523,27.574018830789424,106.55293611103907
291.86685637526483,22.59654550343393,27.49370536297022,107.19095687390092
232.53420401971962,16.972504027575255,27.330305240076278,111.87648212832212
274.6298587271156,34.23608690089961,27.78675430917104,112.05173184798201
223.0084673033114,89.81925795041754,28.430530503947423,113.91422886027428
215.38674367354415,127.52108989080963,28.831293017693316,112.11604898827916
232.0302869642897,72.57175308123803,29.05582981877058,111.53825166015673
222.98108015242227,117.5469063508352,28.853551837891175,111.73623003307176
258.32781789278283,70.9574261726759,29.632641054435638,110.86146419310131
240.14926179786923,114.95345451609742,29.087329385620286,111.70320114639499
256.956481815304,78.60810604651803,29.47446100602422,112.17770393272174
175.6646323427197,99.10755178376306,33.82718766115377,105.6265968820598
253.76103328759248,119.67276148226452,32.795976347580066,109.38102321869945
228.48515126039246,124.71893413564365,33.130710830446915,108.85051129359402
278.38752635112405,93.17082396350793,32.74695063921806,110.2469444979729
224.0738208088167,146.01749672274775,36.09501907246563,104.24535618164165
262.4069554069081,109.24388562869584,34.67808611895866,108.637053162226
