110.0,111.0,37.0,116.0
110.96761917106042,116.44220816886751,36.85288359658461,110.91785359787289
112.44191534172397,104.71423871420393,37.46115885474481,113.43056473925571
111.13597759370762,115.84700725962142,37.11617309322441,109.75343897959749
115.75525527011976,116.80508566241743,37.23181238151342,105.86734377659795
113.94555207441583,125.76001486344352,37.261588884386725,103.28654592905016
112.30820379677314,130.93483001412474,36.326561967076884,101.24645732995822
113.16390247305057,127.03357831937583,36.427813268506114,97.90528014694627
114.73478634581484,114.25764963530519,34.89594051389858,99.64846747114225
116.20381929195055,106.19182018804749,33.371998275992695,106.1024940338095
116.38954477852509,122.48522969358841,33.38961450565009,102.71858258498352
116.89876117989249,123.64495192125564,34.24721667796716,98.32130543082704
117.80510579629649,124.35581075483432,33.46208231481097,98.07276107204217
120.1404425669417,123.92799801257831,33.76707243547733,100.41584967320001
124.55193136767116,120.69011966359659,31.492035565067006,105.35463730549723
123.39358746745391,114.88993896353222,32.04326347036752,107.52737304949807
126.18199984509289,122.73971663552608,32.54092783175825,103.09752443158456
127.27717059303349,124.16123111094267,32.60945789120544,99.65305344173848
126.53419788914721,126.11810629116506,31.610469684247178,96.59295591618596
116.94017086181253,118.73712687938203,32.11597330861868,100.5049391538145
115.81021636429729,127.03449883196708,31.80789867632981,99.30840005211121
114.91745286191582,125.54031973629861,32.132806708314426,96.97170741260709
112.68485246914922,127.30570950223887,32.68480187022092,94.10994418235849
109.8698331750761,129.09861748948,31.883155964348607,94.78550363512232
104.73758883946616,128.90837411005896,31.04528391016567,95.21689586376941
107.96913833684316,114.96704366046815,29.942645673620888,99.27423556544127
108.11022838279226,125.25639701051836,29.755144482858622,94.35981071043365
107.24359773970671,130.4515002412932,29.570684139886943,92.2092530678537
99.91559894835083,127.23151004116235,29.930565847354565,90.45496524149183
100.74139364446802,112.96269729681777,29.42391563930902,94.92249185322788
102.67437810930602,104.13725141308828,28.170842913627784,100.4497111353353
102.18813269636283,115.06613337429764,28.786871886725237,98.01046527932282
95.48731553014913,115.52327263291761,28.51898488736551,96.74840280913146
90.61909778249529,115.60090044705437,28.459818537885603,99.88601412612465
98.42053116966298,101.37704181476464,29.115256359497508,98.34033463167091
99.28212830818318,94.59581447937121,28.962923183607614,102.5625059085979
94.10700277731058,109.06965056266237,30.00769614934449,99.24197569453023
85.8749282327079,117.38878417785557,33.732266991479534,93.0772687973958
93.92210043799943,109.60274530326026,31.740468319116687,90.8889476818403
94.11282141470866,110.70519006730831,29.877680831373596,92.27881857168245
80.68170568526065,105.86598758635736,30.81302287071395,88.84707128901645
78.71558244737156,114.3631984669419,30.606850672023135,89.2098844826814
72.75786425286203,106.01598037457367,28.403423955268266,89.66578383270104
77.68849788615495,103.82611358876092,28.233470432273734,85.47221608901893
73.24628378341035,98.50424681218169,28.052192384711205,89.424997341152
76.1794882641779,103.88166874120847,28.325330771198523,89.47817121381132
60.38868729040225,110.66714893962222,27.54808796166977,85.61853646243058
73.32135222546455,104.65736826532321,27.26070761547095,85.02033143071856
72.64949291508186,89.5304223751306,25.7956114722135,87.56384837895045
77.18493069273829,77.08842713972908,25.72673291091919,91.00880152675548
76.00159349389297,83.85756159903536,26.140182411225197,85.97210712443928
79.53150550769908,76.71307158528924,26.871270058112483,85.62732193128944
81.03261510289559,78.92087717830145,26.35446632639868,88.39971333162977
88.11573012662264,110.36509656713409,26.896891636305416,83.09572813672817
91.11731327373813,120.56395798221547,27.08578533581831,81.79548608049116
107.63915586741176,136.66431868169963,26.997143941195684,78.29144284314393
107.56392992165078,139.5831532764113,26.665328333747606,76.46802822372793
119.6521569466725,119.76063294965275,25.76053413477836,78.782918272997
122.28390834080072,100.36482402778587,26.168728009424775,80.20996549905496
135.988239708585,97.17460273328174,25.993314938162804,81.46691012511155
129.4546782523456,102.76673943680024,26.379574470209526,81.73120315484216
134.51273648840362,122.81434133700009,26.395233854111524,79.63390508564363
128.19921169195965,133.10053771636197,25.90862168094726,80.16988215419036
107.01765572346692,153.3160489512327,26.637429571301862,80.24846509216377
93.20818392512011,156.4090792205559,28.148802519802107,77.64602987013724
105.46307873367999,130.5566735268642,27.31667289108566,78.89394733662219
93.35499783270701,119.0643398916127,27.034253760414437,75.5224153425988
93.1400630252723,120.52097426811028,26.98661283360639,72.71865064111017
93.06567191630995,119.15871304505572,26.633377017072924,71.53089205084234
86.47827452071262,127.59723217961786,26.247702180887206,71.36116541196706
92.46414923062649,143.47587767549595,25.144864504223545,70.7212698212119
107.37078137364885,144.27874090045486,25.17712405240733,68.93871269211579
112.53999983057804,138.75267249683688,25.107971386900996,68.30259895766477
120.06506461539615,122.5458411597088,25.071731130008917,67.5709140367061
127.65453749151243,106.08652211338514,25.838549919402347,69.6742902885331
141.5915586012633,84.38617637401175,25.616790414744344,75.02459343109822
140.73386886733454,85.69632489643719,26.610385231322454,75.7982988238389
139.89175922923602,94.45550282082112,25.64769717796011,78.9323134279519
134.67672994801387,105.39071227144383,24.806025317430795,81.02443610690668
126.88852500807886,109.12021594565933,24.911736840672397,85.91539385399571
92.80908789761145,126.67570661715673,28.226807655845512,80.05350270570304
94.2407485479483,123.11408824780554,28.419515674934985,78.9566399952477
93.10749897323437,121.98104590179884,28.397579126807308,79.02849270026162
81.46875652052645,117.56238734325419,28.615016882564923,78.63430823806623
84.4677104010336,116.4297039609762,29.39453917907627,76.53459846072158
90.39508573336104,127.33732843722889,29.60576084260742,75.27484381668788
109.18354972587123,137.1465377677746,28.983434145428845,75.32125059504963
112.12304709928632,134.2293185910973,28.99688639338014,73.74340981937587
122.74562330604213,129.05901440122446,28.376875123667368,71.87170168606004
125.35581949770207,117.91327923329598,29.185715719168286,70.46925760846483
138.49709425491528,102.42213872871432,28.02253952627504,75.74678664924436
134.19516973098567,107.34106925192638,26.35912516165869,75.60309273996623
139.50540118618596,124.0476726232936,26.05319548490069,73.60148611014685
141.8601603343987,135.096391052824,24.84476103933583,72.85213846922571
139.42732288186784,139.0256464173063,25.230811673004744,73.00018901955801
144.4416986884483,136.4831244217257,25.210137681303774,73.02723626084122
142.89173942367987,131.81850001378143,25.214893342340883,73.01940221387574
117.64014893650727,125.58209632923644,25.54455518216457,71.12205806319038
112.7141799699329,127.14499246771508,26.734076657183437,68.21187032991898
108.70824137574783,131.63051811791695,26.997645186953733,66.83295636624624
113.23820884946113,137.97110520242006,26.28453488552321,66.65418736386596
117.6975750497678,137.55248351021402,26.904404360215054,64.28701328116072
122.53733772047585,144.8044628408373,26.46374582482924,63.12288120377653
118.16296437478486,146.1734666374558,26.224476387671164,61.608408313794214
112.86563794395693,146.85765207621563,25.588875076048232,60.10891688862225
113.64468707893,133.56513979184075,24.952672965750956,58.844721181493114
119.0864401658614,130.6968305913845,23.554874074908184,58.76135848423057
114.3668703479185,129.8849775666505,23.076178475198276,58.379166534888796
114.66009697710165,138.94665505837895,22.62116129657252,58.21846757255
118.75353869037106,141.50980700262522,22.450750686500992,57.59924900739125
105.09472458832087,149.35193613035707,21.45082250937576,58.90357717770878
90.26800444966062,142.23085419092024,21.452266174147454,60.30162007727337
99.21752256988077,121.17453190521925,21.569709425894644,58.93639752221049
99.9129346791267,119.1300304782992,21.567462549436165,58.94124147865069
67.16477447223363,84.34379629047419,20.856980595058232,62.42307264726948
63.366533045372414,85.79341814214823,21.095749272602706,65.45171972150926
63.97536999380442,93.06337255398496,20.904104128065658,68.31254484558971
51.30202084177523,98.08198987611595,21.17823735338869,67.95453707663292
50.990852300750404,99.73524373753098,21.17959137126369,67.95341065186804
51.37124151524778,104.47883129169503,21.179599833252507,67.95351257448476
51.74668812819255,104.3840497684526,21.180220803758846,67.95310198350796
57.68938910288777,114.94468889306913,21.268796896970937,67.8816341438208
82.14864372242712,132.89745231824045,22.150309783136386,68.55676143776526
119.96314858655599,140.38960930668563,22.215033270210682,68.12826315759122
187.81829654064452,128.55510342097585,22.326926693088282,71.31956039043652
187.31333882138935,141.9666660469957,22.25920946596451,68.63269612472499
183.74581286766102,139.91786303523878,22.064340604683345,68.93454580821194
183.10323056114194,140.77691840580087,22.06576183622129,68.93303035917914
184.9463833321076,139.87638139402856,22.066457522622493,68.93238924714942
185.91483595416747,137.17643334386082,22.068439517005224,68.92900556614336
195.2324579053028,115.46233299754152,23.71383144847482,66.18579283715111
204.57499868567805,141.61593256187962,25.319311563749668,66.24829509397293
217.0152367505729,157.23703423067556,25.00573568725589,66.44846693948654
218.98523983532593,160.42094819143173,25.007697720340765,66.44354833499081
221.78426187312047,164.1614800896664,25.016731720160614,66.43843954798189
225.58395716469175,168.86000105287087,25.01824131020534,66.43391185039376
204.54424441273025,125.35798327915148,25.651393010417397,64.68782532752004
140.71685387283668,103.02221514258736,25.455961993036578,67.73433871246469
152.70248962748173,90.32145467747938,25.063107308087293,66.72894779270509
153.60924060469182,81.40446565327323,24.084240849806655,67.88863041570231
153.04678440118434,87.08811436241197,23.88217052023407,70.13083006773735
153.66187366711927,88.68613708614501,23.87771954650018,70.16640159414821
154.06187285417286,93.58074921645621,23.876473063052334,70.17026529281536
152.78200380502673,97.86868578442983,23.876524262159442,70.17194781330126
185.8040076186495,97.23901032485259,25.469616854640464,67.1048479077182
187.4826581760201,75.27330484044953,25.045333232193553,68.19443529864346
163.3346356282111,71.7811808844578,24.905625459159232,68.83564322115548
190.63745865770386,87.57833357656773,26.435458373562376,65.88828569765339
125.23139113326322,98.67772151565843,26.137241859943664,67.57463974806083
122.37788552959383,101.74047599666247,24.121495727804895,68.85465408622368
122.19464271658572,102.91087089422842,24.120471273483595,68.85628534593182
122.44901410451669,102.73746858776553,24.12012101041996,68.85905910177142
98.84557447209798,122.83830488765179,23.330013886097223,69.51963015434269
98.33169384301839,119.83461776312942,23.33364801851635,69.51543251923214
97.90914779508498,117.8069439834369,23.334013730697098,69.51496485873805
98.6632650973837,117.53637782968852,23.33709149163158,69.51196678131276
99.24236530904228,109.96906054232672,23.369786148880824,69.43541685438842
101.01873506258516,105.45321377407106,23.369914292780763,69.4356734707337
100.51562880913382,111.73361265932292,23.36989537249079,69.43565813278617
118.83875697873223,115.75856001366813,22.982454798674812,70.2369063073965
119.69151467887286,104.0408541355427,22.728269821748654,70.01379641142567
119.59674371941188,98.32044048727582,22.724106405411185,70.0160460559819
118.86383551424288,91.04059502378419,22.72316492218688,70.0187091661927
114.7294220334542,97.2950011233538,22.695003396520576,70.42441627705105
117.04987823450612,99.23156706994517,22.690775412141324,70.42227060708913
117.53778434229145,102.4332653037248,22.690990744883834,70.42226788495225
115.15706379207609,101.46679342103931,22.692859339363633,70.42055979866917
152.19683121155126,122.41889304171399,22.056424475999236,70.100390708687
149.676347802109,122.90141561586168,22.189158605979905,69.9831865847904
151.33994679215806,104.91415139958119,27.03655741238083,65.56540392116
152.84180810389708,105.34769770323628,27.362605830772928,65.26953135417116
142.6775078586819,114.45907092794667,33.11376033731655,60.253641632350494
142.1142906718825,117.10163298350572,33.230130228226464,60.17241928896309
140.074298160033,118.15786067339084,33.23967114486975,60.16604086498812
142.94671207028327,119.76400313397853,32.04436143273718,60.43625888112964
140.41615654792625,121.08869320665323,30.00916567660893,59.61953154301597
139.99056842157236,115.56633313214904,30.005775712847893,59.623471624580496
142.55250824572337,114.32397969103582,30.002024219300502,59.628178249314885
144.48449408280078,110.56647150623745,30.0045755725657,59.625889721603265
144.36889803929213,110.18285918071062,30.004252654352133,59.62608472959815
125.11739129511399,109.87222659358801,29.1957312611166,60.58345024373291
99.24800890202565,132.51070925662162,32.48618519524253,57.91435311224574
100.58284813408599,130.48062901367388,32.4856027241638,57.91474301403478
100.44854046440769,125.4457967251833,32.483231417106616,57.91768186011995
101.49407353701456,125.73219363188973,32.48220142568622,57.91843850942988
128.51252399605877,101.7900477866143,32.08436911111341,58.64697611062527
127.85381374823989,100.54876524790282,32.06770902985452,58.663169890211904
127.72079225301744,100.49100666965259,32.056298299729804,58.67134127939316
159.26414043823019,110.2437172672038,29.47442370664804,61.707900827698936
158.64708053264647,122.11283143934564,26.914325692879586,63.47185639759985
160.6051231528318,123.99110791424432,26.910537462930662,63.4786396294431
156.21291546833294,113.78517123211452,26.33779035634248,64.27985816277008
188.66063520281702,107.01389747430805,27.024603389815717,62.300948006263894
216.8558903465344,154.75473400185052,26.641989525720764,65.48731236572974
180.8351366304443,102.31100302989302,27.17656183827204,63.96020826960567
207.22903933896092,151.28605436818307,34.16862168613141,58.69812439185372
230.55700452313053,154.87239237190755,33.050086795087125,59.82194477570112
233.18076260820203,156.80862761939824,33.011606021520045,59.850229924564374
206.14167049895934,115.74859763652196,31.218074694351113,60.29132718279739
244.13731499906245,148.55442798851496,36.072755847953474,56.97010989922155
232.75155901729397,78.47645381859202,33.659842457486576,59.68269886406741
249.62292291177877,63.91176649211794,32.3895878130482,61.60143737809956
227.0722587350516,62.5639670050406,29.49620333691266,67.45730537424215
225.55051449942087,67.10723066416334,29.485871913383505,67.48130127987363
238.5663458833455,39.84432207955004,28.53414994143272,68.78613685119984
213.72160811044859,110.39011569415982,29.359562224287032,69.15925604287871
215.62275320187638,109.90854893018151,29.359052503696482,69.16115398800682
218.6674360717136,111.16642462823945,29.374011581679518,69.148041647143
223.19777326399316,113.55769458033734,29.390426506812812,69.1369417720915
161.34437501595124,103.82586110189533,30.29740305660754,67.74415769442966
180.5962676728984,105.97999441983364,29.24966480081873,68.65076723347975
186.282084593515,93.4031306206789,28.862675849417037,69.91940305017305
188.12990634582036,93.12016848690482,28.85058389471782,69.95090474129375
188.8290653035485,91.46825752204552,28.8418282284452,69.98194839838357
197.20282681828522,92.26647492052766,28.789585274045013,70.17812388908563
216.5140339963571,93.36333239670583,28.168353474053575,70.50641282581313
235.95166074359324,78.20646386433414,27.64225540560673,69.06119488872545
184.85835337956036,53.53665695330337,26.19388325623105,73.72979583236902
179.05725925095425,70.47614012608125,25.478477938919333,77.23069322582694
179.00842312904837,61.7491356591105,24.851780060775233,82.13427663028845
179.15140929114372,62.29714765315412,24.851319170662723,82.13531022314909
203.51232529959736,103.93393422842598,26.907010194526926,77.75475007309366
206.5446290236972,104.93480120775956,28.07536487782752,76.62001305837713
207.46717763305367,107.27782418822383,28.07655037968036,76.61982487027574
209.11881636858482,107.00966796161342,28.076590932299716,76.61974868786119
208.11689985421586,106.49762532014239,28.07924021279242,76.61702213265325
154.36921297351967,95.12608695038588,29.7270645357082,73.19717887399729
141.75349911721173,86.4359009548806,29.338470428255714,74.48428151686333
142.63178909279918,90.45244758440913,29.341204060454874,74.48223512517689
145.80499349867608,91.85961668202373,29.34594290037343,74.47835415956195
190.1134464547845,103.12236470064852,30.117327393430017,72.69276443334752
126.10893628253724,85.72216261744691,29.160329061166724,71.2127196861765
125.07712540612496,90.81490795922238,28.940142344218955,71.14468257775987
121.36285365556857,89.98181138681858,29.133377198175957,70.98353309313478
114.00303121385816,114.16800571665894,28.588887674553316,71.88277758164743
81.99095587229452,88.44649691015267,29.6706021394189,70.30132391170096
81.53156318087079,91.49057228398404,29.6706785421829,70.30108620038467
80.70735063630643,91.91033698557995,29.671498331361953,70.3003099610074
80.51390351367205,95.00776208748492,29.668976478036047,70.30654580150897
86.63328730126203,108.41447787268433,29.229431849023097,70.34905028152518
88.40370614833884,105.36178923213754,29.218709520851533,70.36765798177773
88.5734419921172,115.72920526537055,29.661194446358625,69.37523085305583
89.23052067954866,113.49747576821062,29.651178473740266,69.38389353313617
81.72159184888116,116.72051687385388,29.719084009525943,69.57065624677642
83.32351749453596,111.76032503661231,29.724356329666538,69.57221858642069
84.46726676998028,109.07225530475114,29.732193786849784,69.59019660071068
51.51957587491124,106.32893247300859,31.14391774007382,68.53792138483175
51.4172131429939,97.08952136311163,31.111882095867685,68.54156965443038
56.98678096025915,94.73010761104831,31.038895219271748,68.58426924794298
56.51138324532076,87.4787973023578,30.9852679845062,68.61279833547782
