340.0,358.0,18.0,55.0
334.1368125689989,355.8375735558045,18.1759207222927,55.37310952405687
341.6991005232528,355.5633815860119,18.11983579584057,55.763639651662906
341.08282017233483,358.69633686554033,18.14509023184556,55.75237777806128
339.2994726972125,359.7421255106125,18.301786765189636,55.660499961297944
326.16329998577083,359.78359975344983,18.991147263756446,55.30121024594607
338.93686413438303,359.4611396558358,18.812802917337763,56.10469493423436
347.29607297545795,353.84970545331,18.00147923695794,57.96245866399295
350.82557536914663,347.9209748731175,18.128377521937743,58.18353772141167
344.9406697279997,348.25852523026236,18.183074210725763,58.2739944154547
343.37091914387094,353.36288047300053,18.38975172099374,58.28694072929478
367.24431220063616,367.4402169610606,17.852915100871524,59.81152037768629
366.9694361397581,369.0388355396356,17.825518069871933,59.85189379907326
371.2652370588175,371.8526443333516,17.83270163214376,60.268795636079865
365.41844823516135,350.7425755995638,18.25525266812796,59.32968856630194
370.3880095371114,350.01413668566136,18.229200742938772,59.35478259875007
365.53713001450507,351.07195581593123,18.228775111027417,59.28735472067178
360.5847357771664,356.596931531107,18.41674763721842,59.158996002722695
340.19415586460235,345.91106114224715,18.323987021672686,60.09078583744915
355.4815876023545,316.38182024655777,17.96486375002571,61.30708928410143
360.7049996407784,314.14054554108674,17.955709427206376,61.43612450055491
305.51294397078817,365.16582901138406,18.841026211522767,61.092344669335276
309.01433531685336,362.2165308491416,18.75672486933741,61.20948786119084
312.68960945724234,367.06381937850415,18.640593073392246,60.84333144150378
340.86477192721696,367.69107325355213,18.63940067128476,60.81158603767547
340.3662979612358,366.77823434507286,18.640458641527665,60.8061045013778
333.74798041601247,368.37384618516563,19.010417401407825,60.09314849087006
332.9691406497389,368.5740769275599,19.010993180865107,60.092361153449026
341.038758961072,371.6934794094716,20.665101055879518,56.54590943822174
358.9826165822945,370.0114466728887,20.76516352339543,57.00760898845961
392.1618002908924,378.307610394261,20.29723800073088,56.136261236266805
362.39510471938024,369.7865034561999,21.2756250238822,56.0292517847523
337.90413522410427,381.3450714467738,20.83672279739313,56.00883745277457
366.9542185862864,369.8450970684559,19.987029095489838,57.83190441924905
399.5607354638937,381.6951479002196,19.83601468841967,55.78845139158602
367.9255973083515,373.7537626023834,19.595686141105723,56.850138918410764
400.2616569026172,389.35874969594937,19.06433691107047,57.43378197981391
381.3178881330554,373.16955491166004,18.71656103466657,57.974820703055705
352.21948965524524,380.0481312784422,19.074017780325967,56.69095269086585
354.42492978560307,378.9782845803688,19.087342345965286,56.67654829152625
296.04984035948695,377.09975109824103,21.092167499467095,55.988974142500474
304.61698317439664,373.98569512633145,20.13556856093193,57.243688831375856
298.6604954028499,377.17807848846905,19.980365927145506,56.96095190751571
288.57323935953093,373.56282195854175,19.869582527333215,56.494486398339504
290.1971715797981,378.76337708529223,19.063640751441227,57.51994608349817
286.2153568168429,375.5551029442394,17.929180105537647,58.957526698977844
286.1968677371978,378.57906039906516,17.890391373586787,59.082585422138834
294.69780655067757,375.2085295184337,17.95030993498175,58.90229718111302
285.7077009045496,373.788251720122,17.810297228214225,57.786035150783235
286.5542363703221,373.81087963411045,17.662842565780927,57.53811044735046
290.15666960571633,387.8937620692632,17.46188902071264,59.576433788104595
285.9427673149202,373.0212934516379,17.928963526468713,57.8566321775299
284.9459498147792,375.2782896311714,18.54890994814503,57.075982704434026
293.70049607458355,376.845611347133,18.504678344674097,56.89415766621812
284.67569967832213,377.30228787604875,19.995557224233092,55.45984344295843
288.68271077936447,376.1501029806285,20.30131441820546,54.86224761566537
292.4751467111279,379.2662963588029,19.59152552434418,55.47992370645406
292.6601320048905,379.8455338449174,19.14771452730169,55.97084002775084
289.6875330913232,380.36901910076955,19.45555559631862,55.67185273328589
276.2648106100122,380.6440045113516,19.118024789897646,56.124811361203086
280.129388537726,383.34716620583356,18.095940238791286,56.61394524000044
276.92898203582115,383.4632211670091,18.209564235795575,56.77557042840908
281.21030251843507,386.76271029515505,17.899234977110776,57.872318566770545
275.34587412856587,379.90307147146984,18.190105382947714,57.38439234908973
279.58638045972117,387.1651145959587,17.990962608942866,56.02565701411346
247.0476913111236,338.0904668060587,17.327877649302017,59.071032611003275
246.8142760607236,339.11106397420457,17.328366833402008,59.06918115496058
251.3445904613517,337.9382046716943,17.329556155009666,59.002350502702676
247.11285253401223,337.65366004209,17.126921970931228,58.10531701544371
246.87495507889585,335.1709971421944,17.127163130172153,58.10399662077693
259.7810290154529,311.5283248623077,17.05693954294679,61.48310643933932
254.17238121598956,313.99354055393786,17.074209583401764,61.61992769203483
254.30220314839946,309.1425087902995,17.07613897364405,61.61895300367441
254.50126278960607,305.25273691847866,17.074570525409747,61.61380445987092
255.02704487429043,301.0323659405656,17.07665435103616,61.60089784849736
277.6844057627872,266.67918694125325,17.989742480048495,59.36007414546192
248.07932035695674,235.5888029927654,19.227794914023832,56.96378515767199
272.02683134944095,266.57023595224973,18.680108744485093,57.69543065227754
299.84727059249155,262.36114523362653,18.871074588217862,58.846294794449456
276.5532582276494,269.03917280055225,18.809677626007687,58.532060186721075
242.14521347531746,284.5414862542449,18.98650016289809,61.234998586953026
222.1857814427773,296.2784705190275,19.65573425361315,60.923589566665086
245.9458920887147,293.115540432069,19.73360027252943,59.94131423109116
265.867030620344,307.2045903947037,18.921203732952396,62.27043552774558
265.8607431865314,303.3941262318999,18.89055609870371,62.17914175404899
269.78326908834816,301.085351206672,18.818373882014697,62.41061344680829
268.39554909885345,299.9262513881646,18.818961823574295,62.41104474848071
266.9761227817258,298.51313852594666,18.81897445004768,62.40889632550132
266.79153515075166,296.7763804726601,18.823720208316708,62.40093588674059
245.99902293717903,284.7598522362492,18.982364477991187,63.084722492619136
270.32210664168645,305.75309525971863,19.108753373908037,65.81742895056296
270.39520100800576,302.9463002119801,19.109011063011845,65.84776852342654
271.28603556412094,306.08416375115195,19.11143449629082,65.85981696159288
256.40411268317587,296.4255778407852,19.144601699831384,65.55723208371793
256.0050152718444,294.28595989123136,19.152526432391102,65.54729533344214
254.93553555785945,290.0991585365406,19.157962872995284,65.54041727652722
279.7218765641852,261.41119908641747,19.475745643058666,64.09927761354112
248.44109250669797,287.21496345973856,19.955961524146396,63.35739522920356
268.7160996280196,298.3090520252407,19.697737290048067,65.73621944097277
268.0663983502901,295.4688128880181,19.697769914286027,65.7371961819097
268.413887711298,293.6802966234802,19.70618649933436,65.72027319417023
268.36598100295555,294.94072696072845,19.705188241483988,65.71396511290492
268.1106308101007,295.38375201111427,19.70704901995488,65.70797568489336
268.6053208829871,293.8834145514262,19.707117302336034,65.70832778551332
268.20604008671324,297.00978019827033,19.618330898648836,66.59215359402842
267.51712165870595,296.97391424099897,19.613152718080492,66.59878593394568
267.2397012033002,295.0782435296153,19.612837278756185,66.59634464568394
266.4150183544786,296.2264646760069,19.612572787457406,66.59600869140175
265.6704179622251,292.2778187172622,19.61238677501317,66.59502237250193
266.2626831519758,293.2267892477411,19.612076590328332,66.59424994786619
266.720176270048,293.64369703415474,19.611822512368047,66.59202872299274
265.540482264975,294.04113077481236,19.611200137000637,66.59246571889224
271.3015209719895,297.44340753530014,19.60043711506164,66.66686613163262
271.6267551736043,295.6101516113213,19.59869177768507,66.6688808425205
270.1352781645487,289.8850116479201,19.603619882557776,66.6568032482658
269.73714101646067,286.41404252755956,19.605894983634922,66.6542748981056
270.28003438813573,284.9035444530556,19.60733331982124,66.65379668569386
286.1873772289766,288.97554638275875,19.51999787312493,67.33631374608724
286.2135861628881,288.602448364434,19.51467742003384,67.35749575180338
291.76518871031357,285.0574027632285,19.53773880467511,67.44397825060116
292.12057108927576,282.6103425977403,19.540707362218534,67.4474807341349
291.8944112041036,281.14025722642145,19.540209007076413,67.44713572016548
292.21685958391726,279.1341186356538,19.54087984340788,67.44545826226597
291.9743330206645,271.5597654915025,19.537137719259093,67.45893925454813
318.30296223509333,244.82577137966334,19.682018572628074,66.32313338032604
343.8780781302202,231.47048426960478,20.698260171046122,65.02459047397832
321.66155363088603,245.80464701263156,20.727626460974296,64.64403621290032
290.99804168463345,277.2243815123044,20.513321923303742,64.68268763591796
290.218880032729,276.0081007111321,20.517330017723918,64.6769677021602
258.7987287993414,264.3345207569403,20.161061134401436,66.48508609137876
289.58900461237,269.35774380243805,20.391632402631288,66.73954522804448
314.7235879306525,246.33432844004597,20.792238867872918,66.05300421820945
340.98142106146696,200.0339701013553,20.975127598919833,68.25104908162601
362.57103061480507,194.22979802785306,21.981749098933093,70.35408507738529
333.678972817782,218.7063241968275,22.27140744810614,71.23075228289352
304.6278193530093,186.6131361869705,21.84212486959494,70.7328555364942
338.70097228520257,211.26078317049593,21.50809012337248,72.18168312095699
367.1192322406076,184.2805539334979,21.71372643204488,74.4908583307929
367.23526652276917,184.38717677434687,21.714314972452232,74.49211093057387
366.03550397889177,181.43182244495233,21.71538253304636,74.49216504453261
377.087830988648,177.97029754097815,21.834929715926446,74.54667456546314
348.0846736317041,194.33098855117012,21.754280776249836,75.34065433096787
370.23820594369204,182.6874686511116,22.579944728934137,76.66146373862888
370.8239925286696,181.20559117960335,22.583865514591196,76.65695410187244
370.80709137294934,180.140975131139,22.583961250399593,76.65732644042407
370.5517300232013,178.1749501893929,22.592831497140722,76.69282209227259
388.02010774872366,151.1595212174068,24.17585525141831,73.75951911705536
346.1219137807215,187.45562472542514,24.36830794572338,75.70764870990538
376.12889335179705,198.49455966736284,24.18023839097461,77.44035049656219
344.34993546835796,207.16548673670943,24.789175733780564,75.8795317811478
372.08969418033473,191.64034517166473,25.471950790295804,76.16427001987978
374.6617490560412,191.3397899265214,25.49008869665876,76.14782656081037
374.32930450627543,191.9273190637116,25.509648380392054,76.13093183394588
374.5063630205446,187.59253510645533,25.508760278512288,76.13333876060436
374.9518580975131,191.90745586577265,25.508723844191294,76.13579285049028
373.62358799380604,189.6693703616969,25.509940546203822,76.13563453201212
342.6688141518764,209.34518740120083,25.2942593482271,76.12899785901011
298.9100142726688,161.69014123451745,25.48128507099787,78.04635185009167
341.7214075828088,193.27026043155826,25.336014625034196,79.51038103413508
366.727103986678,158.70635849472833,25.914282461827003,78.94402444636917
373.7054481262657,162.41504240155172,25.938027646701894,78.91827726870874
379.183508681867,155.22609848940107,26.290876986854265,78.4580799184495
347.4603386020119,184.86664747048235,25.753463942218808,81.61813262157008
378.3574930582789,150.19027081245375,29.466303772360554,76.11439484876014
345.05337894715075,179.37115818063413,28.602219067370818,78.40309466073921
383.0205994698067,144.83275646724698,29.712768561609614,75.93778382970102
350.14928311306073,172.45338463660815,28.780459258500095,80.70354653394742
382.3672954917885,138.94444019974512,29.687581778876513,78.16461930659925
348.46854746212125,163.76387765152697,28.63183687141418,83.39659401241053
320.4260828983518,155.03480574123762,29.21676218425585,82.75308759495213
353.79114912728414,163.6877773952941,28.57729745100054,84.64630772372884
317.88698336280805,174.39162118756707,27.99797944381983,86.81546912294755
345.2887831643978,149.54432374734856,27.837198291568193,87.00129782906816
324.1786516917322,141.7763941188726,27.47192428011213,86.5656242643648
372.47110114090566,149.64639006890718,27.95132591887464,85.92342785074581
406.46012032452376,142.93293254632545,27.44650074743922,87.91915240518665
371.74011826465323,148.89356100105425,27.959563949211578,86.68619276745757
413.75617071405964,133.74447111678722,27.83480005381665,87.43183271055219
377.6112962836632,157.48315579545874,29.134192469297073,86.20885025506458
347.85098984575376,207.1122784987307,29.340840501365953,87.45264952625507
388.89478648067507,203.0772508787851,29.344487160722615,87.19498412405645
347.35936542672056,252.59809234119797,28.8335955650183,86.13887401417207
317.5947134616302,241.6542722949582,27.958259297445156,88.15233045186648
351.8858421147498,293.4942595307017,28.89930216210443,84.29093660782081
323.60204581922295,253.48887747138383,28.887606270492,82.88189329237458
356.5644884847911,283.6618402935885,28.170141288476742,83.41121941798473
332.44962805682485,283.2977059466198,30.61829933923352,81.04905213017166
360.31047766296865,298.7506102157639,30.644467711174485,79.69700221309924
305.7068418382278,310.91867636962195,32.286385967101566,78.12918998900136
353.9981799067988,301.86209520313696,31.88816570154154,77.11988528095574
336.1330308287611,283.2748728795587,36.7305263118405,73.07819681043648
370.94647888944417,299.92125567838696,35.23715985356039,73.08202011048506
369.12646943024004,248.08117340562478,35.16708265113426,74.04235891138043
396.41809741488925,272.55490356093776,34.092077872021385,77.96372642057872
370.6004954261776,298.51890118775293,31.296732227862684,81.93123897944838
351.31859635910143,259.6199513354605,29.431392178421163,83.7243474242676
392.15729960526994,303.1612769157893,30.50864724614285,80.14046793109053
357.5046168549407,258.15197158189585,30.778368215551264,78.02362632836953
396.77754126559995,297.18954933950045,31.196089035346056,76.29123662126591
368.93987651349585,256.70404144845014,30.29778343823589,75.42647512065165
400.1241969448336,298.60632494428586,29.476894955931424,75.1098536856208
367.7387904217382,258.2207687973427,28.303028741868403,76.39423349659695
409.45847516361454,303.3732408825938,27.309856767881392,77.76229347648538
426.75921638233035,238.85922395200893,26.67954666321341,79.40947559204966
412.75570430577966,300.529897327761,27.11631553677373,81.92682482443229
384.50379729698346,316.4077108227505,26.614006965254777,82.83746141477545
437.1791022496756,300.69026632794896,26.287483058405673,82.99616250765001
416.29584691303296,305.97133040902935,26.93419316406401,83.49126910958837
411.537753969854,303.5494923549419,26.963219321418062,83.46776248613493
356.93789147974667,290.364261145779,29.980723842648388,78.35461284391384
332.3689184658387,310.44047732342966,28.99026334580609,78.89903412630781
359.75824021248985,300.1474839657935,28.60195112081428,78.79450723074021
332.5506664441316,305.2702544693942,28.306611291808217,79.23065453225473
333.662592237211,309.1374055339609,28.3031025801763,79.23490211244138
332.7108380067982,313.31520976324066,28.312697295121822,79.22394582978512
329.9215409368076,318.220459598333,28.30634527955493,79.23570224785733
375.4934129008048,295.0497544609516,28.11539828759572,82.88317712833303
367.8051273393622,302.4708564587465,27.95873862892575,83.1056770740885
360.54757757903656,290.1191201436569,27.970191298990983,83.17400070219244
363.06267819066335,294.935712704607,27.97291377416275,83.17165206710867
421.7104827046779,277.5092321404711,34.59065008304776,77.45707016559527
398.8549428557251,296.44514908073364,33.974444014351754,78.30439064298034
398.1652598749057,300.8875070154102,33.9739220374911,78.30499734442799
397.6086480941027,290.88048606292017,33.97357073661693,78.30594530104385
397.3979380044381,289.6275764649673,33.973166281870945,78.30632616916024
451.99540243236794,282.89979986722835,31.116601073472225,81.46865789094431
435.52766601455016,329.5714235789781,35.43351502544079,76.00787201529636
401.52158960375476,313.90032077318114,34.01918469273471,77.33775043267644
326.61639313835747,257.8001093830461,32.464755235833984,80.67194701665744
293.57438409345707,294.0891243887456,29.890127695751957,86.59809791346163
215.2856008984441,350.0421997115207,30.6822174012076,90.40028314437616
235.85086888507584,360.7714786287951,30.58011999605935,91.51407676551588
234.73273122711873,370.60223126144115,30.470574408195493,92.20886231748456
211.27927127581714,400.7338567097375,30.511706804695173,90.93631881835277
204.98982356450475,396.9948843515497,30.477213212122184,91.08181886691231
195.815143267739,421.10381306065153,30.25729318126408,92.43485378269295
229.95096863937152,362.4272333578324,33.09706974512792,94.28805133530385
236.96764335039404,383.63253480971355,33.45993957662293,99.04779373793806
264.24377955337013,443.03373092209415,38.30926705470393,95.0889378901299
225.2065452884258,453.53608311383255,36.69004814562778,96.70243190142858
265.28971726122955,459.49398284222525,36.131675391426455,98.00842943408412
222.8900790373307,448.52071744859023,35.16021514488824,101.90531765848789
218.67203650878673,448.3445031307413,35.160173492991845,101.90472565595826
214.1864457318836,443.5920263084236,35.15601897196897,101.9118870566361
210.3483163348772,447.21093402161847,35.154698363058166,101.91439898849225
251.60650048023336,432.14639218173346,34.42981871980679,101.46656311259821
210.1834097983696,417.132660161344,34.8078146587296,100.67173673284496
259.49648629314095,415.6015203500728,34.25273710864005,101.1892289484659
214.51640308475376,395.5116463837262,33.87744667726993,98.68832044805367
271.849953205657,435.8167951303141,33.05515692130331,98.88762378495593
223.11346842710785,382.3352486055734,33.14826655408518,99.91272092379293
253.77524137380527,313.8571272845657,33.69918660307316,101.26968988416765
227.45495820052182,366.0442390443958,33.24882582561664,101.22430852759344
258.73908292447527,299.4425018740237,33.65148168166476,102.79149136443128
266.0762502724181,327.9106971017978,33.3547648217776,105.1727583795863
242.61175278673036,291.005634418755,33.031093319764466,106.6384394707695
242.0952134295615,288.0257714163973,33.03054965003082,106.63833137666909
240.8211618473612,287.5695020365158,33.030075982613845,106.63719071548395
240.36156706536457,289.8754505002757,33.029842204855996,106.63624568844634
240.65222947307117,297.1701190345915,33.03561342492326,106.6304256943997
238.87489044445675,295.4796860088305,33.03584192389405,106.62963915230901
237.7130223598154,296.085295916107,33.03614374030201,106.62915096331302
235.65861149429196,299.2363981013988,33.03810674103272,106.62637600938588
231.25445281008598,299.87553707467737,33.056870467171706,106.60788919861676
231.81384373593275,299.04853197559845,33.056798894942915,106.6079459637377
233.494396019687,297.1905190808154,33.056319832881805,106.60855889815547
232.6216845752119,296.06534619972757,33.05597250584384,106.60793167410986
227.7019687809435,299.45419090134993,33.06893753401688,106.59214269582237
227.22062060569837,388.1515455031414,33.57429674347014,111.4463653770051
260.8982678904324,307.7810008751918,34.511139319998136,116.24008219638091
243.33502841024307,356.36646202078833,34.44990084263268,115.99356023477768
258.6249741992777,283.0476014312349,37.506464800452086,113.30919889435324
275.0555692856783,321.576616226841,36.93123577877395,116.39029131241846
265.58436498635285,277.1533754071006,37.36273052854784,115.92860644799298
267.1241429897793,271.9280686263529,37.36242747999279,115.9279708868687
266.7366631262408,263.2880831055452,37.28610055736577,115.97705737648216
268.12351727501647,258.89232636346196,37.28338501570428,115.97858329656172
264.750595276773,253.10544171242054,37.28095277851806,115.97808044288286
262.1891271540573,249.1205990245591,37.29011138646786,115.9659328374961
260.3692374203275,242.4468760981394,37.29325459675577,115.96271931991313
259.2544589032794,247.1680960402707,37.29282853949768,115.96199944450065
258.8605179394802,246.92637758200163,37.29583507418224,115.95824229975949
255.11729684446465,248.14078956290152,37.30202881298041,115.95132719339797
251.20724717916238,236.23720036344093,37.337647571838176,115.94794155118143
252.0417955395782,238.8976231390381,37.33716917242525,115.94844705131764
249.70806586246013,236.96299454099898,37.33394991109134,115.95523767368068
241.04838683336402,234.33140073041022,37.340010697555044,115.94835474203228
232.48494328001937,232.3108286917008,37.34765990446411,115.93992158327558
232.24771903236254,236.43646107040493,37.35199685087715,115.93522932037416
231.21794889606295,237.84351174092768,37.353966666017804,115.93275226788765
231.97103106923862,238.12581161323376,37.35549203409822,115.9306444766484
228.18553095764594,240.10310379029474,37.35661558644618,115.9292783441909
227.2682480655232,241.09000487683747,37.36009115882336,115.92472959193519
224.16688201012286,244.7901002494942,37.36099049832279,115.92361435473943
221.89174313634445,246.90464193598248,37.36234904498241,115.92205526231095
222.1302773502006,246.9388888181836,37.37358633497678,115.90774311466203
219.8514363300607,250.54494410211768,37.375432651379654,115.90558394755072
219.5918165892565,256.6279816711415,37.37864569570547,115.90381163543074
217.31786866886853,259.8573276828103,37.38152238670116,115.9003741668417
215.47897861822548,264.3369928023544,37.38245145382282,115.89919574507525
214.0870617473559,263.5078065655478,37.38449684641034,115.89660468337965
212.66915280225263,266.6710577517949,37.38751053358344,115.89243612359921
210.32330425729174,267.1628088375353,37.40210076620544,115.87565155294074
208.76760081786742,269.0938909938414,37.40671495668433,115.87055816318016
207.67725800948088,271.5543476210011,37.40859379168857,115.86802135463098
206.68903016532224,268.6102724907027,37.41512109617865,115.8600858760921
204.51049447727695,266.0062370696945,37.4202456415197,115.85579872021412
206.44855204060448,264.531768863036,37.43022746921036,115.84342140901333
204.91119513972944,265.23066830412506,37.42972044767251,115.8427887789715
203.51952359197858,263.3163323524078,37.431768482062736,115.84002547885369
201.27236194582974,260.89522049995514,37.4498683055799,115.8195511056035
198.7197671727585,261.0508652620185,37.451363889625235,115.81718813401098
198.36140360220344,267.038925759803,37.451087923664424,115.81693536353957
196.39764651089084,270.17114211982937,37.45175250263668,115.8160920256585
283.4572044540214,327.18851486454327,38.16555287614117,117.88509867246114
275.44298972040434,374.54496881067996,37.536929349600875,118.02833854630097
272.66127114657417,377.3753869283106,37.53554096244071,118.03068838434302
270.7511083610982,383.31824566865055,37.5332490025698,118.02358914401952
268.6497720264947,393.8356249902424,37.5331566838313,118.02358048557701
266.8214399812409,396.75956121911287,37.53615165545763,118.01928255176183
267.1232473369128,401.62914713834823,37.53267697926624,118.02014195566177
266.0567431490559,402.9258113755886,37.5327870242917,118.01958477291387
264.31254876245555,406.53614402079444,37.53696959784635,118.01380471733492
263.2206524802078,393.8677435840809,37.536236672534784,118.01399479669455
261.2305335707596,393.82294643050784,37.53791452057541,118.01178735616098
259.3704616547002,386.14554413141695,37.53755836032363,118.01221611510931
258.69371743614886,385.54938825803123,37.53872719922836,118.01066411237674
256.3460689765345,386.5252933481927,37.53874833491814,118.01050657811861
256.7109523461793,382.63058375363806,37.53548741161154,118.01033254747072
255.8745404691445,388.87609328199176,37.53521319757956,118.00996366776536
253.2279778585701,391.26305225031626,37.53431299758574,118.01008118491266
250.44499973078072,398.10833386713756,37.5357546161711,118.01696000601862
213.28323849839748,384.43890685989106,36.12156040613293,123.17735676037975
213.35902486799662,382.94746320329654,36.121432295769345,123.17678746193556
213.75409611084203,377.3723255700505,36.12132124318401,123.17768490555156
213.4316738430175,373.5911348980072,36.12123303194582,123.17830725458208
214.56579910981122,365.3525170807498,36.11858770961638,123.19512990997093
216.57235929673314,366.74955983443505,36.118840710711474,123.1944585185062
185.89750944282528,418.85080194806056,35.31033729352721,123.6579212517044
273.1119145840283,393.00982320770254,39.78782278748838,130.87991398022314
197.10646727844554,371.4438639161119,39.39913548947418,133.88708814812122
205.54166665820736,438.5765406174961,40.22851433309998,133.60163892015748
206.56043994323426,427.0909374837442,40.231405938247605,133.59050342130385
216.30617518852688,354.1553836639716,39.13280539700317,134.0199148938569
216.75916514409374,356.4346963152479,39.130593310042386,134.0280796952167
217.01746483390508,361.26701071436247,39.13040255268457,134.03182972694358
218.7507723245853,366.0088126725166,39.1296205200088,134.0527939106108
220.7779886870214,369.2003371972206,39.12927114245719,134.05722178228444
232.82659979090448,407.60163147935543,38.08342146276722,135.39717319604213
241.74969086486345,443.73393514419183,40.379170848662746,131.3194173678342
239.60978018426832,405.59508579566045,39.58732549232371,135.54611356245553
240.15517540090147,398.91305460504134,39.562275644384556,135.62266411813226
251.13003776285163,402.05214773500404,39.681251710889526,135.93481799568843
305.1834242291664,368.0202323452999,43.03456178607241,133.94100869941312
260.6633448272229,393.93639629369346,43.35823652013533,135.5876198590225
257.6313710558321,437.31826779292413,43.3402548560687,136.341653349819
321.7681955514573,390.28985279442804,43.53563052302144,137.2117768038424
322.50333387691575,388.9972619312065,43.53560900859443,137.2117033842589
323.2626924599718,387.11679757467226,43.535468464491565,137.21208779724802
323.60410173307724,385.96522663860014,43.53543280669314,137.21217915135637
344.76669303629706,354.35361165486563,42.42175227544888,139.99918322771208
287.3372434454547,369.6640099045421,43.14344442588355,139.85697292525856
265.0552651417246,387.5212960606152,43.79249548524804,138.78416239289749
275.54859158089357,383.4201831263067,44.87969323862393,137.11900048990813
281.4858856444943,378.5002860490381,44.87991723758216,137.11857991513625
360.44156567791725,432.58070752494604,43.3730066336269,137.64850997357428
326.9103182624062,354.2277755147464,43.81501043681699,141.81024557600483
395.5424029795971,464.70424791614596,44.55564752098984,138.94256688648693
359.55043047927575,355.6916532798002,45.2012593917498,148.08340252148307
381.21539163967884,339.2647272822891,44.45273889589473,149.06301936330718
383.5464119558405,352.39485791982327,44.79054567568086,160.0614708567934
408.07424673688314,382.55262885711153,44.69490953034359,159.6878158840724
417.42352904305426,416.2887980842075,45.04778038858237,155.98836179877694
430.72326593603924,433.8077994805722,44.03006128706063,155.66203274261977
432.0354672025629,444.44929103848233,43.98472693791223,155.50826486727803
433.8496605155386,443.13309462802783,43.93569102187609,155.59331801037632
373.61590007387395,500.8621822272758,45.69161827727571,149.87061644469296
375.9417363694177,507.6469367956523,45.780137622681075,149.7840374913506
376.27361091978895,507.1919103404075,45.78324957922009,149.78049085111616
378.31917760375455,507.7592507844004,45.87241740071143,149.68353505411082
376.17444307617524,505.26360928865734,45.873814823484835,149.67829943368906
374.62170831071967,503.7716048056362,45.87531191939845,149.6727342057769
372.5011036459665,506.5264491289539,45.87733829983858,149.6698347666
369.5516343763492,505.5909506297744,45.877797854240335,149.66932507398002
371.30156349392337,502.4201087803594,45.92153207209509,149.6171341275768
369.4306521624427,488.8179628881624,45.914252142588154,149.64972066599907
353.0427303754026,489.76347516525664,45.9161241590511,149.66239217199126
352.34286282934397,485.3921775688004,45.919468097832755,149.63515570749414
349.43447608392904,481.2923276848227,45.95555568702086,149.59361878874304
348.95276028003616,494.9295972740613,45.92288585580738,149.60909387723362
339.4168152691465,500.04137692499324,45.95797930776249,149.56374197283063
339.7501118028823,506.55743435925683,45.95830886917043,149.55840723278246
343.8671251401896,510.3911395161487,45.99150459903583,149.52590082677455
358.22915260763534,509.1605467358344,46.509219454793715,148.99161037994173
366.1735341618994,515.6056825141262,46.542055734388185,148.9534334736265
300.1480943203278,397.8727195943693,52.22691521489463,148.45868121255444
276.3112616382804,442.8748920995781,52.737822705454235,146.3119945883673
336.9749124237633,409.4499408736018,51.49155293380493,148.01538214774172
338.87840587864804,410.22111045239996,51.48189282724286,148.06266954081988
341.3479679146561,406.5421658423364,51.48313263919882,148.05436498958477
306.008707832933,387.585918506343,50.88298916739115,152.84308036469653
268.46172560122096,397.9816691066728,51.55361378706529,152.25881450034052
278.16811748179146,430.9440442583067,55.598181710494615,146.11819047881116
278.3617458231193,430.833781909345,55.42130514990442,145.74272094264944
279.8311038024228,426.4685323901923,53.79345280537984,144.19138442492448
287.76289761608876,376.6486985382189,52.916638668953624,146.4612401171525
261.73458896625914,379.3230943607377,52.72301945738246,146.8505017939534
263.1446493889112,388.8055710536939,52.70368701463568,146.8754032206631
276.0290494458465,450.1667173858575,50.383298842293314,143.5688057467655
260.29266954548314,456.3008195096244,52.82336668745364,137.3187766243538
260.19201482951655,459.94640769701266,52.82223827153415,137.3139910309799
260.7259734664361,475.5487299337956,52.67488469551004,137.3729383237715
212.59861308786452,482.5721187893114,51.6478061362469,139.34977168146537
212.01170094668942,466.00864571073373,51.64619439869966,139.3489407390113
213.68910437803112,458.03969730961023,51.57880971619207,139.38530250707862
216.1912612130597,495.12212212233055,50.51915575606528,137.08294067460685
228.01689946575664,487.62984410700375,50.27089438739019,137.17195551415932
228.6166343572071,489.2591669107501,50.25200951202102,137.1810782896928
230.53378787111447,463.44584104055633,50.050120163039274,137.30398781206273
230.87812818290485,445.79675406133316,49.99558664705965,137.31007421557743
228.39109874244974,495.09719498270215,49.98380711473138,136.84436998514417
284.78085736728525,389.7405467516847,47.061627816720524,140.9867130780384
275.0851571432825,423.1612361714209,46.48095375605897,140.82776832059727
251.9490658263053,497.2679299344702,45.02990030602905,140.81036468121744
219.48650399102797,414.6964300587184,44.964774342794634,140.67267900791623
216.0710624385473,412.1641104121638,44.98080330270589,140.65359618646252
215.0921573344105,404.0874073799881,44.97886393154986,140.63857573714193
213.44341850540988,403.0777503613914,44.980109842877525,140.6353978424201
213.19491198729662,406.3799719340286,44.97673473365728,140.63107619525366
212.5337335703872,402.42706723587077,44.97668444104945,140.6295608006147
211.90200505603886,400.5112526702564,44.97668286016509,140.62948769948264
212.572738649342,400.8533774757077,44.97493401538622,140.63264176747407
213.65550828786485,400.44165103459636,44.97696795191783,140.62992343034784
215.2122148332742,388.99104139951294,44.97690358355698,140.62992619355666
214.98084922132668,382.058583709357,44.97765056048282,140.6236028653725
213.2243366417347,386.8204070859127,44.97676971762205,140.6294027141288
210.9798085138405,388.86396923349315,44.980696140189046,140.62502826256528
206.60300846773623,392.13999810578025,44.98259201639416,140.62253487956337
206.41383200956722,386.1557499905646,44.98155621293504,140.62582210273146
204.36047362337067,381.5885746253814,44.98055547129008,140.62701987136688
198.18267886807809,378.4144255864373,45.02163845111349,140.5905418338376
193.1252024131477,376.3838565843155,45.03714315693378,140.57558091916647
190.9569762550818,378.0173429766328,45.039018389477924,140.572907527232
188.3164236456245,373.3934415675908,45.04220860747701,140.56873147110943
183.89011128061966,365.74053273543495,45.04388405007212,140.56515429899534
185.80550836716117,363.1693815141511,45.0468172367608,140.56083169960138
185.1532400330685,363.1473997475638,45.04803027842792,140.55898946559748
184.57308497323595,355.9304672510317,45.04684173228339,140.5599301880318
185.7136056116198,349.2882691169759,45.04455468982964,140.56152768905346
187.3566891696233,350.2464718963141,45.044302233322774,140.56141873167257
188.21857929415847,352.08872275161684,45.04339877143806,140.56156648853533
185.0818213460777,352.46590123275286,45.0445781845979,140.56031010027993
187.078676188905,356.92597172097476,45.043862330577845,140.56068799895814
186.2814140336945,352.1371722026047,45.04273859069063,140.56276652025645
187.185321306358,356.4572186779089,45.042476979056566,140.5622361764596
194.61591339555883,353.96788083374787,45.04697921728087,140.55807371094252
195.9785729300623,355.3912439888617,45.04601727641722,140.55802732663352
198.1407538988358,356.9498675832746,45.0496606527435,140.55346200349967
203.42663172015037,357.1001351317259,45.05484173191614,140.5474278535957
236.15606413905746,292.3844868720349,44.59449679156292,143.9450558549113
234.69310030487702,287.3633156232584,44.59132943009286,143.95096894725194
228.53881104700218,280.59518235878556,44.59093177244168,143.95047323864875
226.17507632557113,277.26585263935476,44.58990180276713,143.95160284657783
226.53783827737263,281.24509933956585,44.58515970229522,143.95042870579908
230.86949865727297,275.89805907919083,44.59170836540718,143.93824282335098
227.51459246181375,282.7770109339673,44.590969971260904,143.93880106600753
227.60915581822238,280.57008852927504,44.59292958051282,143.93604898589612
226.02083266276867,290.5723131005011,44.592921075746375,143.93603442901534
225.74942597759753,285.9796389694217,44.5922581029338,143.9352559821897
191.27674696341623,221.780443721153,46.36635911225339,139.25123375900057
328.7991727885077,301.3262889058117,46.48865223746112,147.57163750589422
328.92784640983524,292.362918933217,46.41136275885939,148.83021796622035
343.89055641272114,290.5948978464857,45.792762668858984,158.73679789755636
365.4986081384694,310.11671387269973,46.526278510575324,156.48875147745258
377.57854478346366,279.4342926735545,45.573852272588894,163.18760876832104
366.79493486119975,280.8060786897727,45.56555446269773,163.47804476200776
398.2048767280029,281.9267453012477,45.86778300326137,163.40354064824965
377.0639936448314,281.10676163866316,46.521493597094555,162.57197157548475
377.20492955971775,289.49309072894533,47.18100286416182,161.93247875441747
379.3950537212774,293.69399878460797,50.073045247676994,157.68238698162367
388.8972020774546,299.9838676503955,49.80633551042027,157.55366090776357
374.9747842247654,312.1306344896228,48.39212084653594,168.73952023467996
307.9681610691905,234.48453172461848,53.83737399362323,158.21960723441524
317.7250793332132,242.14744266956592,54.061198827272136,157.52917657987192
319.13342706326176,250.1055651218681,54.02248178743259,157.50832409317525
320.6189413233267,249.38684893620922,54.046649132933936,157.3943292193529
323.62133735337926,250.90552965468524,54.04688436698764,157.39404568614844
325.4807526498186,251.949664470936,54.047705234756535,157.393077546338
325.8321482191582,256.2535927331886,54.04719300814477,157.39370529002122
318.76938634560355,249.53677000494253,54.07916798053489,157.36003411901092
317.3059750765208,264.9298777851281,54.08253361142809,157.3576797189181
317.79038902268763,260.2493199881802,54.089717293362646,157.35040141480366
308.87264357742515,258.76907058370585,54.10228070891211,157.33811904241693
301.82963858781653,259.1559032416718,54.10330972346863,157.3371334726359
298.5188878761902,259.17022155394966,54.10399920748179,157.33645981210836
190.81656291813795,317.5913527781296,56.78709150639885,149.93582486618988
189.17842037097424,318.2208914750694,56.78722685097038,149.93523159744763
185.30791826783386,313.5540277933999,57.01945486935442,149.573813353792
182.04803266344442,310.88150102680953,57.04852964792702,149.53661800849372
180.01827558973187,316.4233658981247,57.056248312716605,149.5269849455509
176.7032772703848,319.9262194152741,57.07897232644126,149.49959469515713
173.5861358426929,322.03980749797506,57.09862171701184,149.47351697183288
170.0535490301592,321.00604041312585,57.12180792295085,149.45026420763236
166.54323216568136,323.5705909242743,57.11350478896092,149.44376374075532
166.04413776638447,326.2942377417962,57.11414441133858,149.44314349896104
162.4954959821958,329.2301192465532,57.10863762403355,149.4339345627808
165.70658346205994,328.895912762563,57.114152216612396,149.4278988618045
166.95542918859942,335.9494670229408,57.113693200667235,149.42669682756014
170.84007415538375,336.6973863778223,57.1181120874416,149.42037282631608
175.40275475471725,336.3374860728442,57.126384502361,149.40860670911087
177.1053801967373,327.7807521688052,57.123996405567674,149.40782242673484
177.14082947447133,325.35712442787917,57.12098240704867,149.4027662974113
165.27027181446923,302.92915984360735,57.366581903688676,148.15757165614048
153.98445086354596,313.9743976855001,57.39233681212698,148.00732157355128
156.78194020116325,311.21845309809487,57.400465112447804,147.9949130341283
154.06702658978725,303.05581788954987,57.410869708704446,147.9784018350074
158.18022781521583,296.6796848067129,57.41694063126041,147.97004883716824
160.5066651318857,294.0259561553334,57.41729618819771,147.96960523431798
162.15509218564884,296.20906203104886,57.410631346876315,147.94969789954357
158.97069531480085,296.8949715641146,57.41874641578176,147.94208765089408
158.83043936937776,287.95279574435375,57.418123880034145,147.94278755701734
158.33193594241155,277.0877236164552,57.41737979602789,147.94268431525583
155.65918916260088,268.865224451991,57.41769093682599,147.9427268183785
155.54221114663625,257.5310392032004,57.41775014701796,147.94202611845006
160.2906485430934,251.48358354542972,57.418650431923496,147.94097014120572
302.2936540988111,261.8467097261096,55.78910416423805,151.55109206268287
302.6021420150916,249.31963912503113,55.75838674308455,150.83866794196388
291.8675291744327,243.96727495422,55.78395550301563,150.81386594911353
280.21237241062954,238.55168203046043,55.80443596177429,150.79412062903006
264.7892235144767,239.73813135694513,55.8098466843778,150.7892103240679
256.7667735682984,240.05410648450933,55.87429499287219,150.728259095238
253.261442166274,241.84002572332489,55.93345070539866,150.67036095192697
252.721155215577,242.6847509599819,56.535800329296386,150.01726776220514
255.03720223295247,245.89726581546392,56.54646657133987,150.00747166330163
262.45984549219696,247.22613404054783,56.79122598180597,149.73861236653042
336.1857798311056,281.847211438185,55.47880737723081,150.91634129928343
387.5744666172042,291.60245317139777,55.8000742469282,150.64104727072413
413.94261813287613,298.7477400562779,55.47042557349449,150.79872045683544
426.3118147248302,292.7438187906316,55.38221892828269,150.82475718673638
428.556622515676,299.5160935598877,55.225252577548105,150.99827672476235
429.13927464057974,209.13447250338635,52.746364596089315,153.31869352038223
406.36780405242666,142.14913598854343,59.53662785491499,142.5704334445993
419.99528145567274,271.3439795839679,55.2660842880468,146.03554361703164
397.81988306065426,227.973905296814,62.491041844685355,137.87901708147615
384.7541816722566,286.2495996643622,60.9325718797814,140.6516868790946
384.41921088466285,298.41500615633277,60.92462947231061,140.6637713103146
387.2666902656358,297.70229911036597,60.92404336432577,140.66333870634818
406.54627704078547,294.0927396012702,56.49499295245426,144.39504908653936
418.7653187757421,303.41373673087844,52.499698560299805,147.5517818628453
418.24987544733165,302.0002753929063,52.1981779810215,144.93047379538135
417.3530253096583,297.94100814970557,51.49958752112343,149.26996913726674
419.0967610191582,303.9416546045603,51.5049675978664,149.25313896559442
419.6341981307489,317.55544910858794,49.62042471452102,149.4986334536329
432.2544208579226,288.8243748845621,48.8714991881523,149.35549244245607
412.5375221377901,317.2929442884416,47.44074889892503,153.33155782781222
433.2641442350967,286.20229075323886,46.530351383999374,150.043184112085
432.64601521808294,248.5251763158962,46.09739254676522,150.17931911469995
432.09070612558725,226.85133542805102,46.06868487459412,150.09528397144504
431.38602374985487,160.63787300220176,44.68353759259634,152.95619930165918
362.1378751208352,318.75224293765064,45.89884425004978,151.22858858115205
347.57852418019496,310.17570306230675,45.89671559544161,150.51936555168848
324.9804061910937,315.4906630191001,44.89458350113432,149.97408423368273
336.03228718522786,314.0028739108245,45.84328313701158,146.28152633039147
315.96751490124706,322.88386199238425,47.29537943226812,149.20736678714508
325.7858654426885,315.31371626398754,47.9088137711382,147.25968369559857
303.29971125751706,340.7080532152911,47.5792689615494,148.87191921681963
315.7648645220701,329.2786003532713,48.1449798884979,147.1681570941795
305.31085174365904,325.13285168719165,48.851980436164794,143.24340496039642
339.0481015503505,337.6625183891961,49.333253222684256,143.29658033019118
339.7820092922976,326.04822093812436,49.33217977751695,143.2979566044051
338.7364719917726,327.9244762617587,49.32810080839172,143.28366354937577
337.86756691508083,319.5399110498616,49.34208109631956,143.2643666202647
324.311975273787,326.09766958469623,47.11325659692474,154.94407660137662
321.8361994198862,324.77545631489363,50.136938150345635,159.8721866794187
294.7090924300884,326.0663721159435,50.31485818462874,158.92736267142752
305.38041717554665,306.460715895622,52.39768667527959,153.8439630454202
301.7056079649201,304.2436704308703,52.399293126012765,153.83468077164602
297.61114667555324,301.8003717958309,52.27566897470493,153.84190639865835
294.3252974962221,300.8995367180991,52.276450203850516,153.8259900129461
289.68381414202537,297.359836092254,52.27754988496129,153.81820778914192
268.84229498803313,311.2737655894729,53.06959698200826,153.02961728835658
264.52943095654456,310.7205829709261,53.08604350506849,152.99392701397556
261.0918467178143,308.5473561366305,53.12264710978729,152.9482908388167
324.96002481104233,344.52734876140494,52.613135710928916,149.72153618008818
325.745467940028,335.4275296811139,52.61708153475227,149.71700411361942
335.3034574755392,331.2243564231592,52.84424020481883,149.4996399972046
410.93368271928153,351.50284650413147,52.00555790581058,146.60220573369762
360.25407425580835,246.6695396120192,50.58118260863591,149.00188226206276
416.3273760813224,345.40828473252697,54.239647927334275,144.1101311567894
342.4699911036006,211.69264542674398,54.38273209176242,143.32043198515228
378.2159804146773,225.5446047672225,52.493948660038626,143.29336266942963
319.7777717939797,156.2865602038848,51.89658050104326,146.1265294328238
354.1405232109988,27.211415602145053,54.62651437354789,143.26168191755323
343.1596650844496,22.41239489407313,52.306623952452,142.8278238814876
341.7711896117549,20.136988864216733,51.863958246306375,141.81385570590987
338.55429285767406,17.42838545944379,51.20187792176547,142.69558344669966
337.5987099435422,27.433542543380298,49.879102671843114,140.75427524501316
336.88662208459704,25.258505185668895,48.76495880202596,138.7199548379079
336.35466918141174,23.486866009892296,48.399783168424605,137.6287651108478
336.5493482093783,23.37442415385314,47.177739463096465,139.02302603068216
335.07393558787703,122.35046045780895,46.55055676962135,132.50108342765336
263.7993663877291,156.00329968018832,49.517831766596984,131.52683351072662
328.4684226286349,204.25168806210684,52.47203190685557,127.77512052862792
373.1677885137379,234.54228682408296,49.08145595940352,133.05229855399205
320.7089985287249,193.15306115180653,50.24168882249591,132.58730354844724
372.730205207366,239.42026487464653,60.699321241580975,122.4164062346032
419.4465183252468,361.5183593982739,57.28047369234274,124.76068349594217
410.0638645809398,279.5965587099969,55.845620200732114,124.53446065374618
422.9484582487491,377.08540172801355,52.50005881115846,127.63586092142384
423.0158499228095,401.786203768031,51.42330004828482,129.16284570857644
435.44194931431423,355.8715339507392,48.634165840470644,128.1488091834921
405.26232508032166,231.53557187781223,51.58879699888543,125.03087737231473
350.51254444627045,183.8318680503233,50.1705955106402,129.9254142387184
353.7718882564663,175.9568866545883,50.194485156941596,129.89864172440232
354.32655042513346,173.65430132679035,50.194061724262696,129.90160901085758
365.81233210358135,161.26439279865502,50.067022750911875,129.6869173238421
366.45088439045145,165.9743350052034,50.02772485498995,129.70389394895338
368.0444996616589,161.44196077461262,49.95333258085512,129.67616175065
370.20454904530766,162.39666254987964,49.95192745140543,129.671538826413
383.5206298143967,154.0753884796471,49.87647329542944,129.4682941964923
350.50497010707454,160.98354526791377,48.3971191871247,128.7769977860967
410.89694108642203,149.7642950321815,52.939814496496076,122.79566221324968
375.13503236919905,183.22676924911212,52.10447818338342,124.47539670175173
286.23139392607874,129.52217329614987,50.670452579389654,127.3756469572856
286.33413403273437,126.74511158757552,50.68124026475719,127.3631314279011
285.0392738162713,127.05577982505555,50.68415130093954,127.35936213452825
285.3768748305646,135.1336440215023,50.683118395525774,127.36037393023338
285.2755733734276,141.8594549788334,50.68294803680851,127.35999827716782
286.2266197077874,145.75625906113612,50.68286747784541,127.3600555216506
289.1211592021254,145.7688787444128,50.683989676303206,127.358971175811
294.6834435594247,143.76221389106755,50.68527068552055,127.35742022530549
300.9159711726079,143.68405319644566,50.687959332750296,127.35429324421177
322.2259203311436,138.28924430729506,50.43831171758329,127.75578083452464
322.98981839262484,140.4900016704851,50.436644244332335,127.7554392229212
324.71647729502206,149.74681149965744,50.415498976387866,127.77050418066538
324.39314561885965,153.056787082211,50.41686748360844,127.76875045665935
341.36748534192924,155.31777652876804,50.39173768956887,128.0122544660721
342.1262590865172,157.2775654534673,50.39302705628127,128.0100531349231
343.45340425478565,158.54983550876855,50.39377769912986,128.00870588778497
342.6245668236467,161.17677213902664,50.39489285567347,128.0070828218184
351.7452719165769,169.36832236321146,49.98268150709343,130.56973356363426
353.48904070789814,168.26360068265097,49.98149708340164,130.56922027878966
386.5386833737938,173.07337306292467,49.87275893178621,131.64960475560798
385.0042024684095,175.5149040349265,49.86518790182597,131.6574372245987
383.60979271321565,176.23057629308278,49.86580512644707,131.6564914109076
380.3044779023617,170.20103024405694,49.86737541435361,131.65466470097593
379.0034873329255,172.390007494653,49.86703922000465,131.65450303501942
400.4508540002411,161.43830643256933,50.44248258215078,131.94567295093472
399.6487133417151,163.88761199600592,50.44170439469382,131.94684352801056
398.887263617193,165.88444484764688,50.4465310001864,131.9409362227847
402.958369364003,163.05706068662926,50.447352534215376,131.93995999220758
422.43361615682755,178.14900134938114,50.24878537068536,132.07034868623506
424.5409328902347,180.27929143483232,50.24856220889418,132.07108386109692
425.30984493404287,179.57358394179985,50.24738031507222,132.07234033218532
434.55028917545275,172.19912456698094,49.92582792234036,132.31045776651553
435.3344468483995,173.77295899169877,49.90308795677204,132.31770258094397
435.5548357382215,168.3773218500117,49.88269488219481,132.32939484069757
433.8235968852838,158.57277517864742,49.50516742869218,132.49675959150719
433.5648226672004,160.2659325492986,49.49821126290354,132.49997836994964
388.5435392103192,74.00072036670416,49.98769284951749,133.3983379158026
389.18602980298306,35.33082089829712,49.8544079885382,131.90091761433544
388.88362574485853,36.63112623870403,49.508936630528915,132.44991244614064
400.5837353339581,165.9406115364221,48.229578505796546,134.66999214367326
424.1858474618348,170.81986302232008,47.88588128861739,134.8847366999535
433.0642349888642,165.39265821636522,46.25108690167277,136.46975429831338
398.6632072737832,78.88031965423022,46.824390195604344,137.13658230148963
408.3123213757522,40.93774483885025,47.53773959786746,134.5728870225816
418.95296936532463,168.52931232437376,47.81108152765813,135.98765244215957
419.21220840399013,81.841929227821,47.64138718178773,137.42249248780416
431.1927749648222,186.4237755882247,45.7535858930094,142.15310213516085
434.3199114490962,68.70975412710796,43.29720358760834,147.66718936891775
437.0884212542633,100.82197472563136,41.71618335166379,150.45860205370687
343.7189385001263,182.8915030159481,40.76426140876599,157.86115619084686
218.88778831899242,264.36765236215433,48.647798953650835,145.0228406527313
229.43868157446218,273.50987327000416,49.17578462899065,144.12562875646515
242.8003995860142,261.8591703536145,49.6707858007108,143.0628568853871
251.7471485341361,263.360064795566,50.62843269511646,139.21917367288987
254.16969367030714,253.8299602994211,50.63608461790372,139.2023505759463
261.1501051273887,253.07049407406618,50.87745114923617,138.90162772746942
264.46247022718194,249.77237554404297,50.91265403985976,138.81908709281367
266.9225942942553,249.70781375048728,50.92458678721318,138.78704107645805
268.0345329304488,241.5744157553587,50.91081564924098,138.78548265082168
272.17803862844903,238.78374895038957,50.944915932317556,138.69856236213937
225.63297626840344,239.0889037711351,52.018408572330635,135.79036444168705
225.98993845439105,235.46730987433716,51.968518447753816,135.81923729769144
223.55621840259354,236.70455062311845,51.974539827288766,135.72926822459786
219.8317307427707,237.69735795042388,51.9151304423446,135.72218123512522
216.3630339673227,239.13109045003486,51.923960398422494,135.68450778177117
214.63621633449682,235.12493782220167,51.91441488366349,135.67177622560894
210.54285621142887,229.34097672362202,51.914856786598726,135.66838265738738
209.06519688900553,226.65755088984858,51.902572940066605,135.67422663450458
206.96246712771446,221.44093215086767,51.90088295703348,135.6771080867706
202.33094467213752,217.26708548542462,51.9003084452748,135.6785690034111
199.9068971760675,229.0335670158284,52.076553709784214,135.26231088339946
197.7553088586901,232.70186638071627,52.0147801644853,135.02420525283634
197.77432546799457,232.79187602792763,52.00882298057124,135.02200917413668
197.7337057828118,231.692508862431,51.978002437361155,135.06435450709833
197.48679650320332,241.28006489187698,50.727371381099594,135.357692994471
209.02823134529714,239.17152574252265,50.68905545362584,135.44547022201263
210.16078931498677,244.3186506728361,50.6883833886057,135.44445518652
209.8176192377628,250.0680967103101,50.686129022961595,135.44576242950416
205.79233408428192,248.8947863827455,50.67480109841705,135.459427008965
207.88048801220015,253.2316209706289,50.674316931087674,135.46212845392571
207.24766527025375,267.379772935022,50.670995501757204,135.45905458190228
203.22141291387297,273.75870538218453,50.59108825773168,135.49661891731347
204.23807622535136,277.72190332422616,50.59008046526499,135.49616545418974
201.52313660079446,269.9707759299748,50.588521268333864,135.49864149513382
202.0715064899891,261.0276203640148,50.58583177814495,135.50173195444646
202.48007764963413,264.4260568563016,50.58541203070475,135.50150461119972
198.8014435442894,259.23967425318733,50.5795687454225,135.50389799888575
195.06848247928787,245.99565458261927,50.5753456499007,135.51391762566647
195.33210433424787,245.38152005138417,50.57303468209947,135.51701524133642
195.37198673650568,249.16945500089307,50.57038864687192,135.51816837164603
192.659648916665,247.96323346638871,50.57407143529598,135.5140267105064
189.31348270632682,250.3183097492364,50.566775502853424,135.52059806372588
186.5775665232892,250.78205645931973,50.559932503480695,135.51681260559528
182.38249588580098,250.3853845704333,50.56185203773448,135.51073578819913
182.19652367102836,247.15065319854034,50.56221264789036,135.50994601809955
182.05581868311265,246.94374292232965,50.55978083495302,135.50558953208974
184.1041701903892,242.07920295844144,50.56634835110062,135.4893958697783
186.09633036394388,241.83254853397057,50.56540784484205,135.48619573296222
188.96639293475894,247.96273742724597,50.56702960567778,135.47421672723414
189.45810047051364,244.71801233220717,50.56749141815199,135.4711751952048
193.1114944588324,242.88948279259535,50.567997333421204,135.47009433035194
195.7934823699236,239.33176864569094,50.57063442246319,135.46718880763237
198.7693493916035,236.9059994389116,50.57117708579894,135.4660303255917
201.83117488877826,236.20972439436042,50.57071887861981,135.45972115222764
205.34963700082432,237.89965195123153,50.63662840239144,135.39548336140717
205.783844760998,231.87461863839582,50.63223030901175,135.39473917317483
202.8269627805445,218.5284456725633,50.63119553334645,135.3963159092832
200.7160645791453,213.23691066608313,50.62964093440536,135.39876038818593
198.0163446629072,213.37775806328074,50.647027868474616,135.38216279466118
196.68832746235967,219.23439746157095,50.64573199498774,135.38359995572236
196.84862843580316,219.36338295045715,50.68018678099374,135.35052783780853
196.78156182524947,228.43349021385706,50.67443602194614,135.34964322128698
194.24620742057454,233.12376616283018,50.67276524221516,135.34969892832126
196.38290746840988,231.81941092012175,50.69065590658479,135.33235822622282
196.41372061085792,234.89763949246827,50.68594062080798,135.3367716335928
185.55415821903296,220.56314487680046,50.4408510795067,135.6282507941276
182.93150489405687,220.3141632972081,50.455736663174704,135.61368726235239
179.1382759519622,207.64537110338387,50.45235270471265,135.61789953391204
152.82535182195568,185.26663358617085,50.18037000159097,136.0814216264435
139.1679759399167,187.2386589052893,50.070586014326196,136.24006359227153
138.129734659528,192.93336524781398,50.06317169972211,136.248910070125
135.33824787389764,192.6682119584413,50.06140510908703,136.2500706332263
133.56292907462674,189.42432462298027,50.06045512599434,136.25034559025067
133.3463298683293,190.07487427959825,50.06946182525607,136.2420586244268
117.41145683163316,167.51292651323286,49.696982251675706,137.09979128484315
115.49495649981174,166.07195798424738,49.69313823262507,137.1041524684855
57.047851675110316,193.38324288211783,49.2490147521451,138.74028399720746
59.07758198858339,196.38451702848732,49.24883595121825,138.74032779126048
62.135906854040414,187.68759236395505,49.241245554105454,138.75740328609652
63.21073206193356,186.5169656210209,49.23692962051216,138.7630552037428
4.018494551317389,223.70389548721784,47.92630576479138,143.45892813736452
3.1987392495707425,180.59460186531584,47.08805962962195,143.52037274200836
2.0160098650945706,236.75651580228077,46.42329097586006,146.2112695995238
3.688152629863545,180.38201752923123,46.62157699096933,147.24161532775182
87.19435439083283,162.12784591143492,47.35595386453858,145.11649375011203
88.02125247278482,163.7260328823362,47.356613004780414,145.13232235729015
159.0993254021696,234.8646536774542,47.12131980714369,146.143380327601
143.89746747966916,213.40543830278426,46.907445701583,146.61148606473384
140.33355430818096,210.06651787022358,46.906079692264484,146.61340787391651
133.26700393253032,210.88765058544743,46.90945307997934,146.61012044792437
130.1351368285178,202.79537964942728,46.9102626168313,146.60933288270886
126.47745730034877,203.9343906036591,46.91322753101847,146.60606382954612
113.76700726251951,236.33122488543805,47.016550244616425,146.3665029320038
112.99437071165305,238.746409918183,47.01662574026265,146.3651800695779
111.39736027864552,244.1804926297362,47.01698324758932,146.36406863206722
109.1485221033851,247.23206196312276,47.017223074672664,146.36348237923445
107.11292133223263,239.04380397455648,47.01706498257821,146.3631768384227
106.12989947109816,241.84963809710575,47.0152652914942,146.3591297862563
32.68423484993285,242.81645961411397,47.229592580699794,152.63080329581894
42.72518629709265,240.67236343963833,47.08805070932942,153.06410291405737
43.50424530439989,234.83006041159666,47.08627779988614,153.06594587047024
53.2990600418191,162.53358605300406,47.21643592270398,150.6659594069914
52.31507895237631,173.75427081292167,47.216268109104504,150.66492420722454
50.95912344211369,184.0445346275635,47.214049920111314,150.66066572772118
110.6042953678666,174.5868824152709,46.21959687671095,153.17751357882003
112.07967092776144,186.317691361229,46.22026439515064,153.1716528280171
113.08189307804736,198.81244855103205,46.22066690587337,153.17115784233192
115.30963535311571,206.90951498658572,46.221056798790855,153.17628377554587
113.64550469710295,210.6456489003038,46.220572268836406,153.17825195961484
115.53357440147212,208.67259206513728,46.21936071463604,153.17915278891397
113.66688769939007,207.87814323528926,46.21898615966317,153.1792818471924
115.60740135171028,209.5452682143582,46.21588878094132,153.1823815422986
112.7133570958186,208.8450696209328,46.2211117684327,153.1772812973943
110.64329375202837,211.14814331802017,46.22065351033446,153.17817430849297
110.36169210416048,206.52323497182033,46.220108267576116,153.18017205405428
111.76661805393847,203.67175004053377,46.2180473626643,153.18122951352078
75.10224528963894,221.05729756186673,46.48087492251336,154.1744624737845
85.35652306645454,231.5198599544716,46.5106055779886,154.51239730466366
75.64908853045745,220.28760510459568,46.505232340412476,154.730914343893
