180.0,79.0,37.0,114.0
175.7199203484675,77.2135304286812,35.796363450403845,116.63572458183086
177.45713778590195,75.46968985149005,35.80333740999237,116.61287717176002
184.29162468991362,82.07890074914111,36.882204483316684,112.46075386126014
176.26224589313892,96.38783597523131,36.810009241783085,113.26715785365982
115.75055674538106,104.82523671681061,41.41719643622457,107.67185923915358
102.9876245654321,107.69219140886662,40.46702663169379,105.3974961826325
171.10691730647142,93.96430577452925,39.86941710176361,105.86704613783067
181.6806372089278,97.48699165080933,39.00751692392598,107.47118476887645
179.7156254129613,92.65274372027952,38.67583559413662,110.63768935796344
164.28899584223245,101.0873720711625,38.439596215696824,112.0830097588586
166.65399456135293,103.05924346264615,37.99480366484602,114.23709536410543
159.1149294237561,103.07712320310972,37.32781007681943,115.57474575046497
158.71331415964195,106.44852864460498,37.38595792863706,121.3409642559022
154.8732308871527,99.69108038934446,37.35094407658193,122.48244958783434
155.63069075478995,80.88806288098088,38.894920882902866,120.606428940499
155.0879766075655,93.46569836035297,38.65644299410897,120.18411009967474
154.9486386625955,85.36768998129523,40.69298729320573,113.80743970874238
156.0974662346728,94.88190283652605,41.3036926303134,112.06305635667917
157.51592308311567,89.03363420228264,41.199438750169556,107.71859325895505
158.28103446080812,90.62804130252417,41.366304593989675,107.26300964929231
159.47669851915248,89.54001985315901,40.68725126711113,105.73976346454181
160.9614615487943,90.45951612488581,39.01418929340646,106.37490894255731
97.1020763921494,101.9160479523795,38.974216320563414,104.09714115548985
166.00714184347964,97.53254827716069,38.570396453059146,106.06295823587742
172.61421869318917,87.51091037614302,38.125086404458,105.8801903367409
241.05961724121687,46.89146242681961,37.208746095512,111.02969261966506
241.87102625588486,40.91963841632311,35.325722946327765,116.866006026858
242.48252226897625,59.56734815269242,34.92514519912899,120.52719055802564
242.19531863173432,95.13479651397039,35.35469220597374,121.6082362182822
240.5249812717149,110.96810613638863,36.58443362217956,120.52723403887539
174.52748036273107,87.65410127252596,38.718916030967556,115.655060661132
231.12087448867544,102.22429585305755,40.365524690699885,113.7148725346147
224.53172837879865,102.91758915592878,38.92331348485531,115.00466370215716
228.85470636352164,126.87299534497849,37.794650491788715,114.79658722493664
173.40492049706296,88.47486468103426,38.04191662167873,113.97411228573526
211.40788504303208,31.774099792383808,37.30433622358814,115.64309048832914
210.55446686694674,8.142388739328204,36.133072180556205,123.1435006620673
211.62648108338036,28.14673751632934,34.852691864277574,132.3842614210533
208.1478916933113,31.64279627184594,34.85334484180336,132.38458794841122
206.67029255964977,33.12105981972125,34.853469990916594,132.3852413526911
201.81720150035696,35.54609058062148,34.85715748822535,132.38146612773514
198.5770087115897,31.82914218456233,34.857801969263264,132.38183449654412
187.97225723359455,-2.9595080963647433,35.609558419516304,135.21767235087873
180.93907827231976,-10.187642669865923,35.64464822225386,134.62641227730003
159.97076738144744,74.4812855049479,38.43221452304145,136.2253997997427
168.36075583399622,34.754774885890086,38.257746422265186,137.68845369166692
159.27866657874338,8.419343880744691,38.4550880034496,145.52421743535615
80.92763980536454,64.46323911550358,38.44817243399635,140.39126095021336
147.9357376640946,63.44267109489245,40.881332795637796,140.02053294915353
78.30728522399026,81.65685956096178,41.01645728033864,131.369192683885
143.62227189910146,79.25715635448651,41.22570206976469,133.83859392792073
79.21051595816219,87.2588932270796,40.730000084455725,126.55400465081316
142.332254924756,88.12897474357032,40.96476311806496,124.55572003794623
130.86359441005044,10.668760730998784,40.33378580763235,127.86935179844087
85.95945137466879,89.66515394241816,41.68638340183317,122.21599713829744
138.49182102502982,78.37232484061337,42.334199032751734,124.47459082774685
95.40413403226195,82.89088661424326,42.791662251685885,120.25060576544192
149.31934152497865,83.07032476640238,44.91657716127202,121.02875100271913
89.08718686254204,84.86153287749391,46.24129145440697,117.92174849041497
93.07112498108171,89.11024355054269,46.00120938770726,113.15359664886455
100.52821423521243,96.04082225927267,46.29326485771732,110.8238408656209
100.59232686020374,103.81985608258704,46.277944692821514,110.86557332885545
102.0018865785519,85.24619074856071,44.24535622765229,110.24635965486709
105.08340288086522,92.22705416108957,41.29375822576308,109.69264808096904
107.57203222156541,88.09886762765085,39.80777700064627,107.23129825508525
114.0348215081111,88.94630561045349,39.50434598767451,108.208746470083
174.6438108337264,82.06056769539046,38.35298720949079,109.8062349115982
173.99840374840886,82.598178246082,36.853078056303815,107.53915265756622
174.38321806047463,82.26653350611632,37.8567554443259,104.13955065419069
176.3777380465594,79.15792571333446,38.415811175281426,101.21246673261328
176.13664976569666,79.45452498634074,38.1034524577329,99.9938171582537
178.1210900411169,77.28477907105803,36.151672241059885,97.49667959810259
178.30356894729104,80.76083886107386,34.11215054397652,99.44105869818564
177.41605693673188,86.81513852608093,34.58110590626612,99.72927085346205
178.37338592791755,85.54776622394994,34.11913423370918,100.99979033241124
179.33357714806172,84.73858486334211,32.855710790670436,102.19768916378962
181.71599897710476,88.87274447505911,32.53442725602797,100.32428647477947
180.97140714464933,88.35572370465,32.53413149836958,100.33229020336469
163.30583940528894,91.36233763559858,31.847353158730968,99.11872874619166
163.03361454826637,86.90966955291857,31.82497617161185,100.32090844029923
170.65991061555704,87.42326269700197,31.945166744244894,100.20067119540634
162.38091239264972,85.91219134705142,31.91821941869721,108.41587381657212
163.22482497915405,82.83521333580944,32.719587446753636,114.69454317051704
163.19792397174334,83.57382151758745,35.06683051878027,112.06741456883998
165.40049302693774,79.20224644572957,33.74295404321812,111.3515669861153
167.04877144691235,78.83400485098011,34.22997416860092,109.41489200682149
168.2943823168867,77.85969673218239,34.0861406961693,105.52227832879807
171.06032325566042,75.80686632887854,33.98408889293215,102.93419829067918
116.18435167123184,89.99877186901108,34.34930568239481,104.19489747957914
179.46959542533767,78.22529602038887,34.27651409703468,105.95855259174056
179.1390396818934,73.64779054554273,35.141333502448,106.24268818285128
125.37722456003682,86.99339863475792,34.774773621649416,108.63462286806836
183.60613891849593,73.71551422461425,35.61438447992652,109.61840644360473
186.57275939340946,75.53629166334255,37.461325414865065,105.41426549704106
185.46899878870389,80.72239022079016,38.382224100014774,102.99275674426744
185.296754603275,81.1300610451035,37.92261422239079,101.21359016783391
182.91328735814344,79.26728516607986,35.94982693759898,101.16440075309065
190.38858085742004,80.64362721115685,35.19257737953651,105.04182215838955
181.4855855323819,80.2750019433097,33.976606817454595,104.69837098529021
182.94287353307178,72.32247870921672,32.23297657966276,105.13750844926474
180.68192031515355,70.9307378944076,32.090229714260204,105.22027644439203
119.68134525308936,82.81653530917075,33.30651350538077,104.42302586840577
183.7903826638991,75.73728009354375,33.397154504073825,109.86535549826816
180.96258438191347,71.45153867631743,33.5344100035919,106.04728335530382
180.46649681341754,75.16006308200224,33.52627018964081,103.07101184572251
183.13180054645727,70.23017213082422,33.22015784837824,99.67517565268062
177.4240231954327,69.19537690031814,32.7743577225465,99.88170969241287
172.40270903430783,68.90291912549316,35.75222106829475,96.61437371236923
171.46397075490316,64.28924536108757,36.43306166557153,100.98148793429564
168.54248135828627,61.413896587025384,38.77671422970985,100.65494739953427
165.420618374771,56.686752130369186,38.516189193475,101.76058442686033
161.7948918399382,56.223439068515844,38.673557523455564,99.49082159068237
163.35959093521078,51.881516948407594,36.76427940527522,100.57913627462446
156.2572528208882,57.62795944862461,36.05106985358591,99.7787599717002
159.06831235248492,63.80760761297359,36.0622921028009,97.39432478802176
151.9806360417572,68.77815915092008,35.47810512006932,96.65421238900868
153.29557342479487,67.39745203118889,35.17974423567735,96.43454538114133
148.17776050513856,72.91736320264637,34.747921077492364,96.93728361561895
148.451034482874,61.77759283088952,35.184904239460785,96.18866044922055
157.529884099467,84.48361241527435,33.914526478442724,101.29274219109541
99.85543730418127,88.34572003606533,32.22100063542045,104.9346711298113
155.91179602067322,77.48141723137468,33.67431561210451,107.77374083526196
166.14720977651206,81.09030036644965,33.79452203597373,105.94898804243743
169.15603584768473,74.95785886313676,33.3840018516362,105.97822289385081
169.20099160373132,75.82534030050083,32.88402445018449,103.5451174309841
171.59161101663975,73.48628812769554,32.67265895734492,100.00742721330121
172.6735560972416,76.32033115875333,33.10963177603016,98.6030225629288
179.66482333949665,77.68356590356287,32.99027935939114,103.42950679340251
175.6570996042021,72.28777335068169,32.69159890792215,104.3963467209422
122.34425466305204,88.92233263136325,34.40273037957772,102.18216742959862
179.0689403484418,86.68663580170717,33.0788244018646,106.95099071013041
186.00401996474392,85.95427880269169,33.56769398548351,107.3874057341242
122.79173049436187,101.04533514311763,34.11480863181403,107.31673180449305
184.55597911504745,95.75187689851334,34.83345799688815,106.14752665826458
183.10405832308484,88.60220993461041,34.76757349515052,104.68476322736682
128.4634797317146,112.49981601308721,34.511834925937855,104.5907382042023
184.44050183185325,100.54872719806728,37.7442378692153,110.89600345020895
123.76107118040882,110.72188857565544,36.54602367161586,115.8499545902963
183.56853445317165,97.70897505686543,38.2070294381019,119.7177978479691
178.05966537653816,95.93962941588836,37.637522603881116,116.89106688108289
187.57477295727097,98.62036589552177,37.05203057168797,117.76275394073699
179.98861636168692,99.14572913493151,36.63019131229455,113.7943829611851
183.82520011157308,92.4653050280326,36.2716424000161,110.53954666570556
185.6754363307764,95.46765473037976,37.210048783936145,106.94238948970997
125.6030589037941,115.44145130371443,36.42313249532259,111.74893147487657
182.3420559090181,98.15414439955313,36.424516231456636,118.34173948180756
185.3711261731644,103.04993813653118,36.678692120858095,120.49724692514883
125.6942334812443,102.58815788512956,38.06158364483505,118.66176564175821
180.59071473671418,93.78831040174705,37.50999228868042,121.70308906463896
188.4191150288135,87.52073467264334,36.4641183325946,125.05809239815156
127.22695681102296,96.27906261337534,40.18421968028505,117.35961183254449
186.95405585565462,87.36906922053296,39.66820823652953,116.7643249518474
180.74383158539445,88.22618401051113,38.361834877635836,124.55883007495503
126.82945676523593,89.84563999870856,38.951158858773155,123.91509646426758
126.7461713895019,93.05421819835661,39.94961566332657,123.34038591534379
120.78543775216929,89.26946059099217,39.02916971472517,123.32355974899968
176.83772048733238,72.24318041906949,40.748571224379475,124.84445810554035
123.82666859980651,84.06925418628856,40.65924006290778,121.00801491680534
176.67156791979966,79.49252496737769,39.022107133370675,122.81885775022644
126.56561482572668,92.17828784780122,38.8915984655596,119.09244116601513
180.06235225436876,82.20432771301694,38.7445896727286,119.41938784854757
133.9253414909643,92.07458454598164,38.66070867268199,117.39949910632421
187.00511778723296,81.63871005654697,37.64284156598458,120.87351439683906
138.24196924725373,85.25862937955411,39.113810276802404,117.80968540582356
131.86055347422936,91.84809998875811,39.76620729068561,120.18963357645364
132.5690640391126,87.24285930930216,40.728071191665585,118.35348407599054
133.269399237543,90.79031219275726,41.05793105679815,116.28460598852372
186.63831392521854,86.88910139766885,39.35026067802917,116.84024861370418
189.28856514983175,81.48261517446109,39.18695476963522,111.99844448693855
189.21720090335523,85.0520330903803,38.73281784701517,110.72805738938357
190.67070936096803,83.80755014737514,36.480338728763755,110.91659774591392
191.6609954639918,81.43408720401266,36.76941388256423,110.2409319463901
185.64554777694946,81.05566370120759,36.530779913997534,108.03444200742015
189.65581870987137,78.5605134147817,33.89482199819648,110.65341708741305
188.97875162789805,82.69571825367598,35.113364029336296,106.87750804667894
190.8736762517057,86.25408833248233,35.35614713264265,103.10945219997933
190.40599315275054,88.02928071686978,35.393604881379986,101.75377816271079
187.18787753456795,81.79006179578397,36.35805391025616,103.6446162505489
133.61562798332113,114.2999026216411,36.006123569390425,104.69507925215495
182.24912306736252,94.30476781631344,35.86231760540919,108.64835392872823
183.28712962976766,84.30073476137368,35.699658639000376,108.86983518448179
190.5496717832806,83.6183459006148,36.0967325732465,109.17234917881142
181.83303944011115,85.39096904290665,35.459494024722105,109.92715649072431
182.27653970879405,85.85735532061688,35.593590432165264,112.6979280751659
176.07799534902225,83.35913807703346,34.86496198862295,109.3382748777014
169.26637431878004,83.7000128214481,34.903174447056614,109.08745886436652
170.26163332342315,78.71466486845458,34.441141259089925,106.11779565475298
170.16513712753024,75.9657187771375,35.08284889063899,103.82956408479313
108.4732977969974,97.52534390018292,35.34186324506409,106.48581127522573
165.71294220017523,81.89421561483027,38.19380460228264,112.05081557237145
177.34716800973757,73.42101365773507,39.254239015262414,116.62248556169611
181.1531139804846,68.81885165337403,38.758053517555055,115.67743079386793
175.69898655339054,73.7097415732415,37.79273220749752,112.60456380355924
176.73183785412584,73.20725456445099,37.9789295636838,111.34559391054151
187.56169895844965,85.18716563596709,38.52386204863967,117.96814634026323
189.6346576149978,75.2801653662845,38.2452826776668,116.16168255467721
188.93487934205385,70.43576617081835,40.01328503721054,115.61602202226968
190.67122999050338,68.10417915929777,38.98626221283043,114.67188050499712
188.5810199576739,69.24081548581654,39.6241908424847,110.9669123906864
189.71280587007303,72.693060530972,39.78733772953951,106.90275409320688
189.57277407487095,77.9229360284172,38.604080826245536,103.4931625526622
195.7469471813036,79.0210466398755,37.06196515842417,104.22831111123975
197.94937738332385,81.75148822400573,35.31007149213087,102.70666816018816
199.6748738979472,83.19606333833036,33.62542253331873,103.12952750452168
201.6273810576873,80.48289571675875,32.40708781550785,101.35595115327403
201.47744360945472,84.2172817509672,32.27424237863521,98.19225854500115
201.1682757742658,84.7061907810239,31.779228492090162,99.15798713768163
143.5705552553287,110.08982750068137,31.419669224788553,104.18161106775148
204.15391917003558,94.3554034700532,33.369961048695146,103.49218733945702
212.20587773484934,94.23830148171331,32.8040583309939,104.61766302653263
206.14564528487747,93.66645797109169,32.428449508098254,105.39834995288527
208.43228371208676,96.64810287654069,33.77233936357956,101.48592793793148
207.4331034134882,100.50422127625043,35.13470135409488,99.97247072148929
198.124997275702,101.03927932240678,36.47257615102961,98.49375087155673
198.73965078750518,100.37044782833854,36.20830975156492,96.41541063245931
192.90845851257467,115.07000217804224,35.415817401706676,107.77217656684098
192.4447093770076,139.30934810763196,35.52881343361356,111.16006948549357
184.05865485742427,108.940757353064,37.4321013286762,113.76524721044981
185.2941246753578,111.68197391807969,37.642355282973284,112.54204421728977
184.34696763881686,112.90379809614552,36.286872965521766,112.90568832255337
185.4813862076428,111.06995477821283,36.19148987411929,110.87416145362751
186.08917874862834,102.18464978043555,34.903508580822084,113.80467306813958
187.53524270617112,102.35964340348241,36.08245085998087,110.91520465902094
179.3993572601796,100.42821782834282,36.78009550837262,109.78806891278523
187.24742443848874,92.39260676000556,35.37933792940328,113.27611062190849
118.68766049486368,142.1458137101392,38.98186752563778,109.06982184371152
173.75907728198933,98.26776264000304,40.890456070527065,114.95866781943307
173.138664775155,86.6172282711315,40.63531143106616,115.98225166337731
176.92145158490143,88.01413509807912,39.59030904341533,114.31642587111537
170.3052294728289,92.25896808796234,38.5913651755194,112.18226583464727
166.96007881152224,90.03585012713606,38.5261828708134,110.30282293092142
168.06568001285981,87.41201045466102,38.88565488754129,107.51591536943842
168.04376830691592,87.17883257441812,38.95223745014275,107.2669640134157
167.9919229035673,86.00014040275471,39.835087564319835,105.47253532649961
165.85370348950607,77.70812028885382,40.63734378669894,107.49826123087611
160.67386080551339,68.42649058225403,38.44739994325852,113.62731558883885
156.30353992489358,66.27930041681725,38.54790403207383,115.92266056128345
105.41135201114523,85.53891283742965,38.777470289258005,120.50367070541023
162.0621368911304,73.36020598671104,40.81056392040095,122.05427212047049
166.54357442859515,73.89518849207572,39.763362101391884,125.52442723455803
172.00476676020622,76.75870968441086,40.6384913999617,129.1531292117652
184.87465730161142,63.834378691530226,40.428735799329075,126.89576359437704
178.50461944668734,71.5613832693702,40.31055993752195,127.19236574393392
179.8258137155766,61.99958083111686,39.61447929731119,126.3357345669738
183.26662264257558,60.056120385939735,39.10734169081074,123.68123499758073
176.25419642158414,68.5057872312538,38.24228724955392,124.04977316364206
178.14743448805808,71.43403320559564,38.189840886503454,121.64716057134265
179.4011968037627,73.22907636796802,38.43485255193871,118.00623412211003
188.5921804034287,83.75063937743768,39.9452517619085,124.01689724196464
182.2717984793632,80.08086152465322,41.79569521361614,120.08649254409119
128.81102775981478,107.87259988984557,42.18642152820126,121.38806372630413
123.85951713376646,104.46577358581534,42.27755694655767,124.35711947157162
127.14424584703904,106.02969599880005,43.21190038900053,123.38666333273599
127.47003432654019,108.60382356611035,43.5657453069056,123.2511159083815
122.03564468785528,112.73382313675516,44.57322030113332,123.56336999432577
187.00610263937702,92.54523361804982,43.846736160785134,121.66780199194154
189.3864199580009,84.13800809288004,41.76038383593058,120.41728684049886
190.49568748595408,87.60146448664663,40.794164420473734,116.58898707672361
198.55623461138543,91.20065894226238,39.818273760004104,116.40238844106585
195.50583871113997,93.60623655946,39.24352272907413,113.89288420764717
197.197748008266,94.71246072185451,38.16888773238682,114.47388504629502
137.1598266947394,119.44815303752799,37.46380079401031,114.32170665274107
192.87294719840423,98.27385988309234,39.10483578765716,117.72505675555766
124.76597873343272,123.25716230183338,38.724534436350226,116.04454658360295
176.4083099555328,108.69657721228944,38.7331154003532,115.8762651635697
120.40266288323225,132.0914054886421,37.39018438626287,116.96617098879409
177.73937814828508,110.38442539463257,38.52081574580561,117.77115290532876
178.35901392069414,101.87374611861851,40.638970129103356,112.9826397837729
178.51830477582405,98.87472346414646,42.16282723586781,114.07243714502415
168.13297560377111,107.86266254213514,42.25095803785938,118.00276893472548
174.044489343062,94.16475334251707,44.28613730824004,115.66691123227704
120.29884765278925,117.76356091459884,45.94313876739879,115.57589017380687
111.55168628260421,121.71462361423204,45.71902431294466,118.24932534430367
165.0445122267257,98.55293178140464,44.211880420307196,120.70774929316158
110.95929198514128,117.74885169215892,42.63025333755802,119.85690602316669
110.63656323180112,120.84774623632843,42.589711868007726,120.29431266694436
109.80687303636944,120.25441798479997,42.89140299743464,120.0770487579377
106.96649325130196,116.84483776869186,44.0451893200415,116.24932236459239
106.59959887265647,112.44265817510295,43.132042614380815,116.1308347576418
100.5269160872407,116.24341198751605,41.51522022744868,119.55264828454898
102.574840033806,124.18337029799554,41.517272248105925,119.55064609230097
108.75179543719953,147.3235819829111,43.67397965115774,115.15148264068273
103.45528063997557,128.0716139371096,42.4468674533083,119.97242388975644
106.13711883081288,124.9961294051865,41.71971098053869,121.96303643199619
107.34930109185044,124.71341246863324,40.335545857458044,125.51759508003555
115.17108861449651,115.03057938466483,40.49537371286169,126.2783685172595
104.19402770872296,129.81529521474036,41.222997874262326,125.07409112346583
104.36782081251944,123.70122664449195,41.80184904459903,123.88658361827173
107.12733387269759,117.01248260578764,41.16886504231524,122.15072750317549
107.13306132531875,125.0361114150758,40.288627855197326,125.54194644709919
107.0344623715346,133.4248291417444,40.990312085168576,124.51667774180886
114.3717374521203,130.10588252837698,40.71390092393615,124.86126747885865
105.07769046950233,131.9070400906822,41.004105179699415,124.42701766377277
107.2013577506762,130.09937833408515,40.76224852262513,124.25222105214996
106.19146226344463,132.89781021478402,40.81640229005699,124.31788580561427
102.20472645407939,127.05416744061598,40.058621238499406,126.6550555778883
111.00968328227353,128.1477050757904,40.42648506319022,124.53312737961625
109.99882288573335,131.62360272692746,40.47651222128372,124.49070345337975
109.51214415264333,138.7032947019055,41.431085447575555,122.60809295618249
106.5368794517933,155.03835779142278,43.243607208437,120.1731218827387
106.65556240628928,135.41870977197902,42.31009904318513,123.68271974047386
104.87588626653702,124.62185342199193,41.39018134130535,127.46873705165413
104.34221604340506,127.27023869544978,41.71483199922776,127.52870364157926
102.32447604880296,118.86184426024907,42.11427273138239,127.14630809425606
100.37499170268566,118.15742136310544,42.842910422335244,126.17302159674948
79.07485753276532,146.3988716231187,44.38127385494937,124.35382880987724
