225.0,135.0,61.0,71.0
217.3125989976595,141.58191329905742,54.00192679105794,76.21070228677286
211.20121253724892,142.6340058619929,49.723442769130095,80.43754085398662
209.85207708826172,139.2711776667021,46.59251912135862,84.01258298294101
209.90804234828013,136.53935931009397,45.27828483411753,85.90765790378359
211.4872091010981,135.5128148171004,45.023063739980614,88.07174535638165
210.39907129320494,130.67408188609716,44.87270161086337,90.08291187527902
211.28838669516986,126.54513892924369,44.98359955830681,93.06218279112218
209.30940674725284,119.8105607186521,46.05525602930568,93.43940596187812
208.36185740640371,115.07575810491291,46.801044599004385,95.6807659310252
205.70709408897466,110.44937739944176,48.25247439586509,98.29392515767185
206.21470211604935,99.12496946299413,52.39975633899965,92.79919397246165
202.76720362396787,98.73596265367136,52.63439584788182,93.13640492754249
200.38636736409526,95.78174164195278,53.939627680447494,94.53864616057437
198.24701015447297,91.8186630957901,54.42197516968414,95.56765178271543
198.9575346154665,87.64148539432128,54.50839435205954,95.33020363493283
194.23934739451136,83.94093793295953,56.17676533022472,91.35563193930918
192.07259989126533,84.53783090169532,57.32529854090991,88.6003545124272
194.8510285223058,85.05515001539561,58.40827711333216,86.71589489630513
192.73257250641345,83.94973525309817,58.66699967673303,85.41310142170875
190.4826800891772,81.88575462158764,59.23357103883923,82.24281773157429
193.9641559575743,84.46648500566221,60.82805433775057,80.28206749847459
193.50806509651466,85.73643181838543,60.55154611274159,79.48284264667929
192.66134563954975,89.30870831932793,59.977315110518404,79.01977339036921
194.23854661025305,93.01093792158154,60.028538941587996,78.75333470130388
194.94184131463055,96.06710420507514,59.76363072713846,78.66310735129669
195.12684287845843,100.61725762227078,59.2238727814008,78.93271457177597
197.80515462257353,102.506047565833,59.78021125300947,78.5164978571827
195.3724556579858,104.9817387327688,59.048643869227206,77.40448195931572
197.67146124700628,105.55863844341418,57.957831740182215,76.97785777377325
204.14166108570242,105.53281233791948,58.41829761759947,76.77440156868218
203.95304734215986,101.90343327441718,56.63875082222917,77.41155859095043
207.95307902965064,94.80263155917731,57.99030812138092,76.40387914636914
203.37465977575434,90.51164231637168,55.72061960585806,77.64078202468063
203.9952966982114,84.65662779425517,54.302576698067256,79.06037909259528
204.80821914122265,79.11946722814008,53.5169100633112,79.62649290365844
206.95607023532378,74.70935435797475,52.53817059407261,80.82566780933338
206.5945231371849,69.62935498738835,51.86720060234681,80.92389706503252
208.06131674387603,69.73282684122167,50.32504996580782,81.24938871493654
209.4315479514018,69.63320264532626,48.471600270864315,82.64309582979557
210.40703161961733,70.65293987309887,47.155753147465035,83.25668037998767
211.36220698022643,72.70448521393601,46.13486751985948,83.33085438871257
212.05448303072322,76.87946482723663,45.4435527235534,82.92466604757885
211.4964565711954,80.81784954963527,45.57018630152167,81.6898195535262
211.6518468805907,85.4855016034926,45.57575229828397,80.96913374720314
211.9307329632607,92.24236782955116,45.544444237596366,79.60139738883603
212.35656773397238,97.31867806118305,44.78201934498725,79.98669310904394
213.0953771088948,103.90166867160418,44.8165474257012,79.63642100227636
213.40216071770803,108.76382399050068,44.37029324737758,78.11945441965915
215.89992456882436,116.44848863830454,43.49915662409384,78.18167705734001
218.33107793576838,120.27030260871905,41.522460470650174,77.93677557982886
219.41223030715264,120.06178422560093,40.086812045592495,77.62304426153904
219.72484376259018,120.9642917930461,38.63680377647542,76.42329402876358
221.42346318150635,119.40791298150333,37.36695293913132,75.24053039254125
224.08980973572181,116.39660720956401,36.267527137981915,74.94806510841696
224.46730711043887,109.67019188413988,34.28839412866009,75.66236178557138
227.1187344037922,100.53772150074253,31.87132035326328,76.98288269152621
229.00290567826292,91.0204421992285,29.202234558243347,77.97301533019882
230.44836980405265,82.52621840151555,27.419257232490907,76.54399199361788
231.42015634368408,78.55603060620679,26.045800136714178,72.8768007507393
258.4319165065125,77.9754050969552,31.050333094748744,68.5010244102337
233.4356612899421,100.69179077320865,27.977059073543924,69.44592334581273
230.72987292867117,103.43363642039301,26.542872589603803,68.9041895251989
233.42170530094785,107.50472379542177,25.937326455432554,68.30508699880473
234.1531853027429,109.82047305615554,24.025049682004077,68.53073426362258
266.0800205344157,94.29663192566613,29.849319587310806,63.105374990177566
240.8794612250002,104.61300716081345,32.38850735897387,58.638930061875094
235.3628451908602,120.51997220620233,29.541116563484323,60.410014314359074
231.97777888004697,122.55556483527326,27.485476899649367,61.40857698102189
234.19932216109356,123.52000900012831,25.918139925568855,62.079114444005896
235.2172937236603,126.65927842836584,25.008971588338213,62.525283190985434
232.06239593159094,129.2137669797812,24.546417814871983,62.02838809270181
255.2002128278097,126.26797372206383,31.721135737522317,55.66450242490901
228.49716356078875,138.6739855491952,30.92394142488456,55.99523237172049
262.1017549300037,106.49540853334439,35.50318794670847,51.33992760215258
231.57424541892956,137.66305692572155,33.27007525498963,51.93587471388265
227.56664083667266,142.20570749385104,31.52130641504789,52.820579566698356
221.39685786707565,171.6399676441273,32.93507203075556,51.09874582010095
218.88291073289614,171.43050544948736,35.14447650915184,50.35200017211124
218.78866991928894,164.25448512907448,37.33110431270442,50.617243098703575
244.8680704819755,146.27636452587836,35.14518831916726,53.14410579557429
221.95891309834263,147.86208748601635,34.49322339282947,56.600951482201445
221.1036182322774,142.36253904954057,35.192224909132,58.70494585423745
248.50412406887008,124.47884316814358,34.326988992782574,60.85398281966813
222.11184766558378,131.77982602231162,34.655204824257524,64.24197301343168
248.54309220754214,81.68999042644386,30.80800123228417,68.29740714462034
219.35618731581462,130.8970563145615,32.830946605338795,67.7466329123304
220.69852409387752,128.62036956317695,33.08263698468357,67.65895798370296
185.2698267806104,187.21275880828705,38.00195177723343,62.81710551887342
185.00985769829379,189.23737086036175,39.416890340025724,61.28545095665517
184.4769183693424,196.57822480484185,40.91254873611625,59.46871613593228
176.44274388763154,204.4261177596971,39.89339617365907,59.912492833033326
182.51790067492257,213.44429179432444,39.26655729237534,60.27000081236259
190.4640822653168,208.07378694511914,38.19108673548829,59.76806483969165
192.2188161165638,210.05489278166607,38.27833472169969,59.66460207940909
191.8554487996944,212.25588772870756,37.619216064880696,59.13022907718705
193.4481453054119,219.07974865237438,37.88225883683185,58.98921156029773
186.56682622034228,226.60524586562929,38.33874752424405,58.19084355285533
186.29910733503948,229.06684989209526,38.337410123092894,58.19114986607327
180.70238550788895,229.46656836250352,38.78380921410054,58.23067011577034
178.16396679302153,231.19064511057505,41.400820651251145,55.48077722496256
177.80717241632294,226.59288475767733,43.70690425003862,53.313832072298496
182.07538428814982,222.1071778438316,45.479200141394664,51.91913223727023
176.10965480701734,216.24365679666286,46.81961372402094,50.8788384398841
175.74304424372687,208.99179999821956,46.73798881178349,50.50734890414128
178.196447388136,190.03367904647098,43.28116421241839,56.48368182631522
173.95358724617657,190.73353596379917,44.50494306338436,55.047279481330264
173.50135306727603,189.81768252048244,44.959633758431394,54.6703367326488
172.50323158665083,189.82168991906275,46.310347211091084,53.67122514088292
174.32001088747205,187.01133174569557,46.30411462110634,53.680898988075036
176.25624012063085,182.96033475541807,43.001304003394885,61.00095018384385
212.54697891147757,148.3516261071799,42.63868323322488,63.21253099350379
213.73268969026432,153.01212507149972,42.264575294311314,64.37821023466392
213.53810032620657,151.10614806060772,42.43426052898907,66.07395999466813
213.60717458141357,150.2891435269048,42.807973879327186,68.33891712878538
213.34426190159726,150.6285971206214,42.440289135734076,71.15872653414087
212.46358989675093,150.41922515832016,43.303466965769736,72.42726150870064
206.71617982558251,155.3913356700522,45.21197576777456,72.47022787079565
174.8400675913546,217.64505083179958,50.051350809960844,66.38831939788683
178.74243588402743,222.997550580012,54.844511754217265,61.88923249148891
171.22178918112678,224.02084499255832,56.24238875529444,59.45702420485982
171.8725126411474,230.31480944245348,57.204087043611906,58.65509269581655
172.24148814384677,233.8579156797138,56.85762584200426,58.867895743299044
178.64095882625494,234.1331890849662,58.901044973708906,58.27009050729031
177.39591019822484,232.8859132112451,58.91984949562301,58.009290472887415
183.4268918460088,225.34792287305987,60.00977123270886,57.35098102627204
182.28462445030664,215.49414657716486,59.870349629917634,57.84071631154353
208.91229240847716,151.79923860827083,54.1995855519555,65.45629366290582
211.93864116333668,146.6310980161344,52.02679350450149,67.99968286796118
213.80405877106978,144.48828029231888,49.98446823013636,69.37640017327345
203.68254749354153,145.14842392200947,51.389010789465296,68.96286323528051
205.32368330728747,145.0542231313474,51.98251783705282,68.92087712892152
210.57091188965478,150.77983949916197,49.72467013124151,72.09644969877337
212.80630111232134,155.9927098405503,47.291325310176,74.67571675983214
213.63981908554365,160.7441186078571,45.48780755709547,76.58262918279914
214.15901780473737,160.9002270693804,44.894217558750526,77.5220975214789
215.48200523529417,158.0003308276472,43.00464840881098,81.25479973204189
180.41842281099932,208.51236730929878,47.47160360163896,75.92754225946138
214.2442786596708,167.62042412669928,45.12300774902252,79.14139078286345
223.54692845562994,161.82488283324136,43.15031275610326,81.83874129885645
177.0847129011993,220.09865741009173,48.87046682639033,74.9945383975971
174.0737020751652,223.95800223939227,52.30593657378023,70.58546721204905
172.13107657517506,226.55953861956922,54.81953973898264,66.55465855081623
171.24365247895966,227.21702862849492,55.760851485318945,64.66815152872292
169.80769762331005,232.16906696643377,55.35013528299814,63.68889575280856
166.84392424387553,240.87636650786862,51.27666351769729,66.64982309816152
170.04496498361732,242.2319494512936,48.861386523534755,67.53635423088858
173.08414351525823,235.41231015308762,47.95843353206077,66.93690525772044
174.46958035155808,234.91951108304488,47.16450823993135,66.44166176114821
176.54812358218106,235.2447274581618,47.14743976498303,66.459585429524
131.1891754631185,273.27631014968375,44.282808842463645,68.85218481698793
125.41093613742976,281.1749777565458,44.28783771814529,68.78232000121308
125.67260181130254,279.86851807474983,44.288022012089,68.67781115740749
123.49483012210605,277.78141928676416,43.903973791971254,70.57363096200132
120.82651749334266,282.7793828129533,44.55380572216648,69.9083647296303
119.4763090426375,282.00127917747386,44.65658353971453,69.69716124543173
117.97539762732079,285.3150760124019,45.124664896196315,69.08096732151685
116.60781465740394,286.53694492665824,45.388166884156256,68.73450689588198
115.19165927431469,284.26322847786554,45.61618692653409,68.44017200553404
114.7475595440311,283.42573447306313,45.64417990230662,68.40094938567569
115.4961516682263,282.91771889208917,45.647115459252234,68.39084462614522
114.96513193903712,279.9819057289914,45.652303172978804,68.39107441074536
115.18254324934446,273.9569427552355,45.65225822942329,68.39597644010531
116.20210444332955,272.25453173247365,45.64861038025624,68.40367491041846
115.33552079991719,273.13171277983895,45.64858319667537,68.40644558431879
114.84657470912373,272.54332862945165,45.648444398628946,68.4077143266446
114.93955015524308,270.99922852262796,45.64908158512751,68.40784772396209
115.32387554481456,271.82731387295615,45.64579396278006,68.40459190501194
113.81517445247465,274.8689112473906,45.66244107581984,68.38197073402387
122.3810499452284,283.10156435194494,45.64020051206529,68.35598032081363
121.8762940244107,282.83593335502,45.63984695052534,68.35199796899852
122.07362576937406,282.2677988020593,45.62023200858178,68.34043599257582
121.3277558053039,277.5617387849578,45.611492834587395,68.35053461869778
121.3969051624118,278.3328554249051,45.589610597038536,68.35705138171848
122.11475575030107,275.9204732944032,45.54694066076958,68.40896942079851
122.48239782220433,274.1750979380258,45.52004323618988,68.44035834194267
122.28981385135583,276.08728993569923,45.51263591390982,68.44076935430138
121.74777102916646,275.9372524214506,45.484088568405156,68.47034148768198
119.57161204759343,272.7690727133223,45.47849971316132,68.47908564286055
117.03545384964923,277.6242595240308,45.46946721302312,68.47087381038409
114.28356339935608,279.8766884637035,45.47165595433816,68.47565853205184
112.47037828956302,280.6915026326449,45.47500004134067,68.47972365081876
111.11392180985916,281.35343336520305,45.541261255905866,68.40456125472562
111.26118388732075,280.39987400602564,45.55501899948119,68.38205458112031
111.68384576022015,279.796418040019,45.55770907194641,68.37822070167122
110.05771282349234,279.982917140798,45.59812811694136,68.33699938729154
109.51353526935455,280.5771244978482,45.59984131752499,68.33457739093406
110.29718403406086,280.9256108573575,45.60715533272142,68.32736142297598
110.49408812336914,276.75191921291736,45.607495503866836,68.32944308374347
155.64738238014283,283.5992174973227,45.341724251061656,68.22711927341678
154.59512062852812,243.36025149798263,50.00624984283782,63.73089966076874
146.14936130736277,245.002785898982,52.191068160156334,60.241663641753725
156.31089821567537,255.0389844571596,54.25508502651451,59.47235566724427
157.1019959660933,255.44492073714906,54.25517683723255,59.47254751652136
153.16225093913107,262.15736626226106,54.374603719770334,60.321598460010655
151.18956085565196,262.5036456571121,54.5872411003211,60.85650899537427
151.27995467235706,261.51867331513563,54.09828836371375,61.26653336835305
150.80065670459805,253.76257874545888,54.49720419497611,60.32812855934231
150.48949148126025,288.00217427957733,54.14038762464965,59.443557242081916
142.65003581725372,234.28226209440533,54.30194589480133,61.618580587035325
145.048823017751,199.9744315336098,51.19813904141421,71.18812201868505
145.0096257810625,181.16013218675715,49.61363425903865,78.1961953522829
143.30928198724698,175.40507412120616,49.50293974370341,80.99552752494984
138.07720420151372,179.18036772931123,49.49356836051899,83.92816327016547
137.78762581705445,172.37017611033946,49.26457811625016,86.58527727440537
132.7320437541225,181.50963621803743,48.77981595732406,88.79329172087465
134.88891829048444,177.39399750504822,49.63597445448538,90.45601665280398
133.68998676835673,178.10329896136903,49.84349817188227,91.34085288048222
131.73349744611872,178.47416850473215,50.2537342874429,91.22903821029803
123.15205760355259,189.47141670781753,50.86646786966988,90.26483812981084
118.72052508807711,197.36712922753634,54.622027102281,85.64627991166228
111.26298776461995,206.86470357100364,54.20614719749856,85.29407556066516
112.17997245926726,206.90382605761604,54.2048937963631,85.294942051762
113.2763524065409,207.20567609135207,54.204403942327914,85.29538065664177
114.46937083637238,204.65164236774186,54.07805331427812,84.32584190269034
118.79178216254415,207.88651270858657,54.076866411751475,84.3270785273669
120.20560114564705,209.55106693083656,53.9353418030896,82.31763134251808
121.64239099063337,212.50651413451237,55.59089209511161,79.19161328175457
121.91843819634539,214.9240332819363,55.55952168223416,79.2276615843494
124.36233830092463,214.76475626791876,55.55040313277416,79.24052994320073
134.87921348411095,245.38467440393862,54.65336007230972,80.16678177540905
135.63388745869136,248.32000018656817,54.63625565151498,80.1535296738035
136.88728277639768,223.03180985954646,52.594551237797305,82.71987767403837
142.10361336684886,173.5691538754275,56.102389362620066,78.43718945917081
146.55640863687685,157.37538103641705,57.60760071007629,74.54960772630302
184.82371105161675,147.28062039505915,59.662114838116,74.82557386375518
188.3248187511008,150.06267033970602,63.205315317443805,73.24342783379066
182.3095532266594,152.732727414529,63.40445217076994,72.98982434240881
228.64016955459414,73.43066931634074,58.273866792732505,80.27419261398066
216.39367230836967,71.99330120011066,53.085380877466605,85.84817477615883
212.08662130695558,62.95304519895396,49.4127883536224,90.33416620962458
189.0450488441785,129.82001421346592,58.323890432496896,82.94260488958503
188.83062289720274,143.718729140751,62.68745521325871,77.07213693381854
192.01000449594545,149.90578963231346,66.7414060202899,74.47302987433869
182.52905731844953,157.32106424328913,69.83631314688822,73.33123950248502
212.1696520574243,171.58898659346528,67.55234656932933,74.80939474109752
206.4470125868715,176.81541411320055,63.22959343646026,76.8407516233189
233.27351675712242,179.34233048858275,62.24163560255022,77.58910536165972
289.64815280054415,88.75113650921308,55.77567345223024,85.13883340828968
340.5835720123688,113.24804350921478,61.48275403492862,78.4445112906105
259.0642332781779,48.3966926309759,64.80643516541974,78.87151724630702
226.07010921494083,79.94440992149056,57.87108404872981,86.28434529955504
219.27926579616033,82.30522879070679,51.771052059996855,94.1698175846211
221.13509031442283,77.5917586235434,46.11286123727805,101.0820787254512
215.98080590959316,71.743432131848,42.853102143189815,106.7467926791484
217.92663936009473,65.26390244472377,40.49491505194772,111.11293270372644
213.23651206106476,53.81945671243757,40.878169909407056,110.3030975142461
213.38768031607393,45.83771392872348,41.07253839502089,112.31525861878366
211.1928988877331,35.60944725134949,44.09060242853667,109.84195951503554
208.4525803910179,26.711281427257816,46.32548518002371,105.77812461353628
207.9137897802573,25.152861251773963,47.13006082660328,102.40014866125081
207.88101238994074,27.894175559175515,48.013148861859776,100.13875341436763
206.43141623762915,28.881528397276,49.033651281343495,98.20260548368296
204.28627165329385,30.41008708910904,52.18760746127511,93.9162158536561
198.72179157317524,32.23100340123799,56.59619732884876,89.66705630459732
194.72662245642715,37.46080053848373,60.04021035558834,86.52187414711024
189.09006458140445,41.43399460680679,62.55183528379534,83.15258294955103
188.293822346917,45.9052424277379,64.12111237326522,82.62100363611899
185.6536078055983,51.606377143998486,65.30477832189987,83.41786998393229
182.34051494157194,52.46200027018941,66.15450387920677,83.19582706540513
179.15090190881998,56.071627594376146,67.12440386820317,82.92212715030801
176.71833064543077,57.90739341746979,70.1178508764879,82.09669154293908
171.74980510262682,64.36938645932182,71.42854392986924,82.89886741602213
168.01813099665736,67.79747823409241,73.32210082482212,82.04950502202907
163.266132273558,75.45221923168032,74.93734247268101,83.0374244550759
162.42773994784093,77.49424524404287,75.87919833736049,83.67013211205246
164.38186403468936,76.48761956157057,76.91714338189483,84.94731785085266
166.64636502150663,71.71645686675845,77.75976063280864,85.73657622387532
170.494960889812,62.41224252113773,78.2022240094181,84.99425494563434
175.81148478487404,53.355036598917835,78.6749739869332,82.9242929344833
178.33121962930994,46.82374691635965,78.71815066799547,82.75364838449957
183.90469060603826,35.70587357555175,78.2546670427859,81.54629127583217
185.13472834396322,32.74504899262641,76.2918780654826,82.66200601251415
186.44890797758194,29.440876571744177,73.78670689900034,83.3774809049378
188.49027350295617,25.98173796392151,71.97852962403924,82.98977171616419
190.05822093176297,22.71351097428395,70.3490000656505,80.97956050378892
193.1544034733845,21.437593100018574,68.188860114396,79.88718186061129
194.86612613801088,22.031451557154497,64.96432959615834,78.64459814439209
197.38046610900838,21.501158528118495,61.74173512150191,77.27158902195262
200.64146557712095,21.501247456651086,58.637343492710855,76.12316368449498
204.48911233039232,22.95007852791256,55.623456484123416,74.56588089930999
214.63795386550046,38.00104105026172,49.801910575162026,80.23586366100815
210.2688881423305,44.85282671368128,47.11589155458301,79.58583542498934
213.46148295773284,56.70816677653496,44.864023209026115,80.89793857870093
252.07740436182848,34.64635895214533,51.612328716264514,75.88044857562473
214.91715686213965,62.85712720434595,47.5113378147633,76.81179445647739
218.41366180760994,80.65383701858198,44.08314988236458,81.0714059864526
218.02223351892536,82.50084421530885,41.414460505983115,83.99981047346151
219.87998720810725,83.25566892619663,39.915773129221506,85.24570547574294
215.0721855490895,81.27200968841754,40.99675234752555,83.26573305393175
261.9709652641153,77.89280767321131,41.88048259032557,86.82244378791171
254.85180569037112,59.27617230318259,43.125341082601466,87.49580089271524
247.1319084264397,46.958042551552026,43.69983161723925,87.3755982988084
246.35239979742136,37.241076058329355,43.90891703914771,87.18939502426741
246.6408871455793,32.736097452368554,41.751872204854166,88.13965413133062
245.8397272613332,81.74297941917759,43.273691378074844,87.60126251216568
207.6161354840145,15.363103390588847,51.36719909042704,81.15642472559315
194.43894010101678,14.994037975158506,55.91240292099767,76.23721359936155
186.75414622526839,19.535415626827827,58.79033913746031,75.07599712582638
181.31561735921352,22.518166134444428,60.06267961493139,74.94164473501334
181.94854605626804,25.861665473135147,61.40897932722184,75.0852239079737
182.04267495768963,32.19386977703783,62.42235938849156,75.94391329211169
180.10598499571978,37.596990100940815,64.28916301276391,75.83829901759674
178.54066785522554,40.57095534430904,64.84712468823783,76.88561589490448
175.97613760275783,42.5190001031662,65.4577544833344,77.95717822121482
173.49378266633337,44.98622057409785,65.98447607493328,79.26562334578828
171.6607828116455,47.57304402832531,66.25827269173394,80.2942817542584
167.43783376107913,50.94936989481029,66.50477561311817,81.29122709388977
163.7030533233484,56.28806083096985,68.14599691185848,81.45569264130943
159.7765850759123,62.69954179002683,68.48377236928559,81.82407307701627
154.43988466636785,70.2649246909665,68.70598796193408,82.56384884770773
152.16814007548783,74.8993245404083,69.90188264410611,83.74409051540127
148.05497790559093,77.76896828461643,70.67418266901947,84.2943824184645
148.84677098696494,76.9309783338595,71.57334191528334,83.34934152606357
150.27229759028842,72.79125120402611,71.73984251494129,83.37459198934364
154.10115135885803,63.34294608584795,72.77425171516782,83.86392225743823
156.70110984925586,51.46137524346676,72.63946639864827,86.56903667474455
160.21844660572282,42.75990626435636,72.60506754391744,87.08989836953762
164.95474226820932,30.653837430841406,72.5359624707755,87.85058568866714
171.21971248283768,24.837462864482674,72.44207627125516,87.81127290121859
177.64729913325863,21.668880690796115,72.31347309980774,89.10401748311929
174.95236274360974,17.13651798387516,71.58794175007722,89.55072856132888
178.3988162436453,15.378786843095618,71.19146562387691,88.9079953472825
179.42356080314678,13.733572936639021,71.80180826718782,87.24782587397132
182.22680312351577,16.062333472735176,72.05764977162195,86.77998108656905
183.2454733234689,17.03783780241234,71.71616343951814,87.60809072669898
185.54100009684186,16.434341524223967,70.84190962879521,86.96944131244126
187.51688495843533,21.745748286621065,68.4392022768622,89.75006254106503
187.45305584793783,20.714722380478634,67.6492984303485,89.94669341581175
188.3896964295419,23.345610380384613,68.08719261351486,88.71028133811893
188.798763976576,28.27664581537858,68.66622138739713,89.0075007818517
189.99839369308876,35.57174700115684,68.27181711031642,90.96314916407937
189.10458910066183,39.532584716046856,69.33966224134875,91.5892709373633
188.8243117387996,45.904315666186164,69.63630229055269,91.65082555472384
188.37670149180403,52.91313994685691,69.7902782896288,93.00424785519876
187.67357567898196,56.65777896601868,70.25702618592955,93.79435252256368
187.78457452967393,57.029086340829934,70.33270373650633,93.03433897969086
187.57248312690007,57.8070247395271,69.86359804889764,92.80751117349983
186.27034931513867,55.69664712168961,69.88797804386515,94.2459533007306
186.03058963618605,51.31014800475762,69.43577166133765,95.51328861650376
186.37844728259972,43.96901431219473,69.94304952303605,95.84385426517935
185.6832312179692,38.556764245697465,70.49729780630027,96.25588453428227
185.7885438876246,32.28606800427053,70.55635505318254,95.51447443534903
184.92431659677436,29.227901634965555,70.17915491839132,94.64017368625757
184.211378692723,28.711079755269296,70.86410708338185,93.84108858288764
184.64347410122835,29.450544005650016,71.73975021736753,93.38950550105625
182.8482062792969,30.089774648867717,71.56004126284174,92.84550236310031
182.4031871781856,30.30051650497591,71.7763347865671,92.79278814756323
182.54910376026308,31.774224290149604,71.8973258657192,92.81124105026882
181.98851240061038,30.15718374875682,72.40542909674716,91.48984689806903
181.445390346521,29.85486040509037,73.04580667975272,89.0320441301407
179.392269254074,31.755009644769096,73.55602530507643,87.64406817199297
179.45338265043517,36.30609143098185,73.88255961789147,87.51162544002156
177.56086562389564,37.64148972987,74.7554051410023,86.92546314629189
175.1377181175352,40.53621160223926,75.67911252059022,86.37807147980044
171.61462256473135,46.71272259586955,75.95527265085617,87.19843415898274
167.70075838253214,53.13209771536977,76.90169818169744,88.08602802856385
165.71604228687727,59.50042121427092,78.98424639893189,85.73632389422589
164.57512206543336,70.81621896328215,80.1882057440261,86.73523491170636
153.5266238045587,79.49125741376605,77.8125879774453,89.740151830929
150.29562667264582,84.18973047239332,77.4039767725211,89.20474078600111
148.6751019344382,91.45180507778655,76.23428062820881,88.82033156544904
144.87823356081003,96.22644862865812,75.69457640409061,89.20996257741439
139.68851220732807,101.10941834573617,73.96362654055898,89.07860089441795
136.47926567756835,103.50755549590662,73.87186807801417,88.15410913535207
