289.0,67.0,64.0,236.0
291.07810290126343,56.286742640233,66.83248838845216,237.37157544951447
287.8189079023679,64.39142800097596,69.92843809579212,237.49041174401975
281.57303267457337,60.158521501427515,77.87065661473568,233.0531695520766
277.67817674209823,60.84044218256665,80.89814332862403,231.32257479042624
273.0526575047346,70.8321180623885,87.3919269644077,218.44026959297736
270.98596972180707,72.49019346096061,89.59380257222448,216.1401514916034
267.17856170695376,77.64221577482957,92.38334508813716,214.4100814732405
261.6509957896268,79.28511672700606,95.92655265597588,212.12985927889423
260.5106937374212,80.75099944232655,97.85969973891224,216.1525063085804
241.0056366298666,95.58710092636252,97.75362209000782,207.84547477300356
218.03274366490916,110.19525188940625,95.98020025625077,198.67616610253134
217.01648270083774,118.09222084836381,92.16503350946685,190.64830808726515
217.20333421423447,115.74671341633294,89.10456648082706,186.9743041067224
216.23197795130488,119.85757666719769,90.70612332865241,181.15144258950522
213.1723515434296,124.51363629719022,90.1136361274657,176.745940494132
207.6507472157807,125.39044409478787,89.80396525853257,173.70242733786338
203.23358505270105,124.41583849679338,90.11334814029493,173.63488843657757
203.32940226134428,125.54187971889351,88.08792270547607,174.19811194063476
202.29488003404086,125.5216966122955,87.10784601864925,174.68619698274733
202.6504310559245,128.08966817602857,85.47195150633408,177.44604633956467
202.33976250125409,129.72052072835504,84.03589387270928,179.06541995500447
214.71142373496411,122.76254371525928,81.78642974269158,180.0076314961496
215.51716991017508,129.95635073509672,80.94618781903888,180.2196659321217
217.18642480010433,122.22461215399883,79.84604249726448,183.54128022505478
265.83927743406025,84.62723869687727,81.97422089634479,185.6655162750401
302.65116873476177,85.37514561752872,77.03934973293006,200.85462942043154
301.60284838201085,93.55837332651973,82.24084168431202,193.67083219794512
205.1797147394333,116.52721642517054,87.99067342259212,188.5350144393642
194.6254751137008,119.71264417769684,93.34911834178178,185.33673679228278
188.60113032979228,111.220601860848,94.87117560063884,184.7342125392617
186.42238880247393,100.30938650522687,95.55488393603724,184.90092730812117
166.38565998631356,98.85786972646058,98.82101048315295,182.0052052199018
162.5260768507082,98.14594904740926,101.75553215063437,179.27065844018705
165.00468721911417,95.19228519680884,101.78882473855998,179.2398996316833
185.1512580671147,103.77939914849145,100.06580862239291,179.62863902873312
207.99906099238243,107.98099883027294,92.71930479212114,187.1042734359221
207.1158524850892,196.162972666793,100.24595044058822,177.67909224237417
249.83190572816352,153.75301756021548,89.13691829525989,190.7822971332636
281.92962004747164,86.69437728425055,90.0694346029327,189.23185307581844
252.19113233694105,108.4339135229308,84.65116161090793,191.56490294342865
233.91340969455737,169.62137187541646,87.18575576042139,187.52484036443386
324.4608087601022,91.6996315821311,84.2440490599957,191.38534975959834
217.4024561110475,151.1049519208122,86.49606929951143,186.18387808858378
202.4331529854382,142.66275383190938,88.6016124251197,181.07079387393338
197.27645531285586,122.25086837642085,89.34599417470332,180.41492382421708
318.9665568914576,101.25926182038978,85.61506775089825,184.36816867456048
223.50155241509512,125.21633683867493,103.88073954542011,163.536829993581
200.24701689425734,134.379334760875,119.6528778325791,148.61348450547356
198.08580960555474,140.183467493713,131.82791491898692,137.59894674766045
212.31291198408297,136.9046046349625,139.0886302058758,132.67188452418242
211.31204823501463,148.95699905886158,144.44805089935554,129.28009692760494
219.0107444904007,141.31689257689948,140.58434979483337,133.02110910875334
293.11788442704113,156.69509021709746,140.25190585905253,134.80625206688276
295.557451398936,155.6868092661832,140.1460415685831,134.84511099343814
282.2107306199771,141.07182407501722,138.90818010220886,139.98680737369486
320.13734470639747,135.5062201799831,138.44944503239552,141.78183066211517
344.76467192098727,98.33040223873309,120.37027621417782,163.9059045939316
348.45277594428615,93.59714472301874,110.68316080368845,177.31917670353107
335.4464359807409,82.86282760727586,103.27565564166764,189.10941947841283
352.5836969567815,88.35612723069198,100.84382892579237,191.5546477767466
339.557714794978,90.28402705282099,94.32980280140146,203.92429101884113
373.87599577895026,146.34443276986627,97.79400224703107,204.43819180398884
372.67268129776505,144.815661941002,97.0580523691458,206.844407282213
351.69213108934105,142.43715936186527,97.86673655674576,208.8902932655292
332.2213283826767,141.78103415485862,100.9923057457093,207.28156155712122
277.0264001030923,56.56656455786529,98.7335188112256,203.05327418860787
299.9950700263225,143.73972477472975,103.56088462272427,200.9128253369102
300.71068203092193,148.09906269025583,102.13814661248378,200.97453547692734
297.57368877114635,137.4324880586181,100.46849099260007,203.49658854879658
277.1682049993213,139.24775203689373,96.62699271593776,209.4284823909514
281.89853321569694,116.39362015044043,93.69215320060579,217.66077494193416
247.36306348082877,91.31280219130466,88.72451845159222,219.42704419150454
279.1193083999334,127.31411283292664,89.89235698252358,220.59047668023322
273.58294029935627,125.74063852702412,92.06070570961774,225.33676251223022
270.36381509144934,130.4958850192814,94.24326221292547,223.12417163495442
248.21889259979991,140.36317987113608,99.51843968523806,215.7050840979931
222.8180267569074,101.6054558312274,113.23740388445086,203.29737543952922
244.61525650655156,124.51468696527357,126.00262074624646,191.7556236816908
237.0517092658244,121.46571068779798,133.93370034656675,187.573845439828
229.90574352283147,117.1557692494974,134.54446709103652,185.18953501045993
260.32356246522266,96.0113381093012,117.43892030122485,205.9879874397781
231.53958857440088,79.94064908590819,105.42627115904024,214.52699045604655
235.9441527990625,45.18862383496024,103.99025920294211,215.2684524569659
239.4919921663815,25.309382304732182,103.47345171845673,215.49150842391614
242.11593709783767,23.51488340397995,103.19490647148066,215.6373819311396
245.1526077041369,26.375896084449167,103.05085173883214,215.65697615714575
281.10225296552693,132.57097878153644,100.33237786644266,221.30385910281495
264.46091051191087,115.85161253177698,96.5198708181084,225.69723675919423
265.94806800388386,107.02894679347827,91.8719914001109,229.59053977052065
265.31872420515583,88.951726472188,84.37664209418567,243.07285936512756
267.31793242444076,94.5974035980955,80.7188797009592,242.37174940652545
316.66307821567665,96.13512901060837,99.23701554768664,224.39661462916817
262.4340575684409,75.5672980017658,95.28973762829091,229.25064136242946
264.7553779935139,113.14617673786212,91.67532768367772,229.37849027451418
337.2745158334749,154.2662230161793,103.35453552426361,211.9793629888759
274.7365342092677,127.92945834589256,100.14041393381076,213.6421615860412
300.54867354179993,120.67783133378425,116.21711640888303,201.42889911550682
263.3457923725683,118.90217523937,109.79544039285409,205.54260961881135
266.7650623725708,129.99642243243295,106.06330207474912,209.32807801649892
265.8665922354536,116.96802470265996,101.70790861256381,217.17905529977537
264.8982946668956,110.91198616730651,94.96076599485812,223.49275199557383
266.260218677179,105.11929317087807,95.22777104550403,226.67706357894585
285.2223404464121,127.18671484850825,99.16461149141287,219.17811118437885
283.7757844953918,129.91968860479778,101.24637429953944,218.62581799919238
283.69765573985933,123.60404157411435,102.14351504176739,222.0432267532472
280.72148332662164,123.2344701659444,99.61055789680725,224.9543587720865
275.5300376455227,110.7942779120313,100.63523488064814,231.0818784422662
270.9660625091258,109.26176670843964,103.26457751794399,237.84854693900337
268.23139987958825,96.65969829270486,103.90998586494013,244.9129762051653
260.6669033256697,86.97777353584557,107.139277854308,255.53940945148886
245.24118591418843,76.96267436047074,99.89529946926272,261.68073470195776
250.6816075052801,70.91591694646286,98.8898120075994,259.85839126123574
229.46853723893503,60.11642975830404,90.6068956860415,263.8014494235641
232.39044212304316,55.95857461346753,86.07364185273127,258.60913835856184
250.6395937505324,74.5539522916398,86.77641129062383,262.79872739308644
228.6954380365225,59.00560499908579,82.04090146009878,256.4858493768761
230.04959952013863,61.34319973029103,79.662573558794,247.6034999184329
229.36683718181084,63.37761833515788,77.45344913991431,242.47024188941668
248.95849809419647,61.68717183943974,78.22551824531884,240.1862755859616
253.99335235469482,58.03922884138986,81.91255983113362,236.00926119143637
238.37902964118135,55.52081510068777,79.35018581846334,231.67126796361202
258.55631209777437,69.62606526794613,83.54058855664444,227.07148349518417
272.32656438971617,78.03618204040521,91.44467549497773,223.3089949301244
272.18006539191407,90.61085041799247,93.44288179212606,230.07296345754267
294.99638034442813,105.04998888660356,96.92870968128739,230.00422440789373
292.0440493986229,64.77429713644446,103.38320504944123,225.00141631885646
297.12334623599384,107.13940557054073,103.37251100238491,226.1504185058397
301.1075923648599,96.37677681391241,101.91590200347241,224.7241360258102
295.66496215163716,86.89884505297024,103.60807771312096,231.19850273678145
270.8336319997292,85.94859611188141,102.42996729550131,233.42836086561744
282.7580228178935,71.34362330307862,109.46820577025676,232.35630308051307
296.75525802245375,88.02528427774772,109.01016953472023,228.9890653444317
276.9308089479217,96.04901222710328,105.02636581000506,237.06463724723426
273.8764511626422,81.30002765719176,97.409877866465,249.41810756198404
286.2222382197465,89.25565576593007,101.58291633160212,249.08153548757383
288.1868779257413,97.8584007361637,103.3465704790301,244.11954148826868
271.75981042730467,67.06128601901634,99.03127951154791,255.61133867158685
289.3673666425156,68.47377602375732,102.2467205174054,263.40907842681435
285.5832295312805,69.97855850349634,103.48797457157119,264.5603506407982
265.06716838522414,71.46921730086208,102.52787503140847,264.96601644068954
269.294880800883,58.49066780691419,101.30445961094892,273.1542212330287
265.6923145353551,56.36735309445791,104.81421288480254,268.77388608884945
263.35086047302207,66.87105780692252,105.57532564127405,265.4320535987347
267.4901947065927,65.26816727759822,99.52198633482307,265.3176711689952
285.99733466630323,55.60357099105198,99.02966762756026,265.88618831178985
284.8575051385408,48.8501335834255,97.77290633777872,273.48987585210995
283.5788436617254,35.28069210532368,97.77070809313682,279.67997874849914
281.1242746244511,53.5673935169724,98.16521966469462,277.4061135838931
280.05870209826253,57.3736319114378,97.93972986180138,271.3358604869026
280.8237885598762,45.20288791026633,96.50375193940131,275.13824593492427
284.50816507265836,40.57330091089824,95.56140577418866,272.81016827045244
269.9343102634059,35.83261290442658,92.38354242516421,268.1820319542942
290.5635457697317,50.351002979716355,98.68073928970992,259.68107181103886
290.4574597760854,61.44051658494939,101.71047671813412,251.6104258719351
273.842975127577,55.89466547225956,95.25710730055135,252.0940748899173
277.7845354267697,68.71914826830013,94.74663923283612,252.34640782078537
275.1360895174191,62.98814590725004,94.61459218587555,252.38305567795635
278.46827153274467,66.10422262907477,93.75189727601305,251.50063654064235
279.65297398334656,69.72158719806346,93.599779438408,251.33330499711687
279.38385341337533,63.886020408548845,92.91381484600484,251.06010454599473
280.11363217156673,64.17009494621796,92.18504299751824,249.60673303565895
281.0851800933159,50.84314604657362,91.9064388074623,249.26066707457164
279.9143620731659,48.02521400650174,91.56776149899218,248.46862273415266
278.0305159363104,41.37506502005283,91.33165004269216,248.36165599757783
276.1123862255831,26.620890868095728,88.67986949374887,246.44014514011508
276.47667527801553,44.371299502889485,86.455069608107,244.26167360417014
276.82300368082383,57.41044376816846,83.91398407629408,243.72112005896375
280.24363923591375,55.572307926925646,83.94953066936137,239.5442556788273
282.82614722487546,62.61624896717956,81.83012130459713,236.80355110381265
284.09368134371084,71.85129750665702,81.00000518770725,230.7608965755169
287.0160688070332,66.26658351240401,80.33185551283262,228.72688675884714
289.3591494737742,66.99432187421715,80.01530019741702,227.3814116141479
287.8088911813991,64.14731141206227,79.27665538614059,226.57161068863468
289.9123009055977,65.94201574100026,78.04924491715931,224.82873711739046
288.71219414331955,65.72156229003706,78.76637419221912,222.55692028732224
288.78522606587796,62.158065207698684,78.84267013850035,217.34315517465524
287.1339508208089,64.29158821173642,78.11591374005815,219.16611408753923
287.55264034735103,66.9634946702217,78.7009578112872,215.21776451800366
290.04985712543066,63.57062461177556,77.82571447119247,218.16853320697848
290.7643051309822,70.5544053652306,78.63059336052572,214.84489641320317
294.18350927967924,75.06348317477872,77.2251536796173,211.03299479953904
333.6236458825572,50.557658553344965,79.19605387474031,207.93449465886164
297.1625641417866,69.81005495125959,80.78355396516818,202.72711473534685
347.44046859952533,73.77395998956563,88.03206633875318,195.36631416734454
295.2121022226554,71.65887026926504,87.78231715889929,191.96262968201188
280.5840801551899,58.1382372414991,85.35990403369853,197.80043504418438
286.5839809436447,66.92297525869499,84.32829360363954,200.40341956582287
315.9911214350932,70.60211208870491,95.96599321156278,191.4685979254945
282.0139002213732,51.81290880350676,91.54289505062384,204.42750147465057
314.9934193347914,75.36190635880885,91.98807740484224,198.20749327200537
266.1746113991755,71.91186577426575,86.43363852753882,213.2086858531399
294.67831756708847,73.57994105786526,100.39441924591216,200.28834873198582
297.07102804871806,62.156388679042664,99.14266012499905,189.93935134729702
316.9844335094071,64.49358437495172,92.26992024854296,192.31026711490273
260.8001205681162,85.97749143947755,93.4501992683318,191.9339599438589
301.287798577711,66.8204073238719,100.31726573449374,180.1611340039276
266.1711371938352,87.85523833981345,97.7626093762687,183.58323604064802
298.8326758258984,71.96568753063453,98.87797052766973,182.4012208682344
279.04597035180825,73.7136455801466,93.00914362184605,187.6733225380701
311.8250748839971,81.8758225198587,95.4775611443824,186.84580436726407
335.27560849725455,53.561469787419824,87.96583336488906,188.93162500548166
343.8255511739819,58.559541264454964,79.92313986018921,197.31210711244654
347.1648884373519,67.27020913256248,75.45554826878244,197.510522352794
350.21538360300286,68.31174917922405,72.33652324090158,194.27309638945286
351.63871410658214,71.13119357894901,69.90657141838966,193.67866884030812
354.0714023933106,72.48348363428867,68.53313295909894,192.3402048957436
343.3179082547951,71.9352972328093,70.68903175859091,186.43987788867426
349.4679924968917,73.9307604066207,68.44925946885559,182.66448810564
352.47277553186956,75.72672371263478,66.1712445692491,181.2910714061027
342.9112252511512,64.26469840104248,66.37433170295138,179.41892604540058
343.3592727279883,68.13582405060565,66.37273301135079,179.44284524798323
343.5410453516089,65.06617128229016,66.56539899724868,181.36294778931392
347.66343436714897,64.191975946262,63.159721327038866,186.39751895758604
348.03802541422857,67.05478571638872,60.72434099832151,188.43619833319565
347.01156791676016,59.493701317993214,61.98665974653896,188.91424119157114
344.65329766879654,56.98294911230083,64.25586905235696,187.4567006887103
344.4029766686147,68.06462029813277,65.6300962172676,185.5672535807183
343.1312099276532,71.65489636628118,66.79997533365109,183.59089599016733
340.12039236378496,76.6948344238708,67.53577090373987,181.23063390391874
329.7400197733939,74.45056736492738,73.44548001274464,176.72274620784074
325.39758614671786,85.23665328797807,75.60521174897632,172.82109323686143
319.1880085493734,84.10438104797379,77.59212264282286,167.8742882295653
315.8127236846849,90.08760050181186,77.57810496985621,166.06032181792187
315.11991953167836,84.84475753568319,75.69466768451487,165.65027582421487
312.9232063529558,86.51238700237718,77.1176870328353,161.3713842285306
311.17926344118644,86.54335757589382,77.70843736023448,158.35955294477856
326.3557246516994,89.78072458266571,76.62704127587844,155.90900888027042
325.1372017037531,90.15704344900158,75.36001112005906,154.46641263481564
335.4916566071372,102.42093848019118,75.65953942364246,152.32045850993643
338.0272832990537,97.10546694485495,73.11714017150798,152.56867967966895
336.86331114526246,92.61935410175671,71.9295841720074,151.58189333431025
337.3269787251238,76.39469287891555,70.91300913929258,152.81417285701895
355.604291128083,83.42522984932634,67.20849343371604,152.27784199633652
359.58278434840446,90.47495891839282,62.80178398777831,154.16465094804732
352.4314292403418,91.44947200943682,60.99021731791733,151.8693518801599
355.8933697840331,86.85747903600824,60.56206281592293,153.22375608949875
357.11560553269715,92.97531528536071,61.165111956107026,153.56967519693396
349.9550886924602,83.10130561138236,59.44132103636118,154.09120070944144
353.4038651904556,87.66892900248244,56.85015451116516,156.07233747979254
344.23920931642823,79.41757202235463,57.93108750555765,153.52198709373468
347.54113578643756,86.97923303946179,56.14501172236884,151.47358571381724
345.92863094532515,91.78816652635925,54.65291458544082,154.0548840842606
337.6100162707977,82.85655198874404,52.404888120897155,154.19954626495976
335.60569470370234,82.57124404145046,53.440122317633595,154.26272349987897
334.097389611991,81.79557711302004,53.31686662581221,152.90085316362456
325.51062244944535,81.82364565612481,54.184626262182775,151.331398254005
314.54793861823947,86.91227560920561,55.03252505252419,148.6153075907023
325.74422486841604,99.66100409128825,55.98055161222969,145.0307095895497
312.66878641712253,83.0565334580844,54.6541126121067,149.7928906783451
312.796404435034,70.56803071201739,55.35467114911395,156.28711189923888
287.82787916692575,67.64987935025849,53.52199207107262,166.75163470408603
290.1004132658537,61.76994254095487,54.3096985123464,166.99245486352578
288.76843725501294,68.17157456337739,53.93091638790973,171.79582114399813
287.681502236418,88.85824728954577,53.810107498631766,171.71602427564574
285.260443105988,55.05084255959318,54.18375566290371,171.73304015644936
283.27097182786446,23.297175550706967,55.00161905083098,173.56881197939757
282.2233062057499,20.04726222299955,55.42049157866757,173.6234358073588
284.9445418013004,11.125528248290564,54.20760460463816,177.11884696356387
284.8815697628834,21.141009660862636,55.60969747755367,172.60912055809746
284.47577233429655,29.731990353784653,57.28787925832657,171.3070868074463
282.41357907073814,62.52668436749714,57.37959433387485,166.0235993537518
284.4350996172503,62.276665248621484,61.11404528720679,158.7130883323173
287.20720786583036,96.17676455744406,58.043020528175234,163.26086639924247
288.1698555750105,102.54544200096231,59.56855509257252,161.16268311254777
286.02992646591787,83.609115816963,58.88603528570284,163.3071631783003
273.49509526680566,80.87295365278838,62.36461224996732,158.12359799554113
257.36066598835316,95.36428855446933,64.3612215850705,156.77362625126128
252.51271209722913,95.97226613403572,65.11428116175223,156.2769538384435
245.32953864611596,97.30061299041888,66.83858304292141,154.99513018755155
243.98441142033977,99.67680082534793,70.28199713669338,152.3228984462213
228.80435453718587,102.5298584667606,72.0823689291242,150.95669080957515
216.98143888706275,101.52728677397792,74.51724556323273,149.1746394662892
200.62884359686905,103.83908921340952,81.70949096844927,143.33910049776534
199.40278176254458,114.00870991601414,83.185248653612,142.40529656203853
199.7308199446914,105.35950874393319,90.63086258167678,140.25056436945727
196.82215693263583,116.88823716108234,94.06057411718619,138.8022517459744
205.5076115330908,114.08360954063284,86.45217235493595,142.36740002657677
224.14895170641722,105.83626505814782,78.25493550498723,148.36515028610248
240.9549475507734,109.15775980052572,73.43974824437545,151.2405381054238
305.5480537674938,94.03413108651152,73.95955998085653,150.4929568188526
250.4160786671941,107.17096002662969,71.33563939288167,151.54527626405573
240.45608523223495,106.41930952092099,70.13555866636442,153.10795453597927
253.01558802339412,155.87660723595388,71.09975544610667,157.35233279976114
251.424371925101,149.4908633023854,72.13407701456482,160.6585868641027
249.65646946821803,153.7124496155376,69.89440022743355,165.8104402540337
246.88179292262657,146.42763774465834,71.6501496599403,166.17169378705194
245.9883845653457,116.88492794230697,73.94980563221915,165.03074544131522
243.87200451301175,158.03546556933858,76.28240315925801,163.10545601488872
261.7284697926727,135.60158422847533,77.67979745955529,168.12671067049217
267.51270101488365,128.34589811085624,76.88327906115386,173.8384613236991
272.3402844524955,132.92605303348017,76.61687752101315,176.32242237536286
273.5023569539323,139.8849649571818,76.95268921178892,183.40396719556213
272.41343840391704,144.16479836035677,76.84603095812061,191.8234835862337
273.1084591593509,134.38811115618392,79.71988972725167,197.2763378606072
274.5502773720864,135.86618670489736,80.05537475792693,203.01318088091716
276.02962253741805,118.7375836182493,82.70835682869186,207.2343248136127
278.0459864093146,116.84233950512638,84.18560547192268,216.0055173474147
279.6057571252687,130.98251879146332,84.95956818277566,217.38581665743123
282.9323811009545,116.82430343425082,85.28178743645176,225.33022855776932
283.8578257528595,115.58288388852807,87.62347835572518,227.88033494791324
283.07235109369174,117.53561932000832,87.54058844352339,227.9761195971903
281.27034649992373,127.09431491269528,90.17550991114204,222.96577549281002
281.6845688602324,126.15097097464141,90.79734871789901,220.93229330017692
279.78010865248336,125.00105057274831,91.27148247987833,223.0635124595854
281.51499394020766,119.835606358499,91.48975835981308,222.37652998506888
277.24151472724816,122.66500911513246,94.61760410338954,218.587456732506
274.6063476934617,123.75563186667262,98.53135159545437,216.17465511189107
264.6919074240658,121.24502911738281,104.86837651290826,216.99634240673532
246.2985931992253,111.54343054435822,105.17328880658337,218.85786398515756
230.76060798564836,98.660200692108,101.90582203891309,212.58059200020486
218.44108203898932,76.4379722905908,92.9985177310593,209.48948438063184
221.9977443392127,60.6996267548097,91.77048232281227,209.308876410446
221.48002515340852,57.23051121955395,88.92777881438522,209.20503852267504
218.54716020442152,26.78821935383945,85.52697009236411,217.50617193672122
219.3909545724634,42.9077509606434,84.63062848572064,218.55817393917778
219.3502927174717,36.19777780611889,83.56202493721256,218.6421255277678
251.84753140463857,88.66723088405362,92.24066615418738,205.6183957634999
214.61157250155924,39.191041896413935,89.82523197059996,209.14644970313475
211.77200424740565,37.04376839463515,88.86974685872887,211.00607472678814
225.83564056089034,36.990192885350865,87.40054384235519,214.19028859058682
219.46058798189767,30.801959344370175,87.2589682828723,214.4470390282611
233.5199176222402,27.840436392624582,86.86486306407684,215.03933398952205
249.35229875123358,28.26407010936157,85.29172792706181,217.00611460788218
249.1846816274869,24.255689390855366,83.25281928934703,218.90584971585406
265.69924442490765,120.86801376303129,83.05664428654656,223.85510539044753
251.7676166431721,36.80957472758941,81.09309282792293,224.0683732318391
258.23263521314516,97.99249088229314,78.17685344798662,228.41295199420898
277.8054832482384,99.49772954301666,76.79262817247788,231.95133045431712
266.07328500242784,98.14873986865854,74.75268926065654,237.28752701380301
284.10852399639265,91.15729203755873,75.83827053786368,240.84599564353192
265.2669617988627,84.99423057078128,75.73311826056025,240.56106701763858
284.5946966408417,95.09291774630972,78.37485545526437,244.73903217463834
286.13566618034963,101.55873067492237,80.41759689535253,247.655665289581
267.61662299278964,29.875942112453956,79.78626112081427,243.07451084713503
287.9232517358365,104.6351856931856,81.89259286811901,246.13346204016392
268.5998035120648,60.812326770348704,81.30620150438314,245.27651722714631
285.6955820243704,100.41029470381784,87.01153702737923,236.49886291538382
267.01641778238445,32.710081851559195,86.02680597155626,238.99883695974486
264.04340528139153,20.17664024796008,84.77151747790612,238.12263735749485
259.8135034843911,17.5212351965678,84.56464264325716,237.89117203150744
242.44655280582705,9.413327450824667,83.35218245863719,236.94866042033257
240.08577437454974,7.360302007646126,83.35066059346964,236.90344377815572
213.14596533914505,-9.15510646290845,83.33826129977705,236.4697030715598
204.6451712606805,-6.701984448085128,83.41191099540241,236.0839902194339
190.1828645261184,-6.348133550229633,83.60670421306176,235.90155209082954
175.20673214067398,-6.321316127210949,83.77072664386279,235.7417452791931
164.6145697101271,-8.19231350721077,83.86615952192423,235.65253943952234
158.6172766915309,-9.295010971012715,83.91020501651418,235.60988701528908
151.74014201806818,-7.3551120723316785,83.94549548160361,235.57676413705542
129.10022151734373,-14.639723220611089,83.99766772084553,235.45971381245946
128.56972582173353,-9.223892961035716,83.98669961652146,235.37939225204894
130.20022327584033,-17.037030529571126,84.00654820463052,235.33656567403187
204.8718884002426,43.41819202671823,87.3409370720369,231.34928492912894
200.389953895616,59.05144349826537,89.89218315267071,229.24446030024365
184.46060309436334,55.90139554496602,91.70386861137723,226.33503205217926
188.33753934190247,48.745390382964345,91.90983736767222,225.95493612923437
190.66243592763487,52.08322337302724,91.80793009098286,221.84778306567353
194.4553008369119,52.48094287190685,90.78206813131548,218.98528359733325
196.92576701368125,58.32477445362447,88.49583248073398,217.76337875756744
206.08436003905246,52.96716031203695,85.0114949788807,219.3366640628372
213.4881803395864,46.602674293071956,82.25164109045932,226.0299243354779
217.46854994185588,56.63893804867932,77.88501666634633,223.7172292064653
225.73344586113816,66.17204269349944,74.53737376119244,223.6601008036659
216.27536577342255,60.7568526761095,72.16735153305922,223.38102859082613
221.79204268960808,59.51323918249126,70.50333478259736,224.3313506469942
223.23194390594372,56.927528644267994,70.71691137061696,223.2737578036104
221.88698629581648,67.26709170973413,71.70512018141713,220.15698099213614
226.40638131806926,64.46594944726034,70.09277848209587,218.80822191127928
231.113018706685,73.65129988652606,70.21093013461291,215.2928886932703
266.5703892140927,85.48816363809834,75.1773078942116,210.95570904168824
267.76430704662596,93.14198033887229,80.10890877928549,208.0128713249548
277.15883420660293,169.8728819165771,97.04102297739786,193.03750310606864
235.68517520385092,161.69701206949648,99.93326438378082,187.2945658287943
235.5046155484201,149.6231679276611,99.45857702683777,187.3464136583635
251.67930439067203,183.52478754593912,113.73329144438469,173.7193295121395
252.3976979894227,172.37346848257772,122.2168781635093,169.79774354828615
257.96449785398346,143.2397858904983,113.22048188935912,185.151046232445
263.4036086848815,139.93076801729973,105.10608111417505,196.2589077043975
270.0807622125282,125.92300088822604,101.01852916294652,205.05672765285252
276.52657142375585,125.59675656431787,97.48062186872603,207.5474509636785
237.84924965401598,84.19497362689424,108.35150838916283,194.67322142836952
166.74206283127262,92.07709236429963,118.55127937351676,181.03242064293556
132.1519053942866,103.04628315402007,136.31898896184433,166.01867638115215
138.28797547997033,116.28526712912871,144.205118672679,159.5022753559837
235.0128732390574,106.5360923652584,146.46652005391886,163.61989330108273
168.05394345452137,118.79323380587738,145.39300083881125,163.6903691783897
172.3933699591996,69.29150467105204,129.95572116319505,177.10265618339193
255.51408800575427,86.81431252042287,119.50266092457784,195.61932686160338
222.55112094805497,59.53346725008433,114.67373511566008,199.2727341686379
279.2543640229695,63.99413165398785,110.69303784522555,208.08426211131913
257.7965870702726,119.49381512666415,107.63612242078536,210.68496230463842
274.5843124581889,143.5080777759373,104.11481745794104,210.86190041551595
275.7628218123149,133.97950992026298,98.6939311807193,216.0523845918304
177.8943063370848,20.068344159806855,100.05246786848419,209.86661369575046
247.76952943518978,52.49908649868155,90.95523517325078,214.97247520940732
215.4189299871785,37.041347969626884,89.85553837835542,214.76350349127154
247.85689605484106,41.83586165688459,82.64042243565724,222.64130541668288
265.6384540112827,95.5705073154592,81.78990341608451,221.963479858811
251.6119483386944,94.53181806845978,75.33514803762827,228.52904614272683
348.89739964293074,48.08224335651951,74.79819623481967,228.91768989033784
367.60220068986445,46.37983178236317,74.01016091341317,230.7471182890091
286.7820654235197,52.14508775959047,78.7626903572354,227.27664204012092
363.7473042837674,50.01237618146686,80.52465648439632,223.2694869569272
268.5801077084493,41.87877730154523,80.51456721315758,230.64675017697556
252.40314611990223,37.62358162685186,79.02351587242941,229.04308493914306
244.04606417747723,56.903451405005114,73.28024987141515,229.21515309157678
249.0303481527871,70.60089725492958,68.92194622209547,227.47021141919367
398.3661685913547,70.66831047842469,75.03250138988209,219.64208377133676
273.4818041027823,64.67097567287007,74.25180714925352,219.32357055163544
399.50985871777254,77.77819681393343,79.31950773372616,212.43675545151555
267.966747135625,70.28873733821933,78.870513612865,211.71634407304873
391.6667257114616,85.7208434641776,89.44193097291048,202.12910745284606
244.14996181358916,78.63315321715672,89.80324807529604,199.62522769298158
188.0277286717225,85.7319060807724,95.01992810414649,190.6267022971711
245.33276082504128,80.4362566618353,92.06971487172774,191.00366569345596
246.26911148193608,72.6029854229518,89.01022225716453,194.19867821059063
243.95134719962033,61.18563966046375,88.83011323329502,197.96570463546908
203.28301802168352,54.28790621570242,90.70400303448116,203.97023934649442
193.37976277275843,55.281733466861226,87.03823493736064,210.19637955242877
208.8277008935034,57.059787479055416,86.0046328657926,216.39346729067466
199.53995935381195,73.07778928791629,84.07533422215299,216.20697005112675
202.5390818304215,83.26662651587793,83.03714986539994,212.61481805614096
204.35587712301492,77.21110366205335,81.50348146038888,213.7538798541832
207.20562775689098,71.15961503681869,81.46407111594615,215.69378070389567
206.10489138231702,75.78221564362418,80.35317737949833,214.90766209373928
205.53213480396047,55.44029196888452,79.62088232297747,221.71704350083579
199.03472547400594,45.549572779399455,81.84328963645099,225.1762906414026
161.5435997070758,54.758754164606074,98.33669915981324,208.58883330845885
155.58537082767108,63.3843009288498,114.1778516951577,198.02567942383126
144.3715774871393,78.20453177618005,128.1646710880133,185.72763639982506
135.28505890153917,87.58088161634602,140.047764087308,175.51434254224702
121.77267475185691,99.80971102653429,151.6148602675319,164.30081671747595
114.18844939477188,104.58618840598055,158.09623441309844,157.99508605106695
114.03630640282323,104.4788159732661,161.28522093372365,154.49926391896778
115.81082735049993,103.35152629692207,161.5646981442815,154.694699966831
124.40737661869315,98.05554992691748,155.9757284454805,159.2160002219464
132.02695747785495,91.33163392761072,152.00221175431756,165.2892418236788
144.03972697176536,84.86483370143324,145.03321420936783,174.56446605914533
158.46065835505271,83.51130220437918,136.11088231132342,183.02134451727323
192.90902391240522,67.7170322026461,117.90366154207737,200.32617308732875
200.9172575377168,63.15667451493128,104.76237286696997,210.69148351357015
207.51012154630493,69.63845250379731,96.63641352655152,212.02993139631172
200.09190096798807,76.415215035964,88.46603972652022,211.52816986652425
209.15055631115442,88.6906643337835,84.77953710750926,206.96848793043114
199.971547273795,91.61623915342109,85.36255747104647,200.3473101768371
207.9936166502778,99.14560780268883,83.32814714978252,195.94187030261804
210.48926568371303,104.77526909673338,82.16146170040477,190.3338948748683
211.38055030081662,108.31565356255086,80.77048645890768,186.86491493134673
209.6823739374782,110.37029710744875,80.61335617624617,183.78457722147192
204.64325671102168,106.81383397191246,84.32258161121484,181.58277857036433
197.3317232936925,110.42761308251258,87.46010519483558,179.82401612553127
182.5715949557293,114.53036793024903,91.36680596255887,177.300215242772
179.27716661764472,120.07737110202513,96.89048054892243,172.93518800993758
175.53269818562137,124.65312658561734,101.71221446344518,168.9028272044963
173.25537813296506,129.58366310581508,105.47619990948661,165.96811047971363
172.4929437595624,135.69254191363336,106.90756286397216,163.21888447265863
164.20435317929366,138.95515283875233,107.33659071945587,161.6137714175867
171.1006344966426,127.02429440428483,103.03789977360077,163.0472198539045
222.12361247322127,101.91416652892575,94.96297500940832,169.75378084143907
179.29781351789697,116.74728354395604,92.46911851331863,169.58159779099273
184.803296448543,102.82155985252345,91.52564609074724,171.51769330618214
192.47049267380345,125.84259844142639,90.6947202463665,172.22148099654032
200.72614294352888,117.80241226761159,87.6005539918888,174.98725144597657
218.87645091276642,124.01694303432545,84.29311356000554,175.13699678968507
223.3860564555755,129.95460168593553,81.11025577638931,173.90284617347666
227.37763668289702,137.17733880891532,75.0866585770563,176.0627910864526
310.9636065501514,105.03000419056595,70.24967978004761,187.77180129605173
246.40971620008355,131.43365780183504,67.77184341475359,188.72575505984167
246.92180766949804,144.64422728673566,66.03490306730563,187.3031207287123
246.5099296416829,148.16545342001527,64.93755302285354,180.8305222448069
246.7443580909798,146.09603590058776,61.86990380973031,178.76983002002055
260.63727799059507,173.35417516241466,61.7060160673846,175.65827561746048
