146.0,54.0,68.0,101.0
138.7741335880773,41.24467961696173,69.55291385411884,99.89569058602282
136.37039129880134,44.44779237876097,86.51289667790999,86.34837657670657
128.7539274150888,68.05433958627668,94.63004170760311,80.59185183330601
140.44833373474984,49.3510000481233,93.59739400053208,82.26130633075535
138.7869706568825,82.79249753197719,95.16699472711329,80.9957506330671
140.57443987292658,48.46142005384202,94.94435813103895,82.5722732651187
141.62761052722416,75.75260273205117,97.28881342660024,80.71064155127853
143.68257440412805,45.08775751109269,95.62829372714428,82.08246913919157
142.66593270529603,81.64419536673985,97.74762919983675,80.3639415724285
159.7508584918143,78.8836946675883,101.14110541610685,78.16770883605753
136.84137904211073,90.69176467141915,103.8498882290882,76.10501655178452
143.10860502066316,49.94528566121052,102.82553186829684,76.80431917669395
149.21133268527512,84.82111794506355,108.1055272837018,72.36510120322616
148.86385207250197,56.69230112215186,101.45396903903327,76.54514390666674
150.36685873773024,86.09746072118452,107.7908493090406,71.55321078648228
162.0986175821592,96.40312413198185,108.87965210052938,70.99045841251944
153.65307381554305,60.85805425957411,104.29733570309759,74.03925446837009
164.03618582785901,92.79028068836982,107.72413726745489,71.14731671697984
160.32598239872854,54.127285695984824,104.66615629307427,72.81474499520687
164.072779452123,48.59431910444263,99.03622121052393,76.11469364307396
166.82824950464743,80.3880476851341,101.32878318829978,74.06813003637852
171.4407453827683,48.3136242672548,98.36973877397695,75.11163782184416
175.98818640177427,92.57126626067637,103.7285329597199,70.35409767045024
171.87029807715672,56.36983896119679,100.52355662586177,72.19400213513205
173.23620616986798,57.17452827393572,95.8645552626362,74.58641546369472
174.65644853007132,79.71139689197241,96.53784660614859,73.85119064827565
184.3029262085763,89.93582057054883,97.60388668676072,73.14053489573706
172.03995900035943,62.61695490720837,93.76515702543563,75.19094398731056
170.31759047418154,82.56626207341282,93.09376944781704,75.72678171178643
173.24517654225033,82.99476699369937,93.20494119137919,75.65534082377374
196.89303450431643,93.90451504857438,96.31781367667082,73.86654349026884
209.60696740963553,94.86010363307345,96.33960530621819,73.8480619866302
222.6669285659838,93.53735858148377,96.43398696385856,73.70629108059325
223.6869132949846,93.86419947997052,96.705099630567,73.35835482566915
221.60278566885816,93.5186039049758,97.07043311081674,73.04519316765995
222.9050948603521,92.84360243797235,97.64746512799061,72.38500275373595
221.1113665970535,92.43558370915574,98.86578627479655,71.20650154655137
223.9934824236905,82.57684504400962,98.83068059808505,71.24759681202426
219.50051898033317,93.24721041594182,100.07204867361197,69.97302245548893
217.84940648317414,95.28237185080422,100.63513554155675,69.28813922008726
219.39561507572682,95.52816233511565,101.39805907567437,68.67255576499704
219.23688140706824,96.92213334732622,101.63812044617322,68.41990875018892
217.50454259309114,96.76996663478397,102.00474294984457,68.10555007522538
216.96140456148453,97.53694069797234,102.2903492833482,67.81619485389318
217.59020316431906,97.85238264740633,102.36082271824306,67.76534687993671
223.36351343386005,90.05494321608478,102.72240148946385,66.58267790627609
218.69955968243607,101.47142106840042,103.0552089709495,65.0127703736419
221.61174563836138,101.73443725830701,103.12332220085302,64.91897561895078
224.0441227809194,110.77150721382307,103.73034344750577,64.34570355154658
224.15362916670318,113.68448661886276,103.20715336189518,64.86258112147208
224.6273024200481,113.46027173720057,103.16610728073482,64.77090208486209
229.60376415362975,104.07545526421036,103.55628817605931,63.830072460652076
224.9278523167034,115.00608842197963,103.48521927941641,63.11619269601688
232.812628274129,104.10494248295927,103.12815725561745,62.967392807700136
232.41054720523994,105.51515467359587,104.14872015082753,61.426400723179874
229.62083666753836,114.27675411261184,103.70011702960599,61.699769762018065
228.09947317208866,114.72076436000572,103.20109978832764,62.02966289485483
231.03043140045574,117.94576702943908,99.34146618948836,64.831767083576
227.78277554057453,128.31431774312063,99.30245421692901,64.72585500252637
229.77249222371933,128.82993447641758,99.25931445262918,64.63611308017913
231.75154795365137,120.26383955429304,99.21286461767353,64.6593284676411
235.58849170970944,108.10484066070484,99.60658307784739,64.07443891045716
228.92115442281758,105.66819448747839,99.61393087703397,64.03828358692715
224.95441869201994,102.60135039111555,99.63078875983284,64.02228735048412
223.21206144469744,100.2290331534054,99.6652581124948,63.98629648258169
220.55167910022766,99.82670497465483,99.8508346987122,63.79429934286374
225.13340228643358,91.58588237014543,100.35808363117096,63.28599437182883
217.6264788211406,100.67239348395663,100.54691358635412,62.884935263713274
213.75206660092752,109.57879265882565,100.80664758412281,62.37178519888734
214.73157769094337,107.2269882667366,100.81008914062521,62.36899025076561
212.0068875193783,115.54009073516431,100.91418311443165,62.09767232257717
214.57300654516962,113.02825181217564,100.92484552976794,62.08638513025497
218.5364590381123,109.4620783393007,100.94707298635691,62.0691530278481
224.40388712386527,105.73159507214517,100.95785470852773,62.06208148003636
228.56016481850554,103.99619482841976,100.97350824258704,62.050626508655405
249.19835039079084,83.88007559779817,98.76846430748911,64.55344526164664
252.9578632506541,24.882911589415507,88.68434006366894,74.89863387411508
253.97106284257686,23.095370426287225,87.02259235119988,76.83373922206964
252.79497949737765,26.197026939558405,86.71550568275737,77.16445234146234
250.82362536163723,32.80252624635585,86.29157720115592,77.61500615706666
249.14349764299752,36.93813976758903,86.26268821781157,77.64379742514718
248.47136821426224,37.9697165049177,86.04974402085402,77.87965327360996
247.56212384917671,39.33311549260604,86.0452682019604,77.8842934581759
242.66865191558344,36.777655356510984,86.05548248540677,77.87447760823467
243.42327787657263,50.56015942334896,85.03147871186965,78.85894609809387
240.76325118285558,48.25531779687126,85.03800165420492,78.85306786575875
241.17404905168164,51.441399684753016,84.84282844100501,79.066798674651
241.34031158206307,54.73380330096717,84.83747720932081,79.07286229946146
241.43503326437119,53.51415024540001,84.84909221755974,79.06129050570381
238.82828986427103,52.159084727158564,84.92828355419803,78.98739634992596
238.84426480170114,55.71688994259633,84.91258997634503,79.00570563493177
238.77231654483631,55.10044868072049,84.9171928492227,79.00118881900755
237.03258953576346,54.13591074695828,84.98589862403652,78.93845913309569
235.72919837178097,52.80861369790915,85.03987195198623,78.88859618659251
233.75565497516428,51.14865554081178,85.07053375551932,78.86453814890432
229.96712555249715,48.32223601784872,85.07777601149807,78.8593285650697
225.85494414590184,45.606132613630294,85.08678771995238,78.85344934063912
222.67815208501617,42.39480368839425,85.13869890623792,78.81631839182532
224.0073797894648,40.84541534910889,85.18571024462453,78.78574703076896
223.15605325544678,39.40331423955089,85.19776923555031,78.77834530319917
225.5298396269722,38.66975298956895,85.21337436420359,78.76905109612417
223.1404658265967,38.15942625365376,85.22298029091282,78.76254428105116
227.50075050992177,95.50041532018312,94.93648151142085,69.4841458599065
231.5370065519238,106.25032405786132,98.80513439781478,65.08516418472102
232.21217850649737,107.79029260122519,99.0947951235248,64.67886615706006
230.55935089379045,106.62650492780845,99.12013018139717,64.64920941008248
227.54897076392285,105.60065057416122,101.524845681382,61.70085946640648
224.62602580617772,107.1163156231355,105.80346627161592,56.27893464761745
222.60317955555126,106.88289198377119,107.68603158895459,53.28142049713161
219.69829538705727,108.4091439079878,107.70265617670555,53.27048707373197
220.5914896053996,108.54555439392834,108.6684206597902,52.05936954537811
221.22903930719983,117.29274572706082,108.7738408847145,51.95109337020201
213.851603548716,126.0737227708433,108.93192590265872,51.84898196452181
218.48307507925392,124.72122319246436,108.93110976419031,51.849607523180936
223.80478330639522,125.49278487756396,108.92558603299118,51.85103707523057
224.5390590315429,126.84508931243312,108.92850970705497,51.841374256136184
225.28594147085127,126.4275441848082,108.92127560923048,51.84585441493142
220.72601528351228,126.023000867019,108.93189317403295,51.83658173511446
218.20999177873915,124.6875244522635,108.92219452088997,51.8461056362502
219.11558690272125,124.59240735976718,108.90709189556833,51.85370856704667
220.57179761306162,123.86211146801571,108.90181764400074,51.856655291917704
173.27264108325724,154.80236736677705,111.42404275194933,50.70296157911187
170.90926415939947,162.53980697486463,111.64959353951474,50.66310567073696
170.6496108522211,159.33096570788686,111.64925511860464,50.66931779148452
170.16641831563,160.6722342131234,111.68414649223615,50.65887154982552
171.0102605590873,158.21762293958722,111.70000733727655,50.67386516165616
166.74661716803502,156.39501520599705,111.70296207287232,50.67324069925582
165.50342266173638,155.9493502075625,111.71701574687705,50.67200127340307
166.41693153980827,150.14874857362798,111.71467629254451,50.674705243176376
161.57846040797554,148.66754244001064,111.714839762875,50.6751335912674
158.3752652465045,146.7559873413844,111.7151560387284,50.67583105925656
155.3613249680332,145.1873995509696,111.71603283056487,50.67573285163403
153.6758641007226,143.4739548010782,111.72007891668748,50.680336079367876
152.6458496706452,142.5455891296482,111.72298769207974,50.67974401410106
153.1645745376478,140.9129726820795,111.7233779668102,50.67968021162189
157.42105780613173,142.94205175300996,111.72633206888044,50.68004524786152
158.55823347314168,141.81915627127188,111.72682514289582,50.67984402765237
159.1065601049582,139.95016992717655,111.72857843253118,50.679300861961195
156.96364860438672,137.72667772666105,111.73015928050644,50.678930469443635
157.67918282540253,140.80633213361014,111.6914530754514,50.71605519970439
156.5209614108361,138.18894655126385,111.69270105938469,50.723886209367684
158.28207585223947,136.54895722803275,111.6883240061068,50.73224291330972
157.33008308062574,137.8542631098138,111.69211335468552,50.740955833890716
168.9368949877809,144.5761037452812,111.07284226254315,51.217007610441286
162.7551071860368,142.05585772783908,111.07250719098252,51.21813149270706
163.06428360139512,144.31867398018085,111.07362090346352,51.21720487486439
173.4326825631448,149.5278077991164,110.42985772422682,51.747423565118254
166.78396874138957,147.54625992786785,110.43069551635789,51.748325341703506
166.37365700313714,150.41182294347368,110.43628299404149,51.74482563419181
166.79015413128178,147.12104995958524,110.35332098386506,51.83395378962128
178.19813064605972,152.2618044265183,109.309876575525,52.85131112772782
171.1162796264802,149.90878411440653,109.31224266955462,52.853562994627126
168.3836564782407,148.48082175079315,109.32699515347261,52.86483149283472
162.32427698396927,147.28684821327042,109.3541632606678,52.860687770455876
162.5924667877528,149.00513201779341,109.36428117688538,52.85795495259332
160.54363990686625,148.8286376992687,109.36665810607794,52.857589582637075
165.19947804880158,155.79260794900443,109.99490224762228,52.980931965856044
158.87471277515647,155.0168511550354,109.99797989116499,52.98040879155658
158.52445576489245,153.50651531895323,110.00024415440312,52.981483171774485
160.77758555265638,152.9473448641099,110.0190871942317,52.989840756456566
161.41371504760582,153.861574922638,110.05085981482173,52.98374353918061
163.2077536889687,159.94978559437632,110.0896417201758,53.05039470546962
156.77600499049197,158.35524454203784,110.09259586609161,53.049712310482285
153.4070342121997,157.47247685394439,110.09388933994303,53.049470575615736
152.56301429083967,157.5904242591602,110.09489552940379,53.049221983245545
156.37150023923317,155.6378782869029,110.1000564107845,53.050685340037376
156.9910966842849,154.51685808491433,110.1154322167031,53.04839939094138
155.90450424344542,152.64367914125435,110.13238879447279,53.04611769467368
158.35111348815946,152.7664677906983,110.16094230821855,53.05357430200716
154.39842354733997,151.66332353089143,110.18647514014438,53.04923216633222
151.77164648180047,150.40407225498973,110.20512212095483,53.04786372166039
152.27530504609118,150.4077419628941,110.20771605270666,53.04755007017544
151.9340074941631,149.78899683141105,110.20935455446623,53.04714174496096
157.53035196264,156.993064303984,111.05289093642115,53.55567855274478
152.23730088652624,154.44293174359126,111.08792478267941,53.58417872754639
147.5918618575459,151.84410381152196,111.0919728922148,53.585422982035325
147.87346170671037,152.0802099224402,107.83412206702425,56.4955039845336
151.38063106945762,146.61158158173993,107.73156560623924,56.62002892307521
144.4059313272706,146.85199001476428,107.73444428525445,56.618896797331445
141.53426189930923,146.55622355992693,107.73570197586346,56.618342080548906
137.6939844991327,146.42139583102542,107.7372192052631,56.61777898719305
92.59329739948845,152.4538318343698,104.33729793336023,58.96716116904192
93.80249938982189,149.1464036648887,104.16738905462205,59.1196046738366
91.94188752275227,152.89135054335213,103.38031486853423,59.86428332749324
84.89918311292115,155.79597667358436,102.86509578902657,60.36283135999753
90.68841266733739,158.10697554109314,100.38979753834839,62.439551219126734
82.34105629989466,158.0111634166317,99.8971304361977,62.91456426151811
98.07847118799009,159.26995851400687,97.48224481283887,64.99357889083386
89.76963099529766,151.7294115716403,95.39973179307235,66.81463535338686
70.10838136642187,142.96699240644938,94.74049200663448,67.39733691924235
66.69421433423754,134.145449362903,94.73235451338596,67.40564021519735
64.27107266969456,114.41378935755748,95.6054730456427,66.68807109624974
60.29201694977492,103.38978024029728,96.61350504441143,66.12361870393909
51.47544509882278,103.19949153830255,97.82225032407449,65.2730330830262
43.259818063987076,102.84631628903026,98.73726808850908,64.68853186934393
35.11210848690866,104.47309034378048,99.7213783818871,64.12921145530856
38.47382955339943,104.71978240681041,100.277677536137,63.80410307297162
46.742946159840265,105.20935860902256,100.61636883802585,63.57392546865719
56.35899107765392,105.16307187559332,100.64517759248643,63.5441195431302
61.87180312609814,105.5879432663257,100.64773361797347,63.54243278001795
66.95114194380506,104.62325270005113,100.66744839283798,63.52538370626827
71.65205328787272,106.5428830621309,100.70624708074024,63.47490104874386
78.97822939690087,106.64825311587052,100.74355588868491,63.44127247752902
73.35078677298914,108.39551781505507,101.50722638431111,62.617268153165035
76.98629119653656,107.63410253720616,101.51283268003854,62.613717931503864
81.07765615048646,106.88397919199767,101.51537880363288,62.61215812434698
75.34038787102511,105.61086319715886,101.87322091217713,62.32146222324702
79.91339314475454,105.86686451925841,101.87577279605375,62.31970973020529
74.67773395171042,106.20823633035218,102.60406540241786,61.60327559956273
76.99617472314675,107.02987816876131,102.63214090605399,61.58509527719849
78.0453966466827,105.09120390873004,102.67953484279556,61.552205292851255
78.42255590531792,104.92470296005511,102.81713158727058,61.45647211281997
71.37477926563247,104.99329896384808,103.12267155334801,61.17849828541364
76.23236203058441,105.02880266073544,103.12439731220147,61.177498260561144
119.73875943272532,149.15586952260458,94.46801730284152,70.75594510322912
128.58328144504785,150.96517014643422,94.26292103210271,71.01885912008095
86.08354978312745,111.01703491036058,99.94120973436148,67.15264027338057
77.73844779288315,110.61768568636711,100.31524969812645,66.88994271859802
82.63619032173969,121.24287531015267,100.7291877055989,66.58832636470369
77.24803483395263,111.15519788975504,101.149469170675,66.30948618291592
68.12026270446736,112.05209890823298,101.83392845344925,65.64734091189786
62.402789053373056,103.56288525269943,103.79199377474185,63.91969255462998
55.30957828693157,105.07934411207897,104.81228619538118,63.283064422891776
56.53179533214875,106.58809412837127,105.2055980098693,63.02894849408221
62.423005077531634,106.99588498385305,105.27827819714308,62.96634963796181
63.18359328607947,107.2958699567771,105.2878567038679,62.959889664209186
43.667282657294436,106.75877584078793,107.16539907349852,61.907089246819226
35.114365601595885,106.7708196647312,107.53146992500793,61.70761798641914
73.67484643453292,105.93534424011085,109.11268721421199,60.60231370489204
72.56245078925335,100.11299021240643,109.1016903978528,60.61112793858457
82.91872052229797,164.7618181163327,110.47675736181725,60.808482506708586
74.66760958247993,168.0514074349909,111.05152810772532,61.39363816657239
75.11208262599692,164.7475718793503,111.15369681589931,61.51787603124103
74.6694548883809,164.03102774616707,111.21240520489248,61.549969162300144
74.57243679008008,163.2518532518696,111.2264176567918,61.558768690484065
69.0707071989923,164.26365521297677,110.05529626493173,62.65682452397647
68.57039690010026,155.79213920848264,109.54192502998262,63.16306415930748
65.69243736509476,162.65967043929484,109.17776410579197,63.470985706472156
64.40520505053772,159.84358400626857,109.16552686494144,63.48407707533232
3.44827124876371,115.78898329056952,110.94076074046212,61.35080871913278
-6.535513352161402,116.02734001543664,109.55700776824008,60.745403894142946
12.6661655301154,117.23239172436759,113.97438974978023,57.220250279633404
12.774237412437905,109.45535853128621,113.70232767529764,56.96755873885525
18.708180350807396,112.38662410103174,113.71066345535797,56.80868093493546
26.81173733289532,112.90585508840896,113.76794234396533,56.53248219861107
87.05712345366325,88.92830531329008,116.37178985340603,55.34980251300895
82.09897561595506,112.63977783850586,117.48350770136882,54.27592515056568
77.9209310234792,114.16561650370913,117.65186514346165,54.0814546416008
202.15950290305236,93.76038501336049,116.6381460669325,56.086589253157456
209.0574946426745,37.23908591858884,115.99270961527611,57.20515332404841
210.24861527925904,31.414326545723586,115.99070139149971,57.20691072486925
210.30759752648447,27.395904675751787,115.99046986150496,57.20709140939293
208.14550188243345,25.226084319269958,115.99040615998294,57.20718162720888
209.6619396381406,22.924872894087212,115.9881867478881,57.20880157916739
205.05125163042243,22.22134369907607,115.98841331874439,57.20867799096397
205.67426059693125,22.182795278836263,115.98835848234542,57.2087229609187
205.7804851746993,21.628619478333814,115.9883418156084,57.20876123985634
205.56314635228296,21.164767109445137,115.98841940522333,57.20870185991595
210.08282509497795,20.238528760591322,115.98832850613708,57.20879863952513
208.88597016720212,18.74760219365917,115.9883091517888,57.208837388928984
207.39022039222698,17.943621844284884,115.98849715159874,57.208760377487735
208.49168717381116,18.097769325979062,115.98843467264363,57.208811983637496
205.83546073013056,17.709426348082417,115.98866507923087,57.20868198856027
203.36097007750448,18.426074916580852,115.98844003224919,57.208770700562425
201.9336545037488,18.75733955882144,115.98872991122109,57.208638145073714
201.05817410472446,23.893455616350128,115.98855118767096,57.20878399785081
200.20398922074233,22.417007490081698,115.98868092343919,57.20879652998972
198.4954217790023,24.25271485672901,115.98874327235808,57.20875683293472
198.02920380472193,24.24928044253882,115.98888598466316,57.208692082093734
199.02584243546372,23.167347334172685,115.98945549728087,57.20851439547517
200.3534303205813,21.868582069672517,115.98733253389989,57.210023987509565
202.78585520040042,21.155057397593463,115.98763274908471,57.20986216623951
204.09526677270452,19.53577727401247,115.98876156790116,57.209029417567145
203.04669652868586,19.586167010789982,115.98896559162878,57.20891456709381
204.33911312168334,19.577061403996602,115.98888544213288,57.208991643065005
203.31030452168267,20.058032839103163,115.98887806365823,57.209015287439286
202.9610289826066,21.119325555611887,115.98894871454526,57.2089877329161
203.10439944604857,20.97336304811344,115.98894463363143,57.20900618248521
200.96615482189046,21.32485371183138,115.98905715770452,57.20896335211583
202.54016286708548,20.77130429062891,115.9891071111682,57.208940011674706
200.90249338170776,21.20802093247025,115.98921376686016,57.20889960795494
202.67282941205298,19.74871807201757,115.98929244812837,57.209183004107494
202.74944892160755,19.044896931425686,115.98925415970066,57.20921701464612
201.05164322674497,18.153681574301487,115.9893179210231,57.209186681721974
202.26369715291392,17.267103589973296,115.98926969812551,57.20921211429895
200.85643887838566,16.759020727489027,115.98946854393496,57.20911876505637
196.97843543228595,16.105617572400778,115.98978581516266,57.20895126026857
196.47647299705432,15.099407992852456,115.98889629925814,57.20973177800779
193.5928379165158,13.769846951568411,115.98726177436104,57.2115369374344
190.41208465560146,13.919068408353738,115.98724800581496,57.21163059274383
186.00714200646212,12.270257126542187,115.98776230952579,57.211445462885486
185.56143558438234,9.947876147329012,115.98904904456214,57.211877873429756
185.80341766111417,8.83268765389979,115.98966287471626,57.212146122342645
189.62224740303284,-0.4183379308232702,116.68556624183104,56.80767835563154
193.81383746959486,0.3248073100177322,116.68607217438087,56.807386504473214
196.57916304053782,2.1964423641512774,116.6885388036436,56.806439317959054
196.05897977760728,3.4822286732148875,116.68909634093353,56.80621798958098
197.69846128092098,5.536166205732389,116.68891784777965,56.806460028122636
199.77414535885853,7.993447652076938,116.69027920316553,56.805915766414984
198.6251782292033,7.597091975858088,116.6930574604313,56.80460676410491
197.95972546808298,8.288278023285436,116.6934611878569,56.80445899061557
202.6100217950881,9.388811672325534,116.69491149496726,56.80380420436094
201.66051962585925,9.479385938141185,116.69535888571681,56.803723750413084
202.03002188798277,9.276934852877975,116.70015160411121,56.801425346064626
203.32982456810055,8.074046575396522,116.70242703267878,56.800457420894475
201.6104241627896,6.657155569322423,116.70395410253225,56.79970359586921
202.60173247619105,6.595825560860863,116.7052326583389,56.79903285577043
202.99234981761822,5.6693902854359735,116.7059125672738,56.79863192224521
199.92491002430236,3.5771295068542415,116.7093100295769,56.79726709635203
200.0129909290213,6.569964397953342,116.70908356304693,56.801899400030294
201.6153154529749,10.053914560328888,116.70909755339352,56.80369082866665
204.2023847088571,13.962808207117703,116.70746203616645,56.806525502404696
201.13341832681624,17.02548598202959,116.70721978956705,56.80676790637731
200.7453765704688,4.659371178281678,116.9926824507452,56.67906556807235
200.61731627883896,7.167411300934315,116.99139492171736,56.679988382154285
204.73283468828112,-2.7127529238021673,117.13656926921487,56.62160650447881
201.8792703236758,-2.7346951281594585,117.14128110160546,56.61922898049252
205.857508548687,-0.21655689422443203,117.12339279397807,56.64248992335855
206.4586769969941,-0.5520821365596191,117.60649023879452,56.44257296027121
205.7115472402046,0.7553157678317497,117.60529591783984,56.44334483566205
206.36271962743274,3.841279780475084,117.53523592770058,56.489497807842426
220.70750622458155,20.42336110084502,112.80761112817835,60.052557609729504
219.20163013376967,27.34204643231286,111.74385519212632,60.97332751075867
217.20405013700156,25.978042726590562,111.72442969066742,60.98732611406728
217.40828099596453,24.353248763007045,111.66348954604659,61.0274130131734
216.15048504329553,22.780918297249567,111.65966941067418,61.0306886278396
225.4619772386987,30.480720997548506,110.62915709628385,61.75540802582571
222.06343025693278,27.399308075667907,110.62778866891601,61.75640725902172
227.61159552796448,18.633587634874818,109.95951770479454,62.20010819614989
236.51534091580095,26.86692843858943,109.18506792948779,62.911328810400356
234.49561934346536,29.436398054997067,109.17834370050173,62.917554067331174
233.82255235413373,27.461017516247164,109.04364200297174,63.04636518602971
236.1518317113241,28.611939813160177,105.80666861001744,66.02415125321443
234.00612561383298,28.501526594579815,105.62144153421715,66.1989858486715
242.34765507147003,25.089651793672665,104.67059373191915,67.09167847416744
240.09791465763948,23.44074791052077,103.66255006922381,67.92480533036075
250.83652390107622,32.553344264583615,96.67464280061206,74.74015713212276
248.0536003832117,32.967100649802696,95.50624072135085,75.84547350330142
245.80825457062727,31.103611620981397,95.29877455919672,76.04781219288677
244.5614120884788,38.4284264209795,93.23302367907228,77.89293929149896
244.6345671519186,44.67254296456975,93.23049652548218,77.89599629678672
244.87707705362908,51.04476044526176,93.20671671563345,77.9236789501488
247.38460718561106,26.578059203145237,89.40410659834455,81.93465711797559
246.48397657307646,27.392013385785575,89.39862527447124,81.94087625036795
245.9149559922696,26.69961844594338,89.38929180611059,81.95133143709732
245.85393360958633,24.969483247669444,89.38204317440812,81.95870690757403
250.47690667976016,23.960466147277188,84.6421867214079,86.40023902362648
251.82199297332744,21.094863278581137,83.69443003927208,87.19628889248831
254.08145037502487,28.526487597668783,76.4868403091194,95.60696222086575
260.5300277539237,30.23483939530341,75.4436789671543,96.39798176631305
259.7648697432398,19.183959481558446,73.47797681721174,98.3896761335979
258.6220922490421,11.398112186959686,70.65860712680455,100.85822703077882
249.76322379036077,-1.1919956896056192,70.92465337033914,99.70433633859693
245.69779317143644,-4.4754306818139185,70.92749336795337,99.69948333869957
246.48696363681915,-8.764962540871458,70.95241307351763,99.64812160362861
243.16964511700343,-11.871058989113102,70.99360814995329,99.5995928166097
224.09779340398117,-21.171346211891148,75.49188387214035,95.59075983723903
224.1672171811664,-19.437543193425824,75.53198148662275,95.55235492640702
223.5486169062392,-20.0652802968035,75.53860361393069,95.54625140775191
225.76876789412762,-21.195264747334804,75.81068395474323,95.30134607938336
227.02093489095236,-22.01267752688007,75.89137074165711,95.22959493349495
174.50134021092407,65.46036770101313,75.01592539712387,92.91085433122419
186.44983688605527,84.95012059127751,77.17530564305285,90.79654859342003
253.62154809145923,34.274601138856625,71.88234404767462,97.69777365548836
168.28436217105215,57.75237155223524,73.21441547344973,94.77579072057684
197.87546049296992,37.788979305312196,83.18894185207512,87.63163710407136
228.94234057172096,23.6783174686083,83.78175182396758,89.75872440357779
156.31088415434155,64.6769583856336,79.16610936087483,93.54659881952719
225.94883323534728,103.2393672767013,71.12519655042588,103.89413974100506
239.09957551937663,103.22915332773388,72.61974011957417,102.21812741906075
240.7799536282789,95.28183485330052,72.65132813814358,102.19773388849633
242.66114738554785,89.24147856577046,72.651878169382,102.1972325124456
243.5232360760262,82.930313656235,72.65302780334841,102.1964782632182
245.06803673861134,78.92997062180515,72.65317533758366,102.19634131114283
260.3967113909497,28.10204361339993,67.69863632038259,107.65200001545327
159.15333456130026,61.31363460849573,72.96816585858764,100.27211865392377
193.18669341681033,62.26281175448947,79.18616952207924,94.99496826131984
206.68285443151785,27.621620487856234,80.75702841612608,95.16272677114881
256.1870014499192,32.48360972073165,73.81387414983121,101.7410420828638
256.77775943586397,39.05677674555813,73.7703299367842,101.78661496222695
259.5362376542119,20.555398832400115,70.15553605196813,105.24936987301564
257.52250635056834,20.766235765279262,68.66164446079952,106.59146861410701
266.3468744970913,28.714498760705744,64.57726974001926,110.82236304866909
266.9607701523516,22.18396461429272,62.232559150400085,113.3131865523716
269.52201089829475,77.75185052424249,57.695728996614235,120.35518725444471
270.70540088024524,73.17521421216199,57.48441296665796,120.74472410742652
270.4578213591345,81.41992576796603,56.33617718103667,122.34117555331355
271.59469696741286,73.03442005856951,54.959869795446956,124.42741924902312
270.6512992802367,84.03300422238894,53.92951705654857,125.33112601293698
269.5714822998523,80.30647002565368,53.869818799147176,125.41226380719483
269.6413831353158,96.19336560879039,51.79622251056734,127.64354237358745
267.41884366275593,92.48279506386905,51.79326907653663,127.64649584517453
267.9760154266791,97.20581568335524,51.49536779989565,127.63229264178563
271.1727158085238,91.69954317208314,49.11602848716464,130.88370065566284
269.5460694885277,94.6730895365161,49.10885002158121,130.87732276291752
269.26301609016576,91.32472332000616,49.08750905581579,130.89392185319448
267.82991600246066,94.46219374621431,49.06752239307596,130.8721796244354
267.1318908438865,97.14132436059899,49.05951854533778,130.85701131406205
267.62777220583587,94.30630641500436,49.02948075840118,130.86153655080184
267.7202653785287,98.68856323173803,49.028926725861695,130.8615035081548
267.67103393126536,100.89628536869994,48.93436334594574,130.85402489432622
266.66780500423766,96.24628202142843,48.900645523655236,130.8557890198995
255.52215532712108,96.35665950758958,48.90883139827419,130.84666914543848
252.31779533120874,92.60047618966249,48.92548014299802,130.82476930942988
253.23816459648532,95.90111873657771,48.923534174929614,130.82275885091437
254.88291917429103,97.72274337428173,48.92282096734675,130.82152479424107
256.7348130831465,94.80539232493437,48.922257570183284,130.82190968559937
257.13730343945775,95.33334700660073,48.94876135415425,130.78206985370738
258.19514556662403,96.87271220661594,48.946481135389966,130.7800527772701
257.6343087127841,94.41193048592248,48.973802478529755,130.73396580514384
267.35882890659263,79.13095154192001,48.300398763886335,131.97193954703062
267.97281390327765,76.83870914290523,48.28635758921899,131.99797555355627
269.4406789926324,75.53881267397169,48.214964854814845,132.06181854597352
269.3029355513986,76.6600194048263,48.21287570798172,132.06076169551613
269.2329651057063,77.69965363623363,48.21225090598791,132.06064390942876
260.0960168331011,76.99866992754329,48.385325002467845,131.8568101021009
256.4170250038759,72.15936066967998,48.402849790984185,131.83818206631383
266.15649557566536,67.4803561556296,48.49908870111624,131.70301654149713
266.49472544612905,74.58814919885184,48.415224299010255,131.93264472659806
269.5914237634744,70.4374015999427,48.391706147138144,131.9663910917137
270.92656007824024,17.18586346781545,47.48441135612265,132.688171579601
271.70922341081456,20.865025352113094,46.30148022668156,135.05488920047105
272.6098300352593,12.616213756236974,45.26866401100662,136.6205179540519
274.79874036786805,12.15964875850635,45.26226372924246,136.62907856207724
275.0855819874558,9.715192702961275,45.24629256816147,136.64535483179776
275.7001846391711,7.850908409754865,45.23711995668643,136.65720545976026
273.7366417196442,16.219917424746498,45.085051781152806,136.6168192657145
271.9906296430446,14.8901665111771,45.081533884944115,136.61103693605398
258.6989926496668,14.249051770910754,46.39831121337448,135.05082867244604
258.7711875182921,14.646792569048529,46.439603892086105,134.99645030807739
253.1225514680886,10.488395628689318,46.7114357764286,134.70735200739932
251.55613576829037,8.34856488459792,46.84717635952726,134.54804722132064
251.24814013053742,4.517873719502887,46.91962757451301,134.4741819395112
251.64857910623115,4.186366739545377,46.95854592782833,134.42730702394175
257.22264099377804,13.277915606925276,48.40219232485371,132.5646648403294
261.9620719426087,19.83996583705499,49.55187141992916,131.24467299975993
258.17442417931187,18.24861152297278,49.72007389842711,131.0454744032692
265.70379986407124,35.17497269875835,50.41153138358369,129.45090787445196
273.52955692784667,32.73207994689453,50.06154618669694,129.8960391003781
271.95190256322184,30.253982231729992,49.85046921762806,130.27839343573646
271.59224489996376,30.565957231066506,49.84137614790015,130.2899474444029
260.80025712587303,16.662395701647256,50.29250486380625,131.19142322540938
267.5002105076792,19.297351393775386,50.34671396780863,130.66346664461992
265.2663850434141,18.13799857659626,50.36026524118744,130.64694550476247
189.08068582365564,43.884802195803886,61.85234544339971,118.36879999730425
246.60524167215897,36.64470542248456,65.5912510193423,115.07165360864016
254.7789901935884,34.95175044953562,65.73066765751364,114.91231027771309
255.57962813450357,32.70140453074132,65.71739564950843,114.93138323407611
251.11182803686032,30.524903069299896,65.73324849219482,114.91160297290745
253.18179267826045,30.714073737472326,65.72211006480227,114.92759076721215
264.04371819059156,40.73544143460183,61.73150298240085,119.46096621279689
166.91965752731784,53.968248101683585,71.27292875230765,108.7740813637408
102.97064095087147,68.49390977686753,82.19504790373551,99.46563978827528
77.67632797068121,115.53844442242274,88.73616562436993,92.87858465732108
59.79605169297923,114.99433272939123,90.18105198104342,91.5981375798221
63.50597897055767,114.80753919523828,90.23699650959627,91.54667853201434
45.36303351188755,125.54054365242017,93.46790619524705,88.76387808322673
48.8280586326121,125.4953452908293,98.0005339094254,84.09950834217504
55.888011371322,124.56767950246493,98.17342552062864,83.9390806892438
47.144037211523774,123.1388781493861,99.8585173949126,82.56166275788922
39.701338822227015,110.89039905852209,100.70939593162379,81.89214564359673
40.29633286236582,111.12617178764674,100.80687688077275,81.80132449622239
33.20046160627191,112.10498239687769,101.48048909053138,81.1120294410524
23.52354589366557,121.16420878002756,101.80571600829776,80.57897248774094
10.46749183988829,135.01416150805454,103.52128824243924,78.74379214460203
7.103733943793003,138.27024538194024,104.89327424947356,76.93380001404861
10.732365716200725,139.09912602373944,109.10931354584464,73.1031225565153
-1.0462666119752768,138.83863479728873,110.89859571928649,69.94416287837424
0.504072108080841,139.340158097506,111.59457727194159,68.89319175935454
12.484387202937633,139.03939302194595,113.05475968903953,67.28902437400609
12.848220730421552,140.02209939551196,115.33516810976444,65.37753977487553
15.647389979945004,141.13723635084452,116.19739374722266,64.5565949209502
15.743477939252507,151.8282955240427,116.9677178047658,64.30179591049139
14.452634799257183,150.5941495969917,117.51289290197141,63.9291077116453
16.363394291790364,150.84169012593804,117.58884606007827,63.933961416468954
20.09502282685068,160.1375264740966,117.74011240075475,64.03665898992723
22.395047721098628,158.95477495990605,117.68771390315241,64.06583994914027
130.92109734984516,55.33110160599622,106.58779360073748,74.3756866569599
152.18474029785563,104.91707221179644,109.97703068445287,71.86476381694149
165.4014188404931,127.72713693831432,105.51978024285467,76.15040752674753
161.84483739980095,127.45191706550466,104.97151228851513,76.53026216158327
150.70964573755947,132.48907445141953,101.76432603291993,79.64781044975112
149.50368037728663,135.53595791144772,101.72257075454897,79.83570074862777
140.01501782307562,51.382441029854014,95.23864746514384,84.98283766122928
177.11874963870994,121.21781377068302,99.88647710780099,81.36752736023531
192.4115467971355,126.83680154112679,100.66416594829857,80.7347592625851
141.11099873478236,62.865740187493316,94.9823259768134,83.4053136715122
179.04389584455635,125.16175885289414,93.14132728949195,84.16731076453868
181.66011214217878,128.5414266869947,92.06873003283965,84.66047992192959
144.6062266965034,56.22683345442488,87.8173395472373,85.719781133163
195.45899309355838,106.17799417967579,101.14643657490466,75.29972134037601
249.3371789940502,42.64717701989494,85.20322853124524,95.04082953689084
169.1378862119226,102.34607798607598,93.7978437585864,87.37707454056392
139.5388910768583,127.02568808528508,103.41329542397867,81.0695778223703
135.7126651268893,48.232884200078274,99.02585226623839,83.87027348340894
181.82451324258372,118.56762679441076,104.20304257049413,79.05645540900179
209.28101782286902,62.482029576134934,109.13570983204266,76.02536407895187
142.19383496049363,110.36361997114918,114.29110888198873,71.37934027134526
152.93911924019824,137.64921580081122,111.70289933136857,73.45557903194305
152.00914175897339,130.89171283744753,111.62127054118615,73.60793885576516
148.9955908863073,128.78600239965195,111.642346018513,73.60313887564342
158.05021664536378,130.82843694506,110.78479967007775,74.65382409848704
167.08940027379236,149.00935318167728,111.66077239429967,74.01592579883638
164.53649387824385,138.69576673020327,111.65663225876098,74.02085100586156
171.1409525495834,155.61561556651893,112.70415507874051,73.45233253244903
164.23030742009297,149.43531875896218,112.83469807667404,73.42196163950585
159.46482989575475,139.89855380946915,112.83153256565808,73.42589238688063
168.50952864986778,141.48467503488604,111.91900540350136,74.46697829755804
158.23998961456297,176.78326472331727,117.35422071165983,70.34210421854715
152.58398163181892,174.29183529428954,117.35950831411085,70.33878658581892
140.40353871538213,172.18006100243934,117.36795617396191,70.33411566039456
143.85743454438136,169.81111456851187,117.37329575299347,70.33047715617921
129.02622311046827,167.85779504384465,118.00621003012147,70.1169661162497
124.75218057130168,164.09302457606606,118.0077443577222,70.11530044398833
125.10154931194825,159.92265176400497,118.01796860166405,70.11465736571792
124.22203074091955,167.4375147100863,118.3249148843083,70.05157003861873
125.22276625687482,166.0742059868478,118.37770339104829,70.04341384923146
124.6615310148511,160.96552450411457,118.40904278397784,70.03970366406313
120.76800927240862,159.09677238811776,118.45839200540456,70.04249243432584
120.66489123813113,154.34560970698405,120.06213681438463,70.0683869036489
105.69941317986292,162.7734333949581,120.50552121461247,70.09750706004948
100.65086068797845,158.02696848450793,120.5055974660816,70.09766191757087
97.77706603103651,150.82630854189046,120.5212221918002,70.12123522077458
89.13244792103279,147.17556540525484,120.52591060602153,70.12272654851967
84.27177241157527,145.37335193177023,120.54459438860843,70.12228126877378
79.52422854601775,143.13409033744364,120.5556008514129,70.12493909335225
80.9668261077325,140.8609565775643,120.569664818407,70.13249554209656
82.9422529456451,139.7410496272771,120.58571625961675,70.14330839744386
88.10870490347236,140.28317221374397,120.60708614004373,70.14181914778133
89.23648206727923,148.6920570389598,120.83026487517415,70.15149357388775
87.89807177221354,156.59838527149998,121.5597810972864,70.1292013742493
86.3280638048014,163.8510438831704,122.35481965326548,70.13313097708031
85.2345452349316,158.62742894246276,122.38018467767917,70.13746687656203
90.1559206679733,155.4725469518312,122.53550357477933,70.1119776191472
89.49049940441961,149.7356033944136,122.55517480862807,70.13145322732954
93.79524607459743,145.98499948581212,122.58911408545993,70.13956564658326
99.71297057962363,169.18625957058464,126.79413329134992,68.35773868382536
102.1248562395987,168.65143743595524,127.18425013973474,68.08668149224579
92.9442846351158,163.04865826981984,127.25476110077571,68.10910097716557
89.46269805329271,157.8798474084205,127.39935268330618,68.18870420631191
86.80060176091487,164.1946836859137,127.49431772518467,68.20862118989969
84.04992323865002,171.3319104170726,127.7191940949707,68.21748529349983
80.2850785174715,165.57172018263697,127.73288660434433,68.22810013737117
80.84563843539252,171.16478266452293,128.1139983664027,68.21806732142639
76.97387239362419,166.18445910855766,128.7867167940861,68.60196367804684
75.78300002484778,161.22057125817304,128.8253140153883,68.66633891952651
72.6919049772581,168.63999599767897,130.0326453497339,68.9612670589229
69.6050274070367,162.09175246648115,130.04363212622408,68.98166330863539
70.78510444113465,155.92711570704515,130.08931082551476,69.00932969554943
72.88980440319109,151.85285749308804,130.1295489819988,69.01771989513108
72.51573087417226,147.79358734971146,130.1321294931195,69.02541270873972
73.10279761490926,142.64922715849195,130.1459854849884,69.04607049962604
79.09777655368288,140.93506922401627,130.15964107942602,69.05056658822767
79.5867755506643,146.85082185901658,131.0019312667681,69.53929752428172
75.20423499201448,154.95578033075975,131.03687265170691,69.60351044834907
71.93676315278522,161.92406091509343,131.20087850591617,69.69463539876128
73.02749562654091,157.75280048835793,131.2293651975802,69.71939864572593
70.05911628806845,167.01657234468388,133.14678812775998,69.20593307333287
71.79657916818418,159.90150733064806,133.1761419810234,69.24521093618233
76.03244994578496,153.03441037051815,133.23526704874664,69.30621950793142
82.38708419857254,162.35680658414748,133.36393494453867,69.3601365685878
79.90065826717124,156.56394804665416,133.36394029931515,69.3650030423781
72.1143581204054,149.3601957845657,132.65467451923843,70.43016900454334
76.91023283907712,143.15646498700607,132.6060921961528,70.47942766539745
92.1548431561034,151.7197693336862,132.89496680746157,70.6126551689366
104.84837443810214,161.27659163565065,133.35662670134982,70.68474817487102
109.00757918023768,155.50064972865195,133.35967984830432,70.68528807102173
114.19339408989507,167.11092372621067,133.6065307113626,70.58632210715429
