1
518.1566,198.1113,54.6518,30.1722
510.2650,198.5744,54.5641,30.1537
493.8119,197.3379,51.5067,30.5198
488.1559,197.2139,49.0375,30.7865
483.5668,197.0930,47.5131,30.0926
479.9428,196.7347,46.7773,29.2782
2
0
0
0
0
1
398.6318,180.8661,43.1783,40.9614
419.1911,208.2681,47.8810,38.5740
2
0
0
0
0
1
285.6111,195.0248,41.4207,36.9210
242.4378,170.2492,41.0840,38.2728
261.9066,151.8350,40.7560,38.0654
252.6702,178.3262,40.1792,37.9805
2
0
0
0
0
1
220.9959,181.0890,44.9062,24.2268
2
0
0
0
0
1
155.7737,155.2460,31.3966,40.9349
2
0
0
0
0
1
2
0
0
0
0
1
155.3953,148.1770,33.9463,28.2182
137.7296,144.7326,33.2596,28.7075
2
0
0
0
0
1
2
0
0
0
0
1
153.5519,205.2162,33.4138,33.2424
182.8494,180.5536,33.7795,33.7713
154.6760,196.3457,35.8217,32.2049
154.8486,171.0623,39.5788,30.0055
2
0
0
0
0
1
209.8755,206.7238,35.6590,43.4139
193.1768,221.6446,34.7194,44.2234
187.0904,228.8058,34.2237,44.7706
2
0
0
0
0
1
222.4884,192.9866,40.5729,31.2782
219.9746,231.2618,39.2465,32.0823
194.9326,194.3113,40.8842,30.3357
2
0
0
0
0
1
239.4989,256.1217,39.7759,46.1098
2
0
0
0
0
1
278.5826,223.0709,55.1029,41.8034
2
0
0
0
0
1
269.5658,295.2757,46.8724,36.3855
2
0
0
0
0
1
231.0008,260.9849,50.1831,50.3234
2
0
0
0
0
1
223.8405,294.6448,56.5773,49.2930
203.4134,268.3366,56.0964,49.4731
262.7145,287.7315,55.1371,50.9371
214.7186,270.9208,54.8542,50.8099
255.6842,320.2408,57.7426,48.1983
293.8882,287.1073,51.4156,55.1064
2
0
0
0
0
1
250.5049,290.6185,48.6279,31.5944
2
0
0
0
0
1
242.7424,376.5316,50.6429,30.4502
2
0
0
0
0
1
2
0
0
0
0
1
212.7396,373.8678,42.3826,29.7755
2
0
0
0
