1
714.8593,229.2528,23.7417,23.9824
717.8836,227.1275,23.9620,23.5580
718.1136,227.7269,23.5461,23.5655
725.9896,234.7725,25.5868,20.9114
731.9183,228.8382,25.7408,20.8400
728.7098,216.4015,25.1665,21.5378
728.9008,213.5488,24.7025,22.0179
731.7868,210.2793,24.2887,22.3282
716.7819,233.9709,31.0575,17.1514
719.4418,231.6562,30.9681,16.9642
719.4446,229.4325,30.6479,17.0131
719.4704,230.3157,30.8832,16.6447
719.3969,223.4498,30.6842,16.9754
722.0449,226.7151,30.6176,16.9767
729.4475,236.4640,32.6372,15.0937
731.7983,239.6110,33.4855,14.3810
737.2641,239.2166,34.1150,13.9277
743.0472,239.2684,34.7106,13.3709
2
0
0
0
0
1
712.7208,228.3175,30.0596,25.8410
712.3224,222.2598,30.7148,25.0536
708.3929,223.0512,30.9675,24.6914
708.2626,223.6123,31.1272,24.4937
704.6621,220.7203,31.1460,24.4044
704.4522,220.8025,31.0272,24.4166
707.8962,210.0592,30.5438,24.9217
691.3430,233.4866,36.6692,19.9400
703.6999,237.2671,39.7594,17.5953
2
0
0
0
0
1
664.7022,245.2582,30.1611,30.3388
639.2597,254.6986,34.2562,27.2531
2
0
0
0
0
1
648.3854,222.4877,24.1663,32.4442
657.9682,221.0925,20.6874,35.9231
651.8466,227.0417,25.5195,30.2238
2
0
0
0
0
1
694.6944,236.5145,34.1517,23.6452
673.6030,233.3292,31.7499,22.6955
706.7642,237.5565,32.6722,19.6680
692.1808,238.2821,34.8580,17.2101
2
0
0
0
0
1
712.5886,235.1526,26.0472,29.8213
2
0
0
0
0
1
734.7995,233.6000,27.1096,28.6633
734.5964,231.2242,27.5889,27.8047
734.5587,231.9503,27.5739,27.6284
734.3171,232.4165,27.4796,27.7041
743.2687,240.3102,29.5452,25.1528
2
0
0
0
0
1
707.7649,229.1154,29.6530,29.6136
704.0034,229.3214,29.2510,29.7733
700.1321,230.1485,28.8247,29.8145
706.4974,235.5828,30.6182,28.2801
2
0
0
0
0
1
623.1827,264.7428,33.7292,30.0715
631.6309,267.6956,32.3502,31.0082
652.4683,234.5221,28.8425,33.8989
637.6795,236.5927,33.9392,28.9913
2
0
0
0
0
1
705.1633,238.7949,23.2577,31.0306
712.0016,236.5617,23.3274,30.5736
715.3741,237.4545,23.4152,30.0483
694.6776,241.3652,23.4619,28.2829
2
0
0
0
0
1
739.7170,237.6026,28.4081,31.0216
742.8303,238.1900,28.1244,30.9428
713.9943,240.6223,33.6714,25.3822
2
0
0
0
0
1
712.7075,236.8048,32.9523,31.5014
2
0
0
0
0
1
741.3243,245.5270,33.9124,27.9887
2
0
0
0
0
1
688.9103,235.6426,27.9803,31.0027
683.0019,235.1983,25.8638,32.9628
696.9109,236.5402,27.5168,30.5548
2
0
0
0
0
1
654.6424,241.9258,31.4663,25.3903
650.5905,241.8426,31.6198,24.8652
2
0
0
0
0
1
701.5764,244.1882,30.0354,24.5617
690.0323,244.9049,32.0104,23.0192
720.3881,247.3807,33.9918,20.5450
716.5291,248.6808,35.5417,19.1252
705.0562,248.9736,37.6455,17.3369
701.4882,241.2271,36.6338,18.4272
735.5746,253.1011,37.4575,16.6479
735.4220,256.7186,38.4177,15.7716
732.4136,260.1172,37.0914,17.0749
725.1048,253.3653,38.1522,15.9689
726.1773,242.0994,36.9045,17.3776
729.9315,234.5170,36.5529,17.7028
746.9333,255.5401,36.2842,16.9217
754.3807,264.7455,34.6919,18.3298
754.6703,274.1098,33.8722,19.0766
2
0
0
0
0
1
742.2308,242.6808,29.7747,33.1566
752.8834,247.8899,31.1215,31.5492
2
0
0
0
0
1
708.3224,240.3766,31.0326,33.0199
703.7482,241.7589,32.1782,31.4855
712.0101,237.9835,32.7344,30.6324
2
0
0
0
0
1
631.3735,237.9469,35.3621,36.7136
2
0
0
0
0
1
695.2107,235.3034,30.5983,36.0489
700.7639,235.7131,28.3374,37.2795
706.2656,236.6244,27.0186,37.7362
710.1707,236.9668,25.5861,39.0491
714.5257,237.5583,24.2622,39.5808
719.4857,237.8606,23.2117,40.6181
720.9481,239.0841,22.2938,40.4492
720.1512,240.2068,23.0725,39.5190
724.6425,237.5822,23.1897,39.1818
726.1035,238.0479,21.6278,40.4315
727.7748,238.2744,20.3433,41.8005
728.7197,239.6015,19.9279,41.1298
733.1829,237.1105,19.5769,40.9110
733.7631,238.3299,19.8512,40.1752
730.1389,235.5681,19.8556,40.0479
736.5550,248.3377,21.8018,37.7854
743.9797,248.4112,21.8450,37.8113
717.4493,244.1559,21.6224,37.9275
2
0
0
0
0
1
719.9581,219.8301,32.6066,35.8029
702.1453,244.5120,41.8983,29.4298
666.5267,240.3418,40.7815,30.1606
2
0
0
0
0
1
664.1802,265.5711,36.6611,29.8926
684.5287,239.9606,36.1046,30.9917
662.5126,266.1865,37.3947,29.7864
635.4707,270.7005,39.2302,28.4373
661.5559,269.9951,37.6354,30.5176
2
0
0
0
0
1
652.6878,237.4874,32.5859,34.1289
642.1853,263.0868,35.4292,32.0247
2
0
0
0
0
1
645.9343,250.5435,31.4851,32.2318
2
0
0
0
0
1
2
0
0
0
0
1
672.0555,264.2479,29.3461,31.4593
2
0
0
0
0
1
709.1755,239.3690,31.1199,36.5713
2
0
0
0
0
1
2
0
0
0
0
1
672.8391,258.1305,33.4299,31.6487
696.6199,216.7423,33.4972,32.0639
2
0
0
0
0
1
704.2637,227.0308,31.2684,35.3725
2
0
0
0
0
1
721.5065,214.3698,34.6180,35.4926
686.1111,253.8868,34.5702,35.6431
2
0
0
0
0
1
717.4021,258.1922,36.7413,36.8170
2
0
0
0
0
1
2
0
0
0
0
1
671.1436,231.7825,35.7817,42.1283
681.5527,261.2986,35.4070,42.8189
671.2292,266.3551,35.2482,42.9448
2
0
0
0
0
1
699.4404,238.0965,38.9607,31.7263
713.4852,237.6475,37.9050,33.4264
695.4008,209.7316,37.2612,34.4245
695.9348,205.3816,37.0907,35.0316
695.5110,205.5074,36.9171,35.5297
2
0
0
0
0
1
648.8299,238.6657,33.1779,28.5494
633.6970,240.8243,39.2040,24.1418
619.8420,242.6320,42.8505,20.9527
2
