1
333.0000,40.0000,40.0000,40.0000
333.0000,40.0000,40.0000,40.0000
333.0000,40.0000,40.0000,40.0000
333.0000,40.0000,40.0000,40.0000
333.0000,40.0000,40.0000,40.0000
331.2045,48.1860,40.0141,43.9350
331.2045,48.1860,40.0141,43.9350
331.2045,48.1860,40.0141,43.9350
331.2045,48.1860,40.0141,43.9350
331.2045,48.1860,40.0141,43.9350
331.2045,48.1860,40.0141,43.9350
2
0
0
0
0
1
327.7057,4.7985,45.0788,47.5486
331.0748,33.2230,44.2014,56.2560
331.0748,33.2230,44.2014,56.2560
331.0748,33.2230,44.2014,56.2560
331.0748,33.2230,44.2014,56.2560
331.0748,33.2230,44.2014,56.2560
333.6073,1.3537,43.4954,60.4853
333.6073,1.3537,43.4954,60.4853
333.6073,1.3537,43.4954,60.4853
333.6073,1.3537,43.4954,60.4853
330.8421,-1.2139,38.5927,55.8621
363.9756,61.8911,48.2153,50.5584
363.9756,61.8911,48.2153,50.5584
2
0
0
0
0
1
396.7126,106.7172,45.2074,31.4837
396.7126,106.7172,45.2074,31.4837
2
0
0
0
0
1
367.8298,64.3327,54.5416,86.1347
367.8298,64.3327,54.5416,86.1347
340.3452,8.5761,52.3539,102.1368
340.3452,8.5761,52.3539,102.1368
293.8208,4.2278,54.4859,110.3330
2
0
0
0
0
1
295.5286,14.4732,63.4010,75.6978
289.1978,9.6869,72.9812,73.0003
280.7718,5.0418,60.4008,79.7991
288.1328,6.7364,47.4300,83.8368
292.7531,3.3938,57.6994,88.8697
294.1416,7.5129,45.0437,85.8036
294.1416,7.5129,45.0437,85.8036
294.1416,7.5129,45.0437,85.8036
294.1416,7.5129,45.0437,85.8036
294.1416,7.5129,45.0437,85.8036
275.8563,53.4533,45.6005,73.2365
275.8563,53.4533,45.6005,73.2365
275.8563,53.4533,45.6005,73.2365
275.8563,53.4533,45.6005,73.2365
275.8563,53.4533,45.6005,73.2365
275.8563,53.4533,45.6005,73.2365
275.8563,53.4533,45.6005,73.2365
275.8563,53.4533,45.6005,73.2365
278.5891,1.1573,46.9608,80.1464
294.4347,22.6661,55.2762,85.2211
294.4347,22.6661,55.2762,85.2211
294.4347,22.6661,55.2762,85.2211
2
0
0
0
0
1
288.5900,146.7200,100.8400,109.6300
253.8599,121.7944,90.6134,92.7161
245.0956,97.1228,93.9841,86.7395
227.6383,79.3486,104.2852,100.1343
227.6383,79.3486,104.2852,100.1343
208.8692,26.5605,98.0958,110.4668
208.8692,26.5605,98.0958,110.4668
208.8692,26.5605,98.0958,110.4668
208.8692,26.5605,98.0958,110.4668
2
0
0
0
0
1
158.4706,15.7281,120.3671,141.7986
