1
254.6636,146.5009,114.6439,117.3945
254.6636,146.5009,114.6439,117.3945
294.4592,90.6480,113.8156,119.4048
2
0
0
0
0
1
158.5518,187.8743,107.3913,86.2187
147.5040,186.5809,105.5341,89.3994
126.2436,172.7794,103.2787,91.3276
114.9844,185.8887,102.9135,91.5550
2
0
0
0
0
1
203.7184,112.9696,109.8753,112.8857
246.4807,101.2163,109.3477,113.1854
2
0
0
0
0
1
224.3378,263.4525,117.6342,102.8882
224.9211,238.8022,117.4547,101.4384
226.5373,224.5280,111.4517,98.4974
239.7672,184.2974,110.0308,100.8734
237.5098,224.4151,110.6954,99.5037
237.5098,224.4151,110.6954,99.5037
237.5098,224.4151,110.6954,99.5037
2
0
0
0
0
1
277.5788,191.2307,115.9041,100.4489
265.2994,219.6277,116.1959,101.0245
256.3809,245.9182,127.3414,98.9465
252.6486,244.2880,131.5114,98.2099
217.7479,246.3039,143.7097,94.3620
245.3112,226.9648,142.4128,97.5121
260.6477,191.4980,134.3242,107.6844
277.7251,125.2908,127.7173,115.2531
262.3522,125.2587,126.8237,116.2115
231.4488,94.9264,124.2791,116.7080
220.0173,175.7411,141.8529,108.4719
258.3911,157.2275,129.6985,120.4569
232.6883,164.6522,144.5194,112.5486
213.3073,197.4823,150.8705,109.1378
278.6357,177.9260,142.8179,116.3605
267.9621,173.2840,136.3043,124.0792
236.7538,187.7536,134.2427,126.9161
198.2954,189.4029,137.4741,124.8633
199.4559,170.5622,129.3170,132.6098
174.0704,208.1237,140.6500,119.1460
186.2424,226.0775,150.1604,112.1049
128.9697,158.2567,142.3033,120.2811
276.8155,208.7949,146.6163,115.7589
266.3807,228.0948,159.6396,108.9810
264.3003,246.4290,164.3481,105.7067
246.3352,227.8950,167.5625,103.1007
246.3352,227.8950,167.5625,103.1006
90.2973,179.9070,173.4216,97.7512
2
0
0
0
0
1
298.4932,209.0180,118.2817,103.4552
329.2721,209.0088,116.3066,106.4944
344.8276,193.8685,114.5772,108.8580
344.8276,193.8685,114.5772,108.8580
2
0
0
0
0
1
263.9167,273.0632,121.1479,98.4750
2
0
0
0
0
1
328.0532,182.6130,114.8271,99.5998
2
0
0
0
0
1
174.6580,190.8282,118.0917,100.2267
174.6580,190.8282,118.0917,100.2267
257.4228,148.2401,112.5857,107.9998
272.8406,149.4386,111.6274,109.0241
172.7831,192.0996,113.0423,108.0246
2
0
0
0
0
1
152.7776,192.1492,119.9780,117.1429
153.9620,204.6182,115.2777,122.8207
137.1565,203.4894,113.6023,124.1480
2
0
0
0
0
1
221.3010,173.3008,112.8058,111.9762
248.9588,170.3892,109.4250,118.4901
248.9588,170.3892,109.4250,118.4901
248.9588,170.3892,109.4250,118.4901
217.0506,184.3440,108.5018,124.1861
202.7234,172.4144,108.3271,124.6562
207.3286,157.6086,105.3393,131.1031
206.2836,156.7437,103.4929,136.2778
157.9161,171.5658,103.4540,136.7525
110.1315,159.7672,102.9026,137.4177
2
0
0
0
0
1
170.2548,151.5494,114.1155,114.1181
170.2548,151.5494,114.1155,114.1181
199.8227,176.6091,108.7585,119.2601
217.3298,171.4361,104.2448,126.4931
248.1664,171.3809,99.3096,131.9910
275.9304,172.0307,99.7386,131.5510
275.9304,172.0307,99.7386,131.5510
317.6196,195.3378,96.1755,139.7060
317.6196,195.3378,96.1755,139.7061
317.6196,195.3378,96.1755,139.7061
2
0
0
0
0
1
220.6409,160.9867,107.0518,114.3384
236.3520,145.5086,104.9714,118.3779
248.2393,144.7313,100.6826,128.3892
245.5606,132.8961,101.7275,127.5602
271.9784,178.0009,101.5846,127.9973
270.0076,165.1525,102.8693,126.8819
2
0
0
0
0
1
279.4293,185.1534,110.3635,108.6345
278.1673,180.6235,108.7406,111.6074
262.3958,165.5278,106.6884,115.2289
262.5343,160.5089,105.2415,118.6679
275.4351,158.1551,104.2485,120.2906
2
0
0
0
0
1
179.4018,264.7379,109.3183,89.4037
129.6125,250.0233,107.0275,91.5606
2
0
0
0
0
1
134.8410,210.5344,114.4720,90.4349
277.2873,220.3347,116.0790,88.5591
291.1749,178.3465,110.2944,95.8261
291.1749,178.3466,110.2944,95.8260
2
0
0
0
0
1
198.1778,154.5630,103.4512,95.7084
2
0
0
0
0
1
189.6013,174.4975,111.1343,96.6724
188.9575,174.1070,109.7078,97.8940
188.9575,174.1070,109.7078,97.8940
175.8910,158.2930,105.9271,102.6398
204.9048,158.5613,104.2452,104.7832
218.9550,159.4627,102.3681,107.4478
220.2968,158.5759,99.9092,111.4637
222.6569,142.9990,97.3619,115.3407
233.9498,139.7703,95.3998,118.6593
235.3160,135.8291,93.2544,123.3340
248.0848,144.6911,90.5820,127.7553
248.0848,144.6911,90.5820,127.7553
245.9660,158.6229,90.1428,128.7507
257.7606,145.9481,90.5983,128.2249
243.1393,188.2659,90.8565,127.9944
232.5151,200.7140,88.7502,131.5295
232.5150,200.7140,88.7502,131.5295
231.2057,230.9787,90.0516,130.7162
2
0
0
0
0
1
235.3212,212.9950,107.8821,95.4224
234.7939,161.4684,105.7677,97.8010
234.7939,161.4684,105.7677,97.8010
262.6990,130.6582,102.1251,103.2487
264.4444,141.5616,100.8731,105.2296
277.3576,116.4905,100.0695,106.5278
2
0
0
0
0
1
302.2408,192.8353,103.6993,86.5114
298.8294,250.8531,104.7654,85.7743
299.0017,250.2517,108.0939,83.0876
286.8463,262.0088,109.4286,81.8331
282.9182,271.6093,110.5026,81.1620
243.9037,271.7061,111.3712,79.9365
231.2903,272.4048,111.3204,78.6669
203.9648,272.3303,114.6332,76.4861
216.5423,320.7604,113.0411,78.3796
2
0
0
0
0
1
263.5167,185.3991,110.2453,88.6030
290.0498,160.5391,109.8557,89.1043
367.6854,158.1618,106.1757,93.7531
2
0
0
0
0
1
238.5709,130.0988,108.8009,103.7359
238.5709,130.0988,108.8008,103.7359
266.9557,142.4178,107.4321,105.6579
268.4389,127.0739,104.5041,109.3054
280.8356,101.9402,104.8690,109.0969
280.8356,101.9402,104.8690,109.0969
293.3384,100.9792,105.0494,108.9818
293.3384,100.9792,105.0494,108.9818
337.8505,97.6854,102.1981,113.6872
2
0
0
0
0
1
225.5958,172.0177,108.5600,101.2479
254.6982,154.2689,104.4665,107.5960
270.4619,149.8857,99.6553,116.0475
270.4619,149.8857,99.6553,116.0475
270.4619,149.8857,99.6553,116.0475
256.7050,160.9189,97.6043,122.8833
253.9286,149.9962,99.1874,122.1384
314.0095,110.1107,97.1617,124.2829
313.9138,135.4492,95.8406,126.8885
324.7966,135.7726,95.0182,128.8545
325.1304,133.1775,93.7441,131.6538
324.4534,131.0996,92.4459,134.9067
321.8476,126.5259,91.1140,138.0546
325.4922,99.4716,90.9562,138.1687
2
0
0
0
0
1
269.9212,212.7766,106.9530,93.6047
257.3784,198.4240,104.1465,97.6585
229.9402,198.3567,102.5951,100.3744
144.1347,221.3751,100.0177,103.8084
131.9700,221.1819,98.8437,105.0094
2
0
0
0
0
1
306.7673,168.7238,105.7502,101.7227
308.2955,164.0877,102.9479,105.9224
308.2955,164.0877,102.9479,105.9224
308.2955,164.0877,102.9479,105.9224
359.8393,146.1283,100.9504,109.5840
2
0
0
0
0
1
244.6375,176.8810,104.6976,101.1496
244.6375,176.8810,104.6976,101.1496
244.6375,176.8810,104.6976,101.1496
244.6375,176.8810,104.6976,101.1496
244.6375,176.8810,104.6976,101.1496
244.6375,176.8810,104.6976,101.1496
244.6375,176.8810,104.6976,101.1496
2
0
0
0
0
1
230.3934,155.0670,96.7336,102.7672
253.1911,116.2798,95.5773,104.5737
268.8390,127.7829,93.6307,108.0831
258.6524,150.0972,90.7361,113.2194
260.8906,151.4756,91.1274,113.6281
194.1627,140.6431,91.5280,113.0182
193.3677,140.5035,91.4721,113.0025
2
0
0
0
0
1
251.9769,171.2153,99.9231,98.8985
253.9760,158.9527,98.5672,100.8088
2
0
0
0
0
1
270.8371,281.9186,104.7257,91.4969
270.8371,281.9186,104.7257,91.4969
270.8371,281.9186,104.7257,91.4969
272.7778,241.7136,105.1642,90.8855
247.9610,214.4270,103.2494,93.6371
274.2545,196.9238,100.3231,98.8601
274.2545,196.9238,100.3231,98.8600
274.2545,196.9238,100.3231,98.8600
250.7054,182.9468,99.0419,101.7640
253.6889,179.4713,95.7364,108.3823
242.5724,177.0782,94.3757,110.8003
242.5724,177.0782,94.3757,110.8003
242.5724,177.0782,94.3757,110.8003
2
0
0
0
0
1
282.3629,192.1936,102.7332,86.9054
282.3629,192.1936,102.7332,86.9054
294.5121,190.9895,101.3260,89.0867
2
0
0
0
0
1
329.7812,186.8553,102.0748,89.9198
329.7812,186.8553,102.0748,89.9199
365.1256,200.8061,102.9940,89.1070
2
0
0
0
0
1
329.4530,256.9315,104.9163,83.3260
328.1931,270.1086,110.5349,79.0471
339.0450,258.3737,112.8272,79.1285
341.0446,256.2277,112.5449,79.1412
330.1988,265.2295,112.1751,79.1314
2
0
0
0
0
1
337.8670,282.7026,106.0626,78.6485
293.3606,246.5149,103.2980,82.2896
279.4324,142.4012,101.7574,82.6416
253.0096,108.4875,100.6900,83.5393
2
0
0
0
0
1
210.3829,258.1592,104.7675,83.5048
210.2799,258.5265,108.1334,81.7037
210.0370,233.7376,106.8381,82.9565
2
0
0
0
0
1
208.0101,201.8168,99.0936,79.6796
196.1069,201.4017,95.1743,85.3070
179.0237,237.8776,101.2021,81.7172
168.3705,260.4567,103.9628,80.6885
168.3054,261.4066,108.0930,78.4805
134.6620,189.0290,103.5537,83.6533
159.0722,154.5277,101.4949,84.3377
2
0
0
0
0
1
182.2871,246.0829,107.6991,80.1200
168.3502,259.9632,111.3091,76.6294
167.1120,273.2222,114.1431,73.5983
134.8440,282.1304,110.1200,77.3964
230.1974,214.5404,108.6042,78.7576
230.0499,225.6087,109.3359,77.7055
213.1344,240.5230,118.1566,72.1342
2
0
0
0
0
1
277.0312,123.5683,100.8811,81.8698
267.6462,68.2705,101.3422,81.1052
2
0
0
0
0
1
2
0
0
0
0
1
211.3187,195.1966,95.5441,80.6939
2
0
0
0
0
1
2
0
0
0
0
1
281.2390,250.5427,98.4536,80.5904
224.3523,172.5456,97.0161,81.7946
2
0
0
0
0
1
328.9611,289.0447,94.7548,75.6096
2
0
0
0
0
1
270.7464,206.9194,96.5264,78.5308
247.8099,206.0848,98.1538,77.1652
217.7340,161.6111,93.8213,81.4702
2
0
0
0
0
1
299.0000,270.0000,87.0000,86.0000
2
0
0
0
0
1
247.0726,173.3204,84.5130,85.7014
2
0
0
0
0
1
2
0
0
0
0
1
268.9159,220.2115,88.3134,88.5362
2
0
0
0
0
1
2
0
0
0
0
1
302.9189,135.2022,93.5695,88.6303
2
0
0
0
0
1
154.5830,233.9279,91.3051,83.6098
263.2630,282.5880,91.2054,81.3951
284.2076,274.0112,91.2377,81.4168
286.0500,251.3616,88.3226,86.3071
199.6345,217.0418,87.6881,88.0483
289.4330,196.0611,86.9639,89.7140
309.9205,205.9701,85.0961,92.1808
309.9205,205.9701,85.0961,92.1808
2
0
0
0
0
1
241.8020,267.4457,94.1027,83.2573
249.0687,245.6475,93.5518,80.2203
248.2701,256.2520,94.2584,79.7901
2
0
0
0
0
1
213.8755,194.8756,92.0425,86.0222
2
0
0
0
0
1
272.0836,252.0930,95.6682,84.9937
272.0836,252.0930,95.6682,84.9937
261.0737,232.1804,94.4662,78.8494
251.0236,233.4406,93.7334,79.2816
260.7166,209.9850,93.7827,79.4996
225.0443,224.1983,94.7465,78.8621
224.5540,216.8818,98.0029,76.8959
224.5540,216.8818,98.0029,76.8959
189.7511,205.7739,97.9028,76.9648
2
0
0
0
0
1
279.9099,203.2963,94.9505,86.0379
278.0708,214.0769,96.6271,85.8920
275.4648,202.9055,96.4918,86.6404
262.1653,203.2724,97.6746,85.7631
254.0011,215.2924,108.8591,86.0325
258.5594,201.4346,105.4794,90.7489
258.5594,201.4346,105.4794,90.7489
167.4321,214.4852,106.3972,90.7997
2
0
0
0
0
1
254.1730,219.3074,95.0629,81.8958
264.2081,240.4947,94.5289,82.5200
275.7731,219.9484,95.0786,75.6396
284.2955,239.2900,94.5183,75.7245
272.3711,260.9180,94.6592,75.7204
282.2404,259.3605,95.0975,75.6373
271.2903,232.1062,89.3318,88.4074
292.5180,222.4180,88.4866,89.7409
271.5987,239.8477,91.1343,78.4911
292.1587,229.5396,90.7877,78.6463
292.1587,229.5396,90.7877,78.6463
252.2629,261.0931,89.7763,76.9700
251.0153,271.2587,92.9196,75.3156
253.4942,271.8138,93.3215,74.4887
255.6348,260.5122,94.1626,74.0027
276.3925,240.4126,92.6859,75.6284
276.3925,240.4126,92.6859,75.6284
263.3737,259.8739,89.5609,82.0612
263.2210,258.3295,85.6888,89.0446
254.9598,271.6959,89.1031,81.7209
262.8070,272.2912,90.1580,80.9664
248.3288,243.0403,91.0460,78.9794
248.7287,264.1000,91.4797,78.3172
239.3774,264.3102,91.6816,78.5364
241.4765,243.9342,93.7334,73.2339
243.6657,232.6678,91.1905,73.1218
249.7103,243.6396,92.6522,72.0386
248.3788,241.7879,93.3846,70.8575
256.1136,242.1380,95.7549,68.7391
257.0397,223.7901,93.0976,67.8504
249.6781,250.7600,92.8172,68.2156
249.7163,270.4099,92.5106,68.8129
252.3562,261.2058,92.3331,68.9351
260.2475,268.5303,93.0753,69.4852
260.2475,268.5303,93.0753,69.4852
246.1414,257.3456,95.9098,68.0104
246.1414,257.3456,95.9098,68.0104
258.1240,266.1382,96.1518,68.2079
249.2074,265.1479,96.2463,68.7886
253.9335,252.8936,92.0361,70.0340
254.5633,260.9246,91.8030,70.2439
255.8250,249.6229,93.0635,66.7874
276.0166,229.8427,90.9990,69.1071
276.0166,229.8427,90.9990,69.1071
245.3183,272.1658,89.1826,65.8265
256.2425,281.9270,89.2709,65.9346
256.2425,281.9270,89.2709,65.9346
255.9639,291.3096,88.8788,66.4250
293.8558,234.0642,88.1538,67.0278
330.3350,235.0515,87.8315,67.3611
357.6877,254.3905,88.2906,66.8778
378.7621,253.7251,88.0932,67.1493
2
0
0
0
0
1
237.9271,238.8763,95.2372,80.8156
236.3704,237.6637,94.5682,77.2519
246.6002,259.0672,94.7580,77.2733
245.7661,267.3837,94.1827,77.1224
245.5235,235.1302,94.4245,76.7834
2
0
0
0
0
1
221.6056,241.7718,101.6209,83.8631
247.9697,253.8752,99.8257,86.5841
260.2119,244.2018,98.4062,87.8846
245.8250,246.4338,98.3728,87.9760
223.3228,255.6306,94.1187,94.4609
211.9310,245.1557,94.4702,93.9861
210.7871,233.0895,95.9012,92.7518
256.2768,248.2900,94.9958,93.2596
255.7174,240.4507,100.4183,91.1756
254.6530,244.0448,100.3660,90.3151
243.2854,230.6811,99.4180,92.7545
245.2796,206.4079,97.2127,96.3897
256.5364,207.0198,92.2192,100.3215
246.5700,211.0628,93.0444,98.7278
270.2343,195.8517,90.4274,102.0783
259.3619,180.2767,85.4575,112.1650
259.3619,180.2767,85.4575,112.1650
2
0
0
0
0
1
279.8840,230.0852,90.4388,82.3083
288.7403,228.6417,89.6846,82.3557
300.8350,250.6193,89.6226,82.4063
2
0
0
0
0
1
299.0927,223.9542,93.6338,80.8130
299.0927,223.9542,93.6338,80.8130
275.2542,214.9050,92.9922,75.9079
233.5454,246.8542,92.0718,76.7300
2
0
0
0
0
1
286.6936,279.8973,98.0969,83.0358
291.3476,282.7881,111.4472,81.8706
304.1720,305.5437,109.8091,83.5997
2
0
0
0
0
1
294.7582,245.1815,95.9792,73.8348
315.5843,245.5665,95.3542,74.5303
303.9663,266.4252,96.4153,73.1227
302.1231,268.1309,98.3039,71.2419
299.9953,267.2921,97.5077,72.1052
299.9953,267.2921,97.5077,72.1052
299.9953,267.2921,97.5077,72.1052
299.0128,268.1437,97.5695,71.9983
286.5152,235.2074,98.4804,71.0154
284.7446,211.9438,98.8593,71.9232
282.4782,213.1703,104.1915,67.7849
272.4493,225.3896,103.4990,68.4197
2
0
0
0
0
1
281.9653,255.3305,82.5076,82.2902
2
0
0
0
0
1
312.0515,200.9937,85.8252,85.9794
282.0579,225.5739,100.8079,78.7997
283.2456,234.6620,101.5351,79.1240
286.7732,241.1877,98.0053,83.1700
