536.0000,329.0000,181.0000,78.0000
530.1839,324.4803,179.3021,78.3326
510.6493,319.2809,177.2042,78.0428
520.4464,315.8416,175.3503,77.1495
518.8846,323.7481,168.8512,74.7002
524.3074,327.7352,167.9619,73.4055
522.3066,325.7771,163.8843,71.6184
520.2162,331.2020,163.4788,72.3589
517.2225,334.0376,164.3323,71.5850
513.1725,331.2008,166.7228,71.7469
516.3168,336.5345,167.0688,73.1965
505.9285,343.9433,165.8558,73.2646
505.9285,343.9433,165.8558,73.2646
510.4869,348.7546,164.1968,73.0881
763.0496,450.0644,155.5685,81.7329
777.9089,441.6028,130.9938,103.2955
783.5975,432.1258,116.2162,115.9035
789.7484,425.8769,106.3013,123.9112
791.9189,426.4275,99.0741,129.4597
795.8206,421.2211,93.5663,134.5891
795.2233,422.0993,90.0209,137.3646
797.6767,418.4458,87.0962,140.2549
796.5222,422.9202,85.9277,140.2054
795.0096,425.2484,85.7197,140.0840
793.1851,421.6395,85.2935,140.8961
794.7589,419.1408,84.5729,140.9593
797.2547,416.4213,83.3921,141.0476
801.3432,418.3605,83.6420,140.6635
804.6855,415.5181,84.0282,140.3049
802.5907,418.8051,84.8286,139.5446
804.0728,415.5782,85.3118,140.0368
806.6983,412.5086,84.8898,141.0789
802.1074,414.2526,86.2240,141.1617
798.5802,407.7027,87.8729,141.7061
580.6959,258.3510,114.9695,111.4776
704.9308,266.5907,109.3402,113.5295
726.4633,293.4085,112.8048,103.3637
734.8227,308.8459,132.3514,94.0924
752.2625,331.4164,148.0005,90.4276
748.9303,341.6883,171.9862,90.0528
754.0239,348.6208,185.2388,92.9785
757.9258,356.7306,185.2852,95.9791
762.2755,361.0482,162.6188,104.4595
756.0710,365.5575,148.1770,106.2083
845.7332,512.4270,138.4255,117.7107
805.4431,500.9558,130.2855,126.4464
765.5750,485.6333,123.5011,133.0639
740.5516,464.7546,116.6182,137.8975
717.1823,453.2627,115.7827,139.0209
712.7094,303.5503,118.5216,133.5398
709.6993,278.7631,116.9764,132.4877
707.3597,253.9412,110.9468,134.7311
707.1470,227.5248,104.1342,139.5509
726.6042,337.1380,104.0074,141.0556
718.6853,324.1697,103.1948,142.7490
713.5990,310.8340,100.9030,143.6832
715.9395,298.9334,99.1219,144.8394
720.3813,291.8550,95.8153,145.0012
739.5312,289.5714,90.6368,145.0078
756.7888,293.8289,88.3423,143.4811
774.1365,297.8319,86.9330,141.6236
798.9394,304.2142,86.7523,138.8260
833.9550,312.7777,86.6793,137.1915
873.3572,318.1098,87.5629,135.5114
904.4198,319.7299,86.4731,136.9222
914.1252,327.8204,85.1678,138.1371
917.3821,335.8148,83.8314,138.9000
928.5464,341.8252,82.7039,137.9351
942.8218,345.9917,84.1202,137.2616
948.6740,352.0399,84.8356,135.2554
936.6967,360.6712,84.7208,134.1761
911.9672,371.4250,84.0945,132.3755
907.7950,387.4006,83.7307,131.9238
922.8229,394.6120,83.5928,131.1667
930.2833,403.2011,83.8372,129.4193
941.4316,406.2825,83.5938,129.1261
944.7138,402.1380,82.5995,129.7787
935.6000,391.7406,82.9771,129.1403
929.7671,373.6902,82.3988,127.8932
940.9263,355.4037,82.8170,126.8055
959.0300,336.2162,81.4059,127.8801
968.1675,320.1574,80.9656,127.8033
978.2198,300.0564,82.1724,127.0907
984.2376,267.2670,82.0858,129.7103
982.1653,242.9906,83.3893,130.0209
980.4444,209.6740,84.8593,131.2126
967.9731,185.5377,86.3492,132.8575
959.5115,164.3753,86.5134,135.4430
960.0870,157.3650,87.3199,137.6365
950.1227,159.6438,88.0261,139.7153
943.3223,162.1794,87.8835,142.4855
941.3212,172.5017,88.4886,142.4820
923.2743,197.6687,89.7773,143.0644
904.8687,231.8780,90.0276,142.8747
913.3334,267.4637,89.5729,143.4303
936.5484,302.9653,89.4247,143.8111
742.2335,289.3474,112.7301,123.0450
753.6300,325.3242,110.5704,119.9779
894.2061,376.4990,107.0641,124.9691
872.8030,378.2788,104.0795,128.9058
831.9498,372.6806,102.5596,130.1543
594.8600,385.2355,127.1233,111.5844
781.0292,390.6442,119.8893,114.3178
780.0644,511.0682,113.0334,121.6189
597.0084,393.2533,124.0125,110.6109
754.0762,417.6772,116.3965,113.0242
734.8134,419.0057,111.5222,114.7700
742.5809,434.0182,105.3164,121.3805
817.4410,383.2534,101.8087,117.7587
812.0810,366.5262,104.7261,113.0125
653.1960,335.6941,117.6951,103.5114
727.9590,426.3144,114.7252,104.3173
711.6121,415.4009,111.1392,104.8919
734.5786,444.3119,107.1808,108.0854
717.6839,419.8439,104.6444,108.4319
721.5407,413.1808,101.8683,105.8307
727.5035,330.5871,97.7822,104.9968
734.4146,423.4057,93.4386,106.8512
718.1227,415.7313,94.8906,103.9296
723.9737,412.2406,96.8387,98.5771
726.1759,420.1642,100.8284,91.0090
728.8228,417.3421,103.6864,85.3376
818.1747,259.4421,103.3787,83.4196
822.1893,241.7193,103.8181,83.3679
816.8150,235.9625,103.3627,83.8746
832.8386,230.2156,104.8574,82.1675
885.2922,212.7719,105.1873,80.0014
924.6812,197.4292,107.0557,78.8178
954.9071,192.8608,107.6896,77.0073
1004.7734,177.4858,109.8577,74.9102
1044.1621,171.9873,110.0852,74.7431
1050.5027,167.1949,110.3062,74.0764
920.3829,183.8630,110.2083,75.2741
769.4303,197.8924,101.2545,80.7687
778.8376,191.5749,99.8650,82.5811
808.7888,184.0782,100.8230,82.7391
835.5397,179.2744,100.3766,84.2472
852.1890,194.1609,102.0903,84.5263
868.3237,104.3704,100.1084,85.7501
874.8705,110.0206,94.4771,88.4068
707.8195,223.6233,81.5933,102.2843
713.3506,247.5668,75.5193,109.3485
715.7716,261.0507,73.5647,113.5491
713.4530,276.3320,67.1915,120.1318
707.9899,291.6402,66.1650,120.7958
837.7564,187.0977,69.0216,115.5515
826.6803,199.2752,74.8168,107.8377
818.8852,220.4041,79.1078,102.1178
778.2836,249.6628,80.2893,100.0252
760.7704,277.6958,80.8341,99.1157
756.7458,407.6525,82.3845,94.7531
772.8209,443.2839,80.8124,94.9005
779.4670,447.6585,79.6016,94.7074
782.2440,517.2789,77.8518,94.4574
778.5631,521.8400,76.0413,94.1740
728.9377,507.7228,77.3302,90.5541
728.9377,507.7228,77.3302,90.5541
728.9377,507.7228,77.3302,90.5541
806.3323,522.3184,77.8201,89.5851
806.3323,522.3184,77.8201,89.5851
806.3323,522.3184,77.8201,89.5851
806.3323,522.3184,77.8201,89.5851
806.3323,522.3184,77.8201,89.5851
806.3323,522.3184,77.8201,89.5851
806.3323,522.3184,77.8201,89.5851
806.3323,522.3184,77.8201,89.5851
811.3807,401.0358,77.0391,89.6420
798.3627,397.0954,73.4635,90.1800
812.4679,399.9196,73.0226,90.2556
806.2222,394.2568,72.3162,87.5109
808.9199,391.8634,72.7461,84.3998
794.6375,395.6840,70.8322,82.9324
799.5743,392.2774,69.5695,81.6550
811.9869,397.9513,70.8817,78.9714
844.3759,390.1752,69.0802,82.0878
790.6617,394.4361,68.8556,79.4124
767.7891,401.2402,71.9668,76.0284
743.0286,443.7828,72.6031,74.3365
775.3051,401.6027,73.2610,73.2172
779.7128,415.6659,73.6923,72.3891
817.4938,331.1550,78.9011,67.2887
821.2903,334.8239,80.4049,66.1907
780.2349,395.1729,80.5900,65.5350
776.5092,417.9714,79.8976,65.6027
789.1712,314.1689,79.6150,64.1555
776.8028,315.6327,74.1440,66.6620
780.1189,301.2870,70.4373,68.4340
783.5382,294.6134,68.9995,69.9520
780.5563,280.2447,70.6593,68.3994
791.8560,259.9610,74.3854,64.0682
733.6517,369.6079,79.4171,59.3878
710.3962,423.8034,77.7605,60.0424
706.1437,425.5961,74.0205,61.6344
709.2477,420.5339,71.0076,61.5153
712.9561,416.7590,67.9946,60.8303
712.4715,419.9326,64.4186,61.7194
717.5018,416.3838,62.5713,60.6049
715.6870,419.1639,60.4719,60.7362
719.2637,501.0898,61.7606,58.3105
721.6201,514.2662,62.7765,54.3915
718.4249,518.6813,62.5884,53.2939
721.9499,515.8761,62.5427,52.8231
718.8007,519.1380,62.3873,52.6177
722.5430,529.6168,62.2502,52.7306
731.0278,564.8272,68.1279,47.8345
720.5105,560.5496,68.0382,47.9608
717.9385,562.9659,67.5135,48.3197
619.3118,634.5739,71.0618,43.2216
651.1431,665.1351,69.9844,44.1418
645.8949,668.8926,70.2795,43.7744
621.9601,639.5009,70.7712,40.7281
619.6709,638.4066,70.9778,38.2670
561.8530,656.6937,71.2676,37.2754
558.3651,661.0873,71.4763,36.1263
559.8265,658.4677,71.4087,35.8115
555.7607,662.5477,71.4669,34.0935
558.3632,660.1870,71.5050,33.1796
558.3632,660.1870,71.5050,33.1796
555.0780,662.9909,70.5719,32.7686
558.1851,665.0202,70.1750,32.6201
529.7584,609.8621,67.0175,32.3643
538.4095,608.2311,67.3695,31.3912
559.2623,660.2678,67.4430,31.0015
556.0363,662.8608,66.8455,30.4047
558.2019,665.2926,67.1414,30.0056
560.8529,662.4245,66.9121,29.7266
533.9044,610.9462,63.3364,29.8413
530.7806,608.5734,60.8920,29.2832
555.5280,661.9790,60.2881,28.4928
536.5424,610.8356,59.2064,28.3483
534.2053,613.3744,58.7252,28.6727
526.3270,610.7012,58.5782,28.6855
523.9849,607.8882,58.1249,28.9994
521.6326,605.0851,57.6914,29.3000
530.0716,612.7709,56.8707,29.9919
527.6750,610.0146,56.5319,30.2134
536.0621,612.2733,55.5625,31.0796
533.6188,609.5593,55.3199,31.2188
531.1718,606.8505,55.0939,31.3375
534.0188,598.6405,54.5167,31.7550
531.5466,595.9571,54.3368,31.8358
544.9645,598.7311,54.2235,31.8885
542.4863,596.0584,54.0581,31.9580
540.0072,598.7102,53.9036,32.0238
532.2065,601.1697,53.2007,32.6609
529.7830,593.1483,52.7587,33.0070
527.2634,595.8363,52.6981,32.9883
530.0260,598.5632,52.6787,32.8959
554.8924,621.8463,51.1682,34.5216
553.4966,623.8264,49.7083,35.9846
551.2261,621.1709,49.4210,36.2911
629.1265,676.2994,45.1273,38.4121
631.9805,676.4704,41.4724,39.8861
631.0381,676.7457,39.4464,40.4686
630.0887,677.0183,37.4889,40.9688
632.6642,675.4542,35.5444,41.4640
634.5111,676.3053,34.2178,41.5243
635.7403,674.9434,33.3147,41.3361
633.2261,676.0231,32.2235,41.6218
635.2858,675.0978,31.2983,41.6403
634.2625,674.4869,30.6475,40.9507
636.2234,676.0953,30.2206,40.8800
637.3668,682.6814,30.5748,37.3186
650.8798,673.4443,33.5529,34.5935
651.5579,668.8943,36.0471,31.7744
652.1779,668.5509,38.0669,29.4968
653.8650,662.9952,39.1405,28.4656
655.7633,665.4335,39.5792,28.1466
713.7275,666.6743,36.9440,30.4271
724.0664,665.0035,37.5436,30.1190
718.0037,666.5809,36.3760,30.9294
719.9981,631.3299,36.0707,30.5000
710.0544,637.3823,35.1047,31.1713
716.9042,639.6238,34.3607,31.0358
734.3735,670.5744,35.6305,29.9279
723.7339,672.6631,35.9507,29.5370
723.9286,697.7007,41.1060,22.2993
714.8676,683.7112,39.9253,23.4425
720.8818,665.8015,39.9799,23.4319
738.1188,691.3058,39.6320,24.0315
735.2274,697.2449,39.9541,22.7551
733.6387,691.4685,39.3922,23.5027
735.7446,693.3116,39.0597,23.6196
719.2305,659.1181,36.8992,25.1528
717.9775,664.5198,35.9678,25.6229
716.6938,658.7330,35.1072,25.9082
718.6938,672.0248,35.0293,26.0179
727.0817,697.5922,37.2039,22.4078
725.7153,684.7133,36.5078,23.0681
731.4437,690.1631,36.1456,23.6924
718.7267,692.0554,35.9587,24.0267
723.4780,698.6324,37.9926,21.3676
721.5231,697.0776,38.1973,21.2230
724.1612,690.9379,36.9509,22.9799
718.8694,658.8692,36.1552,23.5594
717.3397,649.3448,35.1791,24.2238
712.3719,650.7343,34.0579,25.0305
718.1716,641.3320,33.3563,25.7252
720.0018,624.5397,33.0511,25.9031
718.5594,655.3065,32.2654,26.3048
724.1232,657.1370,32.3135,26.1184
726.0256,666.7918,32.6161,25.8356
735.1880,672.3127,32.6564,25.8143
776.2028,620.0793,33.2312,25.0500
763.4329,589.4220,33.5201,24.7598
776.7336,620.6757,33.8433,24.0356
764.2176,590.3568,33.7437,24.1757
776.3219,617.6075,33.7196,23.9540
777.6682,593.7581,32.0087,25.6290
772.6836,613.8512,30.8553,25.9077
778.1899,592.7892,28.0753,28.5155
779.5023,616.3609,29.2344,27.3649
792.0732,617.9607,29.2637,27.2795
822.6951,614.2837,26.9823,30.4277
825.8622,628.6344,25.1339,32.4464
838.1658,619.8849,25.4216,32.1063
850.4261,661.9341,26.2264,30.5098
849.3755,661.0909,26.1488,29.4266
851.8873,655.9873,25.3529,29.7198
850.8469,654.5762,24.8101,30.0549
851.5548,663.0583,25.1874,28.3322
850.5366,661.9926,24.9973,27.1210
851.4169,664.0924,25.1550,25.1675
849.9841,663.7160,24.6237,23.8601
850.8603,665.4009,24.4855,22.1881
851.3654,666.5674,24.6256,21.1100
850.6246,665.7990,23.5542,20.5676
851.2604,667.2222,23.6484,19.5146
850.5089,666.1817,22.7931,19.4592
851.3005,667.3856,22.9786,18.9591
850.4751,666.2830,22.3337,19.2096
851.2334,667.3831,22.6321,18.9185
850.1474,668.2913,22.4388,18.7017
853.8676,672.0802,22.3168,19.0095
852.6790,684.0324,22.3884,18.9933
874.3271,670.3102,22.4894,18.2418
871.1595,670.9349,21.5027,18.7783
874.5895,671.8051,21.7964,18.6963
873.6245,652.9374,21.5216,18.8928
869.9890,661.6228,21.3895,19.0626
889.1167,668.1432,21.4177,18.8781
890.5006,666.9408,21.2791,18.9572
901.4072,673.4456,22.0341,18.3553
925.7389,665.7408,20.3063,19.9248
911.8271,667.2272,20.3341,19.8114
895.4816,650.9631,20.4296,19.5431
903.4911,653.2308,21.7051,18.3312
906.7915,654.5955,22.2545,17.6843
908.4654,640.4698,21.3721,18.1587
907.3078,644.1576,21.3090,18.2537
893.7301,640.1786,21.0948,18.7883
878.0513,638.8015,20.0026,19.7040
891.8184,644.7644,19.7494,20.1046
880.0009,636.5316,20.4567,19.4187
893.5898,642.6499,19.6017,20.2061
878.1326,661.3760,19.3828,20.1869
877.6323,662.3140,18.8921,20.2843
876.9065,658.0800,18.3285,21.0187
893.4415,645.8621,17.2070,22.6094
892.7037,641.7254,16.8527,22.8909
895.6483,638.3276,17.4144,21.9434
879.4099,632.4569,17.6831,21.7050
870.3760,636.5573,18.4380,20.8263
864.1799,645.1764,18.5854,20.7383
864.6071,671.4071,20.1753,19.3923
878.3076,659.9441,19.6078,20.0618
878.0755,660.5593,18.3160,21.2576
879.1943,659.3037,18.5964,21.1921
878.3075,657.1086,17.7582,22.6721
876.7327,651.1912,18.4303,21.8942
887.6171,670.7858,19.7650,20.3458
881.3501,672.0822,19.9243,20.1138
860.2558,695.8167,20.0923,20.1669
841.5028,694.4005,19.2573,21.3829
842.4642,695.7147,18.9827,21.4220
841.0544,697.0424,19.0740,21.1757
841.7196,695.7493,18.9999,21.4678
842.5875,699.7964,19.4740,20.2036
843.5076,698.9408,19.5193,19.7438
859.6152,687.6995,19.5853,19.3538
863.0034,684.5412,20.0415,18.8416
842.5798,698.3044,19.8116,18.7568
840.9846,702.3729,20.4606,17.6271
848.7142,701.9133,21.8619,16.7616
833.5198,697.9234,21.1399,17.7422
825.5892,691.3226,20.0188,19.0773
819.3238,700.1682,20.2697,19.0186
836.9296,702.0322,22.1449,17.9255
815.7053,690.3243,21.7395,18.5488
811.9692,679.2120,21.0126,18.8927
807.7494,668.2966,21.7377,18.2910
816.2692,672.0863,22.4266,17.6794
814.6614,653.2886,22.8615,17.0941
815.5016,657.1194,23.7566,16.3859
823.9495,656.3298,24.2968,15.6927
827.6674,685.0491,23.3041,15.9617
821.2946,689.1525,23.9229,15.2421
807.1277,676.4479,24.9476,14.3293
815.7645,670.6059,24.4930,14.6819
831.5515,672.0630,24.5785,14.4675
815.7678,670.8958,24.8057,14.5446
827.2987,688.8145,23.2233,15.8040
843.4648,684.7698,22.4769,16.3691
843.2051,696.9993,20.8315,18.2791
841.7798,669.5728,21.6453,17.0901
840.4792,688.0504,22.0403,16.5275
827.5299,701.3930,21.8608,16.5594
831.1393,700.2803,21.7030,16.9238
834.4449,701.9785,22.1689,16.7213
852.7075,693.1624,21.8134,17.3685
873.6597,701.8146,21.9515,16.9569
893.8813,703.7572,22.5490,16.1797
923.9547,702.2696,22.6621,16.1847
910.2632,703.7845,23.3445,15.5447
908.8994,700.4122,23.7344,15.2220
900.1887,704.2526,24.1252,15.0538
891.4739,705.6765,24.5155,14.3235
882.8660,702.2710,24.7357,14.2603
886.3137,703.6505,24.9685,14.3428
877.8158,702.6113,25.1566,14.3114
876.2726,704.3216,25.8444,13.8861
882.4572,690.7261,25.6930,14.0857
881.2565,687.2220,25.8362,14.0688
867.7422,671.3109,25.9205,14.1971
876.7142,664.9498,25.3700,14.6155
873.5452,670.9694,24.4661,15.2236
857.5436,669.8367,24.2833,15.3848
844.3929,656.1193,23.7509,15.6084
857.5591,669.7723,24.2583,15.4127
829.6478,685.1896,23.3059,16.5542
828.3054,681.6234,23.2573,16.5676
807.4361,665.3567,23.0272,16.7856
798.7217,654.0746,22.8945,16.7360
793.1078,651.9105,21.9019,17.8962
776.4940,668.6702,22.7386,17.2649
795.5173,656.9581,21.5590,17.7130
781.7588,655.8396,21.8918,17.3741
790.5389,639.9965,21.6711,17.2784
782.2239,653.0415,21.2721,17.6593
787.2209,635.3045,23.3378,16.1882
776.0470,629.3783,23.6113,15.9098
767.4005,633.5087,24.0839,15.3143
756.2437,632.4359,24.9526,15.0132
744.5695,636.8205,25.9589,14.3113
737.4811,638.7142,27.1829,13.6385
723.2137,657.3062,27.6855,13.6208
710.5958,656.4389,23.9321,18.0604
712.0421,623.9004,19.5488,23.2310
713.1849,620.5096,16.4741,26.6675
713.8407,618.1286,14.5626,28.8848
721.8646,651.3298,18.4392,23.9500
725.2000,671.4251,19.3467,23.0280
735.1533,674.3868,17.5103,25.5880
734.4713,685.2807,15.7358,28.0365
734.6390,685.7776,14.5454,29.4906
735.7969,683.9142,13.2897,31.1064
735.3491,685.0536,12.9442,31.3165
735.0652,683.5344,12.4590,31.8461
736.1774,684.5435,12.0537,32.2375
735.5659,683.0835,11.6862,32.7516
735.2573,672.8604,11.1108,33.7164
736.5656,681.7673,10.6517,34.4664
724.5229,666.5794,14.9999,29.6661
733.9674,667.8209,14.5452,29.5724
735.4503,673.3785,12.8875,31.6796
722.1082,648.9770,14.6515,28.7269
734.1234,639.2855,13.4988,29.8110
735.0869,637.8663,12.6063,30.8450
734.2119,638.6446,12.0557,31.5823
721.8345,649.1474,13.5135,29.0780
722.1782,649.1508,15.1505,26.6965
722.2606,651.1114,16.7592,25.0176
720.5224,652.5906,17.4313,23.9938
719.5968,653.7079,17.6041,23.4923
720.1431,651.1778,18.6483,21.8164
731.6000,650.4963,18.7823,21.0314
732.6442,652.0763,19.1951,20.3872
729.5449,650.9930,18.8739,20.3241
730.7402,650.0673,19.0208,20.0967
746.2773,639.1597,19.7141,19.5980
742.6766,650.6240,19.8540,19.2928
731.9007,639.6017,19.6063,19.2645
735.8625,628.6661,19.6549,19.0134
763.7595,634.6110,19.5643,18.9838
769.4122,623.7791,20.2734,18.4260
782.8589,620.4135,20.4033,18.1003
798.7514,633.3347,19.6450,18.7914
821.3099,605.9116,20.5312,18.2129
833.4526,613.2791,18.6544,20.4729
856.0640,605.2554,19.8883,19.3384
862.4035,604.3066,19.5502,19.1401
851.5831,600.0278,18.4805,20.3976
871.3964,606.1602,19.8795,19.3384
871.8968,604.9370,20.6882,19.0488
872.3984,606.3644,21.3643,18.4030
870.8058,605.4133,21.7581,18.3816
867.2684,605.8278,21.1844,18.6633
871.4764,604.5306,21.0848,18.7512
870.0211,603.9560,21.7980,18.6659
870.5324,604.7529,22.7446,18.5946
868.8133,603.9789,23.6111,18.6083
869.4899,604.4880,24.5287,18.9709
868.2089,603.7222,24.8368,18.9976
868.8677,604.1749,25.6802,19.2589
867.5963,603.5597,25.9237,19.1924
868.3693,603.0825,26.8762,18.9652
867.4575,603.7171,26.5422,19.5663
868.1621,603.1316,27.4110,19.4437
867.2060,603.5748,26.8555,20.0132
867.9106,602.7950,27.6160,19.8582
867.0679,603.4316,27.0801,20.2311
867.9486,602.6307,27.7173,19.9536
866.9688,603.3422,26.9459,20.4016
868.1036,602.4014,27.4095,20.4226
866.7446,603.3453,26.8058,20.8807
868.0308,602.4553,27.1047,20.7966
866.6826,603.1680,26.5227,21.1600
867.8727,602.1171,26.9869,21.1761
866.4633,603.0029,26.2582,21.3845
867.7106,602.4658,26.6508,20.7041
854.1801,603.8447,27.6704,20.1710
867.5125,604.7771,27.4598,20.2098
869.0454,603.4877,27.3181,20.1639
844.5869,559.9373,25.9569,20.9828
844.4584,545.5007,24.0656,22.9556
863.4230,526.3203,24.1412,22.9747
882.0786,510.5263,24.8601,22.6210
903.4694,506.4296,26.0459,21.5297
937.3813,499.5244,26.0751,21.4099
929.7739,494.6064,26.3041,21.3103
948.7227,490.0522,26.4253,20.9857
967.5358,491.8712,26.0822,20.6533
986.9230,481.4750,25.4674,20.8966
988.2453,474.9044,25.6193,20.3737
995.4727,479.0353,25.5067,20.5245
1005.5862,506.1287,25.0819,20.7539
990.0156,504.6183,24.7014,20.9694
999.9054,489.2851,24.6652,20.7180
998.5831,473.6122,24.4751,20.8709
1002.7344,460.8610,24.5452,20.7233
1001.3052,473.8279,24.5641,20.5177
986.3451,463.6843,23.7806,21.2071
987.7809,462.2468,23.6641,21.2578
994.4064,444.4908,24.7501,20.4077
998.6324,448.7750,24.6366,20.5338
1005.7945,424.1624,23.6231,21.8696
989.7109,408.5981,24.2930,21.5798
979.2466,381.4868,25.4622,20.6086
960.4065,397.0743,26.0846,20.2190
955.5955,407.5124,26.3411,19.6083
974.3087,429.1584,27.2716,18.9631
972.9433,427.7028,27.3112,18.6436
974.5009,429.3148,27.6964,18.1613
978.6174,447.5399,28.0684,18.0358
983.1246,471.8122,27.0797,18.8193
964.8951,476.5778,26.6998,18.1833
979.9509,463.5977,26.9318,18.4683
961.1378,445.4542,27.4678,18.1166
934.8381,443.4891,26.3230,18.6971
905.6001,414.0075,25.9241,18.2527
906.6774,414.1088,25.3438,17.3660
911.3151,413.5924,24.3514,17.5843
911.4752,414.1618,23.0219,17.5828
909.2925,414.2292,23.2052,16.9686
909.3009,414.5399,22.4709,16.8230
910.3265,415.3822,22.7153,16.4898
909.6608,414.8781,21.9631,16.4189
909.3556,414.7342,21.4125,16.2236
910.1679,414.6339,21.8430,15.4514
914.0147,415.0216,20.4984,15.7798
913.8752,414.6461,19.7963,15.4977
913.4250,414.9364,19.1328,15.6376
912.3278,414.7278,19.3063,15.2958
910.7028,414.6727,20.3176,14.7236
912.2402,415.0767,19.8723,14.7702
911.0103,415.4240,20.1074,14.6298
909.9954,414.8496,20.5802,14.1917
911.1048,415.2866,20.1697,14.2559
912.8388,415.5188,19.5723,14.4819
911.9170,415.1342,19.5640,14.4694
910.4807,414.9678,20.3336,14.0696
911.7950,415.2056,19.6481,14.3579
910.2607,414.9530,20.5574,14.0493
909.1358,415.3372,20.6252,14.0614
909.5613,415.1465,21.2659,13.6868
910.6308,415.6142,20.5175,13.8247
909.5447,415.0346,20.4757,13.5319
908.6710,415.2794,20.0818,13.8260
910.0005,415.5211,18.9943,14.3181
911.2188,414.6551,18.3765,14.1407
914.4176,415.3163,18.1569,14.3680
907.6221,412.3733,17.7211,14.6316
906.8381,415.3638,17.6470,14.6176
909.6562,414.6112,17.9528,14.3672
908.5511,415.7446,18.1069,14.2277
909.4388,400.7876,18.0659,14.3012
906.3011,399.9219,18.2231,14.1749
909.3555,400.8583,18.1903,14.2547
906.2324,400.0349,18.4971,13.9943
905.1707,401.0747,18.6383,13.8671
908.2631,400.1689,18.6992,13.8051
895.0010,395.3227,18.8639,13.6616
896.0717,402.4096,18.8099,13.6589
882.7748,401.4552,19.0444,13.4541
879.6639,402.5393,19.1713,13.3174
878.5632,393.3219,19.0374,13.4633
881.5349,396.4803,19.2904,13.2156
867.7156,410.0460,20.1259,12.5316
860.8397,400.4871,19.3860,13.4452
843.4832,399.4678,19.3994,13.7399
848.5782,400.6382,19.4958,13.6259
862.1785,415.9545,18.7164,14.1646
861.6873,400.1219,17.9165,14.8071
862.9537,398.8751,17.3458,15.2213
861.8732,399.7941,17.3821,15.2609
862.7727,398.7597,17.3212,15.3030
857.2766,402.4518,18.4304,14.2582
860.1594,384.9063,18.3654,14.2873
861.3049,383.7064,17.8119,14.8766
862.3953,398.7198,17.7412,15.1661
859.7637,383.1841,17.1843,15.4182
862.6240,367.7219,16.9786,16.0065
863.3037,354.7273,17.6188,15.0668
847.9211,351.6017,17.6598,15.1151
858.1195,324.5387,19.1519,13.6395
861.2132,304.9995,19.0326,13.8649
847.6281,308.1253,19.4723,13.6716
836.3415,315.3435,19.4315,13.7570
831.2202,316.4234,19.4230,13.7615
838.5641,315.1412,19.7427,13.6097
847.5950,316.4839,20.4338,13.2326
870.0889,333.5386,20.0997,14.2987
863.9443,335.9700,20.7401,15.1505
842.4493,339.2738,21.2875,15.6809
834.2349,339.7738,21.0972,16.3307
828.5799,335.9347,21.3134,16.8395
808.4978,336.8158,21.8384,17.1307
793.4037,335.5611,21.6593,17.3792
789.4146,331.4372,22.1573,17.4535
770.5838,329.9748,22.9155,17.5199
746.2358,326.2776,23.2963,17.4321
735.3974,316.4818,23.3297,17.8666
728.8734,297.1996,23.1056,18.2579
729.6787,301.5833,23.4515,17.8104
718.4229,305.8658,23.7231,17.0594
719.9355,289.1023,23.4037,17.3600
723.6790,287.7797,23.4193,17.2660
717.5994,291.4027,22.8903,17.7493
721.3822,300.6931,23.2458,17.2510
717.7863,296.7934,22.9272,17.4471
716.7440,272.3645,21.3885,18.5439
716.7399,280.3729,19.4265,20.5778
719.8903,286.7410,19.9307,19.8763
718.4634,298.1964,20.1218,19.5609
724.3925,299.7794,20.5310,19.0712
720.5260,303.2882,20.4386,19.2545
720.5634,270.4917,22.3656,17.5102
727.3684,267.6111,25.8052,15.5880
766.0414,254.5077,27.8555,14.6268
788.5573,224.1123,27.6995,15.1670
787.2488,222.5739,27.6302,15.3605
794.2439,210.2311,27.3434,15.7393
795.7107,184.8227,27.3607,15.8730
791.3254,193.8045,27.7262,15.6601
784.4424,187.0586,28.1610,15.5310
774.9053,190.9024,27.9994,15.4902
784.0101,208.4787,28.9677,15.1342
768.6925,207.3394,29.6420,14.8634
785.6688,203.5223,30.7828,14.4186
812.4639,201.5930,29.6736,15.5413
817.1011,202.4528,28.9106,16.2552
818.6761,192.4499,28.6033,16.3729
820.4717,188.2244,27.8130,16.9515
822.0446,191.9770,27.6091,17.1982
817.8952,195.8347,27.3228,17.5993
824.8531,194.2330,26.8807,17.9984
823.2004,187.5078,27.0688,17.7263
830.1257,202.6914,26.7678,17.9733
826.3448,203.7485,25.8739,18.3138
841.9222,205.2570,25.2771,18.1907
831.9995,190.6440,25.8466,17.7802
836.2825,191.6545,25.4042,18.0938
848.2675,193.0977,25.9847,17.5954
855.1285,202.2620,25.4597,17.9726
870.3160,205.9466,25.2545,18.1696
884.9500,204.6782,25.4055,18.1206
870.4247,205.6241,24.7523,18.6447
875.2416,220.1690,23.6249,19.1385
884.2645,235.2861,24.0876,18.6854
882.7242,239.1715,24.4119,18.4866
884.1566,251.3475,24.3344,18.5970
882.7541,252.7438,24.4286,18.4235
883.8817,240.7206,24.6321,18.2140
881.9057,255.5306,25.4530,17.6915
888.8260,253.9117,24.9318,17.8405
893.2545,252.3720,23.9639,18.2513
888.8426,283.0234,24.0663,18.3090
877.1670,289.4749,23.2147,18.7644
872.9446,288.2265,23.5852,18.4796
876.4069,284.8303,24.4608,17.7509
875.3233,282.9828,23.7206,18.4241
881.3937,252.9610,24.0897,18.1911
893.0993,220.7535,24.6866,17.7720
892.0605,208.5239,24.2675,18.0948
891.0732,220.0068,23.5514,18.5750
910.6427,253.2279,24.0748,18.0219
909.3123,251.9387,23.9735,18.0032
899.2514,269.0459,25.1068,17.0929
908.1992,286.4144,25.2325,16.9461
928.0710,285.1112,24.9298,17.0637
942.5201,267.8060,24.6183,17.3449
969.4458,258.3914,24.3910,17.4992
968.7276,225.3155,23.5220,18.1238
972.5464,219.1485,23.7341,17.5643
966.1588,207.5110,23.3209,17.6117
972.6815,203.5277,22.9464,17.8747
968.5264,207.3306,23.0276,17.7155
964.4532,206.3997,23.3899,17.2606
955.9072,204.3306,22.6636,17.8821
954.9833,187.7737,22.2250,18.1444
938.9326,191.5418,21.8269,18.1033
923.4709,224.6789,21.2136,18.4958
922.9628,220.8291,20.3986,18.7676
924.2774,224.1287,20.2649,18.7699
923.5352,222.4633,19.9113,18.7334
922.4227,221.5254,20.0338,18.4326
923.5856,220.7170,20.2184,18.0338
924.6069,236.0350,20.1118,18.2146
920.6956,221.2131,21.5709,17.2148
924.1525,217.4403,21.8770,16.8141
931.7626,204.5877,23.5760,15.7357
923.8043,224.2105,21.8881,16.8874
940.3102,256.2216,20.6805,17.9983
933.7682,257.9892,21.8346,17.1166
944.3088,256.6649,22.2863,16.7670
942.9426,253.0829,22.3038,16.7090
956.1072,251.9091,22.4120,16.6107
947.0660,253.4908,23.6483,15.7173
973.2968,269.1973,23.1812,15.9036
972.3398,289.5885,22.4451,16.2664
973.7424,290.4847,21.8286,16.8300
955.3604,288.8878,22.0610,16.8934
963.7236,288.0647,22.4266,16.4286
972.5672,269.7590,21.4421,16.8247
963.7266,287.9680,22.3456,16.2219
947.4558,291.7000,23.3007,15.5312
946.3718,297.7320,23.3518,15.4546
940.9633,288.7731,22.3972,16.0701
939.7450,282.9989,22.4908,15.8156
941.2918,269.9287,21.9933,16.1061
923.4862,285.6820,21.8110,15.9468
924.6995,288.9583,21.1501,16.5125
923.3813,271.8117,20.9552,16.0949
908.7404,276.9811,20.2975,17.0317
893.5144,303.9604,20.2950,17.0265
882.0306,300.9870,22.2759,15.4138
887.5959,302.4308,22.4463,15.1941
911.8243,301.5800,22.9648,14.8758
906.1053,288.4032,22.5160,15.1803
895.5465,287.2693,22.4640,15.1618
887.3185,285.9955,22.4838,15.2159
890.9758,301.2946,22.2670,15.3277
892.5603,283.5828,21.8572,15.5967
896.2596,282.0636,21.3188,16.1949
883.0193,281.2646,21.8567,15.7622
886.5443,282.5333,21.8700,15.6675
878.4598,281.4402,21.7473,15.5716
875.3625,273.0056,21.4877,15.5580
881.1318,271.5258,21.4868,15.5836
889.7063,279.4321,20.9170,15.8579
886.1281,271.6010,21.1802,15.5702
850.7326,259.8674,19.7103,17.6859
867.4393,268.3860,20.8495,16.8856
867.6357,267.5760,21.4922,16.2003
864.0192,266.4335,21.8579,15.7325
895.8517,252.9751,21.0160,16.6136
916.0963,252.3445,20.9700,16.1529
919.2018,253.4666,21.1500,15.7992
922.6172,254.3228,20.9491,15.7943
921.7512,233.5580,19.3960,17.8493
920.9432,236.6219,18.7682,18.5163
922.3720,230.3605,17.8833,19.5865
923.4217,233.6906,17.8535,19.7064
922.2561,239.4318,17.7306,19.8086
925.1623,252.6688,18.1410,19.4219
928.3547,268.1725,18.6177,19.0781
957.4883,283.7359,18.7504,18.9905
962.9183,271.3208,19.6127,18.1727
973.5679,276.6353,19.2681,19.0342
960.2453,283.1082,19.3685,18.8179
956.6131,267.6704,19.3245,18.7695
955.6458,285.7756,19.4438,17.9789
957.0026,284.7025,19.4370,17.7328
957.7966,283.3486,18.9861,18.0413
958.7640,287.0041,18.9921,18.0775
959.7514,285.8587,19.1969,17.9880
958.5590,287.1277,19.2749,17.8762
957.2274,274.2222,19.3148,17.5662
956.5695,270.7203,18.9612,17.3499
957.6323,269.7585,18.9221,16.9763
958.7592,285.9638,18.3624,18.0144
959.6233,287.0526,18.6953,17.8972
956.4422,302.0914,18.2361,17.8169
959.5673,287.3473,18.6034,17.6887
938.0901,302.2719,18.9642,17.2189
941.3174,307.3661,18.3179,18.0678
942.3275,315.5598,18.6254,17.7908
941.1885,321.0691,18.5520,17.8308
937.8650,304.0983,18.8285,17.5253
936.9224,304.9638,18.6981,17.5883
938.1636,305.8081,18.4865,17.9138
945.7090,319.0333,19.5382,17.1658
969.0723,318.2089,20.3806,16.6502
972.8847,300.8747,19.5889,17.0952
973.8118,299.5053,19.5475,17.2122
970.6290,300.5515,18.9395,17.5931
975.9796,286.2039,19.2227,16.9600
974.8217,283.1042,19.2166,16.6463
973.6271,271.3067,19.0033,16.5598
970.1654,270.5921,19.3992,16.2160
971.3052,271.6212,19.3868,16.1501
990.0579,286.3036,19.3479,15.8874
989.1675,287.3803,19.1906,15.6344
989.9439,302.0580,19.4744,15.4076
990.6393,303.3358,19.8862,15.1986
987.3537,319.6401,19.9370,15.2531
988.2776,334.0703,19.7715,15.3270
1005.5012,350.7597,19.0138,15.5178
1004.7990,336.8505,18.7039,15.5773
990.6703,335.8124,18.2352,15.7318
993.5306,328.9120,18.9135,15.1528
988.1140,347.1667,18.9596,15.0314
989.4844,350.3755,18.7999,14.8157
989.0798,349.4821,18.5001,14.6111
990.0190,356.5192,18.3293,14.7531
974.6152,351.4313,17.7313,14.9933
973.3364,352.6242,17.8658,14.8077
987.2451,346.5775,16.3486,16.6127
990.3380,366.4565,16.3091,16.6843
990.9634,382.0322,16.3595,16.4649
991.9107,379.0360,16.3339,16.7913
990.6753,382.4464,16.6320,16.6974
989.2371,367.0236,17.0743,16.5114
1006.5626,374.5406,17.1592,15.9687
1009.1989,384.4856,18.6124,14.6887
1021.3991,383.3980,17.8505,15.1005
1013.8123,388.7674,18.3457,14.6342
1021.2798,399.9188,17.9272,14.8807
1005.8120,415.1477,17.7545,15.0157
982.5071,430.6728,17.5167,15.0133
987.3255,429.7130,17.9506,14.7024
983.9636,430.9054,18.2349,14.4124
982.9424,431.9364,18.1489,14.3533
983.8826,432.7696,18.2504,14.2457
982.9915,431.5740,18.0277,14.4688
986.0876,432.3337,17.7534,14.7724
989.0117,431.4604,17.2554,14.9283
983.9521,428.5103,17.3105,14.8602
983.0193,431.4446,17.3154,14.8010
978.5415,425.9180,16.5602,15.6720
959.5195,430.9578,16.7026,15.4329
958.5847,431.9676,16.7839,15.2592
957.6115,432.9330,16.4869,15.4777
938.6098,430.2932,16.7296,15.0380
935.6016,429.4366,16.7003,14.8749
930.8016,430.3048,16.5945,14.8452
927.8060,431.1768,16.4922,14.9242
942.4943,415.9598,16.1505,15.5784
959.2693,430.8397,16.2665,15.2782
973.6226,415.6759,16.6157,15.1595
958.9346,416.8559,16.9738,14.8216
967.7466,417.7802,17.1992,14.5638
966.6545,416.4258,17.1160,14.6449
955.7734,415.4370,17.0100,14.7654
960.5644,416.1946,16.8899,14.9877
974.9842,417.1359,16.8689,14.9645
975.9397,419.9546,17.1631,14.6839
975.0724,430.4829,16.6608,15.0897
989.4709,415.4989,17.3495,14.6279
979.9777,421.0673,18.4773,13.6977
978.9447,420.0443,18.7078,13.4796
981.8530,421.1348,19.0592,13.1871
974.9445,416.2119,19.0443,13.2401
976.2065,417.1566,18.7517,13.4482
989.2897,416.1974,18.4336,13.8262
1017.4387,434.0640,16.5339,15.7535
1022.4126,447.3832,16.4543,15.6999
1007.4528,438.0388,16.2377,15.7675
1006.5830,438.9389,16.1440,15.6145
1019.2504,432.0614,16.5842,15.3065
1020.5790,447.0481,16.2058,15.4717
1021.4229,456.0385,16.4096,15.3550
1010.0027,465.5244,18.1096,14.2896
1012.7983,468.9004,18.7986,13.8568
1005.6621,483.5267,18.7418,14.1851
1022.9973,484.5727,18.7070,13.8631
1023.7845,487.8687,18.9708,13.5140
1024.7960,496.5524,18.5305,13.7876
1029.8617,511.4209,18.3918,13.9553
1036.7373,508.6602,18.6689,13.6158
1037.9053,499.5432,18.5461,13.3848
1026.9445,496.3740,18.3306,13.5272
1024.0812,495.2625,17.9805,13.8798
1023.1084,484.6832,18.2976,13.5308
1023.8694,487.5898,18.6606,13.4078
1024.2938,486.6014,19.3386,13.2604
1021.5692,485.3737,18.8370,13.6027
1022.5817,488.5406,18.8862,13.4806
1037.5781,511.6172,18.5947,13.6559
1038.6359,512.1290,17.8052,14.3813
1037.7089,511.1207,17.4724,14.9431
1036.9149,528.1695,17.1848,14.9006
1037.8944,531.1448,17.3022,14.5515
1036.7408,532.1553,17.5540,14.2682
1037.3802,513.6393,17.6724,14.0890
1054.0430,496.5680,17.3833,14.4842
1051.0496,511.4937,17.3879,14.4508
1042.3920,512.4723,17.0598,14.4128
1053.3555,511.5201,17.2898,14.2192
1070.2994,512.0494,17.0361,14.5167
1053.4498,528.5213,17.1736,14.4971
1040.8047,529.1324,16.8713,15.0161
1021.9277,528.1951,16.7479,15.0696
1018.9054,527.2696,16.7742,15.2725
989.6536,528.3793,17.1382,15.1659
1004.6602,527.1492,16.8923,15.0106
1005.4856,528.0884,16.9409,15.0674
1004.6295,527.2569,16.3087,15.3953
1007.4788,528.0934,16.2537,15.5065
990.5488,527.4770,16.5532,15.3407
989.6226,512.3843,16.4760,15.3474
1002.2875,511.6861,16.9253,14.9460
1023.5084,510.9503,16.6846,14.7737
1038.1119,527.9130,16.8760,14.4795
1039.2068,526.6701,16.7012,14.6953
1038.6677,511.9396,15.9470,15.6122
1039.4100,532.5864,16.1628,14.9550
1022.7596,543.3708,16.1984,15.2163
1021.6961,542.2757,16.0821,15.6200
1014.5626,547.3608,16.5057,15.1611
1021.7019,542.2549,16.4463,15.0872
1025.9966,531.7449,17.5847,14.2078
1020.8639,532.7658,17.9832,13.5931
1035.7622,545.4023,17.7478,13.8557
1038.6295,560.1135,17.7085,13.9834
1047.2656,563.3023,18.2554,13.4943
1048.0421,560.5323,18.7073,13.1101
1054.9819,573.4298,18.5933,13.2699
1056.6112,560.1352,16.9761,14.5073
1055.5331,559.3175,17.1489,14.2493
1052.5773,552.4778,17.2039,14.1780
1053.5280,547.7299,17.3240,13.9873
1056.3278,548.7761,17.5879,13.7742
1028.1509,543.3452,16.9365,14.6368
1031.3322,546.0334,16.5505,15.0378
1028.2330,539.3071,16.8762,14.6819
1027.3055,538.3487,16.8113,14.7290
1026.0797,543.3041,17.0554,14.5267
1039.0178,559.8412,16.9680,14.5730
1037.8646,547.2540,17.2188,14.1586
1042.8280,544.1354,17.0913,14.3081
1071.0392,543.0228,17.1667,14.5986
1072.0327,543.7574,16.8108,14.9229
1061.1079,542.8021,17.0759,14.7452
1069.8754,541.9707,17.4663,14.3315
1070.6945,542.8926,17.5134,14.4429
1069.7682,559.4059,17.2551,14.9203
1072.7225,544.3312,17.1917,15.0399
1057.3413,543.5055,17.5208,15.0114
1054.7032,550.6290,17.2378,14.8827
1039.0743,540.3566,18.0107,13.6145
1037.9313,529.3615,17.8801,13.7622
1042.5492,522.8234,18.4585,13.1624
1049.9933,511.6800,17.5381,13.8792
1054.8379,527.9936,17.3152,14.0295
1053.9542,527.0219,17.2393,14.0457
1040.9485,528.1573,17.4341,14.1086
1045.7529,527.2359,17.6904,13.8479
1054.6044,528.1829,17.3774,14.0336
1055.5648,527.0772,17.5337,14.0732
1046.5270,527.9019,17.6753,13.9072
1053.8619,514.9420,17.5613,13.6757
1054.6074,511.9015,17.4758,13.5719
1022.4975,487.5593,17.6342,13.7586
1005.9006,496.2613,17.6062,13.6022
1003.8317,511.9077,15.8381,14.8899
1006.6978,499.6949,16.2800,14.3476
1014.7821,507.0417,16.9645,13.4407
1021.6198,515.9983,17.3240,12.6700
995.3372,529.0066,15.5745,14.1185
998.2191,528.1057,15.5712,14.1733
989.8829,512.1405,15.4457,14.6736
990.7823,515.1895,15.7310,14.3340
987.6168,499.6501,16.3204,13.5754
972.9873,495.5219,17.2003,12.7289
977.4970,485.6553,17.8086,12.2920
982.0125,482.7978,17.8455,12.3076
983.2438,481.4442,17.3838,12.9647
982.3444,482.3339,17.3009,13.0869
981.6258,485.0291,16.9752,13.4911
974.8460,497.2294,16.7268,13.6494
977.9511,503.2658,15.8450,14.5575
976.7949,496.7972,15.9976,14.3648
975.7957,499.6031,16.0823,14.3050
974.4742,479.7793,16.3153,14.3540
974.0076,493.9185,15.6824,15.0676
967.1897,496.6543,15.9110,14.8706
958.4976,495.6178,15.9478,14.9696
957.4309,496.6701,16.1594,14.7556
927.3638,513.4143,16.5990,14.0597
926.3559,520.1121,16.5975,14.1672
894.2271,543.4706,17.5564,14.5450
887.4291,543.5594,16.8185,15.0536
890.4197,540.1551,15.8462,16.1605
890.1570,538.9017,14.7112,17.3357
891.4302,537.5056,13.1106,19.0140
892.0241,538.5298,12.9248,19.3447
891.3482,537.5586,12.2959,19.9745
892.2390,536.5454,11.5844,20.7800
892.7010,537.8777,11.8029,20.6621
891.8724,537.0229,11.4825,20.9813
892.5560,536.1445,11.1124,21.4531
889.2503,539.6591,11.8557,20.5669
890.0680,540.7414,12.1608,19.7662
888.5242,541.7601,12.8999,18.7977
889.2302,541.1918,13.3147,18.2080
891.7490,542.0151,13.6555,17.5890
888.7006,543.0353,13.9962,17.0685
891.3137,542.2137,13.8516,17.0205
892.0988,542.9218,13.8342,16.9235
896.2106,542.5018,14.5782,16.4150
894.7810,543.6615,15.3467,15.9131
887.9549,542.6163,15.3207,15.5999
888.6003,543.4487,15.4341,15.4841
891.2396,542.5965,15.7744,15.3424
895.9156,543.4861,15.7091,15.2311
890.9646,542.6232,15.7526,15.2961
889.9809,543.3115,15.4674,15.4479
879.2197,542.4041,15.9102,15.0852
884.0892,543.3489,15.9174,15.0378
881.0020,544.3192,16.2666,14.6287
881.9059,543.5352,16.5208,14.2954
878.9407,544.3835,16.6016,14.3616
877.8010,543.4405,17.0720,14.1133
871.2454,546.0957,16.5521,14.5466
878.2455,527.5122,16.5338,14.8336
877.1597,520.8544,16.7280,14.6649
877.9288,527.8753,16.9653,14.4095
861.4049,513.0560,17.3290,14.6643
848.4584,511.9547,17.3484,14.6837
866.4772,511.8916,15.5892,16.7205
871.0092,527.2158,16.3859,16.2070
877.6768,542.5767,16.6814,15.4606
874.7216,543.8255,17.0040,15.1106
881.6445,542.7739,17.1576,14.9844
892.8361,543.7505,17.0092,14.9750
907.3862,540.8797,17.9674,14.2234
902.3310,539.9808,18.0311,14.0803
891.7278,530.4202,17.0228,15.4092
894.7440,531.3642,17.0859,15.2905
889.4702,520.4139,17.3370,14.9948
878.2651,527.5802,17.3201,15.0062
879.0322,526.5312,17.3998,15.0941
880.0002,527.6537,17.6108,14.9155
862.5128,528.7023,17.7043,14.7515
859.5554,511.6523,18.4858,14.4301
877.2337,512.4544,18.1394,14.4958
892.4541,511.3100,17.7756,15.0092
893.6065,512.2813,17.6777,15.1692
894.4224,513.3060,17.7729,15.2902
893.4323,526.8359,17.8938,15.2648
894.6392,527.8315,17.8650,15.2710
903.9423,511.8849,17.5216,15.5434
909.2618,502.5322,17.6422,15.2897
906.5106,498.9382,16.7224,16.2722
909.6316,497.6647,16.4108,16.6158
893.9613,494.7375,16.5819,16.5261
909.1966,496.0352,17.3088,15.8605
893.5316,494.8557,17.0665,16.1818
894.3774,474.9440,17.4512,16.0778
893.4539,471.5487,17.0952,16.4742
894.2401,474.7388,17.4170,16.2081
893.4221,475.8452,17.1322,15.8552
879.8651,478.7485,17.0624,15.9246
878.9196,479.5615,16.9543,16.0399
892.1909,494.7323,16.7013,16.5853
893.1792,493.5786,16.4971,16.9233
893.9458,494.6765,16.7079,16.8752
892.6486,498.1987,17.4496,16.1211
893.7216,495.0769,17.5686,16.0135
892.5184,494.2051,17.8809,16.0595
880.7648,495.3382,17.8824,15.9910
862.6666,494.3640,17.6919,15.7462
855.1941,495.3973,18.2880,15.2810
855.7449,492.5717,19.1951,14.5733
880.0350,495.3470,18.8303,15.1088
878.9564,494.2238,18.6792,15.2823
881.9723,495.3846,18.8381,15.0952
881.0300,496.3246,18.6029,15.3246
878.0154,526.7407,18.2000,15.6390
862.3463,525.6285,17.9233,15.9039
861.4742,526.6453,17.8269,15.8340
862.5106,527.6180,17.7587,15.8917
859.3411,528.6850,17.8557,15.8009
855.6642,528.0188,18.7177,15.1581
852.4595,520.6702,18.7706,15.0566
849.4440,525.7137,18.3610,15.4563
850.5001,526.6648,18.2538,15.5148
843.5605,512.3998,17.6130,15.9895
847.1025,510.8252,16.8943,16.7827
842.1840,511.6203,16.4822,17.0628
847.3632,514.7189,16.4993,17.0325
848.3354,513.8264,16.6692,16.8419
845.1741,527.5551,16.9230,16.7103
850.4138,526.5488,16.9219,16.6365
849.3028,527.5815,17.0621,16.5074
860.7793,526.6262,17.3547,16.2256
868.0607,525.6692,17.5001,16.0182
869.0516,526.8251,17.7053,15.8036
878.2226,534.3174,18.0841,15.5519
906.3269,543.7382,18.5613,15.1331
907.0790,542.9832,18.7258,14.8702
906.0249,543.8406,18.5984,14.9678
905.0663,531.8741,18.2910,15.6207
906.1649,543.2367,18.0454,15.6672
907.2415,540.0232,17.8474,15.7113
904.0418,547.2203,17.6167,15.9557
925.7988,558.7405,17.7648,15.8956
932.9814,560.0496,18.1044,15.5404
925.4614,567.5721,18.3245,15.3185
909.6088,575.0714,18.4982,15.2301
908.3441,576.2249,18.7881,15.1205
909.3959,575.1860,18.9836,14.9369
908.2119,576.3035,19.0890,14.9247
907.1342,577.2994,19.1963,14.8461
905.8903,586.8513,19.5770,14.4137
904.5001,589.7512,20.3173,14.4042
907.1525,593.2986,21.0961,13.7668
916.9410,607.4669,20.8838,14.1379
904.9600,623.8663,20.9385,14.0542
899.8318,620.4016,20.2473,14.4911
903.1682,616.9957,19.9430,14.7528
908.6227,617.9982,19.7429,14.8695
901.3337,622.8679,19.1992,15.4877
880.3231,639.0043,19.5389,15.2566
881.3698,638.0505,19.6752,15.1095
878.2828,638.9722,19.0468,15.5616
886.1512,639.8367,18.7070,15.7832
899.3355,628.3069,15.6332,19.7209
902.5817,636.0468,15.7601,19.5361
885.8349,637.2627,16.1603,19.0586
886.8490,636.2664,16.3885,18.8179
907.0854,653.2462,17.3016,18.2400
907.9614,656.8303,17.7126,17.7180
906.6025,653.7981,17.9823,17.4352
905.4830,652.6902,17.9360,17.4677
912.7022,671.4476,18.4269,16.9169
924.8887,670.5085,18.6080,16.7394
910.5624,671.4965,18.8542,16.2968
897.8839,670.7883,20.1145,15.4814
910.2862,658.3705,19.6550,15.7833
902.4680,655.1376,19.8573,15.7023
896.9150,654.0587,19.8832,15.7244
893.4714,655.3387,20.1956,15.4076
890.1335,656.3484,20.0740,15.4834
911.1683,666.3510,19.9250,15.6132
912.0863,669.8453,20.2811,15.3346
917.5341,671.0513,20.4476,15.0288
927.4215,663.1488,20.2206,15.1660
917.5321,668.6169,20.1624,15.1248
914.2408,656.5595,20.1323,15.2438
915.6882,652.8857,19.6230,15.7863
906.2158,640.1250,18.5430,17.0847
905.6033,641.0587,18.0856,17.5193
907.0632,639.7191,17.6198,17.9569
908.2155,645.2156,17.4622,18.1051
911.4244,639.7163,17.7421,17.8473
919.0673,645.4547,18.0125,17.6505
915.6752,648.9441,18.1747,17.4534
919.1694,647.7211,17.9644,17.6754
929.4200,653.3707,17.6985,17.7167
930.3890,652.4012,17.7871,17.6697
938.1174,653.5553,17.8138,17.6096
952.3649,654.7520,18.0099,17.3964
957.5270,655.7299,18.5641,17.0145
949.7155,654.5911,18.3944,17.1094
957.3629,655.5692,18.4866,17.0352
969.2550,654.5508,19.0183,16.5524
961.2677,640.0324,19.3273,16.3248
949.0156,634.4069,19.6044,16.0634
957.1709,637.7388,19.3293,16.2678
951.6763,634.4568,19.4370,16.0695
954.9767,628.9971,19.4167,15.9672
977.7799,654.0771,19.5410,15.8491
978.9182,655.0990,19.4767,15.8960
977.5022,654.4180,19.6923,15.8207
969.6081,651.2094,19.8529,15.7499
972.9647,654.8197,19.9878,15.5121
969.8448,646.9339,19.6626,15.8552
960.1130,647.6196,18.9307,16.6753
952.0697,655.8085,19.4860,15.9913
955.8826,669.8106,19.0453,16.5878
954.7624,668.6663,18.9890,16.6698
973.4930,672.0039,19.1639,16.5001
972.8028,671.0103,18.8884,16.3210
973.7145,671.7844,18.7896,16.3657
974.4988,675.0779,18.9325,16.2415
977.7922,673.8665,18.8654,16.3248
965.5740,653.0732,19.0310,16.3531
964.5880,652.0037,18.7179,16.5715
969.9758,655.3655,19.1038,16.2114
973.2977,651.9750,18.9911,16.3331
967.6602,655.3187,19.3118,15.9945
968.8767,649.6623,19.2002,16.1652
1004.9315,670.6505,19.0844,16.3442
1039.2627,669.6289,18.5752,16.4827
1040.5884,670.7420,18.4094,16.2455
1038.0438,671.6389,17.8254,15.8977
1045.4435,656.0396,18.1294,15.5608
1023.1324,671.6534,18.3174,15.6287
1023.8525,670.7689,18.7737,15.2065
1039.9436,671.3315,18.4841,15.3079
1040.8228,671.8905,18.2490,15.6478
1041.6296,670.9195,18.4333,15.4008
1040.6842,671.8699,18.4387,15.3069
1043.2980,673.3182,19.9102,14.1055
1031.6343,672.3298,19.9534,14.0819
1022.1951,687.8321,19.5595,14.4420
1037.8801,703.5453,19.6938,14.7336
1045.3884,704.4108,19.7700,14.6169
1039.9781,688.5239,19.6455,14.8157
1042.8226,702.7227,20.1870,14.6810
1041.5037,706.3466,20.6648,13.6534
1040.3848,698.9838,20.7729,13.6145
1039.4933,687.1771,20.4146,14.0023
1056.4700,687.4709,18.8032,15.7526
1057.2622,684.3671,18.9619,15.5800
1058.2194,685.6866,19.2239,15.2758
1061.4424,684.4178,19.1677,15.5432
1073.5782,702.2858,19.1379,15.5667
1072.7129,703.0331,18.9773,15.7515
1071.5450,704.0294,19.2036,15.6956
1098.8030,687.4320,19.3462,15.6296
1093.0795,688.3228,19.5015,15.5560
1100.4310,702.3644,19.3025,15.7552
1113.9634,703.4692,20.0725,15.3820
1148.1082,687.1036,19.3428,15.9132
1148.9082,686.2756,19.3599,15.9160
1145.8112,687.2654,19.2083,15.9949
1147.2382,688.3762,19.0142,16.1779
1150.3446,691.8215,19.0178,16.0986
1149.0863,704.2432,19.6040,15.4751
1147.8580,691.8504,19.5042,15.7151
1137.3901,686.5964,20.8521,14.7698
1133.9559,678.6741,20.5989,14.6891
1121.7148,673.0761,20.8455,14.4869
1135.7455,687.5303,21.1785,14.3191
1136.4417,686.8336,22.3342,13.7227
1135.1858,688.0097,22.5068,13.6017
1134.0159,687.2194,22.3313,13.6244
1132.8838,688.3046,21.8633,13.6597
1132.8739,686.9901,20.7209,14.1296
1132.5913,688.0779,19.6904,14.6384
1134.2661,686.7416,18.8184,14.8939
1133.7039,687.4481,18.1895,15.3551
1134.3115,686.4334,18.0029,15.2921
1133.4357,687.4635,17.5208,15.1838
1134.3491,686.5268,17.2595,15.2325
1135.0397,683.7523,17.5479,14.7642
1135.7059,686.7552,17.9326,14.5890
1148.9829,687.7195,17.9038,14.7108
1151.8440,688.8417,18.1077,14.7410
1144.3505,704.8766,19.1670,14.1907
1141.1334,703.9353,19.3848,14.3313
1158.6357,705.3534,19.8894,14.0114
1167.7292,704.6469,20.9043,13.5853
1151.3164,705.5750,21.5508,13.5859
1141.3925,704.4246,21.7515,13.7059
1149.1696,671.9338,20.8303,14.2159
1133.3131,672.3198,19.7803,15.0239
1127.9790,671.1827,19.6665,15.1014
1128.9258,672.3826,19.7622,14.9810
1136.6410,686.0958,19.3262,15.5671
1129.2128,700.2161,19.0828,15.7938
1130.5186,687.7869,18.6753,15.9370
1133.8157,686.7717,18.8975,15.9753
1136.4646,687.9642,19.5671,15.4062
1134.8949,686.9709,19.9663,15.3224
1135.4061,687.6591,20.6655,15.2156
1135.7803,688.3381,21.1538,15.1284
1134.6182,687.3173,21.4001,15.2234
1134.9565,687.7546,22.1436,15.3672
1135.6567,688.5129,22.6028,15.3816
1131.4141,670.9773,23.9741,14.6340
1128.4774,671.3325,23.1609,15.2809
1127.4249,670.3314,23.3992,14.8604
1128.6067,670.9884,23.1687,15.0125
1127.5381,670.1281,23.2478,14.5703
1128.6324,671.1276,22.8059,14.7776
1127.6012,670.1994,22.9414,14.3513
1128.6466,671.0969,22.8052,14.5234
1127.6398,670.2240,22.8098,14.4858
1128.5811,669.5189,22.7820,14.1710
1126.9303,669.0366,23.2708,13.2644
1128.5925,671.6606,21.8970,14.1112
1124.8938,656.9173,22.1716,14.2562
1132.9943,655.4344,21.6162,15.1775
1127.2633,654.4931,21.7712,15.0762
1133.1431,655.7007,21.5728,15.1653
1132.5692,656.5626,20.4966,15.9270
1138.2253,655.5767,20.6858,15.5288
1125.9360,654.3771,20.6038,15.5980
1127.4567,657.4760,20.2004,16.0297
1132.8878,640.2777,20.0955,16.1750
1112.4642,610.4493,21.7605,14.8568
1110.6312,609.9618,22.6853,14.1537
1110.9684,611.3155,23.4678,13.5183
1109.3434,610.5456,23.8284,13.2488
1113.2711,609.0679,22.8135,13.8003
1112.2014,608.1987,22.4302,14.0299
1113.5889,607.0005,21.7537,14.7260
1111.9546,608.4646,21.9998,14.6995
1110.5280,609.9200,22.4153,14.3954
1114.6711,607.9980,20.9072,15.3865
1111.0994,609.2584,21.1836,15.2094
1111.9623,608.3567,21.2898,15.2188
1112.8199,609.4523,21.4448,15.2507
1111.7792,608.3592,21.3406,15.3335
1110.5790,609.2266,21.4250,15.4568
1111.8597,608.1609,21.3010,15.5433
1087.4000,609.5103,21.5559,15.5568
1086.1512,610.8481,21.6575,15.3636
1085.4524,620.3868,20.4707,16.7661
1086.5056,621.1823,20.2056,17.1899
1085.5983,619.7877,19.9507,17.4327
1086.4844,614.2873,20.2822,16.7563
1087.1942,615.5211,20.6848,15.8969
1088.0807,612.5060,21.0745,15.4310
1086.8953,614.0190,21.3596,14.7971
1085.4117,615.4624,21.8188,14.1044
1086.6257,614.4301,21.7229,13.8607
1087.5702,615.4451,21.5906,13.7163
1086.4938,616.6421,21.7446,13.2720
1087.2213,615.6584,22.0430,12.9211
1086.3085,610.1504,21.4485,13.4858
1087.5458,611.0297,21.1167,13.7008
1088.6688,612.1361,20.9885,13.7540
1087.4692,615.4630,21.1292,13.5537
1101.6289,626.8567,20.6453,14.1125
1100.5121,623.6014,20.5063,14.2075
1101.5490,622.6472,20.4717,14.2050
1107.2297,623.4102,20.0825,14.4460
1097.6908,639.4779,19.8665,14.6331
1101.0566,640.2709,19.5986,14.7521
1115.0730,640.9249,19.2419,15.1989
1098.6680,655.0264,19.8630,15.1705
1102.1526,655.8954,19.4978,15.5247
1116.0676,670.0082,19.5762,15.5078
1116.9485,671.1274,19.7666,15.2703
1116.1718,671.7292,19.3276,15.5607
1121.6050,670.6490,19.2522,15.5797
1113.9357,669.7557,19.5237,15.3007
1117.1187,670.9178,19.6624,15.1919
1116.1228,671.8927,19.6655,15.1362
1116.8743,671.0460,20.3901,14.4255
1115.7424,671.5613,20.2065,14.8875
1112.4138,664.2010,20.4116,14.6537
1096.0581,643.7036,20.5415,14.4056
1094.9293,644.6336,20.6948,14.2245
1095.7633,641.7089,21.1851,13.7645
1094.7362,644.8170,20.9692,13.9833
1117.8574,621.3279,19.3865,15.6696
1117.2192,622.2686,18.9614,15.8590
1120.3999,618.8099,18.3928,16.4984
1119.1993,622.0655,18.3567,16.4744
1120.0010,623.3444,18.8381,15.9851
1133.9780,606.8393,18.8545,16.1165
1117.5232,607.6631,18.6804,16.2251
1116.3351,621.8680,18.7126,16.2053
1119.6223,622.8330,18.4238,16.4761
1114.1721,637.1387,18.5361,16.2622
1123.8898,638.1529,18.5173,16.2045
1133.8457,643.3530,18.3027,16.5031
1128.3361,638.1497,18.5256,16.3314
1122.8208,639.0663,18.7229,16.1514
1132.6169,639.9312,18.7568,16.1370
1131.4548,638.9662,18.9436,15.9762
1125.6121,636.2078,19.6631,15.3593
1102.7118,624.2286,18.9316,15.5785
1116.7687,623.1685,18.7656,15.6776
1115.9814,624.0229,18.0811,16.2532
1110.5692,620.7006,17.9395,16.3138
1109.4601,621.6595,17.9214,16.2708
1101.7563,641.9635,18.2424,15.7368
1101.1050,623.6832,17.9255,15.7899
1103.9019,622.7413,18.2971,15.3496
1115.2498,624.0529,18.5793,15.0555
1082.5094,654.5313,18.9934,15.0487
1083.4611,655.3309,18.8792,15.1920
1082.3010,654.3390,18.9895,15.0535
1085.4410,640.6899,18.8699,14.9592
1088.4100,639.8595,19.4001,14.4980
1097.5114,617.9138,20.0024,13.9272
1085.9270,612.2084,19.7046,14.1578
1089.0933,610.8785,19.6699,14.1982
1069.2917,623.9731,19.1843,14.6871
1078.6169,622.9779,19.2568,14.6865
1071.0994,609.4015,19.1667,14.5623
1059.4587,604.1876,19.1580,14.5073
1052.2562,604.9474,18.9236,14.7614
1058.5975,619.4608,20.1836,13.5027
1070.0742,622.5386,19.5535,13.6672
1058.7380,623.4177,19.4473,13.6840
1057.8126,624.1800,19.3635,13.6921
1060.8766,623.1602,19.3347,13.6797
1070.5431,609.2003,19.0237,14.1161
1069.7341,608.1417,18.8701,14.5891
1062.3199,609.1342,19.1028,14.4315
1061.0535,612.4363,19.4836,14.0497
1033.2291,623.8082,18.9104,14.2667
1008.3464,616.0474,17.1826,15.1793
1007.6673,614.7542,16.2933,15.7939
1006.7298,591.3696,16.2379,16.0452
1008.0834,614.6293,15.9272,15.9091
1011.0320,615.6445,15.7142,15.8717
1007.9764,618.8034,15.9584,15.3481
