1
2
0
0
0
0
1
2
0
0
0
0
1
2
0
0
0
0
1
2
0
0
0
0
1
2
0
0
0
0
1
2
0
0
0
0
1
63.6022,69.3672,27.3022,34.2635
64.0229,60.0564,16.0289,24.9357
67.5145,50.8975,10.8020,26.2907
82.6444,69.0119,16.2884,18.8548
71.2211,48.0323,12.9426,44.3929
73.6154,31.2637,16.3262,28.0236
96.6814,51.3006,24.7142,19.3458
119.0280,37.9114,21.7381,24.2604
2
0
0
0
0
1
2
0
0
0
0
1
2
0
0
0
0
1
120.0157,88.9596,40.2874,33.1219
112.6497,84.4998,42.0280,37.8762
2
0
0
0
0
1
80.9010,78.9282,58.3519,55.5975
2
0
0
0
0
1
99.1336,73.6319,23.3431,34.3122
102.5065,78.4888,22.0658,26.1265
103.7231,78.3643,21.7012,16.2771
101.3480,65.3358,24.1881,21.8499
2
0
0
0
0
1
98.7950,75.4609,40.4931,37.4432
84.4732,57.0329,69.2849,59.5113
2
0
0
0
0
1
63.6743,102.6374,40.7680,35.1035
2
0
0
0
0
1
89.5404,53.6274,60.1830,52.1261
2
0
0
0
0
1
2
0
0
0
0
1
2
0
0
0
0
1
84.1885,79.9750,34.6829,32.0376
2
0
0
0
0
1
2
0
0
0
0
1
76.1175,94.9273,41.0352,46.1735
2
0
0
0
0
1
2
0
0
0
0
1
86.4079,63.2037,55.8270,72.8128
2
0
0
0
0
1
120.8885,80.9534,26.2636,21.7817
122.5065,80.5249,22.4027,19.9387
125.6606,79.9034,18.6027,19.8044
112.4157,87.5923,21.6651,15.8493
99.9349,88.4846,22.2628,22.3199
2
0
0
0
0
1
123.5544,74.2149,25.7883,29.1423
125.8894,72.5402,38.4600,20.8027
125.7172,72.1544,23.3042,23.3392
127.5279,71.6757,20.8230,24.0148
106.4270,44.0659,19.4245,43.7089
2
0
0
0
0
1
135.0739,68.8744,37.6999,38.4842
128.5949,53.2283,56.5325,47.2621
2
0
0
0
0
1
147.0406,64.9353,56.6864,36.6645
2
0
0
0
0
1
151.2501,56.7943,40.6444,29.4102
149.0891,57.1549,36.2330,37.1449
2
0
0
0
0
1
2
0
0
0
0
1
2
0
0
0
0
1
126.8212,89.0020,34.5114,24.7643
127.9894,87.5318,30.0062,16.5075
115.1489,98.1698,24.4874,18.9813
112.9174,95.8230,22.0278,21.6962
110.3078,102.7968,26.2516,15.7648
129.5727,85.2360,21.0109,16.5476
141.5978,105.5409,17.9582,15.2391
139.9069,101.5808,23.1414,20.6325
119.6478,83.4012,26.3579,12.9699
108.9461,96.8483,16.0176,22.2715
127.8179,83.8681,17.8467,16.4997
111.0059,96.6935,13.4811,22.5859
128.5916,84.4542,15.3587,13.9681
112.8709,97.7561,20.5999,18.9030
123.5229,84.5906,23.6424,14.8020
128.9593,85.8705,17.9453,17.1190
130.0935,84.9570,20.8132,14.4067
134.6195,85.7241,17.2262,18.2262
134.9258,84.7772,17.5842,14.8253
123.9989,96.8564,20.2244,19.5282
133.8054,82.6446,22.9909,16.3295
139.3868,82.4084,18.4374,17.1890
136.4441,78.3852,26.0666,15.3938
141.2130,81.2412,20.4645,16.1453
141.7739,80.8065,21.8854,13.2720
131.9702,96.6114,19.3215,20.5638
144.0132,79.9036,20.7248,15.1243
151.2658,74.0290,20.7421,18.3721
145.0982,69.8557,32.6540,23.7101
149.7520,45.0124,41.1598,26.1124
148.5478,43.3655,38.5739,32.8403
147.7291,42.5996,40.0215,29.7217
2
0
0
0
0
1
141.1837,36.1160,36.0704,33.3440
156.9909,70.6653,30.3252,26.5143
156.6556,69.7844,22.9792,28.7249
155.6817,71.0783,22.1891,27.6253
156.3773,72.2159,18.0782,26.6272
146.2589,83.1325,25.5634,20.4746
153.8978,74.2485,18.1128,22.8367
162.3262,63.0400,34.0987,12.8520
153.3919,77.0024,19.2178,20.6984
172.3269,59.8262,24.9585,14.6800
168.9709,57.7828,29.2841,13.2593
156.1335,66.9971,16.0711,26.7972
157.0661,67.2764,18.6622,25.3747
168.7221,53.7866,32.4879,15.6651
168.1652,51.9190,29.1586,14.9253
159.3240,64.0290,20.3658,22.3165
158.3072,66.4695,21.6326,19.5251
158.7577,59.9937,22.5939,23.6830
152.2706,62.8664,28.8577,24.5440
2
0
0
0
0
1
2
0
0
0
0
1
2
0
0
0
0
1
169.6896,44.8709,42.0650,33.4911
169.2856,46.0167,43.3716,30.6447
169.3052,46.5202,45.1097,29.9386
169.1105,46.5296,45.4075,30.6885
168.2443,47.1980,46.0417,30.1383
168.2492,47.5941,47.3864,30.2091
167.5735,47.1524,46.3395,29.7400
168.3024,48.6964,46.4062,29.4830
166.0441,48.0211,38.7362,31.6627
169.2622,48.5200,45.2545,30.4482
167.9407,47.6947,46.4574,30.7298
168.1021,41.3850,31.9190,38.3359
172.3378,45.9476,40.5610,25.5989
149.8010,17.8213,25.7075,31.1243
2
0
0
0
0
1
169.4150,46.7120,44.1141,30.5699
169.7966,46.5283,43.8902,28.4794
168.6233,45.6410,40.2927,30.5359
169.0525,45.8447,44.3206,27.5996
169.2151,44.5891,35.0810,27.4545
167.4600,48.4820,28.1682,28.7449
165.6847,50.8019,25.6199,26.5581
178.6544,44.6994,32.2668,18.2169
2
0
0
0
0
1
163.5168,43.7983,44.0834,34.7136
162.6804,46.9715,43.5838,42.1171
162.7335,45.8599,43.6581,41.9206
161.8110,47.8785,42.0314,30.7345
161.8566,50.3379,42.9769,30.1384
161.8483,51.5091,42.1450,29.1937
159.7126,50.9148,31.9901,32.1673
159.5187,51.3886,41.1806,26.4333
143.9559,35.8993,51.6473,48.1584
2
0
0
0
0
1
2
0
0
0
0
1
148.4228,58.8954,39.1454,32.2081
167.3543,58.1297,27.3044,30.0988
166.1983,57.7083,26.2642,26.1538
169.7478,61.9906,22.9108,21.9298
168.3685,61.0584,20.7503,16.9999
167.5014,61.2467,18.6904,16.8278
174.7000,63.2237,15.9686,16.8051
168.9855,62.6512,16.7917,13.7628
178.5504,40.9756,11.9468,24.0000
2
0
0
0
0
1
144.8092,63.1353,46.1007,34.5678
2
0
0
0
0
1
157.4619,73.1580,30.9238,26.1850
161.7281,76.3055,26.6163,24.6229
