1
710.0070,242.7656,32.7369,73.2241
2
0
0
0
0
1
672.5508,220.9337,29.6104,73.3225
2
0
0
0
0
1
646.6434,238.7542,32.7408,54.6575
630.3749,232.6315,31.6471,56.2145
620.3508,227.0089,31.3740,56.7108
650.6883,250.9478,28.3513,64.1542
637.8648,233.5090,29.0854,63.3942
619.6491,228.4208,29.6222,61.8894
613.7850,218.0912,31.1191,60.3262
601.2693,223.7997,32.8163,58.9090
631.0003,249.7008,30.1888,64.3769
616.3871,269.8244,34.7413,60.3052
641.3754,274.2992,35.2356,60.6102
2
0
0
0
0
1
603.9691,283.1413,37.2015,42.2849
612.3985,293.2153,39.6526,40.7567
2
0
0
0
0
1
587.2869,263.4964,25.2075,51.5193
587.1461,267.9142,25.2889,51.1470
2
0
0
0
0
1
555.1781,263.0317,25.4901,47.9865
2
0
0
0
0
1
544.9668,268.0422,26.5769,40.8014
530.4344,286.4219,29.4867,37.8001
2
0
0
0
0
1
532.6578,268.8462,28.6758,42.4180
518.5698,279.9011,30.5931,40.4419
2
0
0
0
0
1
521.5270,270.2498,29.0970,38.2441
527.4872,285.6540,27.9502,39.9932
2
0
0
0
0
1
554.6738,228.9247,20.2013,42.8838
2
0
0
0
0
1
543.2820,269.9773,28.5186,35.6265
530.7177,286.3586,29.2917,35.6153
552.3767,252.8380,28.4564,36.7900
564.5300,270.7013,29.3024,35.4116
2
0
0
0
0
1
556.2719,265.6968,25.6895,43.4781
2
0
0
0
0
1
562.3165,263.5744,33.1682,36.9500
2
0
0
0
0
1
583.8458,236.3253,27.2080,35.9067
571.7058,228.6007,27.8901,35.4280
571.7196,232.6627,28.7607,34.4214
572.2861,229.1022,29.2529,34.0861
2
0
0
0
0
1
596.9213,273.7980,28.6625,32.5789
2
0
0
0
0
1
538.1287,267.0862,31.1697,37.6436
507.7115,236.2075,29.9273,38.4454
2
0
0
0
0
1
2
0
0
0
0
1
364.5147,222.1247,32.4603,34.3010
2
0
0
0
0
1
237.5174,245.3694,25.2115,41.1333
194.7971,251.3300,27.0988,39.0783
2
0
0
0
0
1
93.4118,257.0465,33.8593,40.6984
78.1716,286.8366,34.8456,38.8328
72.8094,299.5679,34.3815,39.4061
78.5863,255.7905,31.2433,45.2556
71.3888,249.1110,28.6133,49.0823
95.1438,267.1093,27.7605,51.9927
98.3921,263.6431,29.6420,49.3337
108.1660,273.1659,29.3594,49.2101
100.2731,270.3547,26.6338,53.1050
103.6734,275.7595,27.9120,52.1735
117.5037,285.8866,29.2379,50.6049
121.5751,290.6127,30.2268,49.9211
117.3423,304.7508,29.6505,51.0421
122.3620,304.2218,29.4946,51.3890
121.6770,303.8116,29.3408,52.1057
2
0
0
0
0
1
109.8631,269.8618,38.9530,43.1871
109.5334,258.5582,37.0560,45.5720
119.2051,264.7281,38.0604,44.6473
118.0830,243.1127,37.8007,44.1432
2
0
0
0
0
1
210.7387,263.0706,34.1131,39.9439
197.6820,265.9028,42.4393,33.8901
192.9937,250.8673,40.7842,35.0659
2
0
0
0
0
1
250.6262,265.9053,23.1019,45.0313
2
0
0
0
0
1
322.1451,225.3651,28.4977,53.2924
2
0
0
0
0
1
350.6693,277.0033,28.1117,49.2020
2
0
0
0
0
1
2
0
0
0
0
1
458.1887,278.3073,23.4133,44.5845
2
0
0
0
0
1
476.4954,276.9358,21.0679,44.8442
2
0
0
0
0
1
504.6866,263.4244,22.6251,50.3788
476.1848,269.1632,24.2111,48.3016
2
0
0
0
0
1
2
0
0
0
0
1
371.6255,292.1273,33.2315,44.4235
2
0
0
0
0
1
267.4918,253.9200,32.0062,50.5661
252.0112,249.4379,33.2439,49.0724
240.1527,249.5856,35.4361,47.1799
229.0005,250.0238,36.4077,45.8386
2
0
0
0
0
1
220.9847,306.7616,39.2021,43.1979
2
0
0
0
0
1
169.8811,293.5628,23.4535,40.0573
163.3362,272.9504,22.2102,41.2416
191.3252,296.1777,22.7160,41.7632
175.0195,291.9085,23.0689,41.8101
2
0
0
0
0
1
198.1803,312.7667,29.5775,40.7635
2
0
0
0
0
1
254.9913,304.4380,41.6747,45.2659
257.8016,307.2782,38.4605,50.7104
269.8997,323.2919,38.0280,51.7450
286.7741,324.2261,38.2788,51.3845
2
0
0
0
0
1
284.4136,318.6687,32.0934,42.1327
2
0
0
0
0
1
317.7307,297.3449,32.9559,38.6470
2
0
0
0
0
1
2
0
0
0
0
1
2
0
0
0
0
1
377.9068,288.1158,17.1620,19.5080
2
0
0
0
0
1
407.5792,296.3630,16.7825,20.3345
2
0
0
0
0
1
2
0
0
0
0
1
2
0
0
0
0
1
334.8080,315.2245,25.7670,21.5667
2
0
0
0
0
1
275.1111,319.9298,23.9482,20.3511
263.1903,301.0380,25.3170,19.1870
251.8224,289.8203,24.7586,19.3788
2
0
0
0
0
1
164.7053,295.0555,32.8219,39.2322
172.1805,278.7419,36.3393,35.7654
2
0
0
0
0
1
140.2796,300.6273,26.6296,40.7496
155.9908,284.7841,29.6767,38.3737
2
0
0
0
0
1
140.6952,297.1457,23.2012,56.5692
2
0
0
0
0
1
132.2191,300.4672,21.6136,41.6451
132.4533,280.9491,21.9604,40.9900
125.3921,273.3724,21.4477,41.2082
145.5977,308.4085,20.4495,42.1353
157.5056,292.7217,20.0234,43.0344
167.4586,278.8095,23.5225,39.7400
148.8244,310.7119,23.1923,39.4370
148.1812,331.1029,23.7998,38.9220
2
