1
491.3389,399.5975,50.6003,52.9595
492.3566,388.7727,54.2941,53.6168
492.1464,378.9990,55.1333,59.1081
492.9858,376.9232,58.7109,63.0362
2
0
0
0
0
1
505.2184,416.3997,49.0114,41.1073
507.1447,437.5395,44.5452,37.5010
545.1046,437.1609,38.4372,44.7885
508.0957,397.6633,38.1124,40.6046
494.7813,370.4245,46.4305,46.5771
508.4225,352.5016,44.2086,41.5387
492.6556,366.9591,33.7933,39.8510
2
0
0
0
0
1
510.9653,308.1344,42.3376,37.1769
511.2990,314.1128,42.7816,61.6164
2
0
0
0
0
1
513.9385,432.6766,35.4338,39.4830
518.2445,414.7819,43.0818,41.0600
520.6888,393.1528,36.8950,35.8303
521.0364,371.9711,39.2887,41.3840
520.5601,357.7559,38.5182,43.4047
527.4845,343.9187,43.9905,39.4034
529.8732,336.6135,44.7322,39.1123
532.2217,330.4220,45.5416,38.6737
536.5447,328.8076,41.5588,39.5965
537.3545,329.0139,41.9190,34.1825
540.3576,333.5128,45.6017,45.0030
552.3043,338.4453,36.4674,41.9124
548.0886,347.6937,43.0722,38.2168
549.3534,361.8026,41.9149,46.0029
552.4573,375.4149,54.2316,48.7203
557.3095,399.5091,42.1226,43.2409
555.6414,384.6603,43.8922,38.4373
544.7237,349.0022,47.0497,45.9294
537.0372,323.9374,43.1171,43.1797
538.7115,304.0380,35.5135,34.8518
528.8735,285.3353,37.6452,34.3724
517.2127,269.3439,45.9477,46.1871
509.6495,258.2477,40.6594,44.5274
504.0742,248.4913,38.2195,44.4553
501.1401,242.0934,39.2766,40.6712
489.2469,238.8848,38.0480,44.3289
482.4449,239.8289,45.2789,43.9282
474.1446,241.6034,42.2971,45.9629
467.2722,249.6555,39.1206,42.7226
459.9687,259.8077,38.5299,42.8373
452.8132,270.7514,44.2819,45.3868
445.0039,289.4471,45.0380,43.6563
438.3950,309.6556,43.0068,40.3460
430.9907,332.1910,45.2532,46.9561
425.1568,357.8276,45.2799,46.6386
415.1306,392.2128,46.7877,46.5981
411.1180,378.8379,46.2592,46.2392
410.6498,365.2658,45.9476,44.8598
407.9071,353.7181,42.5833,43.7128
400.3708,340.2147,47.6295,48.5574
396.7644,332.9511,49.1277,51.5837
394.2557,331.2535,49.6338,51.7862
393.9675,331.7267,47.9098,51.5756
394.4548,333.1382,47.7305,49.0874
396.2011,354.7614,41.2156,36.5253
393.5906,364.1948,41.1306,38.8516
390.6069,376.6670,37.6731,40.6902
388.2085,396.0990,39.4477,40.3178
386.0021,415.8070,41.2801,40.3767
385.7642,437.3694,39.5058,41.3370
383.5612,461.4756,40.4697,40.1406
385.7273,445.3141,39.7419,38.9424
386.8259,426.0019,38.4657,39.4211
387.6622,408.1325,39.6832,39.1743
388.5158,395.0317,37.9991,36.6308
388.4061,384.1071,39.6936,37.9002
389.5902,376.0984,40.0039,38.5869
389.4370,371.8535,40.2597,36.9729
391.2110,369.2717,39.3683,38.6718
392.2073,370.7879,38.4974,39.2965
396.3651,377.8656,37.1386,38.9168
395.1326,381.9954,40.1729,38.9298
394.9230,392.9200,39.2631,40.6385
396.1740,407.8015,39.6997,40.5465
398.4697,422.5639,38.4263,38.4752
400.1966,443.1099,39.4306,43.8294
403.4221,458.4061,39.6775,40.5046
407.8580,434.8118,42.2997,43.1015
411.2229,411.5306,43.6434,42.7607
419.2892,391.3410,39.5273,40.5828
423.3082,373.5638,42.1216,40.1300
429.5862,359.8380,43.7266,44.7565
435.0186,347.8305,45.0285,39.5200
