1
593.1070,198.1287,44.7448,36.0578
587.4518,197.9245,46.4823,34.3103
580.9113,195.0299,48.0938,31.3062
580.1595,196.0565,48.5581,30.1299
579.4144,196.6004,48.5031,29.3615
578.4193,196.3198,47.7422,29.4303
577.9989,195.3208,45.6927,30.2314
578.3915,194.8228,42.3464,31.6795
580.4577,198.5822,40.4484,33.2184
577.6827,202.4759,39.4697,34.2306
578.2399,200.7948,38.0870,35.8414
577.9255,194.8871,36.5685,37.0385
575.4726,193.3013,35.5773,37.9194
575.8275,188.3887,34.1925,38.4116
575.6844,188.0776,32.5217,39.4606
575.1810,187.1251,30.7910,40.8933
574.7247,182.9818,30.1006,40.5851
572.0312,182.9440,29.7374,40.4232
572.8493,185.8707,28.9115,41.1977
572.8493,184.6887,28.1815,41.6917
572.5381,183.8301,27.6068,42.0945
572.1433,180.0072,27.1262,41.3943
571.7781,180.5043,26.6886,40.7729
571.7379,183.5717,26.2167,41.3117
572.1450,182.4688,25.6469,41.7151
571.4848,181.8471,25.3544,41.6234
570.9750,181.4064,25.1989,41.3991
570.6535,181.1068,25.0397,41.0265
570.4776,181.0932,24.7874,40.3712
569.7284,184.5758,24.3315,41.2216
568.9282,184.4035,23.8833,41.7903
568.7484,184.0292,23.5309,42.1964
567.7941,183.2663,23.1886,42.7136
566.7223,185.8875,22.5363,44.0602
566.2870,181.1926,22.2103,44.4084
561.4061,173.8524,23.9773,42.0071
560.4489,178.3780,25.7609,40.2156
546.5607,175.9174,27.6592,36.7585
545.0750,174.2429,29.4818,34.0112
544.0580,176.2460,30.5470,32.1567
543.0897,177.9643,31.3855,30.4852
539.7313,179.3071,31.0375,29.0247
539.2003,181.1016,31.1792,27.2527
538.9379,181.4765,30.9333,26.4619
538.7388,182.1542,30.9329,25.3835
538.6935,182.3294,30.6484,24.5899
538.5214,182.6883,30.3625,23.8708
538.5829,182.9002,29.9286,23.4282
538.3874,183.9464,29.6128,22.8741
540.9301,186.3664,29.3754,22.8481
541.4217,185.6737,28.9120,22.7419
543.5942,186.5085,29.1528,22.1689
543.5232,188.3762,28.7897,22.3921
544.1329,187.6947,28.1306,22.2468
546.6553,187.5643,27.8044,21.8730
553.1005,187.5727,27.0752,21.9569
563.4893,190.5824,26.1582,22.5201
573.2637,187.9135,25.1931,22.6700
582.1303,189.0430,25.2555,22.3753
587.3628,190.1636,25.9155,21.9793
590.4474,190.8150,26.3658,21.8283
593.2910,191.3750,26.7700,21.6856
595.6536,191.9518,26.9878,21.5215
595.5072,192.7257,27.4972,21.2761
598.4634,193.5225,27.7072,21.1999
601.2083,194.4501,27.7554,21.1990
603.7921,195.1889,27.5621,21.2125
603.7269,195.2843,27.9828,21.3297
607.0496,195.8704,27.8058,21.4572
609.5878,196.1303,27.5319,21.5034
609.6376,196.2304,27.8212,21.5137
611.9293,196.8083,28.0010,21.5266
614.3699,197.1935,27.9250,21.5672
616.8453,197.6107,27.8113,21.6026
619.4026,198.0336,27.5764,21.7210
618.8987,198.1265,28.1521,21.7319
621.5826,198.5029,28.4937,21.6568
624.2452,199.0524,28.2675,21.7629
623.9147,199.2360,28.8224,21.8074
626.3974,199.8388,29.0359,21.7698
629.1096,200.4402,28.8732,21.8770
628.4110,200.6579,29.3870,21.8684
630.6061,201.3662,29.7422,21.7791
633.2270,201.7445,29.5884,21.9043
632.7756,202.1946,30.0254,21.8636
635.0727,202.6017,30.0475,21.9798
637.4586,203.0305,29.9557,21.9565
637.0644,203.6564,30.2834,21.9679
639.8579,204.1349,30.2024,21.9939
642.2285,204.8491,30.1665,21.9574
648.0851,205.6894,29.6372,22.1037
651.3974,207.9423,29.2761,22.2523
653.9271,207.9994,28.8268,22.3118
653.5229,207.7614,28.6250,22.3455
653.4401,207.8066,28.6332,22.4163
653.3163,208.1520,28.6699,22.4715
649.9373,208.1902,29.2692,22.3960
649.7291,208.3221,29.8801,22.3156
652.7167,208.9607,30.0084,22.3023
648.9321,208.8773,30.7550,22.1618
647.8524,208.6379,31.4388,22.0184
643.9745,208.3133,31.4845,22.1024
636.8523,208.6830,30.3571,22.5318
626.2463,214.5744,29.1174,23.8579
623.1324,210.4888,28.0675,24.6021
617.2177,207.7781,27.0021,24.3313
614.4819,207.6550,25.9656,24.0620
612.2119,207.3729,25.0558,23.9903
610.3219,207.2913,24.1378,24.0072
610.5268,206.6629,23.2794,23.9875
610.2374,206.2720,22.9965,23.8674
607.8835,204.1098,22.3563,23.7058
607.3613,204.1018,21.9515,23.5200
604.4796,204.0372,21.1813,23.4188
602.8297,203.7082,20.5791,23.3835
602.3055,203.5311,20.2943,23.0153
601.5176,203.4606,20.4047,22.6678
598.4662,203.2213,20.2244,22.2702
596.3567,202.5414,19.7931,22.2179
594.3720,201.9739,19.2083,22.1883
593.8348,201.7448,18.9030,21.9496
593.0145,201.4775,18.9786,21.6121
590.8560,201.2502,18.4626,21.4510
588.7585,200.8354,18.1929,21.3041
586.6897,200.2033,17.8868,21.3363
586.7938,198.2227,17.4995,21.1112
591.5824,198.0097,17.1288,21.1423
596.4555,198.2715,16.6849,21.1321
603.2007,198.2225,16.9850,20.9225
607.5695,198.3091,17.3958,20.6691
605.2092,196.1577,18.0485,20.1996
605.2432,194.6110,18.5381,19.4861
605.5714,197.3514,18.9066,19.3057
605.1755,198.0262,19.3986,19.1053
607.5625,199.4956,19.6221,19.3959
604.8027,199.0613,20.0377,19.3795
604.2719,199.2646,20.3770,19.3911
603.8049,199.3622,20.6403,19.4561
603.3277,199.3149,20.8514,19.5631
602.7436,199.2530,20.8894,19.7245
602.2558,199.1629,20.9347,19.7825
602.1458,199.0284,21.0344,19.8994
604.0604,198.7393,20.7760,20.1178
603.4612,198.5466,20.6576,20.2915
602.8711,198.2722,20.6433,20.4675
602.3687,198.1515,20.8611,20.5177
604.1750,197.6347,20.7722,20.6743
603.7888,195.7046,20.8569,20.3582
603.7383,196.3713,21.1863,19.9775
605.7365,196.8289,21.2128,19.9733
607.4637,197.3770,21.1984,19.8943
609.3989,195.4462,21.2631,19.8507
609.0245,196.0944,21.6772,19.6744
611.5012,196.4138,22.0736,19.6066
611.6152,194.1688,22.3134,19.3875
624.7729,198.8513,22.4554,19.3985
627.9853,198.5310,22.6768,19.5221
631.0193,200.3995,22.8875,19.5662
633.3342,199.5870,23.0732,19.6522
635.4326,199.9174,22.9993,19.8146
637.4733,200.1306,22.7854,19.8878
639.6970,200.0694,22.3682,20.0380
639.6154,199.5156,22.4857,20.1049
639.8633,198.5906,22.7727,20.2835
640.4733,198.0529,23.0729,20.3709
643.2704,200.3576,23.1342,20.2934
646.4282,200.0187,23.0957,20.2829
651.5120,196.8577,22.9781,20.4317
640.3596,174.9250,23.0474,20.3228
634.1497,175.0185,23.3774,19.9769
2
0
0
0
0
1
634.3704,195.6352,38.6678,26.0424
634.2827,196.0114,39.7953,25.5808
634.1818,196.2500,40.7520,25.2038
630.0452,197.2845,42.4741,24.7842
634.3349,196.9170,42.1345,24.4753
634.4075,196.7681,41.7111,24.3447
635.1963,196.6335,41.2358,24.2801
635.1406,196.6527,41.1000,24.3076
631.8390,196.5880,41.3359,24.0021
632.2004,195.9252,39.5499,24.1605
625.3535,195.3742,37.3481,24.5363
617.3548,198.9990,35.4634,25.8755
615.1153,198.9097,33.7535,26.9999
612.0476,195.4257,32.0535,27.1508
609.5721,194.8998,30.3016,27.5300
609.4508,194.2943,29.7766,27.7435
606.3932,194.0157,28.8721,27.4777
606.5923,194.0082,28.0627,27.2094
607.3580,194.1098,27.6102,26.8250
604.8250,194.1106,26.4675,26.3604
605.5236,193.9974,25.3120,25.8430
605.6724,194.2564,24.7325,25.5064
603.5571,194.3139,23.5779,25.0615
603.6473,194.5800,22.7765,24.5430
601.9014,194.2199,21.6735,24.3379
602.0052,194.2035,20.6166,23.9119
601.7421,194.5358,19.9615,23.3516
601.3127,194.5944,19.4861,22.8940
599.4411,196.5680,18.9343,22.8325
598.9891,195.8238,18.4999,22.8417
598.6906,195.8772,18.2407,22.4174
596.9542,195.7722,18.0168,22.2229
596.8779,196.2890,17.8573,21.6318
594.9307,196.0599,17.6613,21.5459
594.8167,196.2033,17.4420,21.3852
594.4766,196.4128,17.3618,21.1515
592.6633,196.8184,16.9701,21.0070
592.4290,196.7370,16.7292,20.7920
591.7750,196.9041,16.8560,20.5533
590.0733,196.9930,16.6907,20.5341
590.0416,196.8096,16.5240,20.4376
589.9172,196.9705,16.4380,20.2714
589.5139,197.0947,16.3334,20.1394
589.1479,197.5383,16.5481,19.9719
588.7897,197.9031,16.6038,20.0582
588.6158,198.2625,16.6155,19.9747
588.2440,198.1687,16.8429,19.8861
585.6467,199.5724,17.1843,20.0312
580.3725,200.1060,17.8308,19.8220
587.7502,205.0543,17.7028,19.4913
575.8062,202.3171,17.7933,19.4987
570.8347,202.6433,17.9448,19.3022
570.8925,204.9341,18.0863,19.2520
573.0535,207.5577,18.1356,18.9160
570.8807,207.9440,18.4531,18.5571
568.7535,210.0911,18.5923,18.2764
563.9692,209.9198,18.6210,18.1437
561.7344,210.1746,18.6973,18.0002
559.3430,210.6635,18.8801,17.7971
554.9753,212.9648,19.0570,17.3988
550.5136,211.0971,19.1621,17.2794
547.6218,211.6972,19.2725,17.1582
542.9007,212.1482,19.3154,17.0862
529.0493,212.1259,19.3383,17.0170
531.3003,214.6281,19.3049,16.9473
528.8854,216.7601,19.3488,16.8394
506.0637,223.2773,19.3687,16.8694
501.6324,223.0025,19.0024,17.3086
497.7240,224.6882,18.6039,17.5620
493.6003,224.7235,18.3000,17.7806
489.2852,226.4120,18.0694,17.8583
483.2162,225.7874,17.6255,18.2566
479.3741,225.3865,17.3032,18.5879
475.2433,227.1362,17.2272,18.5577
470.6199,227.0290,17.2912,18.5162
465.9115,227.1763,17.4353,18.6626
461.3650,229.4650,17.4060,18.5693
456.7871,229.3546,17.3748,18.6346
452.5023,228.9568,17.4047,18.7577
448.1235,229.2171,17.3411,18.6835
444.1518,230.8882,17.0209,18.8501
441.5776,230.5565,17.0167,18.8631
438.9884,230.2348,16.9661,19.0999
436.4743,230.0658,17.0356,19.3085
433.9341,230.0923,16.9526,19.4595
432.3431,231.8080,16.3657,19.5958
433.1858,231.2174,15.5590,20.4370
438.0392,230.5928,14.7164,21.8282
440.5251,232.0777,14.1534,22.5987
440.7762,231.8667,13.8033,23.2177
438.5444,233.4484,13.4071,23.7442
436.8293,233.4700,13.1074,24.1040
436.7903,233.6879,13.3215,24.3877
434.4081,234.0603,13.1234,24.2663
434.2638,235.7817,13.1365,24.4190
433.8492,235.9273,13.3340,24.1972
431.9888,236.0088,12.9932,24.6093
431.7929,237.6678,12.8184,24.6613
431.9044,237.1472,12.8889,24.9647
431.5316,237.7978,13.2294,24.8238
429.3478,240.1780,13.0885,24.4865
429.4887,240.4187,12.6647,24.4790
429.5740,240.5226,12.0969,24.5446
429.6802,240.4982,11.9496,24.4699
427.7138,242.2990,11.7847,24.4317
425.4943,242.1111,11.8323,24.2553
418.3615,244.6142,12.4222,23.2153
411.9573,244.6356,12.9586,22.6614
407.6595,245.1260,13.4922,21.9873
407.6912,243.6859,14.2698,21.6255
405.9712,246.2830,14.6235,21.1193
405.9988,248.4898,15.2659,20.3085
404.3214,248.8707,15.4435,19.9947
404.2851,250.9041,15.9662,19.5970
402.3601,251.2368,16.2271,19.4563
402.1161,253.4435,16.5524,19.1673
400.4587,253.7382,16.6389,19.3170
400.1420,255.7600,16.7780,19.1781
398.2798,255.5962,16.9415,19.0131
398.3126,255.7348,17.3281,19.0017
398.0216,257.5843,17.5674,18.9084
398.8312,257.1642,17.1214,19.4960
401.7846,257.3112,16.7838,19.9757
408.8675,259.0051,16.1240,20.6140
411.6634,260.5117,15.2193,21.1461
414.2532,260.0210,14.5085,21.4077
416.7590,259.5926,13.8209,22.2343
418.6823,259.5780,13.9340,22.3367
416.9262,261.5653,13.5114,22.5690
418.8235,261.2722,13.5687,22.9221
418.8882,262.9316,13.4803,22.9854
419.1492,262.3044,13.3381,23.2775
421.2261,262.2066,13.5546,22.9300
421.1887,262.1233,13.3409,23.1808
421.5914,262.2192,13.1968,23.3270
425.7896,260.4586,14.0878,22.4527
425.2938,260.6288,14.9015,21.8616
417.9423,260.4742,15.2441,21.5840
406.5615,262.8149,15.8528,20.7638
408.0029,260.7366,16.7296,20.4675
409.8502,260.2912,17.3881,20.3702
411.8971,259.7842,17.9009,20.2015
412.1452,259.3282,18.2450,20.1454
411.7113,259.0659,18.4991,20.0492
411.7979,258.6241,18.8791,20.0850
411.9393,257.9005,19.1141,20.2315
412.3015,257.6362,19.3298,20.3991
412.5063,257.5797,19.8304,20.1788
412.9018,258.0879,20.1948,20.0663
415.1098,258.0669,20.1625,20.1783
415.6422,258.3263,20.2172,20.1746
417.9742,258.7634,20.4296,20.1594
418.3066,258.1157,20.5811,20.2323
420.9103,259.9400,20.4524,20.2980
423.3011,259.3834,20.4866,20.2012
424.0495,258.8784,20.3441,20.1295
427.0860,258.3479,20.3240,20.0282
430.1460,258.0676,20.2599,19.9714
433.3417,257.5203,20.0962,20.2104
440.6312,256.6532,19.9898,20.4427
452.4638,254.8684,20.5417,20.1385
458.8772,254.0073,19.1571,20.8453
467.4044,251.4185,17.4550,21.0534
472.6095,249.1413,16.3687,21.0788
476.1993,248.6983,15.2123,21.5318
480.9740,246.8097,14.7222,21.2539
484.2312,246.2556,14.0498,21.5167
487.1561,244.8316,13.7361,21.0650
490.1845,244.0634,13.4257,21.3278
494.1531,241.8984,12.9194,21.2824
498.0225,240.0132,12.8730,20.7479
500.8619,240.0514,12.5612,20.6102
503.7268,239.5818,12.3927,20.7254
508.1658,238.2080,12.3826,20.2113
511.7551,237.9302,12.1796,20.2002
514.0687,236.0257,12.1210,20.1553
518.3896,235.8107,12.0074,20.1100
522.0504,234.0259,12.0411,19.7454
524.6624,233.5412,11.9755,19.7076
528.5564,231.6325,11.8015,19.7994
532.1021,231.1100,11.9330,19.8648
535.4105,229.1641,12.0669,20.0074
538.7899,227.5078,12.0336,19.9575
541.2118,225.7075,11.7504,20.0679
544.6964,225.3029,11.7999,20.0791
547.0134,223.4683,11.8813,19.9712
549.3945,222.8803,12.0345,19.9146
551.8383,221.1116,12.0437,19.7725
553.4747,219.7838,12.2733,19.3548
551.3775,218.0639,12.6238,19.0368
548.9050,217.7456,12.7971,18.8748
556.8940,218.4019,13.0844,18.2040
556.2466,218.9903,13.6318,17.5521
553.9760,217.5154,13.8851,17.0270
554.0220,216.0096,14.2726,16.3927
554.1799,214.4710,14.4298,15.9917
556.3535,213.0824,14.6079,15.4735
556.4427,211.2972,14.5803,15.2732
558.5219,209.8602,14.7228,14.8658
558.7381,208.2391,14.6902,14.7056
559.0233,208.2360,14.6285,14.5795
555.3133,204.1900,14.5354,14.6947
561.1600,204.5135,14.5985,14.5002
561.5441,203.0458,14.5631,14.2696
559.8875,201.2961,14.4620,14.1748
559.9470,199.5622,14.3687,14.1908
556.3254,197.5173,14.1681,14.4230
554.6406,196.7872,13.8024,14.7736
554.5427,194.7364,13.7529,14.8675
554.3711,192.9725,13.8002,14.8809
554.3167,192.5187,13.7560,14.9402
552.4454,190.5760,13.7860,14.9427
552.3401,190.3555,13.8016,14.9228
552.3474,188.0956,13.8273,14.9695
546.5678,190.1848,14.1998,14.8312
544.6255,188.7697,14.3735,14.5852
544.4946,187.1538,14.4010,14.4034
543.3047,185.4538,14.0081,14.3150
545.3177,182.1130,13.8832,14.1960
549.2178,180.1407,13.6918,14.1462
560.0519,174.7899,13.4117,14.4004
574.2474,169.8644,13.1428,14.6187
580.9442,167.7584,12.7539,15.0845
584.5951,165.9688,12.6608,15.2406
586.3510,165.7089,12.6089,15.3550
586.0987,163.6121,12.6654,15.4988
585.6666,161.8889,12.6868,15.7598
585.5923,160.1548,12.5667,16.0529
585.2850,158.2684,12.5173,16.2144
584.9141,157.7668,12.4379,16.4551
584.3937,157.1871,12.4473,16.6629
584.1226,155.1364,12.3187,16.8973
583.8567,154.4688,12.2375,17.2713
583.4188,152.3820,12.2755,17.2906
583.1447,151.8877,12.2848,17.3793
582.5629,150.3575,12.4651,17.2299
582.1343,148.8414,12.5760,16.9410
580.6028,147.3642,12.6996,16.7743
581.9308,147.1446,12.5986,16.8926
579.7162,145.4357,12.5609,16.9386
579.2973,145.0209,12.3812,17.1332
577.5062,143.3641,12.2784,17.1288
575.7529,141.6982,12.3147,16.9813
575.2324,141.5455,12.3448,17.0007
573.8026,140.0546,12.4567,16.7458
574.1541,140.0110,12.4041,16.7291
574.1669,139.7398,12.2390,17.2010
573.8895,138.1917,12.0652,17.2315
572.4169,136.7704,12.2869,16.9348
572.6068,137.2400,12.3358,16.9016
572.6104,138.5596,12.3519,17.0723
572.1003,136.6808,12.3752,17.1706
571.7562,136.1802,12.3461,17.4634
571.3440,134.7252,12.2653,17.2579
570.8636,134.6668,12.2018,17.2562
569.5670,134.6612,12.2701,17.2140
569.7552,134.4271,12.1478,17.3273
569.5191,134.0056,12.0414,17.5027
569.7773,133.5224,11.8221,17.7840
566.2851,133.1851,11.7833,17.7529
560.8954,133.2689,11.9012,17.7332
553.0626,133.3459,12.1058,17.5042
551.3605,135.5397,12.2771,17.2545
547.4916,137.6888,12.4902,16.8611
545.3086,137.9659,12.7977,16.5002
543.2958,138.5457,13.1737,16.0575
541.4474,138.7823,13.3549,15.7954
541.3708,139.2937,13.7946,15.2843
530.1926,137.2697,13.6460,15.3832
530.0630,135.7684,13.7185,15.3014
530.0051,136.0398,13.6865,15.3008
528.0192,136.0975,13.6732,15.3190
526.0472,135.9912,13.6715,15.3562
524.1440,136.0763,13.6488,15.3588
524.0576,136.1371,13.7302,15.3246
524.0964,136.1085,13.6995,15.3756
527.6008,135.7073,13.6227,15.5218
525.6476,135.3893,13.5487,15.6107
525.5270,135.0936,13.4875,15.6830
523.5354,135.0327,13.5588,15.6536
523.4899,134.8791,13.6089,15.6617
523.5347,134.8448,13.6238,15.6617
523.4583,136.2801,13.6016,15.7047
521.4885,135.9481,13.6353,15.7133
519.5888,135.8813,13.7358,15.6652
515.7374,138.0299,14.0377,15.5312
521.6896,136.3625,13.8623,15.4474
534.6895,134.2162,13.7086,15.6113
545.3802,132.1535,13.1444,16.0583
550.7000,130.3685,12.7229,16.2310
552.6449,128.8512,12.7010,15.9230
553.1791,128.9248,12.5736,15.9612
553.2648,128.9854,12.5157,15.8442
553.2456,130.1911,12.3286,16.3112
552.9327,128.5705,12.2405,16.1600
552.6811,129.8591,12.1029,16.6129
552.6010,129.3474,11.9840,16.9648
552.4662,128.7983,11.8660,17.1614
552.3915,128.4576,11.6865,17.3557
551.9039,128.1659,11.5728,17.4176
551.4894,127.9832,11.4440,17.4642
551.1982,127.8428,11.2579,17.5465
551.0587,127.7901,11.1560,17.5304
550.8917,126.5879,11.2015,17.1391
550.5920,126.8474,11.0776,16.8550
550.1191,127.0160,11.2172,16.5643
549.8162,127.1720,11.2473,16.3603
549.4200,127.0693,11.3135,16.3171
549.2174,125.7135,11.3674,16.0384
549.6161,127.3236,11.3380,16.1979
549.6354,127.4903,11.2777,16.5242
549.7591,127.2209,11.1694,16.5345
549.5229,125.7526,11.1896,16.2235
549.2665,125.9578,11.1488,16.0535
549.1527,126.1383,11.1353,16.0153
549.2288,125.0210,11.1108,15.7406
549.3814,125.5128,11.0769,15.5297
549.3994,125.7440,11.0225,15.4428
549.2485,125.6813,10.8313,15.5576
549.1943,125.5567,10.5240,15.7778
549.0479,125.3967,10.2399,16.0506
547.8063,125.1578,10.2526,16.1517
547.8501,124.7258,10.2880,16.2756
547.6064,123.3245,10.3451,16.1184
547.3924,123.4802,10.4578,15.8585
547.0602,123.5746,10.5319,15.7038
546.8627,122.1855,10.6501,15.4610
546.5389,122.7136,10.7034,15.2581
546.3941,122.9464,10.6222,15.1249
546.2568,123.0109,10.5408,15.0581
545.9751,121.5306,10.5234,14.9335
545.6525,121.5453,10.5162,14.8775
545.1838,121.7749,10.4674,14.9182
544.8834,121.8440,10.4330,15.0496
544.6265,121.7191,10.4143,15.1899
544.5096,120.3304,10.4517,15.0668
545.9451,120.3852,10.4862,15.0003
547.7888,118.9771,10.5770,14.7714
552.7524,119.3094,10.7776,14.3447
557.5128,121.1373,10.9236,14.2006
560.5111,121.5024,11.0518,14.0896
561.9470,121.5893,11.1710,14.0234
563.3933,121.5790,11.2576,14.0118
563.1293,120.3822,11.4714,13.8930
562.9745,120.6049,11.6758,13.8601
562.8703,119.4265,11.8241,13.7511
562.8727,119.6426,11.9269,13.7233
562.6819,118.3329,12.0289,13.6210
562.5272,118.6902,12.1506,13.5720
562.4302,118.7469,12.2987,13.6092
562.2480,118.8124,12.4055,13.6310
560.3608,117.2693,12.6272,13.4571
560.3372,120.5520,12.6830,13.5266
547.6155,118.3291,12.5164,14.0728
538.9440,116.4742,12.3802,14.2337
528.7143,116.3583,12.2611,14.3499
525.2196,115.6922,12.0951,14.6217
523.3099,113.9827,12.1912,14.5526
521.2900,114.0240,12.2029,14.5763
520.9763,112.5221,12.2859,14.4922
520.7584,112.5696,12.3323,14.4545
520.5704,113.7712,12.2603,14.6022
520.4431,113.3165,12.1963,14.6829
520.3165,112.8933,12.1519,14.7923
520.3152,112.3434,12.0468,14.9453
518.5306,111.7853,11.9316,15.0743
518.3707,111.1955,11.8820,15.1872
516.4884,110.7860,11.8635,15.2553
516.3028,110.5652,11.8140,15.3556
514.3920,109.2858,11.9373,15.2593
514.2304,109.5518,12.0018,15.2137
513.9348,109.2767,11.9426,15.2395
513.6413,109.0552,11.9221,15.2557
513.5147,108.9376,11.9780,15.2842
513.4421,108.6586,11.8978,15.3416
511.8145,108.4711,11.8568,15.3798
511.7341,109.7044,11.8864,15.4094
511.7067,109.2126,11.9125,15.4529
521.8215,111.2641,12.4916,14.9206
514.7723,107.5024,12.5144,14.9238
520.2712,107.3465,12.3967,15.0635
530.9880,107.1262,12.3915,15.0973
539.6202,104.3617,12.6090,14.7263
534.7242,111.1697,12.5155,14.6471
545.2029,104.2943,12.5491,14.5375
545.2631,104.7717,12.6897,14.4186
543.4961,103.4380,12.7115,14.2050
543.1865,103.9887,12.9719,13.8791
543.1229,105.9327,13.1307,13.8711
541.3198,104.5934,13.1747,13.7612
539.8986,106.0406,13.0890,13.8214
540.0122,106.0882,13.1361,13.8216
539.9160,104.8625,13.2594,13.7025
539.8829,105.2497,13.3018,13.6284
539.7721,105.5430,13.3303,13.5985
539.6806,105.8318,13.3854,13.5878
539.6991,107.3616,13.4304,13.5297
538.1028,107.0060,13.4091,13.5258
536.6348,106.5916,13.3820,13.5273
535.0113,105.0039,13.3369,13.4755
535.2333,105.0643,13.3014,13.4229
537.0099,106.4408,13.2900,13.4893
537.0507,106.3253,13.2894,13.5488
537.0334,106.4274,13.3306,13.6426
536.9500,106.4339,13.5178,13.7756
535.4138,106.2058,13.4288,13.8563
535.3208,105.0159,13.5278,13.6474
535.1654,105.3242,13.5907,13.5712
531.3283,106.9418,13.2881,13.9869
519.8251,106.5705,12.9225,14.3467
511.0217,106.3435,12.7386,14.5275
502.3716,106.6351,12.7310,14.4694
500.4074,108.4171,12.7393,14.5075
497.0762,110.0537,12.7461,14.5981
496.9983,111.3360,12.7327,14.6406
496.8933,112.5705,12.7258,14.7363
495.0320,112.6327,12.8033,14.6772
494.8676,114.2549,12.9118,14.5623
494.8745,114.1593,13.0236,14.4856
489.4069,117.8567,13.4716,14.1755
490.6189,118.1103,14.2362,13.7126
490.5615,116.5942,14.3882,13.6270
488.8669,118.5475,14.3908,13.4066
488.9249,118.9499,14.4185,13.1408
489.0853,120.5615,14.2247,12.9941
489.2124,119.0486,14.0443,13.0022
490.7814,119.3287,14.1578,12.9285
490.8188,119.5157,14.1255,12.8905
491.0212,119.6671,13.9112,12.9660
492.7525,121.1507,14.0057,12.8451
492.6907,121.3552,14.0337,12.5541
492.7862,119.9808,13.8986,12.5616
492.9425,121.8572,13.8535,12.4841
493.2792,122.0720,13.6862,12.3633
493.5921,122.2408,13.4196,12.3171
493.9113,122.0407,13.2610,12.3145
495.8078,123.5746,13.0906,12.2470
497.5773,122.0457,12.9421,12.2726
499.2087,123.5893,12.9191,12.0605
499.5216,123.5213,12.7145,11.9922
501.0935,124.9802,12.6812,11.8558
501.1090,125.0415,12.6531,11.8268
501.0527,128.0561,12.7412,11.6198
501.1297,128.0290,12.6071,11.6974
501.4264,128.2567,12.3147,11.7857
501.6818,128.5668,12.0657,11.7710
503.0837,130.0453,11.9845,11.5500
503.1230,129.8658,11.8930,11.5805
503.0313,129.9518,11.8081,11.5140
503.1664,130.0894,11.6719,11.4856
503.3905,130.1366,11.4959,11.4586
503.5850,130.2810,11.2806,11.4439
503.8371,131.7211,11.1869,11.2901
505.1450,130.5086,11.1340,11.3497
505.1698,130.8058,11.1333,11.3812
505.2711,130.9367,11.0660,11.3854
505.4315,132.3669,10.9983,11.3329
506.8407,132.6328,10.9355,11.2758
508.0216,132.6541,11.0945,11.2373
508.0358,132.8042,11.0050,11.2529
508.1078,133.9943,10.9304,11.1605
508.1039,133.8316,10.9977,11.1916
509.5236,133.8887,10.9222,11.0928
509.5923,135.1552,10.8097,10.9619
509.9788,135.0975,10.6483,10.9432
510.2030,134.9863,10.5157,10.9413
511.6076,135.0221,10.4540,10.8573
511.7389,135.3040,10.5031,10.6874
511.7388,135.3040,10.5032,10.6874
514.4332,135.2569,10.3285,10.7104
514.4332,135.2569,10.3285,10.7104
515.8192,136.5861,10.1262,10.7016
515.9490,136.5238,10.1130,10.6870
515.9490,136.5238,10.1130,10.6870
518.7220,139.1694,9.9955,10.6201
518.7220,139.1694,9.9955,10.6201
518.7220,139.1694,9.9955,10.6201
526.7247,133.9326,9.8982,10.5038
2
0
0
0
0
1
558.7639,121.8714,32.7675,42.1161
560.2798,121.2455,31.6991,41.3324
560.8484,121.5437,31.3704,40.0220
561.2808,121.6723,31.2983,38.8845
561.2187,121.7689,31.4939,37.8296
561.4020,121.4395,31.2421,37.5045
562.2358,121.3979,31.1306,37.0405
562.2798,122.1614,31.1016,36.0320
562.8479,121.7730,30.8478,35.6022
563.3723,118.3791,31.6257,34.2325
563.4832,118.9716,31.8650,33.1714
563.9456,115.8849,32.3108,31.9875
564.6373,123.1425,30.5032,33.1720
562.7067,122.8153,28.8789,34.2116
564.1892,125.7237,27.9138,35.7283
568.9199,129.5396,27.7900,35.6180
568.7165,125.6947,28.5886,34.8870
572.7954,129.9228,28.9622,34.4448
572.9595,129.8757,29.3022,34.0639
572.8827,126.2669,29.6163,33.6168
572.8717,126.5017,29.8389,33.3231
572.8612,126.8825,30.1857,32.9063
572.8647,126.8226,30.4293,32.6576
573.0400,126.6467,30.6838,32.4854
572.9619,126.3538,30.9280,32.3276
573.1689,126.4850,31.4291,31.7488
573.1035,126.5578,31.9987,31.0174
573.2297,126.2531,32.1024,30.8067
573.1508,126.1642,32.2397,30.3873
573.0518,126.1348,32.3308,30.1470
543.6076,118.1008,33.9630,28.3896
542.6854,117.4403,34.4835,27.5534
535.4271,117.7598,33.8347,27.2934
541.9950,118.2282,34.5289,26.4326
535.3409,118.0709,33.7871,26.1111
538.9420,115.6247,33.4663,25.8503
539.0728,116.7737,33.0513,25.5894
545.1601,117.0441,33.8912,24.6321
548.8972,116.3118,32.5432,24.6618
560.3821,113.0777,31.4456,25.0822
571.8193,116.6512,30.4812,25.3270
579.4203,114.2713,30.9135,24.6856
583.0031,115.0168,31.5565,24.1058
583.0978,115.6284,32.1918,23.4852
583.3287,116.3481,32.5430,23.0501
583.5052,116.7704,32.2631,22.7546
583.5023,116.5096,31.8539,22.6546
584.0837,116.3525,31.1187,22.7392
584.5841,116.3660,30.4429,22.7315
581.9761,116.1784,30.5100,22.5753
585.5741,116.0720,29.7825,22.5021
585.8124,115.6012,29.3051,22.5524
585.9885,115.6909,28.7639,22.4400
582.9260,115.8114,28.9623,22.1064
583.0864,115.7180,29.1088,21.7924
583.6194,115.5136,29.1643,21.5708
587.0178,115.4020,28.6465,21.6499
584.3102,115.8177,28.5280,21.4366
584.4421,116.1696,28.3793,21.2744
584.7127,115.9168,28.1599,21.1603
585.6464,115.6091,27.8073,21.1840
586.0871,115.7181,27.3323,21.1050
586.6532,115.9874,26.8743,20.8822
587.0594,115.8117,26.4026,20.7363
587.3105,113.6771,26.2081,20.6453
587.9641,114.2330,26.0371,20.5556
588.7434,114.5341,25.8910,20.4684
591.3732,115.3120,25.6667,20.3211
594.2114,116.3083,25.6481,20.1799
597.3237,119.0672,25.7246,20.1072
599.6562,119.2969,25.6389,20.0776
600.0703,119.2804,25.6593,20.1173
600.2888,119.0488,25.6436,20.1696
598.0213,118.4764,25.7467,20.1911
601.3885,118.2431,25.7808,20.1495
603.8724,117.9320,25.6057,20.1660
603.9692,117.8514,25.6906,20.2034
603.9545,117.7558,25.8373,20.2425
604.1777,119.7754,25.8683,20.1758
606.4689,116.9355,25.5977,20.2553
607.1560,118.7316,25.5353,20.3789
607.7570,117.7744,25.5088,20.4431
608.0727,117.3049,25.4927,20.4546
608.0800,117.3165,25.4801,20.4444
608.2819,117.1573,25.4104,20.4230
608.1987,117.2977,25.4562,20.3694
605.4075,117.1852,25.8467,20.3201
608.1076,116.8847,25.8234,20.3819
605.3820,116.6396,26.1227,20.1725
607.9382,116.9647,26.0251,20.1300
607.6453,116.4971,25.8345,20.1790
604.4252,115.5028,25.5553,20.2675
593.4422,113.3517,24.7427,20.3918
582.4593,115.4582,23.5521,21.2429
568.0505,112.9525,22.7288,21.1613
567.3545,112.5792,23.0123,20.9938
563.8530,112.4324,23.3811,20.7969
553.5670,112.9269,23.5431,20.7556
556.0807,112.7598,23.6229,20.4810
556.5156,112.7551,23.7058,20.3806
556.9161,112.6291,23.7480,20.3099
557.4079,112.5711,23.7059,20.2104
557.7427,112.1804,23.6814,20.0146
557.9731,111.6290,23.7217,19.9193
558.4235,112.0739,23.7891,19.8382
558.3840,112.1046,23.9106,19.7548
558.0966,112.7534,24.2542,19.8427
556.1298,112.8614,24.3217,19.8667
554.2396,113.3975,24.3640,19.7239
554.1400,113.7978,24.4600,19.6509
553.4423,114.4190,24.5715,19.6103
551.2255,114.6727,24.5229,19.5935
550.9552,114.8122,24.5007,19.6024
548.5093,115.2088,24.2540,19.3788
548.7797,115.6418,24.1295,19.3016
549.1797,114.9221,24.0150,19.4407
547.3207,115.1993,23.9037,19.5370
547.7006,114.9747,23.7797,19.5686
547.5322,115.4986,23.8053,19.6195
547.0379,115.9205,23.7755,19.6321
547.3504,114.1800,24.0104,19.5873
547.7990,114.9078,24.0752,19.5946
549.8710,115.0234,24.2313,19.6748
547.5103,115.0765,24.1499,19.6020
547.2465,115.0802,24.0138,19.4721
547.3315,114.8688,23.8425,19.4146
549.7317,112.4748,23.8284,19.2671
558.7254,110.1217,23.5427,19.0160
573.4241,107.3017,22.4741,19.5501
584.7731,107.6083,21.5802,19.7689
592.3177,105.9166,20.8397,19.6110
594.5656,106.3248,20.1842,19.5199
594.4183,106.7020,19.5428,19.2197
592.5984,106.4904,19.4728,19.1223
592.5607,106.2217,19.5153,18.9328
592.4417,104.4123,19.5305,18.7551
590.4413,105.0591,19.6190,18.5616
590.7944,105.6176,19.3781,18.4181
588.6189,105.9368,19.3649,18.2952
584.4564,106.0947,18.8656,18.3701
575.5205,105.5343,17.4932,18.8960
557.6089,106.1844,17.8456,18.6565
559.8928,108.5073,18.0310,18.5146
559.8079,111.1730,18.1591,18.2740
559.8368,113.7274,18.1523,17.8775
559.6994,111.9064,18.1771,17.7039
559.7997,111.9238,18.1473,17.5453
561.8693,109.8811,18.2705,17.3713
561.4523,110.2290,18.3707,17.2848
561.0845,110.4692,18.4926,17.2327
561.1223,110.7316,18.5881,17.1129
561.0320,110.8604,18.6570,16.9994
561.1631,111.0539,18.6805,16.9098
558.9242,111.4121,18.6246,16.7901
559.0417,111.6690,18.5677,16.6754
557.0105,109.2882,18.4965,16.6666
557.2205,109.2004,18.3003,16.7385
557.3569,109.1889,18.1344,16.8110
559.7509,109.2489,18.1503,16.7853
559.3330,106.8878,18.3973,16.5741
566.6002,106.9402,17.8110,16.7104
578.1849,107.2772,17.6285,16.8855
573.5384,111.9077,17.9893,16.8066
573.2039,112.3109,18.4194,16.5384
571.1262,110.2197,18.4121,16.5058
571.3621,112.3921,18.3530,16.5124
569.4087,112.4229,18.3088,16.4871
567.3830,114.8797,18.3384,16.4221
567.5649,117.1528,18.3319,16.4730
567.7667,117.2484,18.3531,16.4921
567.9052,117.3662,18.4166,16.4691
567.7355,119.7878,18.6246,16.3316
567.6921,119.8755,18.7239,16.3198
567.6355,120.1210,18.7184,16.3756
567.7747,118.0780,18.7205,16.4406
567.8795,118.1458,18.6934,16.5102
567.8499,118.2345,18.7034,16.5667
567.8137,116.0133,18.5878,16.6888
567.8801,118.4566,18.7134,16.6597
567.9527,118.5474,18.7626,16.7679
568.0198,118.7257,18.7991,16.7710
568.0134,119.0745,18.8584,16.8703
568.2327,119.0992,18.8593,16.9332
568.4080,116.8450,18.7916,17.1027
570.7231,114.4782,18.6669,17.2665
578.7302,104.6877,17.1478,18.1422
565.3169,104.4224,16.9711,18.0615
560.4817,104.8059,17.1738,17.8469
558.0128,105.0606,17.3087,17.7276
560.3978,107.3546,17.4623,17.5721
558.0289,104.9719,17.4547,17.5729
560.3164,107.0772,17.4778,17.5357
564.6415,107.4437,17.6272,17.3362
560.3066,107.1000,17.4552,17.4128
564.9070,109.4235,17.3058,17.2748
566.9794,107.3765,17.3580,17.0396
566.6324,107.4392,17.3376,16.9990
564.6558,107.4694,17.3098,16.9699
564.9990,109.8565,17.2980,16.7960
562.8531,107.8637,17.3367,16.7008
564.8723,108.0225,17.3451,16.5902
575.4233,108.1177,17.6605,16.2456
575.5148,108.3424,18.0284,15.9452
577.3090,110.7395,18.0918,15.8531
577.0540,110.8925,18.2565,15.6745
576.8240,110.9652,18.3059,15.5685
576.5209,111.0655,18.3723,15.4261
576.0526,111.2558,18.6440,15.2544
575.6337,109.4396,18.7661,15.0660
575.5161,109.3878,18.7576,14.9973
558.2078,106.9198,18.5833,15.1674
569.3241,104.4911,17.1393,15.8621
574.4629,103.7869,16.4100,16.4842
576.4676,101.5460,15.9503,16.5866
576.9516,101.4362,15.5421,16.7253
577.4615,101.2432,15.1570,16.8351
577.8424,101.3184,14.5720,17.0822
578.0954,100.9157,14.1393,17.2240
578.6190,100.9464,13.7623,17.3439
578.8290,102.1291,13.4139,17.7611
579.0274,101.5810,13.1763,17.9430
579.2570,101.2171,12.9082,18.0679
579.4242,102.4441,12.6489,18.4174
579.6263,101.8860,12.4248,18.7120
579.8719,101.4155,12.2296,18.8554
580.0594,99.5524,12.1335,18.7009
580.1979,99.6368,12.0623,18.5215
580.3616,99.6378,12.0151,18.3727
580.4906,99.5373,11.9675,18.2628
580.9268,99.5677,11.9158,18.1537
581.1940,99.6520,11.8837,17.9922
582.7354,101.3542,11.8438,18.0016
586.9320,101.2673,11.9860,17.8866
585.1144,103.2825,12.0262,17.7529
590.5610,107.5683,12.7751,16.8026
588.6892,107.6601,12.9705,16.5246
583.0721,108.0113,13.3534,16.0219
594.3834,108.4525,13.5870,15.4278
594.6880,108.6899,13.7819,14.9034
594.9418,108.9413,13.9404,14.5926
596.8685,110.6447,14.2095,14.2116
597.0489,110.6960,14.3969,13.8596
593.8366,110.6029,14.1981,13.8321
594.0398,108.9362,14.2539,13.6600
587.0249,111.0464,14.2797,13.4582
585.5877,112.9008,14.3704,13.4421
585.7582,112.9414,14.5408,13.3466
586.0920,113.0731,14.7169,13.2449
584.5312,113.1901,14.8033,13.1297
586.4441,113.1564,14.9377,13.0595
586.8165,113.0326,15.0251,12.9662
587.1001,112.9823,15.1887,12.8729
587.3500,113.2377,15.2952,12.8783
587.4614,113.2820,15.3145,12.8191
587.5146,115.1200,15.3624,12.7605
587.6053,113.3422,15.5258,12.7315
585.6229,113.5187,15.7505,12.7773
587.7617,115.4960,15.6707,12.8315
589.8364,113.5523,15.5669,12.9257
595.2542,111.6908,15.5861,13.0501
593.4739,110.0492,15.6139,12.9467
593.2567,110.2660,15.6381,12.8558
591.8851,110.2464,15.6327,12.8546
593.8805,110.4422,15.8553,12.7910
595.3183,110.7483,15.9313,12.7266
595.2122,110.8035,16.0901,12.7113
593.5529,110.8332,16.0546,12.7050
595.4962,110.9043,16.0984,12.6599
590.4167,110.8695,15.9801,12.7163
595.5500,111.1398,16.0143,12.7089
595.6529,111.0356,16.1379,12.6723
597.0031,111.2111,16.2542,12.5581
596.7758,111.2704,16.3494,12.4805
596.5898,111.3874,16.4146,12.3598
596.4240,111.4110,16.5771,12.2059
594.9543,111.4581,16.6615,12.2545
596.4418,111.7286,16.7324,12.1854
596.2777,111.9115,16.8112,12.1584
596.3423,111.9117,16.8740,12.1622
596.3831,110.2923,16.9879,12.0495
580.5137,110.2159,16.4955,12.3753
576.7106,106.7475,16.3121,12.5164
588.3746,106.7063,15.9662,12.8466
590.6622,110.6109,15.7478,12.9046
591.1080,112.4497,15.5232,12.8920
594.9757,110.9165,15.5060,12.7463
595.1020,112.7100,15.4448,12.6417
595.3960,110.8698,15.3694,12.6337
597.2755,109.3010,15.4484,12.5180
593.4866,113.1770,15.8590,12.3953
593.4628,113.4855,16.1550,12.3019
593.6895,111.7489,16.1281,12.2679
595.5768,111.7822,16.1135,12.2763
593.9572,113.7209,16.1737,12.2954
594.1426,113.8081,16.2382,12.2994
594.3968,113.8455,16.1534,12.2809
594.6539,115.5515,16.0524,12.2881
598.3249,110.3472,16.0175,12.3223
598.6176,110.4701,15.9835,12.3465
598.8239,110.4890,15.9877,12.3112
599.0168,112.3517,15.9852,12.2847
597.2715,114.2087,15.8923,12.3343
604.3743,109.0350,16.0148,12.2429
604.5448,109.2397,16.0819,12.2371
617.1188,103.8184,16.2040,12.0271
617.3566,103.7314,16.3862,11.8851
624.6883,107.4343,16.3208,11.8878
624.4016,105.6660,16.4421,11.8015
624.4222,105.7466,16.6244,11.5981
624.7606,105.5514,16.4690,11.6339
626.8615,103.7823,16.2328,11.8148
630.1059,107.6087,16.2076,11.6327
629.8199,107.7438,16.3971,11.6844
629.7437,107.8106,16.1801,11.7372
628.4250,105.9210,15.9916,11.7495
632.0689,107.7979,15.6865,11.7086
630.0878,106.3463,15.6335,11.6434
631.4172,108.1016,15.6298,11.5862
631.1658,108.1093,15.6471,11.4885
629.7183,106.5825,15.9073,11.4439
626.5596,103.1040,15.5490,11.7153
627.0735,102.5907,15.4475,11.8432
627.1472,104.3939,15.4320,11.8553
625.2511,106.4468,15.4177,11.8288
623.2411,106.5908,15.4771,11.7863
623.1475,108.3879,15.6805,11.7940
622.8615,108.4101,15.7280,11.7724
622.8328,106.8378,15.8708,11.7123
621.2505,106.7546,15.8298,11.7570
609.1566,100.3048,15.9717,11.4300
602.1376,101.9578,15.5962,11.7095
601.9215,101.9909,15.4580,11.7871
601.7444,101.9059,15.3127,11.8718
601.6221,101.9033,15.1809,11.9437
601.4373,101.9241,15.0731,11.9998
601.2911,102.0077,14.9694,12.0668
601.0941,102.2252,14.8501,12.1712
600.9744,102.3004,14.7100,12.2890
602.4008,102.2591,14.5642,12.4104
602.1449,102.3833,14.4648,12.4717
601.8786,102.3541,14.3070,12.5939
601.5890,102.3689,14.1763,12.6750
601.3331,102.1904,14.0161,12.7536
601.2316,102.2177,13.8936,12.8373
602.6343,102.1898,13.7881,12.8931
602.3112,101.9729,13.7057,12.9543
602.0527,101.8978,13.6189,12.9909
607.4023,103.6179,13.5031,12.9635
609.3407,103.5101,13.4047,12.9627
610.8380,99.9521,13.5067,13.0100
610.8110,99.9035,13.5028,13.0143
616.1575,105.0590,13.4780,12.8612
616.2762,106.8835,13.4819,12.7358
614.6389,107.1491,13.6257,12.5818
619.6946,102.2983,13.6555,12.4877
619.4847,103.9670,13.7389,12.4133
617.7576,105.7295,13.7821,12.4008
616.3261,105.7269,13.7916,12.3852
616.4155,105.6610,13.8130,12.3707
615.0953,105.7367,13.8560,12.3099
615.2930,104.1800,14.0117,12.2086
615.5632,105.8193,14.0992,12.1565
615.7299,105.7522,14.1315,12.1489
615.5966,107.5147,14.0959,12.1135
617.5190,110.7746,14.0447,12.1407
622.5242,102.7860,14.0963,12.0599
622.4492,102.8623,14.5928,11.7874
623.7283,102.8501,14.8689,11.5798
622.3892,102.8117,14.9542,11.5354
622.6641,102.7472,14.9805,11.5484
622.9875,102.6003,15.1705,11.6316
623.3812,102.5154,15.2294,11.6820
624.6118,102.7447,15.5493,11.6014
621.5405,101.2840,15.6494,11.5166
623.6025,102.8861,15.5500,11.6032
625.1286,102.9986,15.6776,11.6458
623.5003,101.3660,15.9319,11.5769
625.1566,102.9755,15.7867,11.6531
623.7187,102.7249,15.7112,11.6946
625.3740,102.8338,15.6461,11.7412
625.4761,102.7483,15.5807,11.7849
624.1896,102.6815,15.5308,11.8379
610.5090,101.0592,15.3783,11.8623
608.7277,98.8978,14.9485,12.2617
608.6042,97.0045,14.9105,12.3261
619.5975,96.4076,14.5889,12.6288
626.4425,94.6618,14.4542,12.7138
626.4957,100.0436,14.3739,12.7229
626.7263,100.2860,14.4562,12.6072
626.9823,102.0877,14.5057,12.5752
630.4868,100.3911,14.4753,12.5227
629.0495,102.0957,14.4819,12.5079
629.3328,102.0743,14.5178,12.4673
629.6882,100.5479,14.4740,12.4198
629.9779,102.3502,14.4844,12.4071
631.7511,100.7156,14.3733,12.3937
631.9244,104.0333,14.2213,12.4525
647.3269,99.0092,14.1426,12.5204
648.8221,98.9551,13.9889,12.6013
648.7556,98.8821,13.9695,12.6630
648.8771,98.9234,14.1646,12.6126
642.0522,99.0506,14.3086,12.4344
638.4493,99.3030,14.3556,12.3087
636.7137,102.7109,14.5050,12.2637
638.4827,101.0875,14.4435,12.2622
636.8701,102.8801,14.4218,12.3087
636.7809,104.6239,14.4160,12.3157
637.2097,97.0315,14.1305,12.7993
628.5010,96.6203,13.8593,13.0466
630.0938,93.6588,14.2704,12.6393
628.5086,98.9173,14.3606,12.6359
628.3861,100.9641,14.3134,12.5246
626.6792,100.6111,14.0262,12.7931
626.5820,100.1561,13.7732,13.0084
624.7737,98.5945,13.7560,13.0134
623.2999,97.3080,13.8750,12.8755
623.5282,97.7124,13.9814,12.7974
635.3077,102.8046,14.2452,12.8080
635.3240,102.7983,14.3192,12.7230
635.4188,102.8105,14.2706,12.7344
635.5673,102.7843,14.1604,12.7163
634.0007,100.8786,13.9628,12.8742
632.1017,99.0200,13.8623,13.0043
631.9264,98.7821,13.8027,13.0563
631.9186,97.1429,13.9209,12.8987
631.8549,97.3192,14.0475,12.7611
631.8549,97.3192,14.0475,12.7611
630.0693,99.1823,14.0092,12.7737
631.5253,99.1463,13.9420,12.7814
631.4114,99.2454,13.8859,12.7969
631.2532,99.3850,13.7970,12.8302
631.1665,99.5368,13.7528,12.8559
631.0902,99.5062,13.7277,12.8813
631.0416,99.6473,13.6868,12.8976
617.7577,106.5075,13.5858,12.8203
618.1823,106.6466,13.4282,12.7564
620.0182,106.5856,13.4470,12.6851
638.3440,99.6112,13.3440,12.9147
2
0
0
0
0
1
646.5308,95.9217,51.3168,41.4692
646.4698,95.4510,50.6681,39.2762
646.9496,95.0819,50.0194,37.5180
650.9547,95.5663,51.6844,34.8207
649.4537,96.0438,53.2336,33.7853
650.0742,96.6230,53.3276,32.4486
649.9935,97.2127,54.3190,31.4690
650.5703,97.4536,54.4254,30.5225
651.0943,97.6496,54.2186,30.2803
651.7933,97.6910,53.4579,30.2706
657.1078,97.5158,52.4033,30.1475
658.0473,97.1459,51.5352,30.0871
657.9838,96.9887,51.5623,29.9370
656.9954,97.1523,52.5868,29.5381
648.1228,105.8474,49.5045,30.4640
649.5430,104.7140,46.1543,31.1430
650.0050,103.9910,44.0248,31.6764
655.0143,103.5801,42.5847,31.8194
660.8493,96.3748,40.2789,33.9937
661.5697,94.6628,38.4373,35.3438
659.4772,98.0598,36.5176,37.2459
663.8725,98.3996,36.6804,36.5414
668.9418,103.4866,36.6583,36.0372
669.6279,103.4731,36.4404,35.8699
669.3972,99.4027,36.3405,35.2646
669.2266,99.7066,36.5204,34.7585
668.7346,99.7910,36.7544,34.2286
668.8848,100.1082,36.8474,33.8152
673.7595,104.3944,36.5791,33.7114
674.3535,104.2329,36.1610,33.6292
674.7288,104.1203,35.8254,33.4147
674.8969,104.3844,35.6744,33.1759
675.1623,104.5248,35.5430,32.9320
644.8425,93.8056,36.3790,30.2667
643.9709,94.8003,37.1521,28.3074
644.3934,95.1598,37.0956,27.4037
647.2429,96.2450,37.2515,25.8657
646.7689,96.4977,36.8254,25.1447
647.2468,95.9355,35.8623,24.9072
651.4764,92.5957,34.4888,24.5003
663.0401,92.8394,33.9342,24.6311
671.3475,93.1817,33.7212,24.6329
690.6243,92.4882,33.4440,24.4198
694.4175,92.2323,34.0763,23.5603
697.3211,93.2622,34.5435,22.7287
696.8120,94.1384,34.9563,22.0219
696.2864,95.0145,35.0745,21.4522
695.3975,95.4013,35.3202,21.0252
698.9569,95.0734,34.7256,21.1430
699.1227,94.4017,34.2941,21.2322
698.9969,94.8900,34.1735,21.0788
698.8875,94.7120,34.1486,21.0890
698.7596,94.7141,34.2545,20.9941
701.9360,94.6035,33.7673,20.9797
701.3971,94.8927,33.8906,20.8436
701.0154,95.3313,34.2101,20.6608
700.7556,95.9032,34.5931,20.5077
704.0116,95.7435,33.9717,20.5940
704.3917,95.7152,33.5355,20.5613
704.7146,95.4468,33.2679,20.4532
704.9891,95.5600,33.3040,20.3871
704.9484,95.5483,33.3719,20.3283
704.3564,95.2408,33.3313,20.2627
698.1560,94.8752,32.6910,20.3810
685.3229,103.0154,30.7286,22.8222
675.0469,95.6397,29.6311,23.1213
661.1592,96.7505,29.7227,22.2894
658.3010,99.0412,29.0781,22.4402
658.6198,98.8517,28.4413,22.4330
659.7744,99.2005,27.6663,22.1461
663.1785,98.8801,28.1501,21.9186
663.5062,99.2748,28.2944,21.7188
663.4690,99.0468,27.4364,21.7584
661.3071,99.2646,27.2146,21.2472
662.1627,99.6229,26.6388,21.1559
663.3453,99.3656,26.2546,21.0249
663.6290,99.4492,26.2972,20.8491
664.2487,99.8407,26.3501,20.5670
664.1058,100.0231,26.3047,20.4753
663.8062,100.1908,26.2961,20.3600
666.3009,99.5388,26.6224,20.2686
672.5140,98.5275,25.9734,20.4205
684.8049,96.0256,25.2041,20.5910
697.0212,98.3401,24.0408,21.1331
708.7479,96.1308,24.7032,20.8245
717.3810,96.8528,24.8228,20.7458
717.6699,97.9299,25.0344,20.5464
717.9984,98.4562,25.2036,20.5049
717.5261,98.8550,25.4863,20.3868
716.9991,98.5293,25.8701,20.2228
716.4773,98.5739,26.2302,20.0751
716.6779,97.9444,26.3678,20.0752
716.8726,97.2667,26.4457,20.1477
716.5645,96.6673,26.5923,20.0655
716.1669,96.2721,26.8387,19.8724
715.7823,96.4548,26.8571,19.6314
712.8580,96.0706,27.0917,19.6265
702.1617,95.5836,26.1422,19.9972
691.6999,98.1647,25.1783,20.6362
677.1979,97.2689,24.8210,20.7796
665.8885,99.7045,24.3533,20.6934
662.9494,101.7213,24.1182,20.6729
663.1215,101.5252,24.2196,20.9786
662.6874,101.9966,24.0099,20.9641
664.9230,102.0582,24.3235,20.6265
662.9419,101.5014,24.0669,20.8320
663.6204,101.8685,23.7435,20.7030
665.7236,101.2693,24.0887,20.8337
663.6772,101.1467,24.1742,20.5835
663.7913,101.6537,24.0051,20.5228
663.6973,101.6010,23.7220,20.4156
664.0963,101.2707,23.6792,20.4537
662.4432,101.5991,23.3331,20.3086
663.0957,101.3654,23.5350,19.9880
663.5377,101.6802,23.3685,19.6292
663.4647,101.7017,23.3650,19.4101
666.5039,99.7908,23.6818,19.1458
674.8083,97.7695,23.1862,19.0267
689.0846,97.4937,22.5210,19.4512
705.2650,97.2294,22.3734,19.4707
715.9140,97.4245,22.3533,19.4271
715.8849,99.7087,22.9620,19.0524
717.9834,99.3141,22.8798,18.9449
715.5485,98.8142,23.2225,18.9706
715.5721,99.0630,23.4138,18.9064
715.1971,99.1873,23.5159,18.8559
714.8055,99.1856,23.7184,18.8749
714.6880,99.0861,23.9680,18.9308
714.6404,99.0547,24.2090,18.9820
716.8609,98.9837,23.9685,18.9344
714.0290,98.9464,24.4454,18.8020
716.6316,99.0204,24.3806,18.7869
716.6207,98.7261,24.3392,18.8105
716.8301,98.4506,24.3645,18.8756
717.0535,98.3950,24.3770,18.9043
717.4150,100.1177,24.4238,18.9739
719.6869,99.1721,24.1266,19.1414
719.3829,98.4953,23.9521,19.2572
719.7061,98.9064,23.8712,19.3030
720.1703,99.1273,23.9138,19.4415
722.2246,99.3969,23.6448,19.6324
722.2902,99.1790,23.7170,19.8270
724.3914,99.0310,23.5745,19.8364
724.6678,99.5960,23.7416,19.7988
726.6714,99.5768,23.6670,19.8186
727.1594,99.8266,23.8619,19.8635
729.7862,102.2349,23.7964,19.9119
733.1553,104.4378,23.7936,20.2006
736.5534,108.6860,23.7074,20.5185
739.9449,110.7622,23.4716,20.7290
742.2844,110.6451,23.1802,21.0765
744.6135,112.6108,22.8536,21.2439
745.2353,112.7685,22.6884,21.4798
747.7372,114.5982,22.3960,21.8060
748.4488,114.4779,22.4557,22.0465
750.8405,116.1740,22.3544,22.2657
753.6940,116.3413,22.3920,22.2958
755.9425,118.4336,22.0042,22.3321
758.3929,120.3058,21.7589,22.3605
761.1105,122.0860,21.5942,22.3252
763.6512,122.3001,21.2941,22.3176
767.0709,124.5166,21.2557,22.2181
769.6348,126.9515,21.0726,22.0834
772.0130,128.9449,20.8679,22.1671
772.1442,131.0506,20.5940,22.4231
772.3574,133.1951,20.2338,22.7709
774.5278,135.3370,19.8036,23.0004
775.0079,137.2056,19.7073,23.2281
778.1014,137.1825,19.3137,23.4294
781.3326,142.0389,19.1537,23.3336
783.5410,142.1313,18.6853,23.5648
783.4984,144.0535,18.6829,23.5792
785.8161,145.9745,18.4423,23.5702
788.1760,147.6756,18.1008,23.6896
788.8661,147.5164,18.0533,23.7960
791.0172,149.1907,17.7697,23.8209
790.7982,148.8830,17.9410,23.8491
792.9164,150.6350,17.8075,23.7618
792.8900,150.5887,17.6586,23.6625
792.3729,152.5772,17.7371,23.3473
791.9250,152.9012,17.8186,23.1949
791.4381,153.2958,18.0410,22.9540
788.3655,152.7671,19.0795,22.3401
784.9218,151.2498,20.1309,21.6471
781.8560,151.9821,21.2635,20.8247
778.2476,154.8163,22.0127,20.2041
772.1229,157.1207,22.9829,19.6948
767.1431,159.5287,23.3882,19.4786
785.8986,157.0373,24.2836,19.0790
777.0919,159.7688,24.2974,18.9885
763.2244,165.7106,23.9319,19.0291
752.5591,174.1566,23.7859,18.9359
755.3527,179.9925,23.8414,18.8952
742.3009,203.4253,22.8561,19.7265
746.0029,205.7149,21.8845,20.6721
746.5101,202.2154,21.0479,21.4786
751.6686,198.8693,20.4336,21.9464
751.2493,198.1256,20.0934,22.3255
751.3312,197.9835,19.8282,22.6003
749.1426,200.1415,19.6158,22.7703
751.8753,199.8114,19.3763,22.9506
754.5807,199.4645,19.2050,23.0839
762.5743,189.1591,19.4838,22.2788
752.5059,197.0071,19.0929,22.6736
749.4488,199.5805,18.8269,23.0317
747.2398,201.5336,18.5035,23.3028
745.2701,200.2764,17.9095,23.8925
2
0
0
0
0
1
728.1655,177.9987,19.1310,39.3564
721.7377,178.5694,19.1892,38.6805
718.4315,178.7714,19.3245,37.8225
718.4618,175.8186,19.4279,36.7630
718.7819,172.9987,19.5596,36.2697
722.6744,169.6642,19.6869,35.9482
722.6744,169.6642,19.6869,35.9482
733.4050,173.3757,19.6014,35.8170
733.5326,173.5292,19.5452,35.6793
733.0029,173.4768,19.6337,35.3355
733.8143,173.5773,19.5071,34.9789
741.3815,180.6772,19.5498,34.3584
734.4510,190.9005,19.2981,34.5851
734.7421,214.3293,18.7864,35.0578
738.2982,220.3509,18.2269,35.1509
739.5613,223.1413,17.6653,35.4616
740.0818,223.0863,17.1636,35.8821
747.1647,226.3824,17.2731,35.5971
746.3937,223.3596,17.4344,35.3697
742.9720,226.9210,17.5507,35.1261
742.2643,230.6781,18.0585,34.3688
741.6926,231.0457,18.4148,33.9043
740.8733,224.8495,18.5543,33.7095
2
0
0
0
0
1
743.3626,173.5161,17.2723,50.8501
740.5441,170.2621,17.4673,50.4098
737.4559,168.7334,17.4767,51.1787
733.8863,165.2915,18.0033,51.3283
726.0114,164.6814,18.3733,51.1859
718.0825,168.6604,18.2003,49.8459
714.8231,164.9208,18.0494,48.3263
714.3651,165.7712,18.1466,47.0044
711.4896,162.3434,17.6659,46.3514
708.6016,162.6945,17.3541,45.9806
706.0945,162.9596,16.9298,45.9593
705.4907,159.3165,17.0145,46.1560
702.6658,158.9801,16.6893,46.3504
703.1755,155.9874,17.0497,46.5924
699.1613,156.3220,16.9568,47.2063
695.9307,160.1909,16.5541,45.9415
693.0903,163.4309,16.2748,44.5877
692.6842,166.5996,16.3867,43.3817
690.2136,166.9613,15.9263,42.9255
691.1650,163.2535,16.1830,44.0496
688.3940,173.3899,16.2643,45.1436
685.8353,181.0817,16.4182,45.8618
682.7224,196.1711,16.3733,46.7115
678.6880,211.0769,15.8628,48.3824
673.1951,231.8311,16.6362,46.4509
671.5013,262.4809,17.1793,45.3256
673.7489,270.8532,17.7378,44.1965
676.0953,270.9627,18.0652,42.9990
670.9836,267.7315,18.1895,42.2261
666.6162,268.8153,18.3619,41.4326
