1
20.1580,596.0500,97.5020,59.5300
20.1580,596.0500,97.5020,59.5300
20.1580,596.0500,97.5020,59.5300
20.1580,596.0500,97.5020,59.5300
114.1069,591.7862,95.6301,68.3100
114.1069,591.7862,95.6301,68.3100
2
0
0
0
0
1
388.2771,586.7769,108.2932,62.3065
454.5936,587.1426,103.9508,66.9056
431.7954,589.5978,97.7555,59.4166
431.7954,589.5978,97.7555,59.4166
496.6192,590.1051,106.4988,62.4229
496.6192,590.1051,106.4988,62.4229
558.4062,588.2994,117.4011,53.9722
603.5716,584.9103,106.6565,61.2554
631.2049,583.5024,92.0177,68.3686
589.7250,572.7155,109.1007,73.2164
2
0
0
0
0
1
718.0530,469.6371,94.5434,156.7691
727.5340,454.6203,97.7790,154.3408
732.8394,417.4456,74.7066,142.5067
732.8394,417.4456,74.7066,142.5067
732.8394,417.4456,74.7066,142.5067
732.8394,417.4456,74.7066,142.5067
732.8394,417.4456,74.7066,142.5067
732.8394,417.4456,74.7066,142.5067
732.8394,417.4456,74.7066,142.5067
2
0
0
0
0
1
659.2255,379.5305,101.2777,52.2549
2
0
0
0
0
1
695.8457,374.3970,110.7607,48.4209
696.4783,372.7335,115.1027,42.6092
731.0513,373.9794,105.9692,43.6787
731.8386,373.3102,110.7093,47.1608
734.1927,368.6253,117.6552,50.4005
746.2621,366.3622,114.9476,50.5031
745.8950,367.3110,114.6387,51.3543
743.3480,367.9435,117.3826,47.1171
742.4095,370.1592,123.5080,47.1230
743.7089,368.1210,125.6641,50.0181
743.1708,370.3282,124.7856,49.4121
745.1141,369.4308,124.3925,49.5786
741.5979,370.2431,125.2636,49.3879
743.7520,371.1431,126.5336,50.2939
744.1014,370.8407,126.7030,48.5586
741.9372,369.4763,127.9024,48.5056
743.3254,371.0757,126.5415,48.9987
743.5536,368.7551,126.9603,49.3644
748.2846,368.0034,118.8910,50.5732
737.2448,368.2400,107.2744,49.8233
726.5453,371.2472,106.4151,46.7763
728.8323,369.8713,96.2018,46.9179
2
0
0
0
0
1
526.9827,321.7553,93.7514,95.3028
563.4042,352.4013,109.0744,88.5199
432.1606,345.5037,115.6296,73.1300
2
0
0
0
0
1
2
0
0
0
0
1
2
0
0
0
0
1
799.0446,325.9622,112.9358,89.4725
826.5192,321.5539,109.5484,93.5658
793.6746,313.0000,135.8165,109.7102
802.7111,276.0161,110.3371,133.4561
813.7306,255.8267,98.4471,123.5212
820.3098,234.0427,87.3180,116.2347
2
0
0
0
0
1
784.3080,216.8641,86.2255,51.3758
790.1674,214.2477,89.6924,53.4659
796.2365,214.3247,94.9760,53.0211
805.4558,218.2161,106.5805,49.5098
826.5438,218.2191,110.5412,46.8631
851.6754,221.2647,94.0492,44.5841
887.9495,218.0091,85.5580,43.8919
2
0
0
0
0
1
918.7874,118.0595,78.5601,90.8749
924.9304,107.9667,72.3521,93.2798
922.1292,102.1342,79.2279,96.6982
912.8947,99.0185,87.4072,81.2184
2
0
0
0
0
1
815.8801,122.8238,98.4585,29.9931
811.9456,123.1766,99.6154,29.0626
798.9742,123.7985,97.2371,27.5148
793.6585,125.6482,87.7680,25.3074
2
0
0
0
0
1
694.0073,124.9380,87.7098,24.0247
704.1725,126.9518,76.0748,22.0279
713.6653,125.1503,64.7922,23.2193
2
0
0
0
0
1
2
0
0
0
0
1
