1
148.5421,60.4005,39.9124,61.0134
149.7760,59.4480,36.7486,63.1983
176.5688,80.2103,33.7448,66.1709
2
0
0
0
0
1
120.7585,71.0953,41.2549,57.4253
2
0
0
0
0
1
126.3361,71.5958,46.6592,56.6682
2
0
0
0
0
1
166.5050,76.2975,47.9420,50.0448
218.6940,68.1479,42.7662,54.6639
228.5459,66.0745,38.6298,57.2492
231.7299,65.3275,36.1563,57.1132
234.9343,75.8759,34.7787,55.7962
236.6772,73.3966,34.3688,55.3743
242.4595,79.8465,33.4890,53.7079
240.9350,87.3386,33.9886,51.2523
241.6525,93.2859,34.3949,50.2760
236.6007,97.8783,36.6465,48.2917
236.8686,100.4653,35.6831,47.0255
236.4414,103.5520,35.1073,45.1643
235.9663,104.0299,34.0068,44.1976
216.7807,67.1672,31.5071,46.8214
178.0128,73.2789,33.9033,45.6830
158.7397,61.8550,31.5730,48.7581
2
0
0
0
0
1
165.1854,84.0998,38.7896,32.8158
2
0
0
0
0
1
2
0
0
0
0
1
38.2199,92.7554,47.4734,53.5724
2
0
0
0
0
1
66.5718,92.1160,50.4328,54.8095
2
0
0
0
0
1
165.9439,91.2664,34.1731,54.6556
2
0
0
0
0
1
179.1326,97.3955,43.6712,45.6176
143.9975,77.4198,44.4868,44.2899
2
0
0
0
0
1
178.6638,82.5663,46.6924,52.5648
2
0
0
0
0
1
2
0
0
0
0
1
2
0
0
0
0
1
230.6162,97.3458,35.5150,32.1330
234.4754,98.4871,35.5731,31.9957
233.3815,100.8856,35.5499,31.9668
237.5454,104.3764,35.0027,32.1204
236.6534,105.4465,34.8132,32.1665
235.6117,105.5288,34.7961,32.1697
235.7531,105.6297,34.7926,32.1706
235.7456,104.2766,34.7812,32.1746
235.7471,103.0577,34.7733,32.1769
235.6381,102.0500,34.7659,32.1790
236.6057,120.0487,33.0784,32.4318
236.8631,120.3765,32.8278,31.7839
236.6316,116.9877,32.4124,30.7729
237.3075,108.4765,31.2097,30.9600
237.6839,101.3562,30.5005,30.6665
237.6079,88.8270,29.5631,31.3661
2
0
0
0
0
1
2
0
0
0
0
1
117.9941,100.5672,41.6854,52.2097
2
0
0
0
0
1
2
0
0
0
0
1
229.5119,113.2707,42.1580,39.7154
235.6805,119.0555,40.8425,39.5061
253.3449,127.7206,43.5890,35.8131
253.9774,133.5737,42.8539,36.5437
254.6649,133.7434,41.9822,37.3390
255.0706,134.5104,41.9614,37.3306
254.3706,134.5401,41.9458,37.3217
252.5342,130.2066,41.2508,37.4549
243.4857,127.1799,40.5808,37.2110
243.2721,127.5029,40.1336,37.2233
240.6235,126.1753,40.1386,37.2176
241.5499,118.0661,38.9318,36.7709
226.1634,110.0639,39.1961,36.8294
2
0
0
0
0
1
143.1252,55.2920,41.8139,31.7514
172.6703,47.7383,39.8354,33.2812
199.3446,62.9567,42.4648,30.7116
2
0
0
0
0
1
237.5109,61.6496,33.0187,33.0180
238.2448,62.5737,33.0180,33.0183
239.4404,62.3365,33.0177,33.0172
239.9704,62.4767,33.0176,33.0164
246.4543,74.2431,34.5749,31.8839
246.4932,73.2649,34.9751,31.3004
245.5522,71.2825,34.9729,31.3021
244.5196,66.8869,34.9720,31.3026
243.7776,63.7152,34.9715,31.3027
236.6423,60.6752,32.9991,31.7281
235.8538,57.5170,31.3024,31.5181
236.7041,57.5583,31.3022,31.5174
241.3917,61.0388,31.4918,31.1805
2
0
0
0
0
1
162.0757,60.4622,29.0791,42.1762
161.0935,57.5742,29.0560,42.1908
2
0
0
0
0
1
85.3238,30.4650,31.1897,45.0853
2
0
0
0
0
1
37.0399,105.7796,44.2720,38.6680
82.9565,103.4730,41.3968,40.7132
117.4736,77.2282,40.3046,40.2279
2
0
0
0
0
1
118.0227,80.6281,42.6516,49.9120
2
0
0
0
0
1
2
0
0
0
0
1
168.7828,96.8905,53.0514,56.5652
2
0
0
0
0
1
2
0
0
0
0
1
131.9078,133.8501,41.2654,56.0742
2
0
0
0
0
1
153.2977,63.7950,45.1176,53.1407
2
0
0
0
0
1
96.8001,62.5096,47.5412,55.3647
130.3938,47.4832,53.3744,49.0890
136.4346,48.4839,54.0498,48.2940
2
0
0
0
0
