285.0,433.0,43.0,23.0
287.1618544563268,436.50885399884265,44.450654128270415,23.099706476802027
300.15541899113975,429.8492216654732,39.94295811833691,27.19009026127781
300.8039529082796,408.0728360884038,36.94186620759549,28.67847314027007
317.00497889343103,400.81539134200585,34.921951535876545,30.031572738961927
318.2239470173093,399.7729907614264,34.92501217341976,30.02902281636534
316.7353261840318,400.9562679720355,34.92437407732518,30.029227218541887
336.2964848448029,405.1522797661713,36.43355699992366,28.62828772908614
363.2895585137309,394.9278839324036,36.24145415669652,31.06613503016656
327.47248104611026,420.672202309573,35.72395961684009,32.415736038278965
309.13731085865464,403.73693557361815,38.66695929350922,29.48660596648741
335.3367088389544,399.49565993333067,42.70951236245072,28.02798941564156
334.7725790624183,402.36395812153745,42.70789959344039,28.02918982267527
335.06632865517577,404.21804873690536,42.70580802263345,28.031074672032805
335.4750735265525,403.8744978253365,42.71609244694076,28.020493578052452
335.7552340488366,403.54342761199104,43.82730832482741,26.904495844037804
344.2867167550912,403.2490229297557,47.46108783114137,25.237254144970883
347.4818088161248,399.9366728242102,47.44492905392296,25.227956915723805
301.7735726343616,429.47859477497406,44.13293156881654,27.212121437047603
303.649934794571,416.43595695032127,44.16073150224291,27.117911765308243
316.8305231129419,397.8225108962724,44.068990748069545,27.01413828502716
318.14506140817076,397.61895262971865,44.064545800907,27.01636982410462
302.883553762914,392.4975471420595,43.613598307607,26.797805562911606
302.0254760663437,398.3888220929979,43.25054008151556,26.221804351830762
315.1667180227481,398.5286713603826,43.35272833362361,25.821084352594365
336.65302322534416,396.9714373462824,45.45993665401747,24.6344058735315
336.5967557819011,405.41465130528377,42.23512856337986,26.893115742394023
346.6069925005003,404.0837749265542,42.388000691977204,26.79440192423059
349.52480752839756,396.0722332282297,43.24189433308223,26.66913174421944
304.92855602712166,428.7902925029623,41.172510738954294,28.770229381277602
309.3210299690053,405.70843615935956,40.92140780300203,29.307770956422615
310.3917710824707,406.08326989329134,40.923405400137284,29.305842207545485
295.33958399392054,394.3281661906417,36.207329748136054,32.74717143901671
301.7236263396127,393.98921446126235,34.22786695921766,32.91965969658823
302.1983007739812,428.8875484648272,33.546792844766394,34.18676579834522
325.7472682885605,424.29180193961605,34.15735772405508,34.434256697278364
334.1325972083439,407.2329561457707,38.82142087753029,30.901912426814768
347.5768070422801,429.3974984631001,41.58642261163534,29.86214206217545
302.08105325036865,438.9124629893909,39.10773061049734,31.380585278270615
340.2783990575365,403.54097210761773,37.58082158893513,31.93286269611378
344.6274001747949,393.9772526848394,37.47169131028993,31.951746701582582
302.0276338579283,431.3945894038211,37.51474506218708,32.1509172577598
309.09435596513924,414.85618778723045,36.68253795408847,32.5351545729724
311.195703639813,410.91311491902195,41.7495941535081,28.996227639406527
330.60555337363184,414.4804586972046,43.47400784505011,27.956953767886162
332.84615436870683,412.81818650086035,43.47775258265273,27.953532662604022
320.4248769966134,388.3788936947937,40.69070870928591,31.36678624348736
321.1298088562378,390.4978745250424,40.68020946147269,31.376859060223833
303.3068591220163,427.0822820130707,38.85278510789424,32.24165919647193
312.98681477589184,407.6946488999485,36.72567714486962,33.080936042833486
311.09474958529233,386.21244604822203,41.466713844733306,30.337456004098954
310.7029626994876,385.7774532607125,41.450296247095245,30.352987300172106
309.31994481856105,385.9217261119957,41.41853289853579,30.384422487164485
305.4862551695066,380.1568844725386,41.50752827406778,30.256548278590962
320.01684202048875,412.15231362385424,39.83832043819233,31.417949802619752
304.17481980447405,402.5014093191754,40.76797224632031,29.735421558950087
316.56774264398416,402.32826297747675,39.68663630240758,30.470686941989594
323.56644825992055,402.2869504226847,41.95924650913348,28.51449774531457
324.554153026377,400.36510816198626,41.957198945214756,28.515943363665727
336.7132729199367,409.116448277119,41.24032901588334,28.877004054420855
320.07990369327314,401.7004206631224,43.25697210177885,27.341404481998964
340.3696217637875,400.86168617513647,42.1940764880939,28.055498843255286
350.7413468472847,404.6116746225354,44.41662973906817,26.894900305390962
358.9498466157824,431.08043603791066,46.753725279587435,26.65035156521666
362.5811402175519,398.9327512887141,44.58175668643061,28.22999611854145
360.10902325994795,396.46784655438125,44.5722895823513,28.23590927449346
344.2791357433865,402.11617461676445,49.103663812861924,26.243933974006843
347.48675755582707,400.3428523004421,49.097935568840164,26.23488641075922
338.7505606847925,395.062583510941,49.35604250671006,26.370285516250625
337.25346510913414,389.6315098755105,49.27093063182748,26.430236284426062
337.7512041063426,389.6462646813242,49.268795037007706,26.432520762622616
300.2260784410113,431.9874317189753,47.90756260302192,27.923427348941615
302.5468244749534,420.95586134542725,47.918382337048115,27.52791750704838
299.2941270276363,411.5072326054256,44.367585787285265,29.542389189932592
299.2185578824473,410.5692970347436,44.36164740594366,29.545580501699114
301.03278095316284,405.7186452541253,43.64246129907377,28.0624701530236
307.28250421151176,405.7972291565288,48.31194483608688,26.11214190967908
326.78639377044084,399.8364130405189,46.2844322892737,29.655259851842825
318.2964776007251,404.0386346431477,46.41941408854406,29.517066303262524
357.91913911175106,400.20527889731545,46.86824389852334,29.657394871800726
327.01332241647236,433.6250852029484,48.441435821795594,28.799601413366815
347.5073904678248,413.86599125323283,45.142447668309515,30.85110306401875
346.713555969152,415.08175743877865,45.13776618271439,30.856214531809563
344.5774811298452,414.7755304389529,45.140326914031895,30.853634666486055
347.5899861595119,444.883383665215,48.02074669478638,31.00733968246775
338.9555092046055,471.2018822826099,49.46329507939157,31.03864307634005
339.381266689451,466.9537047441993,49.453238013085794,31.049247954796954
299.19324282627696,430.57973672191326,45.93073379851596,34.09127427036511
345.8273494357027,410.39323606753914,43.94602888044578,34.80646536793177
344.3309591720367,416.98135772350923,43.85141922337518,34.86961242922153
349.37530333856205,410.7565220608287,43.90680246930399,34.78872040009049
301.1234820164038,430.3619720547817,42.142378707370504,36.61108457234069
301.70292270666357,402.84796158233826,39.93118328380598,36.03926344569439
317.55493025573,397.0277789973715,39.5061579775431,35.92469525838907
313.40731589816795,401.5822270216786,41.93089709534668,33.3925885888948
313.30398764377986,401.59554783531587,41.92929202484777,33.39237314840538
296.87986412859567,395.49949369091684,37.63489226566536,35.87187214612672
302.548909678634,380.1669284747365,35.3937164106449,36.308902755489406
299.1859394122266,380.12016475304165,35.245387457985984,36.41174115033551
301.67998520675667,419.23824626620683,32.802045605711726,38.657023436505156
329.3661182992885,396.6501605861023,34.68370855883182,36.702343051108755
332.52874163691075,396.0157585546671,34.73770478062094,36.63497727507373
331.9270734545698,394.923277342527,34.742248568512956,36.63073286074624
332.0604810236284,394.50825771731024,34.74891301127487,36.6237536809467
334.72021941819435,386.03923679800545,39.706867710180134,32.65307168837953
331.4013400721126,385.88386727970067,39.82297179647821,32.5645868609106
312.43814398819677,382.00196753500853,39.22937495063803,32.808602376600966
309.00257810146195,384.9404325978092,40.554407538164064,31.591190969719168
303.2656365613124,377.8778186482058,38.10035978655389,34.3818565672903
317.2497856157472,363.67771984966384,37.485279756297636,35.06516955133703
305.9899174957128,402.39846369694686,37.401294377714116,35.117555452962414
301.77863033085634,382.7103318347432,35.150105432280526,35.34676259777987
302.84754714271537,380.86889130420934,35.149485992369875,35.347429637164815
300.5948200228668,376.4556887248189,35.05441103818875,35.352868075364626
303.3377691398732,411.67876349432817,34.89381111350217,35.66073159786954
316.63253355195894,396.9563372353275,34.818072419945906,35.22193810451834
301.33666849902465,382.2188245658913,30.964493840511764,37.66626848184301
315.893486123451,397.28234710883845,32.36383619175673,36.28663893855121
312.66475042198937,392.13734776131815,32.38704007377549,36.29434717491257
304.9021863932353,382.5124307871478,31.795011148861732,35.95625998067506
304.384403206663,418.41820104850274,31.701937227931193,35.35380301509415
302.932302488912,395.89869862963076,30.67139692797493,33.355633627984645
305.2245123541015,396.16759367870253,31.34649200625073,31.852847191950463
305.60496372516786,395.2617491047227,31.346364114963357,31.853482467801687
304.52424270881266,396.4215629604646,30.66254505071931,30.93266490455695
303.4899456166252,379.04136527680055,28.888172440126567,31.15218197598666
306.14114178001967,417.51510370248565,29.552589386103804,31.183205490827373
307.4163030707234,396.00999359434104,31.51823798847318,30.457788042321628
303.4069951637091,385.5533187734702,30.56782819062432,31.515682285503757
277.2979586409521,427.3575631964417,31.16636388262267,30.948079364853825
275.4749305291559,429.22544947036727,30.54683563737358,30.147098143525454
277.1391603923533,430.8747878749515,29.94269989893965,29.118949889273374
275.73751367627995,435.36098710519923,29.39049310983388,28.60177546594835
278.4216408814188,435.1397451859922,28.031830755830562,28.133316630679236
280.891289511532,433.41493543631003,27.542706396757723,27.683420739647435
279.72706105555113,434.47294747611835,26.59005135307676,27.094225306690618
281.3952958315109,434.9138957266704,25.6990349681189,26.453257589599378
282.8050300564685,436.4641465494866,25.21437820567312,25.73095289869413
282.0178553635381,436.57813458157307,24.317854235668506,25.211498766884652
283.2962403021755,437.4885486652447,24.12562112063126,24.530466498932526
283.01124168908626,438.76926528678194,24.086379543423085,23.66256965665304
283.15277428574626,439.28919161224985,24.07360022470821,23.265262050139476
282.6956226805956,440.03684544828883,24.038175184505988,22.595755929403534
284.3689542716883,440.0622576772789,22.92605532583741,22.288908898905902
285.4188843783718,440.4745081012699,21.982935539487666,22.13255734339289
286.1208218358148,440.95117470955375,21.075228701593677,21.565407358894284
286.6192547241512,443.251999804484,20.394009245502396,21.0367742893951
287.343873481787,445.59022163737654,19.687756680773226,20.538517993910272
288.11628621873257,445.3083549945252,18.903910263240338,20.24864273097188
288.92672952418894,445.5956824477824,18.381461557639227,19.658385674456834
289.4075717692066,445.64234455297026,17.715169223251262,19.010999216804798
290.0103562420578,446.3738574200863,17.216220553523037,18.16603574033938
290.54279805556746,447.3606235850376,16.758210200353226,17.78661747560708
290.499423723964,447.7378255013903,16.560702911917076,17.220096274918824
290.9989858412807,447.89601282715023,16.170320377932974,16.73973811445444
289.2376562167485,448.20128241580403,16.207150512083448,16.22938106062912
291.26474574697676,447.947933244298,15.893411105023628,15.992250153305427
304.6614476510895,464.3239929470728,14.697367907760103,17.620612467726552
309.19955292142714,472.8007874109534,16.09497423872783,16.79427993339795
304.1739537033066,455.0204056324074,14.42523971445857,18.191656191905956
321.0923188152918,462.2418246387233,15.300763061044947,18.677406092787308
307.3728473809511,476.1213325558384,16.120582470863898,18.141254409558112
306.5681971340438,476.14112072907574,16.12163890320848,18.137358323592682
306.3259969622455,453.4492472266162,16.62757556166518,18.298677960347682
325.9073920686279,447.6232308861043,16.401854288109227,18.052706109511185
305.2071370497474,446.6482913180055,15.986820197452346,18.48964448128159
305.79326416306844,427.85299508160375,16.328717186363498,17.85145811497377
308.5362971258401,413.2454353451078,19.290999306169333,15.825885449293713
319.4315299772885,411.5683574242038,21.060763858399504,14.615794636591293
319.7674529157784,411.49303617258767,21.065541504654966,14.612897214009838
319.99214341516824,407.0989849052424,20.865455159410157,16.249385559552483
303.97643273889275,417.26243920785936,20.09598463574048,16.829856104709172
303.4214764980515,434.85097370678847,19.506837869452394,17.450997250893955
303.6907481250713,420.3598955373538,19.00028484549631,16.881010492839422
305.3367585801928,411.53079477776595,18.98664432923526,16.818438315115763
307.745560229506,408.3585077874355,19.066896312438665,16.72644594293245
286.0088213090614,404.2107143467406,19.477134102058354,16.86278542594573
302.0462040502156,403.9636476743053,17.78579910070702,17.499487806107954
305.1763228540581,419.0025040060401,17.810340564829794,17.8273613853141
307.0564823205381,418.7386824834357,17.825391514453415,17.810599208583866
308.19446410831716,417.33575891155255,19.417886925177594,16.5796998504276
309.34360642716564,416.86246468088495,19.442875707814537,16.560091119093876
302.9603201767751,413.00170159588026,17.222769131447215,18.31455386213183
317.7318914694291,434.8411777773753,17.40130241894194,18.002544858516657
305.1629152140854,443.5402101571344,15.94197824200732,19.654000591552194
304.1916191871251,457.17028658475306,14.638419563887386,20.589537891344232
312.4683502253508,437.425545697053,16.00243795618614,19.107290388179887
306.6602401917013,460.6528643544566,16.81739326060669,18.545036648812072
320.525508590308,439.88018319461,16.676440813979134,18.570532025145926
305.4279789167316,440.57915379581453,17.60680022521887,17.632724673311397
322.0504755275009,434.191304635987,18.11406911915875,17.53241305186528
304.3758584727147,433.1409779412533,16.499485632295663,19.52014940551461
322.6732086093128,433.64976364634896,17.89789983053499,17.99263576176086
334.0123307804483,434.3311693270701,19.750579331647785,17.059151679647957
353.81047810976,433.3582293848119,21.114802556325156,17.89914880030166
351.40604960243905,450.02031341473185,21.38059593037258,18.478934292707894
354.74391748263724,462.77399244879683,23.980858285515787,17.211667548430416
340.35756022598935,438.76426892176494,22.582622862898454,19.033169961381013
351.65356502811875,452.1385553909621,23.455920494357475,19.744294746375292
352.67130739638185,451.67305106843645,23.462521882251448,19.737792960613792
354.82222345803154,467.13742658300873,24.877515244181545,19.862480118114668
322.7672714760163,450.9315110813158,25.38209160201083,20.33216672757967
317.5972045451894,459.9823200273514,24.872471130168453,20.97342679571353
308.00964873892644,469.01358416107576,27.444927331927843,20.34245141522772
298.1833250156851,438.45859556755465,28.60678155026111,19.60580613522894
300.12240479242746,458.9390370063784,25.06674242748434,22.142886209241635
299.6446671360993,460.92674127416325,25.032009829602867,22.181034630916766
303.5292463091814,436.62970699371743,24.207118279550727,22.438170055822056
321.8364125124221,459.79809206114464,24.55284217800105,22.55092384674891
321.7658526612298,488.65204772092045,24.21505429524159,23.479529098242168
321.2843440812966,494.12219170462595,24.261856929408424,23.41965513992543
336.5318820255103,499.92824342219495,26.38714999850047,22.518718086623426
351.0928580064651,516.2841270454193,30.259449287811513,20.89360168856343
335.2313277148184,539.2576421921532,30.23807742176418,22.345771834548685
312.93163557437254,556.8403288264046,32.22030472023408,21.811563116827184
328.50008032961057,580.2407204658564,33.632994830119266,21.341102103548664
306.03213915757846,602.5843534194706,34.533659889027284,21.059697097198942
308.92278046626313,602.5571111127998,35.84192728996849,20.859582228719553
312.74103679883336,602.9908827829734,35.64561590732922,21.001514357961803
337.2964610193544,580.1324258362655,32.93702729294724,22.56495916568395
327.9031868552538,601.7561974440442,34.19858744670995,22.387087580985852
335.44205997539484,572.8400406848749,35.98104399573464,22.325129248738772
317.39886790920355,602.5622827740109,36.519755856388656,21.87018517056441
302.2284235985635,627.553026071657,34.339354652229325,24.62164687849475
302.03410748425625,601.9845673662182,32.46506220967069,25.620327289860505
307.4917308985736,613.7423808336575,34.61690255449791,24.39845683996739
309.3526663719587,614.3566031522862,34.615692055801965,24.400032368153383
327.34181763042847,588.1487285679037,36.4207032900832,23.665497723441838
327.05992506209316,614.2572944839065,36.1836801758497,25.30846949861396
308.3865134864566,642.5658600944254,38.93420892404675,24.97916863035941
298.97080263653476,667.3600788841389,34.41220082957888,28.50620575186015
297.4190709472578,686.9584262154466,31.03823481817917,30.589265727916548
324.8262595981934,666.9136789590583,33.30949746992118,28.78536195578119
306.1974908083212,645.8628694738709,33.28672346519293,28.966174041390232
269.6552458584873,596.9701434149051,34.47530882384511,28.61264910854063
269.6135500852441,595.2883415942745,34.89689012124136,27.80190248811376
269.03928697635024,595.012616133805,36.35070179282547,26.526473550081988
266.0416041295291,595.1725789569523,37.54092889851607,25.482179391156887
265.01854757522773,595.206181743647,38.08984104123748,24.978304080667
261.3963967782336,595.12354543444,38.49139399325791,24.447351890388042
264.50055242412515,594.6795827786913,38.52244780233549,24.16664600586339
267.55866817455797,594.6248386798114,38.290750183610925,24.043115626524312
269.7358368934226,594.7640646213158,37.97435420172283,23.95704934253272
270.5194601084327,594.4554940419087,37.63981896764821,23.850584749355775
270.65654685949795,596.6741412120228,37.2505289810546,23.86658325580697
269.79386046470717,596.7600987638425,37.196212458654905,23.79281490369074
269.54058366688736,598.8482822041614,37.16927056851196,23.721153356762628
269.8051642135422,598.7371652743507,37.017108436174155,23.600673234517327
272.82252091173194,600.1119326855052,37.235366688964504,23.505154430122136
269.0287432010071,599.8271608052221,37.78478133664096,23.18882552862089
265.3857501725836,599.825015063889,39.533820143121865,22.656111229159567
264.2560774867964,599.2081824079944,40.77999014638713,22.54575700874514
262.71091305244255,598.7276436653368,42.18631995351036,22.58443354267476
264.59860342092884,598.610636145579,42.440602302475384,22.67463188757325
263.10031768631,597.6418931196699,42.767076182220165,23.079479389586623
264.476518982309,597.1486706154795,43.00545656637273,23.190005532763465
265.3071698012717,596.6583913177409,42.8823367102161,23.203921986898713
266.17216933920537,596.4501836294022,42.31186624743931,23.31178065786267
268.4120707918822,595.4887427994291,42.020596648207466,23.38192107635392
269.20515495813873,595.5992797566607,41.114668410356124,23.150824972422456
270.3967312543884,595.6113281811283,39.74188905260564,23.13576708311721
271.71913524515435,595.5152176582209,38.73081887357915,23.046187680037495
272.3369825445041,595.1185745138296,37.80341499486567,22.71936178811022
272.77121386746694,595.4242902612449,36.977967314891416,22.288087477880588
291.18523847374297,596.2115800960723,37.35148670585498,21.805418766515718
276.4425406268213,593.4967415825361,37.982678221841894,21.024734789712426
272.98068136736754,596.3552132182921,37.04257380373775,21.113035010326865
295.0766147534494,596.9049357220368,36.8090390933415,21.204316640677643
275.3366562032121,596.8267118905386,37.088161973845416,20.84992007302227
271.13992735808597,597.8429296832312,37.15413744058696,20.912723650082242
268.76913436505106,600.6589992858296,37.7038489225674,20.961112608795307
266.82122818690254,601.5987809010065,38.492669987818324,21.227035018013506
269.0539514106712,603.9627130095932,39.35231299493188,21.306079885160123
267.8452985931492,603.7575995967783,39.42671239332728,21.551416659901992
266.6947201047264,603.303407141479,39.80336902398911,21.70671077164566
267.7703786266168,603.9429185591363,40.40249758453268,21.571135335470654
265.31895580431285,604.3287284709467,41.09120281394898,21.835628535607736
265.98040560515426,605.860924223594,41.77936607275499,21.56133879689954
265.24856210910804,606.706469344831,41.944779382253145,21.795381901936803
264.40335481145496,607.3147559420987,42.1820909120686,22.214025897190165
266.6254107307164,607.7536892836326,41.67913069250322,22.14128290091265
265.3988596165981,607.7416976061688,41.55070330343033,22.46963186095634
264.1328060365222,607.855742412211,42.18883913961514,22.58323374285992
263.3159150184195,607.8551697244517,42.51692766862599,22.915059876139665
262.8245344241205,608.0869025904298,43.32957919779062,23.162943869906627
265.25327820345797,607.2362475152177,43.67643734224069,23.150477551100355
263.3941684438292,607.6157218104391,43.55621382065049,23.259426292371927
261.8409624040845,609.0808938768373,44.04563962542059,23.431357292708448
260.66940151170104,611.054352685285,45.17101062245253,23.5617235350659
258.9338818857153,615.5402082193986,46.403905238269815,23.69049063914112
258.54547093775733,619.5982849054992,47.81084282203291,23.625518106478545
257.87513426259744,620.4865210985103,48.62839833206259,23.76840755021403
260.06859568021434,622.0622639835038,47.51758090072889,24.672599194167415
260.5172020702852,623.9398271573166,45.45653795949264,26.092203624282284
259.61463213027605,628.2624419031234,43.9111662886076,26.168071125161333
260.70549015983323,619.4074289010694,44.8473339117442,25.446994376583856
262.13534446025767,617.8495348499629,44.786380718228614,25.441382122504102
263.88105107328875,617.5683974856338,44.62706549936871,25.17274092327532
267.30936237813415,617.3182312228699,44.47685997341812,25.08302024808141
264.9094388476676,619.6922650529617,44.163051467181965,25.089545006568326
266.73111032499486,617.671808278008,43.29623734782412,25.4347762692596
261.00276929098504,617.5156589601909,43.65438960016985,25.037944856142108
265.78782952864617,617.5734510215648,42.884415227752974,24.955345988516527
264.9045775532183,617.7215780351405,42.9199305568969,24.814216849188984
265.08910263313265,617.9328968183819,42.70785600911252,25.056750190680447
264.61553203562147,618.5635702895221,42.928643916438055,25.05571413669052
265.64268568897296,618.5407350562426,43.33060921181644,24.975441538559807
262.66198279127303,621.4554369522566,42.36437361546214,25.184668232066574
262.4007693309131,620.3562861446954,41.06839037802471,25.453858604894588
261.26857622608645,620.109303472158,40.01714352912997,25.360098787463258
258.9653933346723,619.9321641940332,38.14602651624291,26.583502471505177
257.94920736856375,621.8241104411728,37.54584797047852,25.90511758945441
256.8711486249409,623.5074952507318,36.61800659351217,25.547451268523652
257.17325049996356,622.5963395700368,36.24296914257145,25.672045082497164
264.6206586339604,614.4957123413683,37.253430126775164,24.366015375405404
269.16395433896145,610.708408809982,37.62971408298388,23.56878482221125
269.0880378016653,612.6237754344953,38.60894575577042,23.53323737755152
265.75008097970084,611.8806195266536,38.7702781962386,23.474938454480714
262.2597827341616,613.7653198611827,38.285956073883185,23.61917709244463
257.74354726009085,613.636702767144,38.00528519920972,23.687359697112754
254.56441392440922,615.8981811675246,37.931174532163595,23.487247878498675
250.95788341935986,614.9633094505072,37.661135127986185,23.535015127688606
251.98748959355632,616.8157432162432,37.59910336068613,23.685494037485505
254.12154939542683,616.2295340039857,37.64696562187429,23.821670334582038
255.38610605459303,615.7751752092494,37.68426618293641,23.789567468503513
254.33690169073571,615.4751503555026,38.496912719832295,23.28591165059875
257.52408024420237,614.8322428259518,38.36384236750711,23.33249536166275
257.51776010795146,614.7835681129196,38.54919955561633,23.18704817296082
258.51750802467177,614.4296950197521,38.4276721526949,23.083216741173846
254.85088365704644,614.3584647972373,38.68711174106441,22.93696253891031
255.0948517357529,613.4902025937447,38.26585547857564,22.979225275782895
253.11858632172664,612.7746183361918,37.71692718492406,23.152849869418212
251.0721601363774,612.3698341375454,37.7198189805188,23.202340372977076
251.6440958023339,610.9876332002613,37.620390421471065,23.42145416160778
253.1828821123292,610.3183451664897,37.6850592794468,23.194711883127233
251.44131382058987,610.4503388718917,37.61436476246158,23.26308161071852
250.74858093384665,610.901977892115,37.61480956464982,23.375798119069376
249.76049508186728,611.3931039261176,37.773751640045624,23.439559883156566
248.30402715483783,611.3486358626436,37.8832910307104,23.33525292376647
247.53612709746227,611.2809667974826,37.89227739996281,23.33470413160987
249.44023451749808,610.7686853328094,37.77375672607468,23.202532594403777
244.85173282715263,611.1984586654594,37.90735934230026,23.26695650920457
246.40483518489822,610.8943066342935,37.9657099380121,23.101201633510115
243.5892978557622,610.9953926908996,38.00380373462028,22.996514168525522
245.45393360717622,613.6959976837352,38.271112832530775,22.719033411827592
243.4822648665164,613.0286981812881,38.27897186498265,22.663456001278632
242.3385967880519,613.859502836266,38.62253928221134,22.808023711395688
246.5957443560113,613.6849635449322,38.53109570879252,22.829649783467783
241.6856860253298,614.0421489409235,39.73173319077317,22.513480337882584
249.24720900934665,613.1612989666825,39.4022253163064,22.691066688494967
247.0592290438682,611.6960175238553,39.14475667365487,22.73925600275342
248.059427000126,610.3123663678108,39.77474759051549,22.58602203516392
241.66071637416817,608.3503132114697,39.79015494930372,23.013335792990695
239.40659430326934,606.4618278171731,39.72969353232454,22.98201514634225
235.74037372461348,602.1994392628761,39.649466938324004,22.94939441252894
226.39199374321615,601.4773562999127,40.20413133532274,23.033973026711184
231.2768962475749,600.78861086491,39.96255699371949,23.05148283668862
229.9154588979276,599.3012615013573,39.88037345212358,22.92545495933223
226.9238710564179,599.1297894343677,39.996450803691566,22.815346810978
227.73146970550627,598.4368455383589,39.771853590773354,22.801167273589023
228.60280245753182,600.7825864798886,39.38659935209546,22.74557682806027
226.346279745763,595.72934348986,39.19927207971024,22.6156803236813
223.44679863290642,591.5709962424079,39.20193961624492,22.460939271710494
221.04911092662493,586.8524624594345,39.298292258879925,22.41194097309419
224.96203018864594,581.1447788286529,39.126061580144345,22.489578780616966
229.28339912702023,572.6630870691129,38.96574271737279,22.384419819228178
233.86869716713386,564.1593892692774,38.84903209704543,22.347887272536738
226.62699029197015,560.4940607180449,38.97967313466534,22.67663988739205
224.93104612947823,559.8051195991497,38.995633296120715,22.686405388770346
221.73579371447642,558.9712486839263,38.54567925619026,22.692385577714756
221.40398974634007,557.4872038713743,38.47998597824481,22.736200996657345
219.36519241062283,556.519014382816,38.46512192470373,22.733166783886055
221.43560315742113,552.574771522079,38.61353030094967,22.661594769916665
216.25358544660185,551.4922109448916,38.814103083733215,22.48595307066924
217.83488469562238,547.366280062885,38.58106810803103,22.46345131692106
214.49994893586995,542.7555614746582,38.85037161911302,22.35584129031081
219.25825203750722,541.6012374253515,38.90338650195913,22.214307904701638
224.68403107349948,534.0296885170768,39.266284034527814,22.205618917051876
228.9236784868707,525.8176549609445,39.22425078920631,22.154752405048775
227.5163018538412,523.8703847587192,39.425899711850946,22.6013343401086
233.7087700176102,519.0750088785611,38.73644277731835,22.616415858115296
230.73899294881235,517.7306935091007,38.51420654397286,22.503403463872722
230.6902264368961,516.7969929150735,38.27815704732044,22.51158676977069
231.07170743616732,516.0350844764491,38.308304227321116,22.49587468106936
234.59817225190085,515.3927173871023,38.223562404844536,22.474343624815877
233.5725335509734,513.9086828395568,38.45913105025264,22.66402445811171
241.499954444625,512.4158421466652,38.50476095026631,22.65934606072232
237.82795710701922,511.5075323258204,38.442394045582816,22.77725311505533
231.551975822922,510.62687553782763,38.54668949189006,22.849010330796254
229.56291098826858,509.16170726390266,38.52981689145201,22.854221041320052
230.29854080313189,508.0772504940681,38.4945368664465,22.753447882075612
223.60854948925842,510.50329081211254,38.793713715690004,22.755640565231108
233.9164275024252,490.86279385062625,40.54175583083595,21.794755978682208
224.0939551863214,512.5186917689877,39.687823891388234,22.270351804556995
221.28764285709377,512.3990694153711,39.69199432239603,22.181847199866237
221.70673705692465,515.6995958752439,39.343545281159365,22.113252108642506
226.4902864296065,514.2945681614494,39.12143821975566,22.098756430732113
228.15498633800135,513.3129119697439,39.1530363182339,22.152714961871002
229.45399179545237,513.2610649248011,38.712255542110555,22.232292226444205
229.69295860282773,515.5690847183785,38.57799724273988,22.299924113746293
228.07280113613288,514.3753733808385,38.737178572079934,22.15944800037403
228.19125796831037,513.6874079605799,38.437287131793624,22.244537857500564
221.76872416563242,512.8309363392553,38.73253097616315,22.406112505980033
221.93498292897445,511.6867927190721,38.86650419502352,22.28101197092531
216.86367792594496,511.09296590020006,38.54925339938575,22.27669847896214
214.67170985761513,510.20140427423934,38.2805081853374,22.27489877346321
210.869902491196,510.1597471725839,38.17147691063781,22.26130877347839
206.18618731227477,510.0918324458873,38.60377905650518,22.000767011289714
203.78868021612163,509.83226618487066,38.76055434195107,21.883113251260426
204.35074338206613,509.28211537368674,38.34212775190247,21.944626674203462
205.44369967939173,509.21461768139966,38.218361344079874,22.047779804675457
202.91701156144356,509.5919772254719,38.15586424318425,22.082556661507788
203.63396548073047,512.1460746721663,38.04614010707929,22.1236966756508
204.25686285266886,511.0281523848119,37.919198574605375,21.933180643212307
206.928024383236,509.7636328983426,37.95603782502506,21.77584733602997
209.0683519095599,508.34041177865686,38.10275761215996,21.623721517387576
209.95924854585073,507.19762298973944,38.05756891092081,21.42460008437346
210.61880981228984,506.26438736814055,38.05599059992065,21.448976190928708
210.53619235482225,505.77900217704746,37.95283649846596,21.707061464930153
211.97313041138614,504.4584503838677,37.74591013433109,21.765882508107175
207.68591515541914,503.0894598013728,37.59206534719285,21.80256877411024
193.03275408785146,502.73662291329214,37.91268496767976,21.4501505521713
190.7203856274054,509.36672389682286,38.06409425185316,21.455366637783186
201.3578662942646,509.5307137999471,38.59614356876948,21.396337502492337
212.2759929627275,509.72811164999143,38.58176866507118,21.389670351264183
