514.0,199.0,49.0,30.0
515.7371683540566,195.23757997259784,47.65011302180619,32.247358498865594
511.6850504658522,198.47080447716533,49.3764501051303,32.30191273603797
501.27805084764293,185.3960987349247,49.656340225948284,31.8666779955437
501.43527430983835,177.46169919509538,47.82160626466171,32.20673333130581
513.2121872754174,174.3896820289055,48.70047953699479,31.554922155110134
517.0208922313894,165.20197827296866,47.112652602345534,33.16853653038713
522.6438764784879,157.9837536135852,47.67532935656183,32.4531322877527
530.3612585800646,149.19062658613512,43.58047947530779,34.94570786822656
531.1278105690035,128.0042784669569,40.430812654107385,36.53886690565532
531.240319544846,125.67273514570554,37.93993676747055,37.714710849488576
538.878012332599,112.53111366051257,39.10651629511385,39.32523958647607
532.3869281699434,108.15199534751726,38.81516701178256,40.23782458587979
530.7148684769056,86.86999039274195,34.17607392684969,43.50745430744211
531.991090510805,77.96306063344586,30.81419741209447,45.521925894210575
537.3416916304644,83.56058500718439,34.52808191899139,42.264306574834116
548.0302249146325,86.53758892992194,34.99285418732505,41.715940285145145
565.5759258603504,81.50334557054569,38.60445904027423,41.210829095877614
561.1095414668903,81.36678370526701,38.60524197209175,41.21130332964124
560.7087754374976,81.75368427815883,38.60532914276214,41.21101055378023
562.015873842339,83.54346793525414,38.607508971491825,41.209844805141344
556.5013905553265,83.99553511262252,38.61042593156446,41.208656445735414
536.2433410229547,56.44033353118053,41.21990115597575,40.25822281662722
536.0963217384153,55.628461596327426,41.21903328765765,40.25342473992227
534.8158330030323,50.53312858392536,41.18027120687959,40.2319430520189
536.9576616800648,52.8486617114834,41.18065478070144,40.232038963498276
535.6895853040782,55.6590381138332,41.17835490740003,40.232221122024995
533.581454857521,61.74280690349995,40.81923213733693,39.58523331686142
531.824055139634,56.54116384875834,39.692468157583576,39.30900358772159
528.7343243326077,23.464318162947738,35.65598357412632,42.21418650597365
550.1054817581029,58.36431831331178,42.59484395506966,38.7862641471401
532.2713656878434,37.677912525446416,38.043109207160875,43.2591314174509
528.9431094425839,17.779012593415096,35.72492649199116,45.30183866066393
566.5324676526592,4.665721792445794,36.30148961285646,44.37759094741699
533.431259476224,21.704269523407767,33.88902254287518,47.20031772060047
534.9245170108612,63.89334988852722,32.92707078613125,49.179586494756094
543.375975148221,42.97525774250717,39.2848928842146,45.7368401227337
541.7314739320797,54.94075993034967,45.161835770980105,41.14080240659458
535.5722494317058,36.53169276156701,46.836926541136904,40.66233640236304
570.1641916461617,31.093606762065576,47.60245159708853,43.01548479601922
569.926487254944,30.075615987177322,48.80477806360209,45.34542658925925
534.8521570519152,88.44695438698368,46.746758171808025,49.33878036825982
550.0252690229032,51.393532273124805,46.82170160348929,49.1459038318174
544.3716145632994,36.459327258002155,46.11923345360524,48.81011121008517
542.7093170889742,27.424928685827776,44.76122122833597,49.18654270807162
537.2778008341529,19.765557367164057,46.69929455523935,47.36103829034535
527.041408472198,12.194006819758165,41.676374628270146,51.67856737130215
537.5044755608458,29.347925854675676,44.01811612236125,49.430337760939786
513.2059493310351,36.26512617738817,46.84395123579126,46.701851231420555
502.7521436151363,62.301787362718244,51.67023141453714,42.89204814786979
548.1398314284512,33.424570973589745,49.30344038263392,46.579761870951
533.9475958738986,49.35193432227954,47.39213512455153,48.26504371849329
543.1365874008253,46.12882851190988,41.64999630135004,53.829687086192294
534.4748808287,47.81435639545537,40.801116736250215,53.64715151220129
528.8228609525224,47.73073759646642,40.56181389827321,53.82027544696773
533.4984812689939,46.13319233897046,39.79402358271306,53.47062385456829
552.5931227653832,68.37819750961593,44.555790394621795,49.06376628427344
535.5327780078984,54.51191635352769,45.49191722648606,46.75740342555149
538.6552352841452,91.98932851631919,47.71638877476158,44.00626104576926
545.101685188712,110.41737361901245,50.299406781789955,42.25114587700384
529.7149929942226,118.82333509213534,49.26899058788301,41.907038329927985
537.2541055931149,140.12262355319578,55.71393586128986,38.76915095248482
534.708982183946,133.45100317178324,57.51683965442025,37.25575948264391
524.4201613378675,124.9262187187494,55.26771437880372,38.805100460549966
529.9072341663216,165.57203254654112,52.71820174801868,42.47115255350165
529.8063431474163,164.9662283498037,52.715922635278275,42.472225539910134
532.4694847717952,131.39840524809102,50.36945224700936,43.62271854509335
522.9207507778756,122.05400691045536,49.71235976426766,43.74611223574553
530.2636487153146,81.24304043374836,46.19791913688719,45.92657790400326
532.0778230643957,73.36859856465524,45.05784572826032,45.637890688820356
533.0185407410943,64.39257448392104,44.889887867195725,45.2343728255085
530.3196303744534,32.67247969403397,40.71900018067767,48.4216365324799
572.4454515222438,36.54314327477661,43.28075052425696,49.60771186733251
527.6584711353235,74.11006418508461,37.90649962817589,55.43592906771261
534.1864675842902,63.22607975074342,38.78254026906073,54.54156158690767
532.9492576478553,63.161568252356034,38.77430843142022,54.55341539720956
534.2784953198184,41.44724711370259,37.88749055438267,54.78360949336411
575.4247811590169,57.881766979213424,40.55278935938395,53.208410170667634
575.6023371562661,26.257288521829125,45.31420444542138,51.09305586717451
584.8738734745355,30.661938662843966,50.70274573100188,48.98618058819659
608.5753630458629,53.154762222910215,48.70405583395241,51.6557840173805
660.9560849826962,71.27505606365756,54.57017543684843,48.02816859540731
601.3619815942515,86.96271009466305,60.07622278990961,46.92659367243439
601.7775683940562,88.51344437179326,60.076379251259205,46.926656146921545
600.5048124353917,117.83404628026634,58.808068899148346,47.36238332973123
597.8122359065064,122.96775635565439,58.80578604383295,47.36403761895758
597.244941028429,124.89662417119949,58.80508362755589,47.364249575834286
609.1927084452732,151.01905058734565,57.94023803336957,48.22037178016306
573.8205329460988,81.27390776697266,56.243831280253545,51.332254710948106
509.52770052813,34.34585810465866,56.864797324687046,51.505584260185486
564.205464456952,53.363255383756474,56.75951360766813,52.72157552962658
610.198262548352,21.619368669955364,56.639426458071185,54.28874806611552
584.3133240428514,41.56602317420624,53.80899981917014,55.654399781490724
601.6490897908465,46.71044976902247,53.75945089764293,55.80435503302037
545.5623614602292,34.085501025542,54.18795821805712,55.36868466414634
486.5394122202567,55.4193147508498,54.241150399174025,55.12966896890184
538.7297675124854,63.36658886827123,57.614719905048624,55.291696509205465
490.0138013489053,76.72083479402319,55.956777964630604,54.71549072947889
492.57074722415746,89.5200912809414,55.053744082320904,53.67591482839637
545.4929583393333,74.51252140629902,55.253381605387226,55.51774334416064
497.7584480956755,90.31148540958516,59.64228582073021,50.67589787237838
544.730172688005,78.37579831694752,56.86729366732118,53.83872255814194
489.09695283643657,85.06805397866171,55.34180984750874,54.59767627682781
542.5381015408933,63.47442352158536,55.1300904415249,55.46862630841217
490.99243131636456,71.4320339065726,54.36025535347313,55.55717636668476
449.4062770891688,66.21848884693577,59.910684230227936,51.75909635046038
451.1792545659052,58.04174769544572,65.7061780606297,49.09165313158987
468.1904472546428,38.37396225281891,71.30511150029321,46.23676762646263
463.6096669284408,34.55088274900508,71.30143567961358,48.40381305529392
467.9480273697182,15.44124969980134,73.59167570404122,47.29513344447288
529.604486664005,2.1818448500166667,69.9757023058974,51.34095501538012
478.2098803247073,16.231056144952255,67.81273602941467,53.05826728879019
457.6688777890764,31.74034860109576,71.66657642782477,48.82791899454517
462.5573873314567,31.79542063487772,72.45100830131612,46.77181655105047
526.5406315562208,7.438101722944058,65.49817646799895,51.552769072183416
490.9694387682864,46.03217829744065,68.13585470744195,46.75035048129569
525.3323516409898,37.190352003949734,69.04983761682023,47.085404588052924
535.5976484186364,10.668361017952122,64.4440201387977,51.49469722899346
533.4126136374689,-7.334980763963809,68.63201376851055,46.07175051328431
536.9635806794348,-5.544317101508685,70.400426707589,44.67114876286747
539.5524536724638,-5.030797171321311,70.4605218508342,44.631690393963055
528.2217019183344,-4.317927392019673,69.51459204000119,43.339007043851105
529.8439088671638,2.410005973924317,66.5499698849055,44.93124555183129
529.519143946645,-5.572351790683491,66.92558276618047,41.83206871654495
533.3391032459125,-3.6786923276440966,67.88417777085611,40.078552299774024
529.20150788714,-2.7066695043650384,66.78913876733166,39.61660988178494
538.142896109094,-2.3016034239512315,66.87274721111905,39.54870187781386
525.4309932070307,17.21290592990993,60.74333798839017,43.80540780998412
536.5095123018888,-3.4462683419578255,63.92515935677943,41.5011786864833
535.8934266600673,-3.23598112618674,66.2645812116731,38.891542374829434
534.5157975530306,-2.101429623117429,67.12024070805722,37.568900330986345
535.9995403214791,-0.7004501082495445,69.16801825175713,36.03743135156643
533.7456399998132,-0.06943386971022747,70.16512367604902,35.52064474841587
532.4808137405744,0.08683632222277637,68.92768253607936,36.5206677838919
534.5798535223764,0.8404268932639951,70.21473042151084,36.00410636083794
534.9010780425289,-3.2145142859450893,70.26136227519946,35.54542430427808
537.6169706936687,-1.4380185120289966,72.71192837138773,35.002526683829316
536.7552041469123,38.314932979086606,73.4376696977802,34.46811265423482
530.935365918884,4.4542076052120905,68.19063503323119,38.346637376593236
529.6832732228632,-1.9074920258442276,67.24852826333125,37.330727327792786
530.4932388356367,36.634005755696165,63.436202065936804,41.35514601031746
529.1662994430869,-2.0013243676630026,62.6227253613056,40.18069212129362
538.1725767445321,40.71046023639905,66.47319833104707,38.87670604305232
531.8721281412644,15.963198439981603,62.15427856675727,42.98429344814308
564.2942982398026,63.4728997530113,66.60788148491531,40.229951246888376
571.7654497528576,21.062345373553573,60.191999052066976,46.51578931488586
536.7124924674577,35.95618091879252,58.942032885562085,48.67236070182496
535.343695327952,3.870620560826488,59.98273716804488,47.87887417898749
543.5045154538776,-1.1887443475567565,63.22978626250706,45.20004902596638
543.7842718401797,0.48732794331031215,63.2516267966733,45.18474531222846
539.9159688046234,-4.595475814491124,66.56541516072416,42.536601607128205
540.845018232511,-4.7179089248121855,66.59620406797224,42.48886180183611
543.0443434351843,-4.625039519577577,66.62506249364996,42.452897945089845
589.8591315096509,43.730046203392526,68.11629017772442,40.906460935184796
589.1250311016196,5.639065191573415,63.838942745496006,44.59031504866677
534.547715120959,43.401150056240105,65.88679370095801,42.726416010251356
533.5664649429193,4.374177072282716,63.32974325671383,45.05183109437707
538.6279991234003,55.531073256156986,67.40410169171129,42.12568826276134
539.8513051532732,10.583752289691322,64.89822298650418,45.1388680985247
534.2702081761221,60.89423882998695,69.96538520252516,41.7737925399061
540.6900222439535,47.736578023145505,69.05259975637647,42.95791336318372
536.7949815889006,11.220389962761232,71.53612007328763,42.1262834414718
537.0458464002887,63.52685198515883,74.1571531305652,40.29823335907894
555.1308012864326,28.39696187840776,69.70881814160238,45.49426235187796
541.9182329437957,78.69903710451523,75.68041593222296,41.83281514673333
546.1700349197271,58.28297876066696,75.87180309211564,42.110709727496285
545.5525944708771,27.043919455607696,74.70733358507628,44.49746633810309
575.3008214176639,65.25515924757016,75.94956148471556,42.62921649050628
576.5417573970554,61.60927015580167,75.83599759325429,42.72596684582672
599.1083985483657,25.035874117324827,72.4329399000087,47.56655317326868
529.9398122966734,15.41380452669825,68.40055979108858,54.00522474893101
538.4832986371365,70.09131062317438,70.68524352800914,51.98084762677953
537.6645855442441,60.295064165728476,71.38933744937052,50.36274064237935
528.3349818629681,70.2537753553733,69.37983601065304,51.483974497830914
542.299745856814,71.37836375456307,70.83822649525139,49.83269367933266
535.0945584186751,121.22704048059855,67.06978552985419,52.88707972921483
537.0676411737868,97.97364973710097,71.68192099161578,50.128354471825205
530.303739725359,94.69954665424038,68.89088004691851,52.5631492110022
566.7623929095795,134.6879786466904,68.56606482837996,55.680187813992816
539.2504416091194,110.38100464476909,74.71964806284498,50.51374793941744
536.11703088401,87.80620358530696,79.78859067547843,47.78803725316593
470.8497194649857,133.95543716892578,74.95030396762857,52.04455513231498
526.5077925435976,73.50973304956264,72.90880075474062,55.28165123725222
543.0137971650838,132.00274143746512,75.21577649711986,52.091868592306625
582.5373870279927,103.04541230132034,68.86200192266921,57.11270896298487
564.1255582014728,160.94977391577714,72.29045312429294,54.324989457215786
552.5935211854114,139.02077118910023,75.49521891361803,50.11445624479815
525.778137001788,149.76615520119273,78.85460590269099,45.9344372745682
523.5495565736655,130.67864146395226,71.55160917379187,49.83125887746712
536.5777953430663,115.43446565018905,70.03698458604008,50.98595991600428
501.91513783137475,170.4204637247212,77.79065959477474,46.10208327377592
529.7796851161503,115.696586215378,73.55176888264549,51.34379123435684
575.4349318748141,94.3502284192806,66.40338474031799,59.88023775306534
527.1380977141645,27.215775936890562,64.93078414071864,62.38420436335321
540.0063552557887,89.66166623502063,73.81833064194304,57.669456237796204
568.4739016787604,19.5704107616217,65.14347262876313,67.5195544648675
586.1562520176425,77.98402447768927,74.96566541413372,60.62444068019328
541.5053103686467,20.502358833527573,80.44281879269178,58.354404048594816
583.4749285521967,68.15532320126209,84.80019802617768,57.000448274551566
532.4050512577502,134.21583118525749,87.68380332307854,53.50682793644358
534.7722841232082,121.83441525757294,86.82559381965577,54.13514402948357
522.6811235677696,100.82361129566958,83.29094639415604,56.74401315324146
570.6464885374996,14.054775940906424,69.6024497310633,71.17839711960372
532.1269609032545,69.74728506849846,70.5064570869559,69.74973872770092
572.5261145478839,134.1976260539288,79.28049171664222,62.689068353519914
563.9539821189884,124.81883530920186,79.0964293954783,62.90239935469252
599.0828718629577,181.6306489728085,79.35438171906287,64.1834198546277
530.9158838323184,142.0978519497624,77.40614647663071,64.61910057064176
522.0617682312976,128.92163676682162,75.51622742537634,65.45548441247544
530.8801961777428,118.5208175310361,72.90508163838204,65.19775284315297
529.6366190893319,123.96803067044158,72.10457235542596,65.23188396027705
530.3765768200452,94.52483473870133,71.43484894254901,65.75372046487084
539.343432588835,158.42001803027858,71.32759347491589,66.71816040027102
533.0557220719461,108.51295857453081,68.85962232729713,67.80561000024314
540.3666824005538,102.18302829298608,74.37454058304536,61.59374548093511
531.1289985492199,70.22575018394357,72.7665304475785,63.733231508590464
560.4979679359378,-6.377813413415254,80.78688482599821,58.18803936737061
531.4605387606857,57.44503648530544,77.48736497215671,60.482784516218295
574.7656335061511,-2.7331272749991165,82.20063892116738,56.9726340705188
528.9752944291126,64.65563172769205,78.08887322758794,62.62762644111304
546.2267819388101,-4.667777823464096,82.84069328265602,58.26130772604251
574.3992575117971,63.70125809822992,82.208361918176,60.96404703988104
561.9490876879852,30.729874078202403,88.90455041223561,57.57358601499467
535.2742152451085,-5.854437705805584,89.16559214247128,55.851309924807516
541.2426010288368,52.443046425750055,90.78019501043957,54.274873461012646
530.7338833188235,11.0423662121854,86.69865429521231,56.68155005025133
534.378095411308,67.13194581308319,82.81835121925195,60.240733133612
578.4215089752308,-4.746882607977923,87.23454533164077,55.68900276870298
523.9456198459563,23.045068426468262,78.11925358286547,62.28369719639264
529.0784629498818,59.78643344992706,75.5361402166588,64.2116498276977
562.1673057756599,19.50436546038987,75.6878155270167,65.27857053577598
536.8965335865223,95.04583079806044,82.5691883965028,58.62313009480986
611.6220548425847,70.89020070191847,84.80775159726862,57.22229693382231
533.7995091214603,86.9935045227902,85.95853456783765,55.79033795846067
484.6396286073869,99.1079671305053,91.12872894559389,51.37553589671701
526.7808618130333,50.39217580377415,82.7047296363518,58.8994037064293
565.245529270618,-4.434466806027579,83.66058759227626,55.39821657495854
540.2100646183266,-5.0506034980577645,84.33367448963257,54.788540138500416
523.3388288072393,-5.6309363428993,85.03497026952188,53.81670041131337
536.6310233377033,-3.5069309236427344,89.61755432260779,51.169971692551215
531.9674558619936,-2.7600821851981827,89.98343133945666,50.33396360822879
534.2386044258853,-7.589477218655496,96.387494799747,45.213590314547716
456.2330037788002,49.98750380933753,89.14083781755004,51.64363552174525
443.6546100456757,48.9831761463607,89.66161797483899,51.33579137603449
458.4316479789027,45.197035356402736,83.05761535057269,55.17990327630869
494.8646808143209,36.904825147167884,89.42603149125964,52.32262752778621
467.2239620565397,34.19864532710271,81.63263990525962,55.70826402147796
532.1879076095008,17.566738944670707,78.5162646074428,61.629024875941575
494.9293104144349,27.34027784178795,81.69749097999649,58.98063253702935
557.7739069137152,14.508624946082122,69.78556543749045,70.89673068683945
540.3554545483004,7.951117415645186,70.77506187364243,70.37847548404145
486.32213468310715,20.246380863796087,77.20949945559136,63.84648702462929
467.4577246913644,28.0911671931638,74.2743408624168,63.08589519322541
471.70410247652893,34.28146158184484,71.59071691440215,63.517927532501524
452.31220875473684,30.205339954799623,71.79983928840623,63.003852846833645
457.9714214829399,26.807264292980676,71.85248278646795,62.02280585580479
443.1726736204736,21.19984123370901,75.18134180790936,59.833989292768536
526.5632845537232,2.17127208435371,72.85063568848034,61.620730405199836
590.5564936418726,-0.03852527534857941,80.25868772702526,56.05395408426018
540.6401338229988,-4.653969664243412,84.09385640041744,52.048896206776405
602.0900369524792,5.662172773294682,76.77250320542147,58.08448662161721
543.6141644384376,-1.242941019303501,80.00362903184454,54.24750313198447
504.8182997514621,23.697724749727612,82.48921826907679,51.88119005705701
508.48015444875034,15.138466722557247,74.27513808831029,56.450035891976356
495.1938289037036,24.97611410627557,76.64648378899953,53.595688771634435
507.6786657410803,20.722822805188404,71.76204570994929,55.82420378500262
503.8998343209026,21.80311678102293,75.1829349640315,52.26759744744642
472.294033700093,22.92575161319627,72.78698463094366,53.07949984311256
464.74711076527126,30.79243979285222,73.62493679331169,50.92900541129089
525.4419654443644,7.205992158162008,68.24490150739092,54.10574971021233
559.6484028729116,4.857775963923771,67.69536893545292,54.861080786051474
524.3135060556639,4.269698859532127,63.77432699865931,56.963357541030746
580.7344960726376,7.494230007173439,60.95267167174291,58.5667492404991
646.6908664458697,11.713982070612737,54.33064900389209,65.0385114405248
584.5120756509255,0.7856431488091253,58.35243805227668,62.75898551826288
527.2459707992886,7.753720792427629,63.643421559261455,58.03416732056445
541.7744657381937,-6.987780803378552,67.01603144341412,53.13023432443267
545.4699853935124,18.88345803176557,71.40692591726146,51.00191528451552
560.4196604118471,33.852642163900754,65.78973568589,52.62753475217875
573.4143731597694,46.509302404787185,65.31444745811167,54.923793356709595
555.8173386619849,40.093731475636275,65.20567145246025,54.9890832405241
562.9082640817772,39.49323028190672,65.26241466805128,54.93261895413222
536.4176701575267,50.34082758690699,67.14250159492143,53.08792254359456
477.9646000463465,36.647616160881526,70.03207077235996,50.49951667555271
552.3697024987239,74.8378972861816,70.43068239592557,56.014630084132264
570.3285290460569,87.61684352893218,69.90547391185515,56.402717670652585
528.3149877431499,16.81873689499092,60.99025762850886,64.53312588482416
570.2966707516807,28.484048734020334,62.727399729123185,65.3426370181667
555.9733751614427,67.72830465736969,74.41037549211863,60.31018748836251
532.5636468364302,6.269560336417506,72.542492359429,61.62754032704423
462.0728237941836,38.265851131752335,73.54514979646116,61.803446285202696
538.8056830398247,3.658041254612538,72.6478364565462,62.01493090764635
467.662265507604,47.263677909180025,73.2521306274328,63.380477972046535
474.5036356914507,49.15912934302787,71.17782970523498,63.04838805639247
497.1839946426992,51.51815566936896,72.59962065283572,60.129738594323086
535.3837980986597,29.248900797604822,72.13704071845378,60.95156208907206
465.5284279751018,32.95300118434328,71.18390157103832,60.94428599821233
455.25246415227883,30.925432964198233,69.77291379615198,58.7527688816787
466.413897118964,22.911371319345584,67.9535898091929,56.83761862707247
527.131157267812,17.30734438650208,62.44138701637965,57.8834830091169
567.0472227477736,70.85122030619205,61.43258979669087,58.405663115537756
533.8592263559226,104.71368210749156,61.40671948224828,56.47350989868091
538.564419415258,168.4025797427612,67.62601113609941,53.09398275558304
467.88679186155105,261.8862415713737,67.51102088218518,55.58398026535021
464.3752297638793,262.6660263245453,66.26910181886169,57.90516189197206
464.7732628977903,263.77836093592373,65.17305556627944,59.20733788596631
467.59384979431144,264.93246123958625,63.916146719221025,60.751235982025676
475.5656585324419,266.41703532433536,63.685458968607136,62.31122780810249
479.10069842659163,266.5712259229804,61.470798339243174,65.31375612047124
489.0629169880312,264.5072559605102,59.0718910778143,66.45954930545186
494.583624857315,263.6706896847895,51.90471001560772,71.11811209752432
514.4373727776057,244.05739771716503,56.148622561256865,64.07976149297836
520.7714649835032,236.49296225643297,61.081064141283136,58.25431913624422
523.0413027584893,227.42405737875947,59.75192101814486,58.0481423803608
538.9241376041131,237.32545814231975,60.28188273558876,56.969728975798844
529.6105189532851,234.35656516520254,55.010034038709605,58.94655454184962
534.8750165575397,237.5811883974969,51.3208463405766,61.66848498766133
531.5544453396494,240.3689204750026,49.88504442516076,60.21867696057964
534.6510580970144,208.69189529144722,50.40546675283811,59.68815243755365
539.3797532083798,206.89470129633006,54.08572606623985,58.0728007427294
539.5761814671332,210.8095389041332,54.10111314528701,58.058374493340104
538.0776251012037,159.87277226033777,56.736677155355665,56.5267106373763
477.9180705691242,198.77490788537074,58.40381630984672,53.819370844829905
529.1381444563356,240.14547158509413,53.66652650661542,55.70852298639875
525.9005573180318,230.69920431741076,49.10814003035416,58.49590729898714
531.4902389468804,225.03480263588688,48.83666995350421,57.571252638963614
550.1915460891099,255.60981479754906,49.60939822885955,57.3951701186178
532.0660767425047,231.01177758589589,45.24378647651333,60.90591510466827
539.9879860527366,261.6504499479573,45.44935864889639,60.442416968680156
532.8219851357147,218.47205600136283,46.5952785966485,58.58033279155665
535.6447376083312,262.9327589002543,42.24869392519642,64.76546385900805
531.7624284470309,233.1549823838746,37.72688188891043,68.38041554289057
532.3898557229545,261.74508668508844,34.59002236079048,70.71231860428122
534.5050074041528,226.69013759098405,32.57359619947415,71.4890869096775
538.1091336394244,270.9815911968625,37.83759752836951,66.48399952213931
534.7904209827117,250.82470449378053,35.39672904144089,67.2073493443189
533.7662541652315,248.56032642957916,35.38339904877676,67.2133093186994
574.2700884313908,250.96912552157738,40.08995628550108,63.91418869379265
541.1783934040544,308.09270377520187,46.5695194358771,60.92457765773504
541.8905573349344,306.33175806229093,46.57001152040611,60.92419387413013
535.7081829615271,328.59708092071224,44.206731969796486,61.977105286193655
527.6726290152147,307.66526840541576,42.39386197240642,64.02879489198199
527.7505616951233,301.1715343763248,42.36618650416609,64.06760782168485
534.0526608315363,298.7603700386931,40.597934314408995,64.17652135107429
549.2512268523034,322.9084269094555,41.63003391655151,62.90252140959827
553.2833000998643,324.0720439817762,41.63556191331223,62.89824478067346
556.6237724607988,328.4783417595286,41.63920514691787,62.89460823243193
487.3128089044926,291.4042984514471,45.20058538453031,59.171967309532334
530.0914261346984,304.2368043777757,39.759371126755454,64.3209908725246
564.7470967336606,300.4850993552034,44.26941817345994,60.153247849126714
562.4300129340934,302.649215650198,44.26960978992829,60.15285940205126
566.1942894111997,325.4456723050144,47.171224033896806,60.20680812244784
573.0720056659491,327.67139940736206,47.2299070486902,60.154830445920155
565.6244838407425,358.81536012875677,49.8269599001531,60.529067969195225
544.4555154885894,292.32926450932325,45.27891409103156,66.18327367339434
490.62763082714815,287.41295267318594,47.39034137289847,62.00849587929926
469.1472272985017,295.65634309898394,49.31828481324793,60.02686963738352
534.9235290464102,320.7956573907764,42.90698533354434,70.66468011019508
530.2467116873888,317.41790051482826,42.892079287731974,70.67080516732817
528.3880435552352,313.4036880442372,42.852992555518284,70.69812670732622
550.1654390229844,323.3293994859835,44.15070253554718,68.78541499021536
484.3440575616535,306.31678662965976,47.91616901045505,65.06263578953279
469.50549128384034,280.4604957164169,49.276084692912434,63.21950777715132
537.0382871601485,341.70428896901205,52.65977272545244,59.3371077343634
543.1249246769494,389.7424970849803,55.88387565968517,57.20360837254401
524.8930587458369,347.7158809270004,49.5820435570662,63.51580522707806
479.7749622388449,314.61606819590577,51.18415759155815,62.42318673174777
527.5812391162613,299.8807968077572,44.65573317022143,68.25832682860162
538.2776117921721,339.462658156989,47.23339530436172,65.24067651783335
487.4929535112572,385.38582123268543,49.05815162449235,61.82273323997557
533.097128605304,330.2092344513579,45.61347331139891,64.72572674891978
539.1472334458663,289.1900650782166,46.91973011434412,62.518452397057835
528.2098967730855,334.01349112067777,42.84488525617036,66.96915738000652
534.7071526273855,274.4099961257129,41.47548894216239,66.07604208429176
576.112781947204,295.93030300162206,45.986244157505915,64.02087144770776
533.2808894709234,281.4040539889039,43.45191662227423,66.84193751208448
574.7008001852065,281.5586821357318,40.52993424400087,69.97254418496632
533.0109841196654,273.82485315831013,37.60109469539559,70.25818767447751
490.7356119724922,326.8313653952488,41.205900879390484,64.96913170645958
531.9673388720031,314.1166213320403,36.616897763962534,67.82853621471244
562.7607239996134,296.95380300905697,36.62811945210118,68.05637165218309
531.3973863200985,281.0662290686524,32.598569225193685,71.75855963308994
494.92800555579925,317.0313791498891,36.005088932503,67.75970936075319
534.8984546446011,339.8710295413498,34.8226975298016,66.1585869835935
494.97656083577505,338.3511512876803,37.441379861809246,62.80527517733385
535.4718665173672,303.3771446069611,35.678772954191416,63.03921535761998
548.0338516050236,283.4667088687908,37.86603439203751,60.551805889136304
540.1318389637543,242.74771964847676,39.97393941243025,57.868957608573005
547.1889641962277,215.14608199393007,46.660426328464936,53.28287287127969
539.5186649825348,183.6614934944739,49.71578648985949,51.68412537068029
531.8541315707492,232.0808083231275,48.16895495222464,52.428045762201165
536.833079075603,195.67447966052185,48.11159838703614,52.8848147207133
491.31421674272804,172.19347947527652,47.8615651792509,51.727777463030144
529.9860073203538,169.546025744582,44.78740083308148,54.268724314983125
538.5819394827987,120.94326335205636,49.35048607789373,48.409239029233625
552.1729671170357,172.28434518459207,49.78002596322838,48.360154892970776
562.6296748482491,121.41020220677053,50.39848801850156,48.781712027813086
533.4989529223883,103.50652482160149,49.9585349280847,50.41152697271173
556.1960484112411,51.26681046266116,48.426988145935724,53.653078798502534
517.1826391872779,20.327395799017577,54.09431715294416,48.93535813799674
564.2351704946295,-0.306789488052015,52.15986305874874,49.16186622434295
586.4347034676408,-1.4023409506321265,52.067826836847104,48.98834798708862
622.383463950621,15.09004235899528,54.103327416296835,48.17917951236506
669.1292755859821,-3.1390733390898085,53.75454929938328,47.24859788973641
616.031005233341,30.83594069150287,52.95397391579833,48.37650409368777
653.8291890178231,11.961117163331163,55.668794090974835,46.478732174201106
709.1652850614663,0.2709620968531219,55.97937483083692,47.758772989530236
743.6195965024701,49.38652481481264,56.42361907529413,47.66490799062292
690.4435127306992,60.986090129287206,56.272399167663984,50.72385879783102
630.7133158284018,5.803587731917453,57.90298950546185,54.84722540897677
659.6346278074551,0.21080748000964178,64.55162989061702,50.589181443493075
701.1272131121061,14.42183737881508,71.24831352936182,48.07896017737634
709.1584433968401,4.711316703647743,70.79596991851218,48.31728706543074
742.5858888799295,60.21410618737477,74.41474991180598,47.70553744367981
725.3539265779712,22.307833811244645,77.61115933322752,46.7774663512135
750.9625212338351,71.17278511248765,74.97911024977118,48.89628811396188
784.4919383133674,28.736979957545827,80.96793691834327,48.910018785173634
802.5542450116899,81.03156975154886,82.1078842211612,46.94891384316368
735.4625155256615,33.63062440232091,74.96695659653835,53.77038919738128
726.8531551108499,7.06760571192525,79.22575368195966,51.174613376268304
767.1728303482768,58.294830521762016,89.34722931794599,46.82067340014946
732.1172977253858,6.2415006697605975,89.85304706616915,49.11923526479683
767.4193034498574,62.61408299154925,85.53217007767525,53.48476550647343
794.7204636773555,28.509328540423596,83.1599292735579,56.47042797317786
803.6703639824082,-5.501710543267254,86.38382785168508,54.48273288616503
771.9504083128598,47.23674438965908,82.13866533824262,58.245500449511574
799.6236022871858,113.27331539724372,92.15471940619223,52.071322362564956
794.3672801807131,150.959736119755,93.8211350195893,51.686090780823605
805.0429878046288,153.13155775344214,93.41730583132839,52.075939411032365
823.178024339349,98.99898136358735,91.91098093083312,51.746121487616946
864.7978961368254,160.35213847492776,84.63431106634897,61.61546034110805
912.7498942227188,185.90440921322735,85.24379603469906,60.322251567145564
879.5590643131802,114.60890899162345,81.94309043629568,64.25831426621271
919.5972351688123,194.0161627341746,95.43449774846904,57.77460206919636
899.6770410734729,133.15390475453952,84.42199973919669,68.22820585805637
925.1663614744872,63.71032297706063,86.09847215738297,68.07333144914696
854.5543466148057,113.58703034266357,89.68073246756617,64.62920474284343
783.88267309962,53.55874253321835,85.33653372157039,69.8581512723784
847.5153890305962,56.48138104758958,93.28191728930557,65.44593310155372
769.1300335521556,104.05678794913781,88.51306220614761,71.03784848546897
847.5575786688053,152.1725514387289,84.22292863788732,74.62572610833757
848.213603751617,71.46620001370653,94.89712744229575,69.66207092615576
859.9785862361971,124.32771461014842,93.37485099547443,70.33183348131885
843.3079954031015,66.03423468731766,102.576647438277,64.23854125178505
849.5678380433133,-3.910768088605419,107.57972445643745,61.62036809269372
879.7419352092368,0.5317223691852533,107.44534772102597,61.65560659849909
798.3646682983617,78.74318836930341,112.14643000468993,57.43674564318465
773.6945716290347,135.90665996742675,116.23013454329524,56.03514882144972
798.439708263457,170.78694283625748,114.01941373416749,58.04355738798742
829.0536603030004,118.1816652960092,113.05952647026633,57.69331382346448
842.0840221823977,169.3118200703972,109.22647910307325,61.01321972879004
808.301664617572,104.6426134243551,112.99520042779298,62.09276766442891
722.7272110869197,54.12828289616263,112.601504950035,64.3090355323373
665.64904334445,30.953000038582324,106.61086014932985,74.37342265863073
747.8471900122186,114.61435984936567,109.4413276780505,71.14974783686873
687.7018882675108,55.871101660959695,100.82606263719276,80.03872240459864
725.5037164480813,12.048310848048267,103.4374865372823,80.55226209926916
725.8834616855552,-6.778996111348391,106.95261945634677,76.92690012694919
726.093183601206,-6.779622079582417,107.04050246639954,76.80585684024076
766.1278632140613,7.89649700296188,112.8457236239897,73.31328359214436
821.1217956867777,83.28901247665728,130.96943094418205,63.52471260569107
911.6292709461127,80.80961481738932,131.10719038644942,65.93527870669769
951.4213467870582,11.217146553572299,132.12708838717566,67.62341958003485
945.9067510634692,89.16258529914927,131.0841048084138,68.93894772852936
979.1109256185366,170.237866939595,135.82572670657973,69.74572087341915
983.4868828298371,148.0098683863573,134.69016913364905,70.94102538345896
1008.4412721986179,263.14532996978,137.99315187069683,69.31947050274637
989.3959588097773,193.19515827994516,143.14696147918858,70.15047794491608
993.706488982265,143.7907523396964,135.95784872313388,77.3811190490464
1003.70585884736,259.06312630237954,139.01040331972604,76.5755373834457
1104.017371152936,201.6062581366809,126.69632341072256,88.82600467187427
1118.2730602299923,141.2597351715545,131.71240726222484,82.55593872468572
1011.0501255205559,252.9907518469492,136.82946503559015,80.24667636999007
977.9530528283703,163.88024878412688,147.38824588749048,74.3827062993456
977.0443561967224,165.72027714256967,147.3685285121677,74.39999865396271
977.7271873711518,166.87278646477273,147.31497897153673,74.43446899271092
