150.0,404.0,270.0,278.0
116.05952117500513,426.9742523744716,269.94641022567333,278.2548453181955
113.72140911954767,451.0814568347803,269.94617645466076,278.2592932091016
108.18383629708705,476.1809595011873,269.94609436215524,278.26021234528156
100.26689141946068,494.0536362715174,269.9458767184212,278.2612119540355
-52.312245710108144,613.1810199386069,252.02248593849632,304.93674247141894
-40.85404050699168,661.4198536023189,246.90939927799093,311.9650871068857
-35.23040835200129,646.2587178615635,223.08288749333974,335.87568504255904
-23.962294653971796,634.6823808976517,199.84109804216982,367.07952741215513
-16.632442147367357,622.4433514216912,183.2604688422544,385.2875296395277
-10.783198579113616,614.0971523137221,171.08526187928703,404.2399090108615
-10.825789753616036,592.716491311101,165.60380909645593,409.92951470750984
-12.108331608050918,551.5643786285225,161.98868126128883,409.38879988712
-7.879206017981588,595.5367645609081,156.61521935727322,415.1696215892434
-4.222156437899358,551.9305705888069,157.30487958126403,413.91935541967644
-5.591811668106217,545.4863256369373,157.29952656473378,413.87359639916014
-4.185246152866355,535.7314355240491,157.3269929253826,413.88685562884274
-0.4501766568533725,527.6681095860255,157.34229084970795,413.89752735657447
0.7416445723814746,553.148575464761,157.52543158101182,413.8098751706367
4.403155453627392,540.9633456104158,157.58393533503,413.79936869280374
11.602257363544041,588.5145818540386,159.03243122985734,413.52415145458144
29.361487383293678,580.5252807430443,170.17127404680338,402.05048698345496
31.028156394925418,587.8975865558219,175.7551208532518,398.893007811818
41.566188217869026,574.9402451799488,175.82461079623178,398.8281754878808
54.31275983302396,580.436378570789,175.82479566040433,398.82802944899834
-1.1778959849042536,545.7888148244049,177.58544994762795,396.96519032799677
9.981056591285395,545.4915739839738,177.5937433731295,396.9590951908696
-15.741619120665518,876.2924803498397,165.11670862759775,406.8755319708565
9.139994098495833,941.4769553099202,178.8345765496266,370.9327905467893
4.646338923720705,958.1472915914222,188.9691225311196,346.76697512337273
0.9368045986724098,969.6878036257922,193.86807389834877,330.46370631510024
-1.9276498408507905,975.4861556486683,193.5541575553798,320.29729535253915
-8.108836991349392,986.1716024146247,187.38561182769047,307.3886811403896
-8.619364296537185,972.960162917317,177.17846552559047,307.7270703126171
-6.460339262750992,965.2009188261396,174.7503705018108,306.9250514454113
23.73094267378751,984.0591224264672,178.3268901858627,304.1272004581351
27.089813575343072,988.1207810993849,181.84841096362317,301.2051980384472
51.81202577712632,1039.3871700588393,192.65514241332815,291.0083728783277
22.86092137218104,992.7546757960515,193.5136195337656,290.65928669687173
210.01263216642428,803.997727301167,249.42223407809158,249.1836817335159
188.73463985350423,794.8663189003161,249.43212190217392,249.17665448004183
177.1845753103842,786.027175053459,249.4323230861923,249.1765097091563
160.27724582498996,769.3049414622834,249.43236489999833,249.17649981020867
152.40547832216834,764.4576369457143,249.43323175378612,249.1760013833249
-19.797462838698223,450.84733852596906,216.20068634114423,298.78160798844044
-43.67442074602735,519.0208701327413,209.40696421634937,308.4881031245053
132.6929542431114,256.7406548486235,226.4536168259625,303.85023047008474
101.94581314766367,80.15847286948807,278.7346974940308,259.9020761178087
-59.41933817907082,93.28459680994877,262.5646400400779,279.69399861652596
-60.128897933935264,136.59178921244884,261.8193112885458,280.4285823173852
-62.92957586725879,196.48646266919175,258.5687918500171,283.40794267929
-67.51714407134534,233.08418293159846,258.4903186009026,283.49839082635157
-69.22819250115796,278.4348044849338,258.4900922335991,283.49864765864567
-64.8373266191652,308.52758773747496,258.48988798883966,283.49887216918836
-62.10610145640413,317.72932390718023,258.4837755920895,283.5058784216968
-18.299920444780497,597.5015890369045,244.808249811518,306.8031450372483
245.9127660533928,877.0093034833995,234.56561607298391,302.5844080387894
219.7965168251659,917.0821891618505,247.1337621124455,293.8756407712432
234.47782019878318,927.7386289603146,248.5022363741221,279.41430793868847
221.24524037675826,921.0951379198534,256.76247620310846,261.47996509895665
217.4013878817164,1005.9165899042238,258.3172466228797,261.56861325423944
-3.2388084964294706,1019.9790317816415,257.3733656975308,259.33942423206986
-16.91760739591274,1004.9658382571897,257.21350934915847,259.3722924516279
-4.670908827904725,1013.0424522231124,257.0099700775223,259.6103227595287
-32.33473258829747,1002.6277590345455,241.63768168522188,266.4986929394577
-26.255275420258826,1004.0887341715872,223.80701108159698,272.7107567950129
-19.88414829117275,999.9979367522981,204.70386977279617,278.11341310171565
-18.413665076502028,1002.6944542398215,190.32386983515394,278.8164775033472
-15.691504254740977,969.5356131658373,178.17385590037208,290.88458308271214
-13.74039316946994,992.0777227500544,167.2977486704733,287.6749671857625
-12.302118607557645,1001.0917213043841,158.01662038405107,283.0948632198031
22.39119716304998,1010.2754644299575,164.10331647955456,277.9002285311563
19.247851980472475,1005.8250349790733,169.4664962336523,272.592290931765
-8.647692843998385,968.6485108877257,165.9926284546155,279.57845679024143
145.93743755080152,769.4862450030774,188.72776317282822,260.63397610836614
-12.556356060248092,462.58533320318224,170.34672856875554,279.438851465969
-31.347047741868607,530.370217535371,161.9577712032368,290.0817750623337
-22.208906556544846,702.4047085632076,144.65565462982286,302.2852539441606
161.08734485592032,792.3510723785676,184.73115107247065,264.1979614941048
399.07677011913063,840.2847740860237,177.85544996011254,269.7824471172783
374.3221237269301,824.7454578252159,177.28160141760927,269.8295988497093
464.7037900100354,781.129137486919,168.69604900276585,286.0316303954436
546.1598880223635,996.7199969959045,169.9642118648286,282.6573454595042
571.0791823968699,997.698662542846,156.05349100522002,285.86547495216894
560.363909296835,996.5807146888762,155.9516408887615,285.0863374150217
577.6414942047404,988.7257755145397,152.93167309931778,285.65553831160753
568.5865924706222,995.2864120982179,152.22786839799858,285.00883827962696
421.98536117480944,806.2566052078181,197.9134547689209,248.05319327136402
569.195257732089,695.082780489422,183.37455154694,267.9450016437032
568.2782535381067,668.316876766106,182.62002891760108,269.2956643759796
560.4813060828235,720.7806008019418,180.74094142155127,270.646246699816
579.2093124677288,724.8360796644879,178.47050222962156,273.67369095989204
467.03100263089544,745.4084524720655,183.56650178610073,271.05020846729553
456.74112230168123,931.575436270575,209.19464901832072,248.23250673941718
477.5415811225208,994.3962534628421,212.1331829757626,247.88526780166038
358.9737467186869,1088.8253941774826,241.2903819347975,228.0499508499185
280.2254110250264,1018.5367675996049,248.97095224789982,236.18756777520514
240.3227040108588,959.3540105580587,249.14480499693815,236.2331813456022
201.48726243974727,969.7024147439479,247.85512447949327,243.86110289325737
136.49325675107633,997.6397480278429,258.09049608632733,250.7145704807407
80.90818851427184,1006.4238575944294,262.4400682899168,258.39216662466754
39.20187287782784,996.8749261174423,268.0480349509884,266.8771860651527
24.1916645038159,983.4453082182063,269.5038784110484,264.74448231894723
12.14270300017995,962.5535010025746,269.1155915489355,253.99023969454623
15.291617401977817,914.5776398678981,264.83515538068525,244.6619250376298
-1.2470854222630976,1004.9546585105691,261.37453231212606,250.49475603842083
-19.475166372389253,993.4087681200676,260.458475126685,251.4656395263328
-41.74785519090102,997.8718286820832,257.6684989123902,253.41596989461127
-65.58110257107272,954.0294473354697,252.62027580774335,258.40829636957653
3.7433702449411186,1002.2239693504571,252.84344626458287,260.3134799396995
-41.037130261864334,684.7609381616927,225.02244349401408,291.09617073519684
-43.148226538439744,693.1196724571068,223.55299233226012,292.6817455098471
-35.70260487417006,473.2573016450379,202.07798111279058,324.0376516847663
-23.66671105535191,426.51981418239416,182.26357825222337,355.2537765123975
-14.292455068160479,407.7283243568172,182.1467572568444,355.5206779775162
-4.098549477948083,382.4993016068646,182.11825431921747,355.6034259310347
260.2351675468767,46.01933901572295,227.93928462503663,319.63244291019305
257.7074004830097,29.34086330731057,265.8846350369504,298.469363351676
259.3980375647423,29.21730121856359,292.30340016486696,281.5878559373731
275.0779528029748,30.25417540943954,310.32747319182,274.09355291771226
296.72777559978164,25.979515799131264,320.3151353374641,267.79650239498164
306.03136845446693,18.770151985772486,328.05830477640893,270.0879564621289
318.1881612839628,0.7244862023313772,337.19648989988787,275.4715834849437
329.13546471646663,-0.021270489249133107,344.2327721645189,280.2538118472765
314.12430580456214,-4.628119864439839,353.81098102531524,282.38356580014204
283.37673852865714,-9.319911115068066,353.4474844430919,284.29824809769366
228.08387950069715,-5.107461804564565,355.519301742176,286.4177029617941
197.78412792774793,-0.6554310209684502,359.2507934134651,287.10356716059306
197.4755304715484,24.507613727872723,351.60042259863025,287.63674203669
240.2064863434474,58.33311970109742,362.6300040799299,266.67768947134414
254.65472885917976,106.79090531044974,394.065561742557,228.69609347236604
159.73776711770412,57.2192171730789,394.5893350790239,228.05380995706867
167.70079364533743,49.07299533644746,394.61390553602536,228.05770802181104
154.86566005424854,50.353060836258734,394.5924441262842,228.07512528764565
139.633328051736,45.232494074180366,394.5738031538923,228.0883420942731
467.54737853701033,330.3649026653993,333.84494534740617,287.6897968844915
37.79260381197818,186.71440504852896,330.65777848887666,293.9701927529978
17.260023603262482,18.83464783497621,337.74312628423775,287.7210707054939
-6.802621682923927,54.138229772866424,345.30552012809494,268.8331641844498
-14.757821200466708,32.45500743993131,333.51769795651546,273.6098490236599
-2.47291926222843,18.239764495174597,328.42466257369125,276.40636274520455
26.502457108121916,19.659834329742466,334.84849021629134,274.27567606278603
86.05709252964027,36.52052504984658,334.8760830817507,274.3035202390329
165.87649581929037,86.48794047602779,362.78833241065365,247.9705265448736
237.21245614207544,100.17183709387012,393.33758791254445,222.72302597276314
261.879769530898,102.29418042835573,392.2683191060907,215.4578205240373
317.51993149554903,94.21333177515706,385.3656273179019,215.43958809715826
296.71140568701617,54.60358723775694,388.094945475495,215.8574643179546
263.5613221809273,45.1358696027537,386.97435900866896,217.17023036799037
274.43717023281,44.75033844625638,386.8684530050012,217.3266296165052
283.52331322877,52.97522848094435,386.86295702162596,217.3330758960062
273.2058063383132,65.34244898067638,386.8584673235357,217.3355123379484
244.54436093090507,57.334251644397156,386.82820109489495,217.3567230658047
235.20973748310615,46.75064936598521,386.8424091568746,217.3639296825651
245.9012652714639,51.51740485033271,386.8423625370683,217.3639937718535
275.39357496970695,53.863055045209336,386.8422440255919,217.36436189253726
340.4285265220767,261.0602797591831,381.3200322660673,217.32391637083975
310.34218017730063,247.24177611463546,381.46287876421326,217.2480597378159
329.5352970277309,244.64641849553243,381.4639016856671,217.23845282483782
455.2474926872369,330.3422313686752,342.2726799223192,259.2303109652711
492.778503882422,422.40567940108133,328.4077858278474,277.0439361406931
461.80193788831207,227.98721819960662,295.9470689391141,296.8666068346582
-6.0411094271171635,178.0113948274892,288.5284882770039,306.8589411399282
54.00968012536762,2.2402203474061935,324.0345751876593,282.136336486813
83.76226978217088,17.788011385299797,344.4811094360645,271.27677926759316
85.83118298115949,24.595974544580884,344.377874712892,272.04237798870383
88.22210575480563,21.279673162024466,344.3608521254996,272.07064401523024
102.18288297275396,16.23934063711792,344.3581113950473,272.07474332255066
106.84786635404097,14.413827333539984,344.356901918545,272.0773877428169
103.62132557922482,20.186622459139784,344.35483238709213,272.09014996201523
96.03843719170774,19.052211562304706,344.3439905860765,272.1147464920898
110.46676051767886,20.705402989884334,344.3730365305698,272.0975546445447
100.51482446244168,24.754962933685533,344.3760049392619,272.10532543534805
109.389214027354,20.82963843617344,344.41024201427126,272.081477016737
101.93001518593425,19.92764042447996,344.4093987455727,272.08632626869297
84.5105183180234,22.304697163312056,344.41179122407016,272.09430585819797
60.0797804855753,22.838367387744626,344.4115992559097,272.1006870565954
40.712896746130724,19.653196135700227,344.4127617543301,272.103317062973
34.475252693895754,24.309057807307454,344.4131286322986,272.11868207577663
31.030308992759927,19.567822948364835,344.40839704653314,272.1360476905735
27.20012442758727,21.57856742539829,344.4060812594285,272.1413808266555
31.155266603611096,18.154729166735052,344.40269731326464,272.14967469551397
