472.0,519.0,122.0,57.0
529.1096608825573,481.3045963761034,122.60190626222935,59.09144506517606
498.4308600570514,435.83669435119134,112.83406540835809,69.04459072876969
530.7179882814416,360.0001849273334,118.65281433067146,63.75642793586053
510.92225442194945,273.696005953962,109.45768384408933,70.53357860721268
525.4541468725745,201.4689867385371,104.97184465206789,78.33510544138285
509.3761523520597,283.5653009905915,91.69803556687671,91.37448682496944
544.81256011926,184.7338073159831,109.21180908276912,79.77064372985019
543.5347597567172,115.09138132675952,117.30734253566828,75.22141978056301
500.09383959452134,64.18854989882894,107.66577587763817,86.07657451874836
528.0228531428473,113.44270374241604,111.07645987107409,82.12581535452338
525.0841498693467,55.00521843572183,118.81480389423368,73.21739973744306
516.9747401589574,110.86472045531123,101.87425289264893,87.99016358156504
580.5506777436589,201.0554190494946,103.13743204453495,87.9113481803077
513.4277571096047,194.37736675560456,92.92471618373703,96.89755540251772
526.4995202464089,232.55514075073407,92.00672244186694,95.33536526137976
573.065713331991,210.2497011692474,99.54970553339797,89.29921836234136
532.6540269515716,250.19546614150536,104.16323942704929,85.79389599839187
616.406410125471,336.5785670207669,113.22779375796156,81.07505752111874
695.5412121037459,407.36485690722975,106.68006785316956,90.29515658120096
775.7199428808775,305.5493359082563,115.2116443848438,86.18970260746815
834.3967938384314,342.76439609418435,119.81795681299752,85.7102581999675
926.2377905527459,250.77596116415316,125.55597681210321,81.513574593233
1051.0516681159445,260.0704730819707,117.62425134879177,92.08501790542509
1017.0664269498784,314.11804319173456,126.3159823076331,90.64518164097545
1020.9127478624091,316.9632097329867,126.64412199960049,90.4501650639034
1150.4359691201369,236.65249057177851,137.87746464039472,86.60088500253063
1229.805600888647,205.45580030897437,141.3455680467342,85.77167794268966
1340.7316519410529,136.4146499231809,135.73371557571113,93.88532026701105
1459.7800079703393,198.14746760026412,148.20225009916953,85.96260788647734
1448.509110153917,224.26794477193056,151.86985826253184,85.32949884954101
1449.9471308983434,219.2717285232237,151.9272870228551,85.334235652985
1486.274262431076,302.0567030488316,141.23749768175486,94.35579355977698
1475.0747936063788,206.38960770929089,128.49093896274138,108.7772187359287
1452.9465671272944,77.54552253626264,148.92976687513362,96.37420255854774
1451.4756663815888,133.70459594153095,152.28162874247377,95.78184767916346
1434.2084201788953,193.16549436274445,153.08195977090782,95.70920244806456
1433.537624615539,220.50874528759184,154.05174400784776,95.4633095766413
1360.7310923370376,325.21356530330297,146.4044478470774,106.8092542620159
1258.0742963570824,195.7159856948765,126.85381251206587,134.69546572496256
1347.6533663415235,135.14162022791334,144.74443963302755,121.79564319209203
1300.7626256928118,120.46550781774596,142.78775412136866,125.11658749484864
1455.1726994856888,200.34508583572782,146.49525546139617,126.08652691786932
1404.4505955572358,168.4648223851896,148.27900189252045,126.16801481748091
1300.0482838681428,210.4023017570438,145.53417153535523,131.18409306107716
1446.2698491410788,151.20625642899276,148.95578708323325,134.47840539686678
1428.0495666702932,60.19982542432902,137.0193531234371,148.3799240224052
1317.9503547393522,25.522072769068274,136.65780994430344,148.71727900333684
1414.763983570257,41.374290623468596,139.97523917214204,147.96430508652838
1430.0971140999836,-24.632632573443587,161.46549132680053,131.4680349032043
1351.6190305541982,67.84276955014425,180.29887094278553,119.35765424001299
1416.6913621300064,123.01315608323077,190.19061526187227,115.89801520704309
1399.515029350275,195.6183598060953,193.610787611496,114.77134799568903
1352.7499248250094,322.6820509814254,184.40134975040593,124.45033161182576
1388.0144647841926,463.2332538138998,199.23335381641473,118.02639274375191
1466.4744013873822,293.84192677571576,173.57011818327769,147.49688251347936
1422.7866541451392,154.30761198193244,181.47437548514674,142.24724427878039
1421.9975338112185,160.07080266098933,181.65324190639066,142.15662914075935
1294.3153806952312,-1.7109047443333196,198.14784293816996,129.64490967406093
1296.246259278143,-18.872717612253027,203.01201026422848,127.02245234105268
1223.7275954048655,134.02698455763985,223.47254815482654,118.96786001298567
1222.9199520211928,97.6264004191626,234.62851390013822,113.1015478211902
1160.817447511459,30.760919590245415,222.03893673796534,122.15578981349721
1155.164973317562,32.985236099183815,221.44864434206795,122.63874067699858
1029.109755036372,184.66543258266051,226.68578988882277,119.28524468270142
923.7682501800635,40.977156709975944,212.45240250671336,131.97438798080495
960.3335710283968,151.99961091390554,220.81169000926536,127.95779988544572
963.3252051586022,140.5845305521946,220.7626830708762,128.0363527139702
785.0567522116525,290.55477968448486,230.62072543938507,124.17584102165524
619.6153775218976,318.2334981162124,244.77419625444162,115.14424033984086
