644.0,317.0,63.0,50.0
678.7673873462074,307.6721135901039,60.04177102291722,51.36307300594939
658.8182355285745,322.3764519148975,59.87822697141543,53.264100183266606
657.9295989417153,306.27118320462813,57.22960159319291,55.29617843632484
658.6827966326073,314.5434530532991,57.28644256719045,55.12590631710787
653.1345069073922,306.28518470325787,51.950057692669596,60.021841363137625
659.1234618291132,307.9199512782114,53.00423136058004,58.91435726833
625.9151041267804,303.0163986972676,50.999788928331554,60.299546422222015
612.380108093068,325.4546857558962,49.33445995083468,62.021822555208885
597.1298582872273,318.05740107697596,49.38098579237421,61.68459412252212
597.9481722234649,319.21054362405056,49.38109931966412,61.68396951459421
592.5091803935767,319.3987067983188,49.381256288766764,61.683689227573495
592.9388195656825,320.12605156933614,49.38084004658678,61.68414254118302
594.6567284254216,314.5558797276549,49.38110707442295,61.68356463183318
599.0278093821785,299.64049650354843,57.244732438130924,55.81434176119842
598.5022046633703,295.1534012585626,57.23496715860699,55.8236265123395
597.4133518585485,298.58731393245705,57.22986985267772,55.82896867935161
598.1894661451304,300.5947472436888,57.22959423762087,55.828849676517066
596.6532959697507,297.64739712118853,57.22932206434749,55.829083521371075
576.0986842915896,290.0108759226353,55.865885355972544,56.81570509633404
557.967894919098,294.1548801800974,55.77659587585821,56.69161030821645
526.9172659475478,328.1332318454972,47.85614819151718,62.25327093005359
512.8086265263491,344.13952874176414,47.43873961020837,60.931238432075325
507.08714134160766,341.321867710957,53.25921385160907,56.86646627066715
512.8994622276813,337.34384884173994,50.95180325774558,56.07382294068084
523.5953749016672,332.29572113662647,43.75069274589415,60.564158989793334
522.4005913464881,326.9879827827736,42.43686878111818,61.46919983018945
521.4567553767782,328.6211957737417,42.41392515714538,61.47726015158272
568.479184163713,369.58405053178683,48.11959401149841,56.4089496223089
619.8769202635154,353.3607449703795,49.133226731327035,57.25100180042137
620.1001505714386,360.42745113085397,49.13073962693823,57.25336218455056
620.7385802442936,362.9674814827546,49.13085019089605,57.253169797399785
562.3076728378843,372.515012615204,46.6137206067422,62.56449676895119
592.9120842434062,448.73738833192704,47.168130980512835,60.08503159038784
565.1162208383757,443.2696835584717,50.69826950322031,54.758493505462624
536.3549215964144,457.7720608951671,50.82202612923261,54.9686874862466
596.0047667288902,419.22415401028184,51.59153447267954,55.05429312613428
568.1199976558811,408.84688561586813,56.56112678739888,49.5919109696492
567.5734561335798,405.350096025291,56.55982742672036,49.592795772904324
556.4924103489057,408.7902020154358,53.24361508676709,50.33332515995483
556.3237071622274,474.1307472585562,48.21752086503089,55.06593096277651
560.7856941327335,433.70453987279535,48.71586824359852,52.535975739180984
559.9011980968623,486.77714510405,50.78284467698944,50.68836506915212
560.9722454422449,488.2517810671885,50.784210259967026,50.68693335665076
564.7804027210404,534.62682744347,51.48063221360646,47.49213845565038
565.825238495407,536.5181258422463,51.48061677945164,47.49209843032994
621.3638267557188,536.3303847687295,55.53370454105441,43.59408776425301
636.197060543618,481.09793175822034,60.805438869552866,39.9279970811698
681.6682355752282,428.4344485236782,57.79264660662561,42.434239062949345
728.5298121831834,460.906670793294,59.81917295614501,44.68657186746779
727.7646754531199,457.7373972014323,59.817676663769404,44.688062891218046
678.5491957090933,476.7976044193556,57.253084088834484,47.424017473926185
678.7022823711463,432.70227983213334,56.980663712773904,47.618023581964344
698.9069671228264,481.98675812027216,57.342980763369106,47.851053700022646
634.0345314743038,478.43616171201575,55.96790271959384,52.23121818859363
577.9293494397214,463.90546833373566,54.97666003827054,52.566908381433144
563.1354949769137,464.7284664566185,55.1518094546083,51.14612830085238
506.34172383136104,438.1229114919223,54.94743585215903,50.84722083522527
561.6641670033151,417.08068036034814,57.09467139545781,49.751911675033696
551.8756492584793,466.33117834129297,54.065566748410966,48.55255908472607
556.5807782374444,512.8787749245103,52.16407877949433,48.50321095002987
593.2219270286082,484.31896914816554,51.243841744041724,47.083935478793485
560.303229365786,532.3143597155165,48.08812641294769,51.47113743735328
560.1870667819521,585.0782063686613,49.34576197776378,50.94242179219638
559.581966328368,539.1730951754073,49.087413514166286,49.98569166405615
616.1098450701168,532.3028036442297,50.8391969242234,51.01085114242684
671.8310049352261,553.0536425878224,54.44745245035233,48.010508399284475
620.7499223106264,502.823979522964,59.48183297054784,45.470460139352724
643.5810831772477,552.0406587053747,65.71339017407286,42.07550814660182
609.4637229114024,598.5797596861462,63.98987401142754,43.2262414267579
567.4302830428063,550.8735331516122,66.48260366317056,42.808051795630746
618.248700880162,505.1091240553001,67.85434342791223,44.12558153610647
646.8783518327743,553.4435266906709,70.80694414109581,42.65621626780636
604.581097247807,492.4072522059896,68.85634833056176,46.17773221714919
561.2387046378102,544.5043195900791,67.78536572828965,46.692314795161494
550.6280855188384,597.7711942747624,58.497408638474504,55.3286780356584
501.8253067509473,657.737471593804,58.87252794183486,56.21819065831741
559.6883863983232,638.7845632273601,59.92829003380164,54.04120938705472
590.706895875233,617.6784599333726,58.56126543423018,56.12015334075244
635.2031203844346,676.3179702645643,64.74189686016304,49.94976762709943
584.5708727629693,666.2167890677333,61.76425800885524,52.09974659790998
615.1626183416029,618.062234443893,64.60894220559207,47.46769373621547
558.5246958629835,611.0926911000755,61.41137560277198,51.39313620540565
571.8635144042246,672.2632816079647,67.95045147195019,48.31280418865066
493.30656364562134,676.8467503102943,69.09947872157849,45.590989502802515
487.72285049455945,674.147584301307,70.63934059346553,44.98670511529005
495.34369174181916,668.8996681899598,66.12631486774485,48.09984213992532
507.65710832493676,667.920041961346,60.749216580049676,51.31701820021099
489.6689308158979,672.8810931433874,63.06824585349854,49.24948384073621
510.1603948007838,663.987836987513,58.0041907169786,53.11213369520961
505.1565087007625,665.1575301547924,56.247466113737545,53.636662088815555
494.6172857784655,681.0609604870272,59.67959161531407,45.96178804238799
461.08496252856804,684.9783836516754,69.02689192370265,40.20239833235437
505.8988208681991,676.6609590116466,68.49673231231169,40.62268996470679
552.8859742996931,676.8652682843549,64.07730368418706,42.1014131570372
498.69201651434474,681.0175414364702,65.0529115156259,40.45181556420194
556.81060731924,682.7393202126402,63.702341844311746,38.34223714165323
554.2647892851476,637.3580942666612,59.256511863302435,42.70812836466599
556.6003395273807,619.7190421303857,54.93107599923568,47.54381167774421
559.064899969342,667.9196935304481,52.689130866045446,48.186187161311025
526.9299339208947,677.8371621926046,54.380091100147254,46.13981451900463
588.0876786480633,672.8540183066386,52.43342183623959,47.41004878599284
562.6124348775185,633.3867323216765,51.751253279917094,45.794068387753015
562.3918740721965,636.6490256569597,51.75111201953416,45.79362064464625
555.5638094992158,620.5783608679795,49.258620560026735,45.95815884077065
562.1960322180995,576.7347772752845,50.90821091937836,46.9676221687389
592.3795527128518,619.4776500242081,51.04647998846758,46.66933089452452
565.5729853135098,596.7633551086301,52.857757792522676,44.7373212078583
590.3091615811912,647.1690000111141,51.968649580890336,45.20637350494092
551.0683648512631,662.1164803092487,45.77306561154728,51.0957375546679
589.876117564193,676.3299310770084,46.95259650160553,47.95169200669729
634.7596909389614,681.013929436244,48.79838767931473,44.161734934374785
590.125717052684,672.6442023017859,48.383039248256516,45.50666176798838
564.1674237923346,675.978619548836,49.97176016836916,43.05394560961188
512.5730092436332,680.8366846544791,51.05821042055718,40.87698184882634
555.363167229456,656.3531451762834,48.595699929868466,42.26617994584259
518.7582396108645,673.6168944880652,47.74011022076242,43.32358503932003
558.9306781931517,641.442772167077,48.4695433589225,42.26577041615971
559.6857083349271,600.8662767468794,47.544936704865435,41.619994166711166
554.8145515053832,639.9613268309024,45.25702079547183,41.71369984583309
549.7079180108757,634.3046613199831,44.905119403749474,42.0554513159751
552.5885611497005,613.4961817222031,41.417107547791865,44.93874123052918
591.2957315139296,624.3576990603432,42.22631570849368,42.90132781584571
622.1494319712158,677.137198280153,41.48481140036671,43.4229034118706
594.4133021290136,686.3628034422138,44.04947068193914,38.81024747007325
633.445090228643,687.1172833517008,46.671090405531714,36.20550608638645
599.5752481308168,675.7427449008688,45.74696387120376,37.27905541541867
635.9858215916553,680.5579221765062,44.18721526495643,38.52286067707135
676.5333179999514,686.1576118834979,46.79260086633314,36.08414715664243
709.4409374078139,666.6037504766438,43.30520476301035,41.07070755580011
741.5383968794008,675.5182666648091,42.56733232862562,41.89951209353198
780.7863860870191,675.8921624252451,42.56828689678749,43.227573443600875
818.8967355404229,686.8773240028466,46.3120960466203,37.8397621902535
775.7416670135467,682.8177562856642,50.26807660623211,35.443925891525026
822.6888451495212,671.1501518007369,51.4688817722715,34.07458507195095
831.7379293561881,644.6464257127777,51.33722031694545,33.27212361261532
832.7205622825843,647.6944621341732,51.27099432869315,33.35453139497683
833.1098632138519,648.3857374274057,51.25696973571222,33.341628311411206
831.9525852187622,652.016099489042,51.150231513550104,33.46319073675307
817.6049859209138,628.46427056118,47.859966013177576,37.507968740182136
780.5378509520352,677.5423464789042,46.570095020759084,39.38563801069086
811.5325305694735,686.1504540739575,48.715646369378746,35.805487350003304
847.7213158919106,691.629140410483,51.42424973573467,32.33323258924459
815.2508645579903,683.6630871365494,47.84196667359484,34.755766154323766
771.3914435312598,688.0472951420116,49.996615001470005,33.01079098125929
773.2300184750223,642.9229161515291,53.28282017833698,31.39268189679473
779.8915395554667,677.3194359829643,49.66457957689648,34.33387990482281
747.5006895000548,676.8447507340204,47.73724190695859,36.840482305786715
792.6224359299598,680.3486566088201,45.47293605886732,38.45690570938554
778.8658635652149,681.1349290577454,47.146168373806454,37.23754178625701
744.1384431434776,682.5666211548279,48.984523621577786,35.803676410947126
788.2988630064152,666.692446450714,49.33827496015569,36.0164137128518
759.5066639569428,678.6403857214362,47.711293054217805,36.78501538075787
779.62511309964,646.578695743876,45.02617546950695,39.24376826068297
811.2446943699193,687.1784634280949,49.51429259203436,35.77700571939353
778.7582133326318,678.4194735037158,47.653438138288905,37.93049696646712
751.9100113146759,673.1789265408028,52.718902690558295,36.02975781581624
706.440375299363,664.3222298908729,50.69875547069558,38.286522316237544
750.358000720118,688.0374326509655,52.2583563137561,34.93539383462676
799.791744958771,682.9335716658778,54.70326102492673,33.744043157707125
743.8285701785564,651.4210818403199,55.16054015078549,33.37887464598126
750.0615995747096,617.7289204049287,55.41246365065446,34.30192432340431
767.095982112461,652.877162357149,59.61807830537631,34.721955006365874
725.0454094887991,659.236612944598,60.48703055953604,34.357514547715525
693.3813699584517,683.2430903446241,60.088642487662355,35.863560754743446
667.1582299667128,636.4575183765895,57.90728270063228,39.9768952425705
629.2397464887367,685.3357468127913,61.8233969954517,36.60835493510822
679.8342838706112,682.5926788570141,60.82537752955426,36.98461755183242
673.7568193008415,623.1421527140997,61.6354008158223,41.57346738404789
728.6004109175051,640.5431314940387,61.42912120798327,42.51774471796874
706.0122559714459,606.8123045669282,63.76845218774823,41.28445228312707
733.1306763457544,630.6154519575471,64.54211711540086,44.16971557684074
745.3521245595662,676.6955032390521,64.76685565176638,43.48745725211198
793.6814784710468,680.905360483745,66.49996301435215,41.60785478131118
751.0240835506416,679.8750666202974,65.11562565789686,40.41415311954981
682.9113909680964,675.9043493842639,62.252189411854374,42.37532435843189
727.847098671252,679.3156476428826,62.6214966617933,41.83299746399729
758.2592215734109,626.328103780705,59.02073489678226,45.74946092077438
737.7638273935293,673.9479844314425,61.68464184785403,46.30237845230735
683.8783017589925,640.8409855653232,67.73594366624398,42.94948928269034
706.87996794136,620.2640850522284,63.31870138939967,48.94317602054973
683.78874567026,661.2734496818686,68.52832946431423,46.08198612894537
694.5819647532052,683.7772711704104,70.67542897237412,44.497885174566825
625.1635184990042,673.8847644293422,74.10071564581509,44.40465234932994
686.966938408613,681.9300455776122,78.25469430804296,40.81387642974325
710.0755962505561,682.2472584518075,78.8731406480824,40.074605381035745
629.3042683968945,668.6273311980492,82.28206832806201,41.279933063601334
603.5870448825523,627.8596848391403,81.9060943667561,43.07604426286434
602.9935872003699,632.7286700229145,81.90591718847254,43.07616727147563
533.0196256736093,680.3824678454314,85.56280935820477,41.12656570603173
595.6840318933215,677.315616469391,81.71654849348735,42.388235815747976
549.3473596620877,595.1823356676432,75.75231208437307,47.03558050029817
605.6000909873992,590.1926960917758,79.08133734878913,44.143277620783124
603.5668821454224,584.6358648114356,79.07987344857511,44.14398031970822
629.0756028025655,639.6470224554504,73.15418704761908,49.9916296312878
566.0853826133695,591.6301529237489,76.69991978440963,48.50614262047207
604.2959823147553,649.3938270901474,73.87852049150106,49.586292456620505
648.9080852393158,619.4789900643577,74.7471185974583,47.06557893495767
571.1298279668682,603.793832996923,71.15812532985333,51.6480798831815
571.2773376439918,602.873716201551,71.15748920343151,51.648375787005214
571.4510481553739,677.0849733723586,77.19393925915857,47.044236079179115
551.7411730396258,624.6880081814212,73.74941641936552,51.11488460070256
549.5325346925183,574.7923800663445,63.720228575006395,60.113301780562665
553.2706150742684,612.3360336153859,56.77591034127968,66.99077739732387
549.3984089587182,567.6154091858476,50.39051986852284,73.29577289946674
609.0007628427519,574.7979930273046,55.808767422721026,67.9947827296754
556.9921035476011,555.3851349760912,49.1248683616555,74.91067827546146
566.1893158107538,506.1771526935998,50.807773470970304,72.71464332872566
491.4395567048017,480.87612877963,58.395975764905614,65.36899447087424
479.56963410935043,524.5563976648857,67.08123740630862,58.6867327623745
447.87725794735906,538.6358178048914,75.78571476691252,53.840543162905135
397.1177008892329,532.9461766511816,83.64493203257888,49.64593859898679
335.0375332017073,522.1910613877711,88.49831397745434,47.91228408552451
337.3750509967269,527.3447004895104,88.49744172893733,47.912622115871685
339.8934242165853,529.5670279347244,88.497242473211,47.91270036829653
347.38562283081677,534.1308023334218,88.49692460570995,47.91288384781813
349.77154260655834,538.67724642792,88.49687937337964,47.91290642542354
352.2841711829598,541.8393113845814,88.49672483593312,47.91300622935515
355.08238232178763,544.1036618526798,88.49615111861083,47.91347103793989
356.92231545531524,542.624227437182,88.49607534838171,47.91350140610602
361.06976263192973,548.7485355511521,88.49598747556045,47.91357292230612
359.0145379851895,553.0322505418267,88.49565080788977,47.913755588967355
361.5450075755865,554.078097802833,88.49538677129138,47.913808589308914
363.2593110154088,556.436580920629,88.49495414892523,47.91372982777687
364.9317296352632,561.4377311345552,88.49331830806588,47.914422029929405
363.03421854617085,564.8677769828969,88.49202886935302,47.914981826318574
365.2126479038534,569.3404040725532,88.49136846483998,47.91527951925944
366.5772761965653,570.0818168212697,88.49083755118427,47.91509905661628
369.6431210968436,571.0602461236267,88.49030038048015,47.915008964628214
370.0463286076022,571.3762554504364,88.49015250125863,47.91502717576651
366.9279874394852,572.787836709059,88.49016434341311,47.91499240510328
368.0522187444826,575.0791708158866,88.49016345674589,47.91497199189354
369.4564227649008,576.7776034707068,88.49017821978828,47.91492150540386
369.1114883642474,570.6576111396382,88.49008075970822,47.91496743157914
374.3397621596878,562.7952483924946,88.48906715015079,47.91591801589308
372.16069953252867,558.7111217742719,88.48921406050536,47.915270762531456
374.1865618495906,558.6400532013217,88.48914233470673,47.91513127862613
369.03699784442057,557.7940459353224,88.48913036854529,47.915109420320285
368.7660949393504,559.7279053627369,88.48816394519946,47.915080413437494
366.98648004528144,560.9817253084335,88.48750894673154,47.914965012400735
366.64546441054875,560.20367773389,88.48658948110472,47.91457450856411
367.83724289304007,560.9431883901175,88.48635880816003,47.914550069011035
368.09529824849346,561.3278754627686,88.48341452486558,47.91389219940091
370.71855030542446,562.8637960867097,88.48248011696673,47.91382686475707
369.84536620944954,564.2836280919115,88.48129543721244,47.91344250599544
371.4493582468282,565.5864324417523,88.47957204360752,47.914368287362294
373.7241414979191,568.5261876751686,88.47596835194206,47.91606433298099
372.7709270407505,571.0555168895091,88.47478077019309,47.91506362295834
375.8369506928113,573.3812216702894,88.47435721103615,47.9149878702968
377.2654284555392,578.5323376881569,88.47090705858136,47.91635805318964
378.30274131667227,582.2339395591094,88.46950063563163,47.916756911382166
377.34710681907006,584.0005019063706,88.4689731802212,47.91661361258137
376.014400160064,586.2952939995589,88.46760388066434,47.916556556331614
376.1688792765078,587.3267497917734,88.46719186307242,47.91636932378565
376.5147182232039,587.9246950231501,88.46617003562119,47.91625127047131
377.11090433506314,591.5301715220816,88.4635333437096,47.91730245733126
376.7088076648161,595.1467660708271,88.46038916169695,47.918637609870686
378.28091833726603,598.1338714037363,88.45910953013029,47.91918270805991
376.8862367816283,598.4109133824007,88.45817513316592,47.91869053854605
377.63766101475437,602.6729364472624,88.45028065689645,47.9221779400118
378.27510612534314,606.0188296387475,88.44533736851152,47.92451434833166
378.2419392794125,610.2036425699265,88.4435561463728,47.92558073908653
381.0992609531125,615.4067431899413,88.44190403661321,47.926226499179094
381.3756083731008,615.3395064852109,88.44030176169622,47.9258396463651
393.40926518698683,580.5400545548919,84.31757393409507,51.37365097770644
392.9381506974969,578.6981724137283,84.26061401308111,51.42851783152074
392.211985446823,578.9940620577817,84.25982583252116,51.4288236664764
393.30255922072325,579.2590650881666,84.25792208774503,51.42920244428746
395.21395826035626,579.3485350023666,84.25820335608941,51.42843156835256
395.7607312395783,580.4656625233104,84.25799076117833,51.42801818410358
396.6333030053319,580.1423630918699,84.2658961264607,51.42220779147994
397.6188524575314,583.1356282004349,84.2619880837638,51.422963188363546
400.46590924008143,587.6213110489653,84.25708541038732,51.42443589309731
402.48720722277847,592.4234224498546,84.25357912471117,51.425374758188866
405.3567358654143,595.6979441247418,84.25026488524644,51.42688949862429
407.5136941268316,595.0785735779211,84.25175849958839,51.426761998096126
408.487216207664,596.9491903346016,84.26397468242885,51.42112847939465
467.98439032682023,663.9208892508747,88.48973447634292,52.115090265989
472.10075663824,668.7506654049317,88.13617036394041,50.1898504922072
485.3144167156041,666.4451502076702,87.9317219896077,49.825013615306865
473.1813256315663,665.2477365286686,88.63005595211692,50.17879196970897
548.7663372545572,659.5417661140185,80.86873937117409,55.45122979684243
488.8488847899676,666.3524416018276,80.8421864756464,54.07341100201023
550.6816206330218,663.453379365924,76.87751282420594,54.842750721925455
488.993637125023,669.2764735041488,77.441086651727,52.38080755503383
545.475421974922,647.1417669582222,67.20279008425302,60.163774266271844
594.3576991696974,654.2342975311433,62.73479026013199,63.20890149018072
642.7225094950726,668.7722384235466,66.18922875244803,57.10087897356264
566.8956848495241,673.4880111790492,69.02613610018575,52.668994431338064
492.1512735388595,672.0159764609724,70.27127586018668,50.05268245498537
491.49096225946914,670.8614155559684,70.76539400965426,48.96701433083502
543.2330101794382,632.948222793035,60.91597224198165,58.49524311842063
564.8631248573928,671.0230761559267,61.25993371248868,55.23289601177788
620.041254832799,664.3198118561961,61.69136297066045,56.052558232454956
645.2986604325113,671.6665004221162,66.32124705321858,52.42133682418642
667.4443454346728,663.3543979115176,64.120647770331,54.02000721556188
722.0973428352635,674.5823466439848,68.21836238077069,50.20127672755612
655.9641782129763,673.189095485373,68.37124252866533,48.510535144480805
677.128584895916,638.3733047508631,72.3167860048271,47.11987692844201
722.9478853421173,666.2417723351986,69.0836111378151,49.74624589795461
643.9559296358586,672.0882549250645,69.68953182767608,47.82480800856715
595.6425779563308,671.1967176746551,70.23975813595052,46.82171679512175
553.4914939706596,669.4147406585707,63.58516188610167,49.56768088187903
594.7277562667298,631.586851373138,62.455059779312656,49.55743619835002
565.9495419426044,604.514522751509,66.73555230085466,47.20633538496717
549.6982924753722,656.5108459172857,58.297602474332535,54.02522012030833
560.1180565190552,665.3133904649669,58.249532516849236,54.080342588056226
601.09983135772,662.5602527996967,57.5208079737973,54.357248755083475
554.8737390710706,664.362588226472,55.66574919992787,53.302514196088545
612.2877959980217,665.6889603535266,57.0327952581351,52.73125306766618
644.7044116611207,661.1190567857673,62.342279386038655,49.591834853758456
675.8698610980524,673.3554019661542,62.81792958444095,47.80501370990343
706.0492947447358,674.907095313523,65.58976526348636,44.91310475676499
640.0761806740634,679.8482303781253,68.25094396635438,42.036532354763786
592.0860890160626,671.5274616015842,63.07806636927009,45.98499663514099
650.5173377995039,676.4239545248018,62.038528702289696,44.98903360822463
603.7007247696417,668.2301761742729,60.11160461552971,46.62259632124547
559.0404643564281,667.7324178285429,58.42739521734777,47.863763646875
493.39382263312797,678.580056536309,61.639227247932354,44.677906626240244
477.8154405705976,678.7776182135054,64.86146302216301,42.264265300808674
496.52350259784777,677.1086222517923,66.22958731971349,41.51553580394681
564.9494899837132,658.8685497631495,62.49267907630288,47.036763163434436
580.9610507221674,622.2699200474719,59.93667109426753,50.39048621783655
579.7301627539334,615.1974178352405,59.931006425571994,50.397258411159434
585.9614690472835,669.5599596525535,59.438998735417286,51.4473288903027
555.0576193454087,630.4676707077397,55.83353590772148,56.18100193373907
557.6594651362919,603.5341407325719,56.31819404977083,56.11737493339099
560.3363048386891,668.9116278402962,57.61342802846058,53.32787007829396
502.8486812073724,673.9874913382743,60.88328436091806,49.975540074067595
558.1033164492702,667.7162592824469,61.3112544777084,50.757447964713876
489.791644960995,673.4761757835032,65.06232877750105,48.21271452620005
556.8787203470782,667.4303505438984,63.025400295373686,50.08697780600773
512.3430498825028,682.8162096598936,70.22930195450503,44.13725244816274
490.35481933671156,672.9029011289722,69.90024394208353,44.13415568859458
464.08015073808474,671.989823248647,73.42092513347774,42.8213858968768
464.918116915122,672.7649810722686,73.39195566049149,42.834850080566255
499.444575749826,654.3681374852649,63.61647329381792,52.06902797722982
509.7197524679013,655.4306381633088,57.40194482409799,56.5774599631221
588.7066605163019,661.161407822851,57.217816837648236,57.561894040339084
628.9322869581539,662.9700643706379,57.795860828944306,56.47136608003421
560.7209031995993,667.2584046555186,57.45681804331915,55.419382814044766
618.5528714654789,663.5207355777295,61.653095744958385,51.46926969093657
634.607070243122,614.3992295211085,60.11979241269451,53.41661224851434
671.1735855737553,564.7495055643624,67.27804440523654,49.20955228847141
664.251085730806,515.7102092904033,74.48741920557619,45.11179901119429
693.6913680355996,567.4174557131006,65.6933299683034,57.00406886111218
639.6384335976552,517.6587832765402,75.78995964741497,49.87421219614704
592.8502619120476,574.861750702351,72.89292197614958,53.18340338212332
650.4838731776852,576.8430502170802,72.09627287016755,55.85932125558849
566.456439396816,542.692877160966,71.26898405983539,58.730635995746496
550.7173745804461,502.48335577448705,66.21377323847388,61.91238171059887
563.5247309725927,499.0608601946284,67.28309480171461,60.26776792036509
551.6519823078031,478.0893767659978,66.6206560351024,60.098212652382045
544.1392042893663,461.9446100969319,65.73107191999863,60.86837686514763
584.1153450397582,527.3652936993628,62.30508131276958,63.2559372725904
565.130496650587,578.7361020693428,63.33832331816246,63.294471899818035
560.3820407763657,641.7265460117351,63.04839272041376,63.48423068251388
492.97532204118113,666.6728621144572,67.41010899937669,58.25275417775326
478.58621424694957,672.2907355354915,70.79422821332805,53.89916036989494
