478.0,443.0,29.0,25.0
478.3180763687951,438.40891988518405,27.93170941546304,27.892242283770056
465.130079450853,450.9314088299001,28.137109989628605,28.297257527882962
445.4853096972618,442.8247376188614,28.522478506820676,27.757050374154666
445.77470784270764,443.50786243145615,28.54252614808085,27.7423719512433
445.27687717540437,445.6430278270199,28.54101035866394,27.74188616896578
452.73165782223447,455.94634527960756,29.010640463624327,27.202647427731044
461.637445309849,459.5048642405015,29.750169080314244,26.14506251650217
489.5249427108216,489.7438073676242,29.60680803691384,27.437859550831007
498.4226993334012,517.5837405129729,32.35792946582695,25.609071293580822
486.2077210544008,507.786526438305,31.657932639428374,26.079317695480217
507.5871154350535,532.4136178842729,31.932484332224625,25.636654426347192
488.5356033135578,558.9492543959328,29.34042877174922,29.119691247997828
490.2913696648838,585.8676923981311,30.518291496800977,28.71862533271265
458.50034496034857,571.1139423390694,31.968123498644914,26.419755669342074
485.7923912011331,598.571642320019,28.096826274644158,30.021914758956516
462.53391028231533,619.5677580541637,27.961909755346177,28.333611665911143
493.79856777466784,609.935073492077,32.07273911878567,26.05238998503091
515.8042879236986,583.5951994600806,34.21344802116377,24.883455645459257
489.96498284511836,611.0142973443991,33.77416877402726,25.819479389761657
485.37009014948666,635.9163981709123,31.52505321771977,28.130466335368144
494.525038214022,667.2556460355123,34.28986602724776,26.763909845669943
491.67928572010936,683.1816283761301,35.55797347402691,26.021217167608235
487.38980314252643,666.3855916996068,33.980573234600485,28.545343132959502
482.0053488133925,656.8293327582135,33.20336124925261,29.29840018505776
488.5626442566276,687.6616694346975,31.999885055470386,30.193094965634618
508.12232031190524,671.202318251791,35.82935496639942,27.766826628322672
494.9582557362265,655.2556373764322,37.940294328938684,26.47229165052444
490.76053053453427,681.5636952658288,36.47744738430059,27.7289824208037
524.3144946135907,695.6981113780104,39.68794726573847,26.859617664702256
555.5466079146438,695.9179274962327,40.28073131426706,25.99888606350006
588.1323904565104,702.1329157965433,45.094014252994754,22.374994095752392
553.6379010672907,698.1638456304487,45.153389454773944,22.813919778741038
527.344140036415,697.7873700930403,44.91664317546112,22.663992807522256
491.4252808114439,672.4278478300569,45.554250236243114,22.783954386711724
482.18169121655404,660.5925099762387,42.503442670651694,25.981958585559003
490.2130377207778,688.7639193174341,40.14330531863734,27.352701914886925
452.5668294152696,697.4072345135864,40.859366949184995,25.508655560362907
489.9190498546005,697.9800327107562,42.69150138790595,23.599712911197887
526.722659878493,702.8323524838178,44.266059294222515,20.941729973656155
547.2828023253242,688.5815482799524,44.71113160881222,22.50017546329636
552.6299377385676,671.3741739957911,44.49330598038441,22.722525960329566
551.9340243337592,670.1892374060704,44.47688663044757,22.73404242552243
549.928786069039,664.7065489994424,44.57211834215422,22.682378986092978
542.0040281576689,693.5629455886872,44.96807810410346,22.73060646800375
573.6925157591319,691.6324443958,42.12568313189041,25.987482281169093
608.0922620394691,701.7462826164065,44.93783150139155,22.519975822866378
567.7981908028668,698.5240369135528,44.98351639402988,22.252356232327504
572.3073175934732,675.7958304881954,43.627881449902105,23.3366415500831
569.9399716924484,672.6277721596781,43.61455069564672,23.34984551409419
568.1692797992785,672.8305517797702,43.59891286409715,23.361936049653398
568.6541667962778,667.6936224114418,43.595513625004386,23.36459365258234
569.054572784967,666.8243579246179,43.62392718778689,23.3662622317523
587.4694933386842,658.6860455500769,44.35176811770613,23.322084292235452
605.8656215486784,685.993198230321,42.969069040247014,25.982646943221972
612.5544910989822,655.8466276167125,45.12346113470757,25.996052605253347
643.8273893636758,638.3418835832372,46.395383111179946,26.514985862633687
644.4633888571225,673.1902198493239,48.10311973715581,27.246627539444635
645.0556639109176,660.5182191469867,50.520207708255214,26.66583188601352
648.2168504722342,645.9884166443076,50.66685781331364,26.751748765761455
649.4445292001027,641.0995508554729,50.69752640623678,26.865235691636357
676.1646166668089,649.8031715946247,52.02965982243374,26.712579479446035
670.6857957447131,639.4128900534945,50.589080650695166,27.75318475225833
660.2343626857567,681.0937682634699,53.39288480266579,29.21092448709259
682.207324984166,665.1243700133449,50.18232702713614,31.916824182533
694.6336682000446,643.7509165378889,47.53312036222471,35.84561208437266
702.347280283006,686.834729611836,50.80870076173163,34.138137608841824
724.8245101741898,643.7393668981407,54.48617228429558,33.4487131949239
720.1550654166514,644.3455187988261,54.4500169766796,33.47583517194198
698.2035382351783,616.1061216317719,62.235452778834684,31.45012434857964
706.1652915136635,647.4077495068778,60.145460435426315,33.871419989969446
705.2880981309212,650.1002070846646,60.13158290724038,33.88356952021736
705.5306951416559,651.727845189652,60.0930046413289,33.91148904426661
724.9844872763185,649.9442771157177,59.02407012175955,34.795417680233484
701.1048666534555,641.8824819378323,59.781259060356625,34.11863877330884
704.0099960646983,639.3398769550497,59.7610435919054,34.13060988923414
699.087887985812,626.7690163486332,63.0547946427139,34.42411790626659
691.6083049445473,608.1018200029297,69.91573703902517,31.172031410661774
707.1299028810661,638.5886481751476,67.65965435568482,33.359118779604835
709.2482745970659,632.5065439390304,67.54233860465423,33.47147121088459
706.132684323879,606.8833373724984,64.69832860689978,36.32260159858724
696.1018984066093,646.6739944400398,67.6194566395593,38.37461113293813
694.4340494831755,644.9736362963259,67.61891800952857,38.374954438340616
716.9448738108733,686.1111621783209,72.11242514636928,36.16662172952644
654.8913655841149,661.4147051235886,77.14441413406591,32.80395112219412
658.6376495701409,653.4688552870175,77.54756902807219,32.562601784105865
665.5115159362847,651.4111972685088,77.53687395447605,32.56929527015896
661.2523789181995,652.2473608246084,77.52912984794615,32.57524576969208
664.5996248601822,644.9257112144795,77.52270444652481,32.58228209627318
664.0120233462071,644.8444628398674,77.51636615081324,32.58664968986161
665.2944233163441,640.4911843262649,77.5062048347304,32.59651234298204
617.1420981236573,686.3607069725886,74.84418804481098,33.79304444291308
633.5398030322095,658.2496410867521,69.18585174455237,38.68638364256445
635.485593134276,664.3937425993635,69.17616660572718,38.69590438748325
656.2838005003409,615.9181801840865,69.72741117535507,38.68031626637698
636.2218215382873,664.544508042246,71.25694008334904,39.368753994882425
630.6177618864309,637.7701305569748,73.03730879959828,38.5289934930127
655.2324674420165,612.9455541204652,75.88198673872019,36.926612857731065
645.8988059299288,584.5186782520209,68.70780280488779,42.658225617568746
