477.0,339.0,42.0,73.0
475.8816725338459,335.45251922709826,40.31102364759441,74.65501632485626
491.10587380581154,345.3513487548148,39.38736895217389,75.39947915663011
490.99230698352955,334.266137119992,36.24899213302329,80.10557556775532
487.01006646855916,326.85577786859915,33.90495284588643,82.67921898966932
494.9602261086322,323.2603303499137,31.89242233832342,84.86227816201954
495.19661392295313,316.03196751021426,30.567706495047602,88.66144444658192
484.1806545461257,312.8444782317968,29.453760762008116,88.3164360878285
484.6740379611521,308.66577450171644,27.8136920372905,90.04184500901825
492.8985916329657,306.4396264603436,27.439980277769738,91.98406170791384
491.66045261019394,304.32647739468905,27.680351722361124,93.94227555157958
505.8927026300209,365.0924913117617,31.533291715666238,91.01779929214126
492.06501355753863,349.2765125460005,30.271662414341677,92.1376833068179
493.1431457326628,381.4175888542627,30.087816968397906,92.85566039000055
493.724100508422,417.25303414978725,30.25846521431144,91.90771596594365
494.76932831466723,421.16559519884663,31.930071197737632,89.89510864977686
540.1597776518174,410.4010121785214,31.998598792968654,88.65721536425545
495.877233085478,389.43014510620935,32.672719602893494,89.28527839681891
495.93404043130226,402.6513672029662,32.87156622783046,88.79961368328573
533.0107107212008,435.4685584858455,33.83057611190056,86.10945261410913
496.772166962927,395.73212953656247,35.12184972463963,84.76590426267526
542.3802719217936,394.61339832418923,39.95064560524645,79.95977661860454
504.65680130616613,410.2300106881683,43.63280106989965,76.28561484841009
505.52662050670756,409.145542915391,43.584834993951105,76.35064686193657
492.3844009568498,427.8927552981626,43.06251139835415,76.65461534590494
538.1628364035898,439.65952360441037,41.804522035635756,77.0754721202503
494.75615889740084,429.0346909258539,40.787524264810564,77.02329001947753
526.1803487076232,471.88377282052085,37.63588384114318,80.30485492887408
572.281423653178,470.63638959189353,37.84894848860797,81.22237615068555
610.3641080770732,488.9197858070483,37.978509145212016,82.19923148648931
566.4524157890971,479.6724680099639,38.52036143356653,80.72215878292867
498.9451521241542,438.7031635309421,39.46712448122577,81.02866477466361
540.0760063357708,442.15645636954434,38.56704172937934,83.47104855699284
496.13408168012324,407.59257802939453,36.81826927553768,87.31771545457767
503.51618073562014,419.3840057399954,37.616414761955966,84.08783206401554
497.0071738831334,420.214585977248,39.35530897535224,83.15623071302636
520.5308183019653,434.37616154463694,43.30977871312792,79.59533620056294
492.73640846281114,504.6122157262243,40.77438803377024,81.15752959520076
505.7711908968935,485.9291868637438,43.20678201265145,78.27729520590404
559.0091404802022,438.502359487598,48.39335843197157,72.41284082733611
513.455810375815,413.4980021143805,45.133533045043,75.35228067142742
559.0144954169469,419.45391284511044,43.34793481336495,77.14900584845635
510.00726884650965,398.5599584463231,47.46444636488401,74.21640225589427
519.326230280444,454.4727039659779,43.09683580628064,80.3373986433425
560.5008255653543,445.7385534710228,41.89093289515122,82.40845613349691
507.20306222737315,408.57706968044096,47.40707572101588,77.74899421026602
492.4794136111437,420.82061961503496,45.004076932966974,80.7783566671278
538.7140933373079,400.6799094408264,47.96672431657616,80.03517984757612
496.8395437048584,430.7089097766745,47.8261751439751,77.7535616221691
497.8452484310579,449.9308944995245,52.37404417973531,72.76715748408614
541.7861786135774,480.6789535220726,48.84226621215729,77.01099915578682
494.81217639529683,432.4797187071554,46.17831691336677,78.22453226218374
541.7904330062269,456.38907979768976,43.89643290293253,82.4483210674432
495.1821341502595,392.8084206374301,42.43474692346094,86.27373240554056
543.78137777994,439.87345396487086,41.23223897318181,88.45414396110833
495.654839979632,390.95177998641117,40.89034387067293,88.30276382964881
496.18936616862527,406.61739980149713,44.51837258170623,84.61091514491146
503.35527696201217,429.80792749028734,56.12058534246662,72.31587737597367
497.7903566014758,350.43026056493744,51.39275814056566,80.8411849815562
516.6663108185485,329.68049683335397,46.70036661315868,87.26650132411768
492.32288311049103,393.594145610982,43.67373249680278,94.34975674737724
493.5606773576893,409.0390437486828,43.809311433283995,92.97041464983214
492.55917613333605,421.8234334241755,43.441218701478974,93.19553292763095
545.2551954479144,446.5014477757845,40.96481422759575,98.51976392900275
502.89998169323366,445.7145178268891,41.2234671397893,97.48283762722382
548.4928616999656,463.6508975661999,40.378107822126246,99.8681386039245
490.1058908593285,493.45017049255546,39.053790531232366,97.88048218602782
532.1718156556617,560.7698444526977,46.331936971280925,94.50097618468862
583.2854776798381,559.9196362957036,53.04797229792791,88.64390262669794
648.737304008213,562.352024328551,51.291002380436225,91.25801745684673
695.3976474796061,636.1453002773318,54.40605304751308,89.50178782491018
610.8123698791006,646.1024160133258,58.62195736961787,84.16503190071295
536.3843449294549,650.8525703371455,63.03246588707347,77.75856718999354
579.5813325594752,658.1809004804945,68.73812289021629,71.45550931265814
618.620615725149,635.5266767776266,61.40999906375149,81.01359050745678
674.395204253983,614.7563770508907,62.299809738017004,83.59458760497131
619.3183398906469,635.4137232854791,60.12547449984552,85.96823436919306
638.6818349640737,624.7105141881301,55.39976609127331,91.66829460795834
565.8074619692196,622.2078321271964,52.90220470793441,91.84569013241375
492.84675475630564,627.3070817305199,51.32316137009063,92.71530234544434
540.9011669821205,630.2330847256139,50.26877264844131,94.49655517483632
494.00311100137617,615.0708528461728,48.72015041803549,95.50083231872848
492.97724545436824,617.7348591081214,48.44473045194694,97.85919112127775
529.0609059694136,637.1492955344954,55.29653631394606,91.46047879099058
578.4400388765018,609.220480653838,52.43206169850014,99.1434564526963
505.0722601368123,637.3666986483738,58.181336829246376,92.59874308935701
552.1126693041564,636.6087558126414,60.67454650969482,89.66480347395635
607.7910138371044,635.7311052018863,63.239961325634766,88.689067078737
588.7898652301195,632.6795703790428,65.36720131914558,87.13525348467786
656.0342654374596,639.6377720923587,66.87234316520775,84.69934074255556
609.1688320811091,638.4255906183826,66.25435581296703,83.764891596773
667.7159296616795,640.0880030992703,66.89491712155282,82.70660620866693
624.0714434866076,583.5553200237076,59.309957586931105,96.9523541346945
694.6647643003895,641.9991454163837,62.702982097062716,90.631750468483
631.2423706286713,581.8781077039417,54.51499356159281,103.43391500469501
565.0038032459188,497.0949085331145,63.92456240912907,94.99286705728706
488.8597215301005,502.96307434963734,59.13728638764067,99.8802594080061
546.7594804186483,457.12868343681833,62.60742956025202,96.36659189282378
507.38180763526117,485.3529779207223,67.70606736335446,91.68213637838491
487.08714875187025,481.36168909543164,62.907544859140216,97.60711019290665
481.07889943535287,492.404113346598,59.49121935734832,99.83596522756127
523.5659205239697,549.502107448487,57.85162694818102,106.46904043931067
577.0565487002884,510.2849560669216,55.650514333336496,110.21574402031257
496.0191478563792,477.15556402998493,56.61128709049097,108.29110219086554
554.8118331368017,481.61240664332723,52.1621469983959,114.60821282447145
493.2501140329189,455.96517549054624,51.946771424423325,114.61840770449633
553.202491023018,529.6529408896847,54.361063464732894,114.04953279000858
491.13045220917365,452.7706379031254,52.130469156386425,117.81870114105678
489.8963404831105,456.55271262137603,51.15987653795601,118.42423039260487
490.4584086360953,469.90618970945155,50.69164786290686,118.14477026552605
549.0172955896803,460.1009855825652,52.8805908746823,121.15370184998724
572.3264943459582,456.35489604873874,55.45853583038818,118.22978041562605
501.2928849128356,438.58886390951193,60.810895687844265,114.16847616380613
559.6460194545923,444.65484806346655,59.0413865530614,118.24796796942238
494.588575842014,431.94528688124115,57.86969846083518,117.24166003602159
553.7513714458952,444.5957358796012,55.92833119106098,117.88634919750456
490.57906411003825,426.8101610507323,55.00630615330223,117.09619361842607
544.7802283360159,461.23305350093176,53.13942386833932,119.81962258521452
491.1753103434503,440.4997072404837,50.3774580956578,122.81222071524152
566.6493761080569,440.9391630460606,51.01776650785093,123.21747770512374
504.0063915671453,458.63320909966455,55.28622612922491,116.77032264015227
579.2042410107294,423.9918785247491,64.5937590535801,109.21224740082303
578.1792438037254,418.99837199154905,64.63643187144257,109.15564607971089
577.2212152632807,426.44596593926644,64.65433612411533,109.12673969367546
574.5299461077446,421.5050603563243,64.6890098073493,109.0921118031633
575.9793148786904,433.38709602321507,64.6893015203712,109.09176384279492
574.5401637451317,444.0666231909317,64.68942137629453,109.09164009513019
565.5012585636006,467.6559595484162,63.58717802841942,109.9279209934424
566.911615840176,471.1202010232901,63.688941435855284,109.82438253984934
569.7469180088515,485.90018019767996,63.48291763439272,110.02696119363316
637.2270266446916,476.4608273805822,66.85155778458751,108.6904911991666
705.9963578225468,549.9105306311134,61.60088981364292,110.48140757408078
772.391502379509,494.7177365949448,59.78600353174955,111.78826029485539
838.2154242171292,485.67862350684686,57.7568884942046,111.02756397044094
901.4676575375006,541.339449160147,56.40724515668451,111.85259540309858
960.3563315500311,570.8026009221044,62.196051611603835,104.48623984671305
1026.4511751142927,628.0254722115837,65.3078628961668,99.54270979216847
1080.4316087012123,616.6135204644985,68.96461809781584,98.46216954549413
1048.9857987061523,620.6480535093527,70.64529295854132,97.71471104550741
1019.606702870833,654.6759634786954,82.6176722512501,87.43091335413642
957.9576513807357,630.3273751542338,81.20518868359324,89.88503275208302
1042.1502072540834,657.5347913060957,95.66596316736671,79.35618677648435
1038.3331807647196,657.3907671881537,101.33599350968034,73.75794255478763
1002.4255932381519,655.3582584715408,103.6749722737534,70.82711610068448
974.6648441262951,662.9918140781433,107.94330429873666,66.34660976876611
1009.30783376735,577.6050788331117,99.86571429885332,75.17270782230568
1030.9623380433245,657.5729944732681,106.1273005345021,70.12632661523523
1125.5221575921626,638.8801774569322,99.70498809698202,75.86551060518241
1054.8082559252002,653.4474131381334,101.85546293969571,71.4815809297918
1134.3598520479134,639.304608817402,94.04006671477724,76.36005837618615
1072.801079420791,634.2642559554014,90.30411160281105,79.82296672546212
1155.9460969940208,616.4055466079446,77.68027518682021,92.19472997909145
1101.7500040327227,636.0976308645572,77.57359788920164,90.27599649394233
1029.4186261200437,561.0303430279387,76.35506709346612,92.43460475995289
991.6612621630846,653.3710978229117,85.67883126226678,83.28060676668652
927.3587016098775,581.7681527029561,83.32458652395472,88.03512676733999
862.8106840513336,486.04767801554874,83.04739166057348,93.00659372027968
775.1511458104288,503.8122699345442,83.96854944121124,93.90403418038446
860.3602824876084,548.4873540388382,71.98974447064116,107.72817474865172
786.6210843497928,525.4861610559518,67.92242541424122,112.01194041413179
877.8839907734056,494.86035840347995,77.75449220568744,106.37349292366525
962.622829371882,513.7879602785806,70.80429608783622,111.09505614123735
1038.810482860744,515.9844225833592,66.35408371460433,113.2244346360809
972.3696120519116,489.04637989737273,64.64405897484718,112.19747053905965
1040.025199558695,416.6104989529689,61.30640996225694,118.22362085560171
949.3851973633771,368.9436984741226,60.64130021715066,124.21959821710286
1017.7713380546911,298.1773348963304,57.90077237456171,129.36081536292158
1076.9635083757476,304.4121893009893,57.64761154201928,129.49391645960964
1160.174529619911,255.62359229000322,56.681028648418746,128.09784388001935
1163.8748965584584,165.31672951643242,54.70784508718079,130.4691835629031
1219.6312277354648,263.93940919061026,56.49243920289466,130.00100011786782
1174.2752580008378,303.02561410377746,53.89510590603557,125.79808034280295
1093.3006696843179,295.49447369310565,54.63232270020811,123.92846686177835
1165.5852116945473,278.77930698534504,53.455145418030355,123.20729957539531
1107.386601067655,283.8019128970516,58.649401889100425,116.38815148031473
1176.1927801439726,230.58225939341878,51.90446011830068,127.2468463049631
1094.5902392301043,277.10164076872644,55.24682527123278,124.83235876186737
1164.4205292466963,253.38290689110775,53.820925413830025,128.8561225986477
1104.9291955328615,284.39043994810993,56.209987799995986,126.42702068752419
1163.2591718170404,275.47112708595495,55.71079420380604,126.26911397164862
1092.5135926819898,275.98221791918064,53.50140620925875,132.3194682968659
1161.8431735159427,263.2353098537982,53.981069004243544,130.51757291029682
1217.6095546183199,272.59982648722234,55.77108359392278,128.97205137745732
1162.9581520077597,317.04324584602983,54.54993251621504,128.762382459647
1219.3892411004574,286.42644943027307,55.723665890878365,127.72159556093592
1163.9694719869312,290.2928014236889,54.903688737071015,126.75245377655793
1163.9335598592152,309.4167527876085,54.57922662413321,126.65198146864049
1227.8829582525248,269.338934618639,54.25406112413508,126.22620453753663
1174.271222797803,220.45082540455465,52.49888670887164,128.76038805359593
1220.0104770704286,231.80324311085985,53.487060597702566,128.36223522765542
1220.0393617568245,226.1339639597399,53.82950989051056,127.91854694023469
1221.0900829471866,217.32279814550793,53.86196910585549,127.9100325451391
1164.5824311965143,206.1664026128412,55.31692409645825,125.01332425134166
1083.7662874542054,230.12746041899263,61.278221590841284,117.72352904309156
1163.329802339844,237.49543658207585,59.85089885081407,117.36434101441047
1172.4030409947259,226.1455368209265,57.01398040945888,120.15432379476582
1198.7631757817633,245.5123705907366,60.3864995316731,114.52142148341709
1110.1043539991183,236.95981705426053,60.79000430301774,117.47766190292687
1046.9610019122692,252.46055988835354,63.21215311782919,116.69770142700156
1137.601126925188,263.6388111125683,70.76869508417894,108.59616762176046
1071.5053577378449,250.100554785265,65.38226104675586,115.91209258410643
1164.139741695043,264.10677337575794,60.18655221439085,118.03620630644087
1108.9527814044577,245.30977237329452,58.53503639419432,118.92973452596728
1174.6234922642727,230.42497723581698,55.39675493335352,123.04103203053658
1173.1303877654527,244.24966169715432,54.31410769167455,121.69138959406797
1107.2865938062573,264.1759814863129,56.093172050494864,117.04538835193247
1162.4112000002392,361.29432617250444,55.84057221135933,117.54142603033065
1078.1637725775527,273.6605014485704,51.401879083099715,124.11452591765183
1132.0912176436673,278.7550315091102,51.88384960760864,123.11769602118163
1062.9761611333008,273.3916059783601,56.096750714279004,117.85032253434201
1117.4376187385142,279.58774098159296,55.46863530853987,117.90298832652128
1171.8853995106836,271.3231969758833,53.31246890580289,119.23235118687856
1103.1889044728093,291.5086256269389,58.20390258506674,112.66100102588062
1036.5846527009141,291.4164939806261,63.18163220307602,105.99861562542148
1102.7807718522683,290.4767684383353,60.660319803687656,108.7043255481799
1168.0693446951339,272.2626397548899,57.9212249602419,112.59234930301014
1231.7454942307631,297.6851900566694,53.52812388703045,115.11796097972456
1170.0194267284937,292.8272794792059,50.89309305904938,115.61617559015694
1169.9832591169818,316.237116970386,51.0272586276145,112.33158056385142
1179.810621223763,385.7228978775683,47.041282315968715,115.20759870554151
1179.667589620743,382.0034894594797,46.28660348232819,115.70735962207148
1181.0097144589363,375.5886107677539,45.10310911600029,116.40292167776428
1131.9644027750062,338.3243597904892,48.962661011692674,110.92979857125854
1182.3383656926044,380.7911994140968,44.197897102765424,114.40482598908233
1134.4758001558855,418.2036474829428,44.189644997492344,123.27455570588259
1080.6281497779441,456.4486274238497,45.53594672993745,117.47884020883446
1027.4841575598052,450.72223478813675,46.22896046309029,115.58233558615628
969.2983869100959,494.08551195382984,46.93658422100518,114.32658356189906
890.285309592843,467.9299454968382,56.28974996390964,106.44683665410498
948.4208588013208,526.5370484926858,61.352788509844444,100.08000462481219
874.7726245978613,544.915008845974,68.43520662379467,91.96942579140466
805.5492009472996,605.9407316935549,63.89883859288688,96.81872930278588
855.0560268891029,628.7529995210317,67.33406976592102,93.9788463577932
785.6859414795556,617.3420252652926,63.26927842681235,98.32759883960833
854.3759142624806,621.9585883882455,65.36847409631397,97.96096867982308
895.1840693346015,627.6833242267123,68.86883265324391,95.0705008328454
923.5273970216399,623.8563976556153,70.59828445690175,94.3742486893951
948.5079848128371,617.1216148431331,67.2984438659624,99.41025298928618
875.4283011260953,629.3166217804074,71.02945125409423,95.62353348729616
951.3716525406702,610.8044393039208,66.85228211635079,100.09140658846266
883.0046415926547,629.3879726224053,70.24414092644426,96.10067814729445
944.8652783940782,628.3892220174893,72.98076069517934,93.68536283262102
893.9490413733085,623.949735486129,73.28463213662104,95.94533212260572
946.5301291185414,621.8247804523274,74.30705747623351,96.51348235591955
857.5362712336264,627.1277083649193,75.65553679586814,96.33763732632913
912.6438321504609,625.6159096771445,76.03389793339059,95.83957485080435
994.0021838741708,641.8168999305296,85.3818307164395,88.0787915486239
909.8029274588362,576.4366913300094,77.1797270920305,99.33656134976212
817.7903047130452,549.0593728704464,87.23614628966719,89.75400191879052
876.624869408962,597.6727655567367,81.24862700525539,95.87446080890503
803.9867998609348,544.8701048938378,71.03837694115363,107.38552859466375
881.3604356410826,613.3798199065795,73.351636997069,107.3715764744538
912.6333947093033,612.4500445270202,75.67833848953387,106.55147883421945
935.7610721367903,615.6591677149692,76.68756340750896,105.4522603590173
955.581397970782,607.8442808051935,78.2556596032952,105.47941119272872
969.1296939825991,617.556705154464,79.22478336945592,104.60809032621911
993.2326988204736,616.9348125492476,81.3846451231502,101.93195533058197
1017.8733345727952,618.7219846892809,82.226435752296,101.00831233492376
1053.6741037635784,623.6880040451483,83.75788534680389,98.1341087252705
957.9255591196268,637.4066028548466,93.1749728036524,90.8280031774071
1024.5355159966236,625.6865529850148,90.5904808025883,91.32933453022984
1061.6273242863974,625.3235910380079,89.48990255311894,92.20331838842375
1010.1428031401426,534.9894118447978,94.21238570256213,90.49095472894538
951.6015369602051,627.9168803306691,91.29079055999587,93.17077727868715
1013.7317511135195,578.718164822711,87.84495270746848,99.82283933708386
1087.4503793373783,616.3177836265995,87.16294528318862,100.28970127764659
1123.2593274332205,613.6425734008594,86.54255427949226,102.74686554168788
1198.5225582227858,544.4975206266563,84.0542549318069,103.26609706665663
1167.0268437502987,480.3529222468668,71.75243283918384,116.83536889947777
1215.5565348386413,429.29672415744847,69.08691052577957,119.7830617091738
1146.3577067407714,469.3770480847296,66.45133307894162,122.08541892052952
1216.781695994738,489.1297820109763,64.63710701241482,130.61611439811418
1168.397922501851,556.0209506817594,57.59686133461399,135.89432393154817
1151.886181719584,605.1932352889825,62.89624469358159,127.9448963186643
1213.6476536540995,560.6302374824152,62.57412937679709,133.97743184879116
1166.0532151793996,570.1397946356935,58.206396218774884,144.53222157970993
1216.0605952746512,564.299531812291,59.86306089399437,143.3969026906875
1134.5824977448076,613.8519718181274,70.24149716461892,125.66426846758901
1210.5892030995367,595.0037340563662,69.76609609871554,124.14432858583785
1131.3439286101834,624.3619111998406,78.08574663992184,112.04438360064687
1060.2356988351394,609.1410630403659,74.76598182477588,112.2949387910561
1060.651437567065,623.1593498887011,77.54183539844584,106.69102996560176
1130.216542173707,616.5644768942674,80.75542196152882,103.29497387622209
1056.4605141040045,623.2911684431579,82.35256110874647,100.43620862206902
1139.1211224582614,621.9082510573355,80.78622721273265,99.13413653717683
1202.5430763058669,604.9425116633089,77.36789477386941,103.36570039297914
1213.9635334766535,592.6481909165959,74.29399398210079,107.13729858196173
1138.431500940693,614.2340652577071,76.34907162726402,106.04936261336235
1049.291294804889,628.5006559990125,79.35252161859869,101.73251452003396
1120.8475914191886,624.5272511570255,81.23112406871046,98.7882710042397
1058.181438384978,593.2257724839366,75.05662471720973,108.53711763264407
1144.880635821496,598.6165973515456,71.68436814983777,115.46820402718694
1046.6744948850635,593.0820971277265,76.89230431957769,112.76729556979585
1106.9422619595384,589.1914678150719,74.09865249484683,119.87860376948007
1021.7478677914577,601.8721295751719,72.09399295503157,120.02322736231719
940.9041590238264,589.1329793125283,77.5182574141221,117.29856119754092
867.4540503126179,612.8457829456269,79.34227244396098,114.93465284491792
781.9831187628818,602.594882099858,77.76098796042557,116.77789473726153
783.7601132638409,592.6862581429828,75.11697299710826,123.38707475703004
703.3576592856356,614.9845363752146,78.5087187220735,117.15445567049588
780.0239028358088,597.5386210863348,73.72292351625829,120.58740677743017
864.0321546532629,612.5677777427626,78.93067830420182,116.0352027022457
940.7598367126363,596.9646929780529,73.6594267342829,120.05316269797362
892.990496277479,612.4587824457126,76.84938323936319,115.58188668623836
887.3577526031955,636.482778710187,80.30919508133844,112.08986721026794
807.1056180369967,625.9743757252515,95.41284470690024,101.52553266195036
725.6438656504423,543.6282192431078,95.63742064700116,100.98102921998786
629.7023620571409,595.6833847179928,87.68182004551802,111.77167635859684
709.4983331706625,593.1425136394452,83.26001331652165,116.90126029930494
800.8750192788239,587.6274781724709,88.69003648594115,116.30767400669112
789.2629126553637,593.8533975353256,88.29344017780767,116.68750699576444
705.5596210570301,559.1668373869426,94.91054888717034,111.58992416753031
642.0024857187989,463.8477525374503,85.93595237613278,120.01947570245247
734.9287801334459,564.8468176605443,80.58429433297144,128.4106582004052
823.7989350332554,605.4144454772237,83.27565567593068,123.12797214712448
735.9347921347968,591.5889416564609,79.08307355292594,126.83407736860615
794.5654141879642,624.553108154973,98.47455466631767,111.0966547109374
718.7983491473327,580.7092785017129,88.88659917629167,125.70427403943013
747.3973916426108,622.9283632027951,93.7811274059502,117.85879415142595
807.543569735833,602.1158239180631,94.85440232302156,117.32465488641722
714.006200373773,599.2414479005776,90.18115520729762,120.83827661132977
782.9020893698503,581.111367934735,85.07469520830718,126.64758319523658
785.6668444797034,574.3626501331322,85.00287141285646,126.78153155478984
851.3858805795819,592.259526334202,87.93639650313844,124.3962149741836
933.9598386261158,597.7242135799612,83.89561236807837,126.09523651690577
823.6852768736838,615.0305183800666,97.91607986708291,115.54936504535705
920.2009899061311,601.9902921225319,97.61812853363392,115.31227453064145
844.0800593931323,594.9510968609953,88.2318462490845,122.49549961029399
809.0813569254808,600.6048043053911,88.82533577911406,121.52946770184906
889.2364328913183,617.9110270911477,92.74237195779084,115.73105182393952
797.9454760557454,568.3606561808501,93.26506626858483,114.90511212597991
709.4949194305335,591.4679952323899,87.14510713131338,120.70361380195314
707.285227312341,593.142521783219,87.14065322911797,120.70791586959132
705.8015259088055,595.0873210816372,87.10243865604684,120.72779999026866
719.7274143556799,584.6508722507764,86.64709082418761,121.27188791383135
731.5444665311426,599.086381692471,86.23387842577704,121.4603191799782
745.1271988652182,600.568396291868,86.2499990695153,121.45445038157479
744.5965236481696,578.8964036189918,85.36807274065012,122.9848370945146
745.1963130076782,585.1332670422395,85.35804930899423,122.99331373160092
810.5973524089231,572.0260930847201,81.91747410757863,135.41197015646634
723.1096158660728,609.422659407116,89.31718730558384,125.86649528755336
810.7275874768668,603.558739890695,93.50441608106613,120.86513967928201
910.1996750847504,588.4115750352641,88.05909645611922,125.48161866687718
842.5004791199602,603.2697809203707,89.14790281441057,123.35170515716216
935.492126340172,593.9063919509509,84.89480246578397,125.72526311003973
1031.8338471385393,581.4469940542001,81.07284158193978,129.22179098972316
967.843821412579,607.9807530771245,89.91443478190749,122.28266802444062
912.9273412748242,586.81714643071,86.06101657841296,125.98133364881275
1004.0187819485177,609.5821614826765,88.99570420075264,120.76447493159836
927.2299588318399,610.1470984387794,89.64061117629583,117.35599865771351
998.7573223773883,592.5634708529719,92.30692290355846,120.5288461755199
917.3232651537091,607.3478202189824,93.32339855697126,116.57821613856729
999.1794483551746,610.0133155644506,94.49726262279037,114.13176624391073
1097.0157642090358,588.9881466713598,88.69740313186502,120.82518569513161
1014.5182712006059,591.2386931326182,84.46427025224033,126.50917330087387
1110.0845895927844,606.3676091392891,92.12762345811763,119.49438137237092
1015.6940886855883,592.9893146790512,90.9473063027834,121.19107954577646
1086.5764455555952,602.4180234626085,93.64616983327736,119.27139658254379
965.954558340647,603.896822401057,98.22176189012691,120.36071423680528
882.9248021649198,614.2240636461111,98.44619123376881,115.48268095018818
852.7818293562816,596.3624974177883,93.81791413376,119.53127765549104
904.4112423042685,608.5447775114438,94.57479716112616,117.20801728812629
812.4210216616319,594.6749721024586,94.54986735264914,119.38574990175114
