205.0,273.0,33.0,55.0
207.64041911543507,265.83597367154573,28.94572498438561,59.05215276982357
208.89635978301618,263.4688618655871,29.342122829750082,58.97640504919082
201.98086677695682,265.5884646228695,27.502243782969927,57.675651301593845
209.4225701883222,257.18148127329334,24.954765877170306,58.34879272913959
216.94219538725847,259.1117609940037,23.3862147896005,58.50080080786053
216.69744856920775,248.489616124487,23.63340360885987,58.9427242901801
215.12777296669358,242.2654799904112,23.642155791976542,61.95851288523597
219.70186973432246,231.71296382798548,24.32766911249275,64.01646421643505
218.69894682794126,228.54142521339529,24.06003331781801,66.3243413265969
218.97713283193633,210.06963240195202,23.94531903182419,69.07690598390725
219.5606055886775,188.04050574291637,23.537738123291774,72.82291870139258
219.55955880632303,173.1260489857489,23.457813841595204,75.58177911514161
241.0440335225753,137.54909193535448,24.91866635000868,76.81710648497341
260.2568126940593,139.7623794723562,26.324399205771094,76.67932783583566
220.15028585375467,155.81676828540492,27.070755193509285,78.32283902809763
246.70392388942392,138.01298108660058,27.922909816750845,80.13662451579422
219.69916395552244,148.79949633873494,30.39154375926085,77.46560016081747
247.73608878348716,142.86607296497564,30.01697007379036,80.28806195197619
215.18103771238356,171.11782379631867,28.836468578302274,85.53901967039366
221.88699652530144,133.12798949561272,31.670362414868848,82.93449027375868
250.958303689439,156.1619189385529,31.51446149601757,84.26182258050525
216.45615710550135,182.0916204783289,29.107782068678063,90.37029212058219
164.52348527353672,231.95177898439113,28.815731323427627,84.45163373882883
166.87913955533665,238.4987857498516,29.314960193452023,77.40477701866837
169.51853550106708,243.35945192981208,28.63423415511005,71.92084995888781
169.30846516928838,244.35619436089337,27.310227517947236,67.84609726301551
171.70947582614212,247.300021469316,26.644407109085904,64.77949607427692
172.94311541515395,247.9965007323956,25.93794784301904,62.66169547658454
172.88675648257657,245.82589514135356,25.466312201608723,60.44080481769569
175.23011790249728,245.62816608815643,25.14158982716039,59.99045507372912
179.24702423721254,243.69978435752805,25.229429760879256,58.324718496838884
183.46365987167204,246.3005730145047,25.412568747392392,57.013015402780006
187.4877515141706,247.4363357151698,24.91210827886252,56.447062248955
191.11370153556132,249.94317463033582,24.38529921661094,55.94468069090079
195.4233952863035,250.52601036496497,24.451432840919985,55.299540756791075
202.90954486753412,248.76543348075194,22.428304744742952,55.074739534830215
208.45053330608138,249.06806685738007,21.899887170932097,54.864349082862525
217.5995641055965,250.28546519379373,21.711484766848173,56.57021984854231
219.49051818336162,251.67445676586448,21.754097199239094,58.529002565912066
220.38245275233928,251.7565502242678,22.03213129958027,58.7340269652141
220.32183812365713,250.07392880683727,21.834211241587376,59.86733859051091
219.3414214239762,250.0831884313759,21.153449515750875,60.8584178350097
218.7086579125352,247.97453184420948,21.31456600949624,63.533996313908
224.16486608005738,244.8812294406049,22.274785515821435,62.32479480855615
218.08027006268782,239.89491182385308,21.194399074608434,62.82227802637375
217.9538262037565,221.77469793840783,20.807413228227738,63.16164760024277
217.6400429522071,214.03433955103753,20.726167554145324,63.10516630827193
217.20277867643534,221.36910475666838,22.733858484953643,58.7339089835581
217.06358328737454,224.85482025124332,21.46060708358613,59.98341763063864
217.2242583154804,228.74682604875355,20.55261631177533,63.107401259617234
217.7738888744034,221.30764462946976,20.190773070649755,63.11726148130247
217.7014873894877,207.8179236056763,20.187684161399417,64.16347598982694
218.0509191144186,218.77183835077903,20.837183157368933,62.50498464964583
220.47321851888864,211.88119040942493,21.34454691480458,63.17796220349661
225.07703633786622,217.67559871232095,22.60360229400032,63.191872534044904
218.72762381164227,245.47828544726323,21.619166428784645,65.26118931074241
218.1647586877237,243.016587468517,20.95697107561625,65.6251742193457
218.69491873060792,208.8123247083663,21.782312472658756,66.73883127040884
221.58847074853628,181.787459498219,23.891185933902875,66.67441068972686
215.66763100517068,199.93590835330835,23.987704364115537,66.62660889629619
216.48205501386494,197.4599926637917,24.082959678292855,67.60861739172353
215.87393719560544,180.21333461273568,23.088857199119754,71.26196576617444
223.2911406355074,206.06118465416623,27.878250597025772,65.58283672823522
217.2211185218989,186.3894456133158,26.988090051293575,65.48084590734825
245.69999092177522,213.7386835334164,26.50708322761514,66.83738944580911
220.3340890912794,198.9193376562134,26.764422472102883,67.04898197230982
254.20369266304888,239.67538943763392,26.648132503856836,69.55049687870707
250.21747233075314,243.79481418566996,26.55387986247911,71.31669613446601
242.13418795568361,202.7060826224967,28.789302944588346,71.2429004107149
218.21253910200082,189.4542944231572,29.64613138315512,72.70464865387632
256.8215735266797,187.0310854386579,28.84369668907088,74.23183487429398
249.49002180111373,192.90415705885056,29.046009506047472,75.14387473174801
216.70139663713098,200.36544534094156,29.64099054690361,77.37611002669692
247.8364370860427,220.70855235464933,34.40175529116997,71.76090277418373
215.78039134755636,194.49386616109683,33.09862460017391,72.72728916885708
235.786329140845,185.68132086869048,34.55705922477833,74.9724816823807
268.3800444090138,213.72602255745522,35.18102242623363,76.09349700602306
276.20828643054205,212.29002679936602,33.618409499815336,78.50600737228963
283.67171136232804,241.46753429352242,32.64646133149486,82.18591212274634
284.8334913757982,242.32943943067306,32.64757090408766,82.18256548198234
256.70237899602563,220.50817149933673,31.999170205869056,85.36090990788743
214.39986015387666,168.56569485597407,29.710447209014646,91.16404556765963
250.53818429787475,174.3796433717491,32.148429047971604,88.61080216159785
218.47005455691493,137.46445653932514,31.11704021446157,94.45128477419968
254.45073172325456,175.09234017877927,38.38427780072759,85.4660939723422
215.81159528982639,164.76453180316392,35.93107483750584,90.06095594757191
268.2886306625146,195.25122503189831,37.72392944613328,90.03441931310118
219.71651587016714,195.47970372097825,38.086771701726676,88.7780193456583
268.00371573058624,153.8859326606401,36.19713302825176,93.13688714992837
217.1029219652155,149.2734479555573,35.93509903799714,96.51692972598757
247.83083826597402,134.54051047972484,39.5052979306207,94.59613933341416
290.41934410369896,179.6933429815474,37.632012451459886,98.23767891961278
228.92844738749835,195.89146286965877,46.54671298835328,90.58913125154436
212.108362146311,166.09546447308816,42.856946489526806,96.28548671778125
215.28181773288108,159.5870860540729,41.790279666820005,98.92313035848512
215.34686775065512,159.68098640908482,40.25234486297665,101.38754369875426
223.64913926190448,174.38722972397142,41.39291521328069,102.307618561901
223.7628248368057,154.62298934797002,43.485009939103875,101.98570029656977
215.7680779499948,137.03521350412532,41.664488987994204,108.2592630011049
235.97386016093924,140.96355728202457,41.4458071039471,113.21271605504765
234.35926669856224,151.11059401753124,41.444958723677935,113.21505600566516
259.89257028314,207.4534003730571,50.65801082576259,101.44626000603918
261.5589059683192,189.81777004056494,49.76639785269728,104.48235984338677
270.8824625339964,188.02088039220473,47.50280675503441,108.54859818813995
273.43790249559925,157.96203545664036,54.17513949357176,106.09406821063591
280.2900533824236,185.47814008435873,54.66346658039675,105.81528836804097
294.20440988350026,182.5775197316343,55.38577133947385,105.62626942612042
295.6111341431655,185.19489837559416,55.373325561003455,105.61740515883062
312.49378723924957,223.4211310455158,55.09231807488988,106.95908349574512
313.8037026642528,218.24388074773984,55.06368590766854,106.95487952434151
323.58040533360565,193.35857465806617,54.6877421931083,107.06443899983142
335.67473821766305,183.51255732865283,54.39062267438315,107.76727306661705
346.40343511735375,175.1625617424738,53.344472313722456,109.27220637001761
348.7705090491484,180.32452793866068,53.33965594351078,109.26682313383283
349.3757034275022,173.4369441656022,52.63963094441365,109.90989248201278
357.93242471095624,159.64403389799028,52.512096885806265,109.8179443099612
356.4782536041616,170.18425761148393,52.4952536574248,109.84444192081571
358.20356601380973,172.85137752880212,52.46399209839759,109.89091650268325
369.5326599007967,165.5825505525948,51.34632403877916,111.68926019051048
369.6082937595304,173.9767932412106,51.299767831552785,111.73209462223885
270.82134227481475,221.18945206431744,69.60651992207784,96.24540612641576
339.943413124961,176.38987079808777,64.27052031162904,105.06008379559387
268.004698296346,118.16989127267423,58.00524977354651,115.86255352757328
224.90489078369126,91.2412093149139,68.37876921780142,106.17105498581857
172.35697595964655,189.73904263727138,59.775067310715,113.07588577762704
208.0388035762319,167.52363812445992,52.71093447744662,122.32205964089643
250.33205116807258,152.32900968762604,54.89925008478092,124.48466436917845
261.1002057177617,169.17159607664453,54.77108498259509,124.36000031916883
260.8251734356713,162.27192117939813,55.687537271652296,124.47780294874464
249.36789755242071,158.6528146184386,54.61531840827062,125.43158270579549
247.91712675327315,158.45595797981144,54.6414589865157,125.40350687334296
131.2164942534572,220.02585858136803,55.90699705743669,119.8441194885892
126.11086190579702,225.3887013528905,54.58233493390938,114.20804738319683
124.92140511398446,228.0090819357318,53.835295796892424,112.31248651773087
127.79295927887487,221.29295509072298,48.683788719667426,111.01324148948679
129.49367193802513,217.65296867854323,44.8518500194089,110.22996472583358
137.92684224390402,224.50260416591925,42.115777504574964,107.9897591883985
138.2132872713801,221.32620766974853,39.33016419446534,106.80061196849014
139.10744200553603,219.43466992137303,37.066629724579904,105.18443934207221
139.75391151084912,232.58812781096825,37.72962488086197,98.07041945216399
146.50402067709965,231.23476506204491,36.56523819051181,95.87993912039033
146.1905024119964,241.53530805690258,39.24604073291011,87.85524053607051
152.87241181826482,246.49588135917642,41.093984348656946,81.29727433046384
155.1391232164331,251.55343995453126,42.433038606916355,76.429826836562
163.6292489652596,254.94869965288217,42.52786607349677,72.94096320920836
168.0860000381458,255.85560271332258,42.427038450124186,70.6695447526456
170.17723935681934,255.9948673609816,41.03714852356206,69.54361836832305
175.342667165187,254.50851997461552,40.07839087588189,68.88515383548268
177.49825227468517,254.17009254229424,38.911081712259744,68.52324684595348
177.49439798721113,254.51763468192954,36.88253683490675,68.19618995573244
185.8806246408449,255.9116348720989,35.0960082484034,67.17182461472329
193.69936464748358,259.0845890155426,34.98875780360747,66.29727367341695
193.54805561347143,261.6534836113717,32.75941037747586,66.82528219217743
195.0543683693991,260.29645228137025,30.04148748493475,68.19911581775646
202.57698890007532,257.4546266784029,28.704657640318153,68.77936488593481
203.24990018009797,257.5370777346685,26.880422303087432,67.7705388470501
203.39069004973226,259.88840198411253,24.909939351271557,67.96892088862836
205.37846154666676,265.603126144769,23.836371989116373,66.71052645372902
217.01753897136527,233.22638272475362,23.210469336985007,69.21504326202154
221.63051979187097,217.00503566396816,22.42546858006782,74.33486903642448
244.7545098723097,222.3868022417164,24.958513352051693,76.26666650074
263.87753732546753,223.41810769599596,24.93260081023802,76.64201478636427
270.8955453152998,225.21924479477696,24.803155265143815,77.17520430340184
271.60399069213685,222.5605653362541,25.608567663554027,76.93192956108481
284.12157299059584,220.2452771203357,26.71391362571803,77.52180889514331
302.7930805498536,188.1228714660849,34.61320426281787,69.91690401712144
276.20069193628495,222.8947840349554,32.677208174525354,72.01610713865777
277.8478251568066,226.78654440843962,31.139926086547618,73.13284159493641
291.50113129011055,200.6639919463921,30.926371452385986,74.87256779588692
285.6637916044222,217.9154450068423,30.342265575959864,74.22239528704706
286.8126764663485,214.63160137643234,28.74794265758458,75.70228585978712
287.3699363541099,217.27647545820378,28.51876619527887,75.0301014207621
293.5456282215833,214.0918225477451,27.597822409367687,75.99953589234472
286.62355430545915,202.19445965821254,27.045921695778645,78.62127087245968
286.5034515780429,200.2409203889052,26.30265694911877,78.95530964094799
291.7020189806662,201.6362397120992,26.513330256970377,78.27004699973268
293.66397165600415,187.2958905404406,26.751097021620396,80.49214434512508
293.1335692417052,190.1021306123,26.713825149054014,80.55561186757457
286.05185750363313,196.6609642666321,27.459060530105383,79.2497130907096
292.4171868631489,192.3397829695066,27.98300138230185,80.63635983794532
273.15238460801703,192.8165714212726,28.473772274401487,79.8353379977801
292.4091213321131,200.9907955035094,28.424501707068806,79.28800105462003
293.87353586696025,198.43579549634052,28.54838746205095,80.18653380287503
306.5558992383266,194.65070067996706,28.078325483722537,80.43539193461487
306.7890237813416,202.30855306535483,27.499649490868464,80.77596958876607
326.54582855165245,190.36747948138978,27.969858004446024,81.47467368723818
375.18152616848204,189.6133206903173,29.306319521275107,82.24189435556862
377.3251390571285,192.24471963023757,29.303211919488664,82.24711710561087
378.0253963893959,196.14660138450716,29.329544712839716,82.23912853374769
342.6744895077741,197.41234511146305,30.693521256844992,79.92185032349113
350.62193972598715,189.91718640882465,30.05295527018705,81.54627055011801
384.06265855369276,196.90695838937046,32.25583005374059,81.71280660611627
382.16136470421947,191.50086111405975,31.954222634736773,81.95780144970645
327.38810458387104,139.32778608049728,30.769122086859362,86.53278757640166
362.613559593717,112.39405967466891,32.78361276296826,85.43299719347834
324.4713618840474,111.65429338093819,35.383552310725506,85.94920273073076
316.8055388559036,152.48472236879883,36.26071056641484,85.78584231360321
360.2684025680894,135.7818321652826,38.59917381587135,85.70605372039151
401.1485279835373,162.20039523663485,36.397043712514716,88.32135830278472
440.6014477628768,218.53369020097438,36.05557335549587,88.45505371346108
448.0591118407541,223.8590099931733,37.303546667636745,86.18237338046706
469.69304088892204,191.718431483335,37.28283136304886,90.05085644994838
486.25456092766774,230.76385367232274,36.5556233473251,91.33705674970724
485.71929377696443,225.77956915755058,35.415495522190575,91.33385740004013
486.2523111421236,216.1352586707695,33.687861215399025,92.6085165816101
493.31076465242256,222.1895433275672,34.04200445725228,91.91349955225544
484.07908897302883,217.17356045475316,35.540388088378556,91.49678442019797
500.3584715289351,226.76344546776303,34.723697942996594,95.22403305567722
515.3730384716755,223.9246508911875,35.75003929250114,92.08807507442891
508.2100916688619,221.09326496799576,35.647400297725696,92.36411243518613
524.8732563435692,210.6036642673601,35.23611764020542,93.165098809602
534.2223984703767,228.00782302544667,36.83867185704957,90.57830839303827
549.8097489428322,186.36276231056394,35.166444743315125,92.8460375498545
551.115693168686,180.00945392118058,35.15215961268316,92.87813192871889
540.1087375274079,162.84511488827306,35.46204181198721,93.19152450259053
573.1113272867085,161.33819332041193,34.52155192961671,96.66519416733883
618.8922293197912,231.50027569199074,43.2832952267325,89.42031409215
654.8026639145313,256.3856989839222,39.628701061666234,92.50800708958579
616.6507352875583,291.8908774296305,38.3547690089718,101.85030370158722
659.5753722259815,274.0380357171635,39.297533095992605,106.03074908941188
666.2732068453298,265.97973131067147,41.15032176592627,101.56963344560887
624.4949033933241,292.175982530772,38.18792384816028,112.35622341263438
680.5673790431316,223.66348698539133,38.00917433077181,116.74066579734097
737.6198264439056,167.72434842759372,37.7907922855715,116.71482151401038
696.6225276736748,212.17156587445223,42.24523632261527,116.17329189373089
784.626731079228,279.70411313804556,42.55602811990728,115.43424717123173
801.5925067120844,255.34841237540138,48.66186470209488,107.55755207786773
810.894739254418,243.90860995601562,48.4707792866169,107.53405785658065
822.8536299323882,263.12423272645873,48.89209400001259,106.29297115968855
853.8886818181761,216.60388092543394,45.23735354020434,113.15021834083974
901.7382092414367,193.73090191158394,43.7995291624332,115.3218279188327
911.5430835550874,193.23847569953278,43.07685786667481,116.60785012581196
916.2453384099547,251.32154959849387,49.70290960408377,105.37560125367105
909.5164519699576,203.72694204988045,44.62599734919009,108.54684149738225
938.2941890266289,228.6134866484142,42.934124920417744,109.19223984914291
882.7694444537779,259.304015377781,45.41626177119818,105.24677122707917
921.7185053860827,226.7284869787435,43.51898676938141,109.51374523096482
928.1146702948049,255.7355233502933,47.94219497683942,102.01009805549214
882.7786629431364,268.1871872863573,48.37202980957093,101.4352499502098
896.4464907205373,270.95517737824696,48.00935093933944,101.48650092564071
935.2054250884833,248.95055143544306,47.56946224495142,99.35085153561374
890.9936268511619,268.53193836176206,46.557366886098,100.036699051384
923.0208063293422,270.5684609319797,52.138727229053785,89.84832083065695
879.3099554735996,228.402478633224,49.26404985118344,96.2311963778753
936.7546398800633,253.97558459809989,48.60245661198648,92.93621125476423
937.4336581075903,260.13610960436785,48.87679384753781,88.99909430955006
939.973367586146,253.25733854537572,47.048260853866324,88.114247130049
940.8423871150653,252.71340063561635,45.6242040145316,87.57267370125378
942.231454696358,251.629785026622,44.58331572294078,87.29983977374995
944.9022898265208,253.10083396130835,42.91322291622861,87.0770886660807
947.479274096113,255.32881650116983,41.616262595809246,84.8111594063651
949.9680658930124,258.2330000269132,40.136837695324246,82.06034111624612
949.3082648283364,269.09395385741004,38.91617569503747,76.63013763310889
950.3270653707539,274.4761964298762,37.07449713393951,72.06049768776154
950.3734677974409,276.05633295051126,35.9611946008552,67.49556358711182
950.4862893006647,277.1741391653798,34.303823350579755,64.0953610370592
949.3398302473785,278.1272778740753,32.567043562102086,61.4792119699261
950.4325016348996,279.0565227307724,30.424041449390252,59.950408212771634
950.4238019348853,279.6796972728366,28.56374469291693,58.96553710568054
950.4869562084249,280.7388708632743,26.961213153894448,57.7658558107305
950.673824580454,280.71061454570076,25.795411087436946,56.90924573231179
950.7233808345834,280.58930089593724,24.79104004283959,56.05698994754164
950.9143070915144,279.4218437722784,23.27356288183696,58.34414247518545
949.6718457176383,278.56653245279574,22.798340156108804,57.566932329498044
950.8276766196897,279.13253006199994,22.682047118790923,57.09458904619025
951.7410529116095,279.91869670394686,22.480390021592356,57.05334995575495
951.9121221999886,281.54179197283094,22.528293004768546,56.85545348536959
950.8364094001176,282.5020154129513,22.531692138140876,56.577318058948066
950.2270959432229,282.6503875321503,22.26609866637883,56.39661446758001
948.8945415811517,283.96090741906323,22.19486352989524,55.7944669819622
947.4712410320169,283.6579486204926,22.296278776113944,55.80532363454619
946.7740323721508,284.5380848617292,22.24660549106388,55.58135920222865
947.1062110055284,285.6321725347549,22.12450851350102,55.31787171857356
946.7838765399697,285.24652573974834,22.17996902052719,55.30241606485039
947.1309547837238,286.3155861167062,22.324562478182603,55.23656641956199
945.740004840674,285.64616771983503,22.41489756592697,55.46006083468799
944.2048378809769,285.37657205462483,22.72059377665733,55.624354983120554
942.5651314928317,285.01412254461434,23.257301446212498,55.510494282816154
942.5174249023548,284.8217877992914,23.69544467248486,55.71604163841879
940.7664075903658,286.8148782609574,23.740543652313075,55.904337338621986
938.5425396924139,288.67994661540286,24.154812632268396,54.76247415496911
939.6107504123903,289.2456070557139,24.21482354438163,55.37713508682418
938.9360786369853,290.9641511321124,24.16024954415124,55.85691895856326
939.5675452690627,290.5707768030205,23.946387115109626,56.68418455576126
937.8665899637812,292.6655383073342,23.638358961100664,56.13147041935677
937.6711213437763,291.82596395983927,23.093024414420555,56.23382532448305
936.8427059381709,293.65119513171226,22.932295148917937,55.91504184807715
936.6913870627152,294.6329965131876,22.9083569649423,55.21962040913162
937.4079903610397,296.25877381349375,22.254121205886584,54.011700938447966
936.9532733556251,296.15982435010284,21.788442683146354,54.08483204022234
936.5071407177551,298.2146190689986,21.344372299859394,53.47424601277014
934.5224761767092,299.7211502729297,21.532211532860465,53.280170736026655
933.745322486399,299.6823243188724,21.180951982710006,52.60916416588118
927.3565514385502,294.11288518492313,21.092243086586134,56.28884729675584
924.2968184789521,302.80504420355953,20.179163439223693,59.724961922446965
924.2680453803124,307.67505556102896,20.01149357562619,63.32800923772052
918.9940483058541,310.1738148175457,20.75874271416678,64.65012945378253
920.1593504153728,316.5545520422564,20.501020908993464,66.33162146554272
909.0776084741577,322.80470161853,21.340394760295688,66.20796263281976
908.2928904301233,324.85035756710994,21.755958358435457,67.4281803720429
917.273831901822,318.09868819095516,22.42736475219644,67.93908557637884
919.2174365327156,324.76494849953605,22.21447237349619,68.59748693339915
920.1921394249625,336.3450571023027,21.918667281751404,69.46607832161592
921.8199497356248,346.39620510794856,21.118199887279093,70.66276302321474
921.5936326021516,372.40767879825813,21.109562003947573,71.19134838795699
921.1699763044204,376.2903306836081,21.111799170924108,71.18940321024407
888.4382457087715,351.75393804727366,21.099422654702305,72.71062140527626
834.0205533903044,320.2988743154562,25.859253397593694,73.17437969776854
818.3965849023427,319.8096043880535,28.014855626202383,75.86342837596872
815.4188839235525,321.9106368337007,29.543986145184356,79.85334575396139
813.4289521970843,316.57765517333826,32.15139710063845,77.35686114530402
811.8151140249746,326.8261417166936,34.03521842147373,78.72816846935999
832.3191036710128,307.78304316178367,35.833532616945995,79.32708377986337
826.8438668466312,303.28812867293556,34.66348472029935,82.17913161437112
811.8827979460144,318.81362226713406,34.03079578508259,84.6242610641577
826.1978899702472,309.2910748345992,34.29941735490322,84.46310097012098
846.0986343153634,315.9966518064561,33.01452641247344,88.14694061771584
845.3720704400829,305.09789200275014,32.10561292806442,91.17840607168536
