270.0,457.0,93.0,279.0
405.0077257424566,393.4954327429294,93.48518938422738,275.2929632494928
422.76207445477996,379.18472863057707,93.53928569127014,275.64229200642393
423.0824672388525,393.1264273226907,93.5851146365223,276.4801184533735
406.7743690092883,378.58055098184957,90.89116094916636,276.77150568705764
479.5395402704114,398.11144541341133,104.33361200602161,265.1049003871666
484.822400425254,437.50589089898466,117.78480987870955,254.93372334424262
500.262050892751,445.22356304134473,123.5603513204245,250.7387183386973
474.21211967084605,492.16567207623666,139.17841368488877,238.66645095250718
402.2970400869478,425.20304963774385,131.94627121694307,244.36580471621153
401.47179929091016,431.65293198919926,125.98771827074931,248.34175145434074
403.63371692436607,448.4187502581135,125.99290779555498,248.32515626783064
425.6247611095607,406.55190116619065,121.98568057018524,254.08706032325836
497.1866957371112,431.17731445265605,137.46248880531854,240.1346575174174
479.6515973746584,423.5309690513768,148.2753498673824,231.46319121548373
477.50879688313796,429.4540439429194,149.1840106000265,230.8402164812266
411.8779206972728,422.7936567837529,140.5096972979287,244.05390317995693
474.9357488051857,416.6047357144942,169.14446832819672,218.10429933458764
458.26149744289404,433.5431717129803,174.85577165092457,214.44890293881167
460.2008331983852,439.89558613978636,174.9779312671089,214.35923693462593
458.5285258552515,437.641480671214,179.13137734709522,212.45562364539109
469.69757313831883,425.3825898937504,183.37223175556977,209.27864773877053
470.8121920814699,431.4167928095478,189.4057711977589,205.3840128117167
457.83023590064033,445.6443974172998,190.58540850448634,205.1314021679901
448.4641394586326,440.0382607323529,190.74161071162197,205.04382316666806
474.7663440960207,435.4861295178049,194.99512685188483,204.95777416387926
479.0065799426771,462.5204800846451,196.78121571307642,204.76720871135126
442.7407173029748,478.7684761554582,200.21932069218806,204.91238707143404
462.5690379411671,441.00250234492444,204.97504056082298,202.4234225220914
468.7314790518523,481.6901692999237,206.20425265402778,204.0800786633624
495.8153649086478,465.4047890268674,207.21022514209704,204.25177609912348
499.6151057560107,476.17203539977214,207.7303952418048,204.21743784855323
224.84850452841852,475.00537737439436,175.00633451339533,230.76163227150118
180.97914742753235,443.4854777293647,162.02326221614425,245.31652250394336
225.48148514160556,492.0695510244248,151.43978277188452,250.77897588940903
276.3471151133224,498.61674081810065,148.33351519905634,254.81551861956217
239.27866169698154,463.6446044618034,144.8836147807615,255.3102063712193
227.2426415875855,443.5944215224745,131.12580194169226,270.9082700800773
264.3898219739656,466.0907821100913,128.06594586863915,273.2228113254979
264.10137115935686,510.4935411297689,122.28580947676886,284.0924489257911
274.06039839746757,469.51410463033267,116.27904612298397,288.56549733970274
329.6376288927221,451.87280099348345,110.20888994204532,298.34448255834735
254.87229189803912,417.0905726436438,108.5160226716456,300.819026843476
333.59374154869596,470.7008075951685,122.48240986935537,284.613068048825
303.186942405083,389.7804261866934,120.11572556380779,288.39726653472053
288.84496058206304,523.2743455382777,116.32124224939851,298.78064365186435
272.2941549759673,514.5906970160811,115.88295172819163,299.5024881968679
286.41014897026434,515.3508001718301,115.85475058957311,299.5517805435502
342.9422600699934,515.748764336281,118.88621625632591,296.06775926764215
550.7287904722124,495.94469111220485,120.78004387962233,303.41746760544294
552.5582676478916,506.14586754135905,121.15806491202243,303.0039872752107
552.7038016514014,505.9199853866767,126.09123959222813,297.5276848540761
571.2109524644491,487.97349940360704,130.60240107038098,297.08079781142635
571.1928591823321,505.54538797330633,127.49450771098498,305.0028661615297
548.8717536690818,498.8651221089302,129.3902206295755,307.7265170156482
567.4756129371598,482.83994684533207,134.61209804068523,305.05215898571555
566.9095656820255,487.28818100508227,132.67167587118993,310.0227065048382
566.984781127745,509.6151037153809,134.73664257611017,308.7465924074832
564.7073173357999,522.3075955006211,141.0986206265378,300.34805712496666
560.5251500100355,505.50690165550475,144.78246430745492,295.6012316193985
536.1737217827774,510.1259589584822,144.56055422144402,298.02366426991324
558.6436926755325,520.8254992142597,144.69759302675413,298.21935037517966
589.5992270237576,457.90397830079166,135.03616956345812,316.17407127926407
321.5334587625496,498.8084920634517,133.8854795233741,309.5662461465222
298.9152171762735,530.8297617880999,133.84551539978386,309.5385153520111
329.4887444937817,450.5038103889953,131.0634662579314,313.1680487654545
305.68681389879634,444.66406997118486,127.9458346805682,317.32323331735347
311.54767483322814,368.6136285509264,123.92229920925708,322.3450756305266
583.7383130766304,487.0619808631543,123.00397438260882,325.42114932638333
321.5411363406236,454.466158880229,123.4887819561849,315.8675692932105
167.94236375491377,330.9188306701625,120.78224387565143,324.3710697074841
159.69484602321938,331.0058402258499,120.78811880132045,324.36562242590514
148.4321578327134,332.46534805249183,120.79461433821625,324.35919703789534
142.12047889872323,330.6505661238383,120.83755171211699,324.3102349705198
141.35476826838146,327.26771243900197,120.86677201168753,324.2766402390572
134.2574670899749,322.92046997536545,120.97249764425749,324.14248232117643
129.44071790833252,316.9333090784212,121.07093035660233,324.0229396741469
123.99584015776219,314.6845697610266,121.29569638630744,323.75713171836003
113.85083579552627,310.0520605732776,121.31574279998827,323.73635869676326
104.38169281862994,302.4512354635694,122.13130231335124,322.6257072804375
95.59373821701038,305.8105407190827,122.18918707201026,322.5605515499894
87.2470148047814,307.1226770625975,122.3543860632163,322.37964872837733
74.40531439577461,302.71544405235034,122.35917512585875,322.37430292788775
67.61996752453001,306.3295377566336,122.45962541436846,322.26892159155636
66.0000695022111,308.1161341204256,122.50916081027887,322.21600541045063
61.61619165598809,313.4874219638541,122.5619449603665,322.15684513649654
61.85095710319941,315.3513031865041,122.58249373708834,322.1366005535165
55.52307300365528,308.4054601313057,122.67172312544663,322.05327579202606
28.492983938626857,292.27449502947627,122.88000687684136,321.7485136433899
27.480661701837363,285.2650770960595,122.89785737459027,321.71723869326803
28.430271194128473,283.03446489352433,122.90561199039563,321.70502102070157
26.628303921484395,277.7505254990806,122.9139676267635,321.68742198060954
0.24780924543141225,277.1095349131855,122.75688141734602,321.6185635375316
-0.5543139108389425,271.16302960911344,121.11270033883449,322.0470489228974
-1.228022377895698,250.27075754662846,120.54875319442627,321.9581494443517
0.02367978096705059,248.53677878017564,120.53409957288302,321.93167428949795
-0.8921895171909142,244.81747536621046,120.4682670823154,321.9440254144559
-0.9457649511870798,212.12956995055498,119.95691241279782,321.86895428775904
2.6463989679311055,213.07608699284785,119.96009601865325,321.8603096036555
4.417091491533903,205.99181555351336,119.9612274414031,321.8528366284426
3.0796550936562,184.57708229247467,119.76841205814239,321.6933123668286
1.010581336889146,179.1010270882392,119.73870812361741,321.64849265292406
1.8064137598729957,190.45081779245038,119.66935281935199,321.55903392516575
0.983975743624562,193.77363411807605,119.62678702598215,321.48393359584435
1.1583672835451324,193.73207259435378,119.56188200433613,321.3373859994824
-0.5034164967882262,206.51422687454172,119.46350971514933,321.28966755751475
-1.918317401443005,215.93200327499116,119.45734803683376,321.27465995314907
-2.8186632441341573,223.9536277464654,118.27349925972217,321.9957466425248
-2.6224492885705857,243.33400200243787,118.16165589253843,321.96560039498416
-1.3644200858389866,252.45289030201857,117.69577482281437,321.53049904301514
0.8483974414452433,254.78980235433733,117.6416946197779,321.4831140329211
3.274820147266695,255.72363733260534,117.56215986945091,321.50977350505786
3.858557916833732,253.48095114427576,117.4874444163764,321.4095302467988
5.9054772081327656,249.45682584862232,117.43806708408351,321.44012355813743
9.457933977629523,247.71710551650182,117.43306571168546,321.4113411655852
7.6432370110034356,244.55240712214004,117.42932313408863,321.3788471614621
8.889159264050555,243.92428906410913,117.42079433424745,321.3711596325044
9.037358880666886,245.26267632227302,117.42097836608093,321.34139472730635
7.413835719278445,244.5273972283801,117.39127936949136,321.3335947655637
9.025551022081245,250.67796601800723,117.39297479194667,321.30824263247644
7.459641217175005,266.0404336842666,115.7704256197157,322.8186283448796
6.824669325103059,266.94495666798446,115.76041854669711,322.79026875592285
1.4893517966038985,261.3812215246294,115.50436636309485,322.4217578262024
-1.1909311691499909,260.8112667198496,113.6429460008099,322.18054186641837
-2.8603037175088275,266.3400481019588,112.75063202312572,322.15535825259053
-3.7649459457314265,242.23511383446635,111.28130100486999,320.9166374626243
-3.247894212173584,235.56295580213225,110.74661907467676,319.75845776160645
-6.501192261347008,238.09842423334447,110.49860320402946,319.8190149444396
16.83699399978949,222.02745334080439,110.34455047545764,320.05752579079905
12.365104717615083,213.02021249288885,110.37714282154474,319.926921198178
7.515958134751472,217.34827044704068,110.38049160555809,319.8997849727967
7.445985273328446,214.38342391750746,110.40527574557657,319.7135422294034
6.440920411502681,204.8536506492419,110.42121286897786,319.35822136481147
3.6404057874582705,222.1649188101701,110.36051898016483,319.26167839012305
-0.5044210956033339,224.91732703518323,109.87510637055561,318.1163470894803
-2.2374427110748556,249.8877773099177,109.10090092138391,317.1800051032438
-3.6880206876175734,242.5109552751746,108.28715042038304,315.4554768704839
-3.9321858422694334,253.76864027311768,108.26485143338397,315.42795134176083
-3.7279993395055513,249.91585176223583,107.33226570984625,314.46019042712317
-4.178953457047442,277.6129402855457,107.21061830852409,314.53334431312066
-7.641549071643048,277.2949731958058,107.19303714925705,314.52924709525774
13.449573823083433,292.05130614793694,107.51874881830018,315.20060981648373
8.78515051605546,286.47384243466774,107.69904063041521,314.60679895414273
7.912341008965832,305.8845161579412,107.86907344483403,314.47734985354305
8.596356465355917,289.5179418313344,107.8707827797803,314.46929901334846
6.444712297708072,284.65969052711205,107.87724713665192,314.5540543760046
5.677343549406594,286.11788025642085,107.77435321693407,314.6859158174267
2.6986364816696877,283.5797862959537,107.74881428081365,314.73073739009436
3.151770665996054,279.77867362665484,107.7679725145245,314.6980964910517
-3.5308713209432625,278.1659159323058,107.7668405109251,314.6864066127974
-5.171999588463812,281.58146601706176,107.72229979903322,314.6429050532097
-6.887924693576295,274.9774586581606,107.72132301340858,314.6439733980262
-5.2867093359847175,279.871906720747,107.70333004999544,314.6601080956072
-6.783025772800137,253.04437859988988,107.22443272457538,315.04539276139377
18.208916224000518,315.0111249772736,106.96681368458735,317.18758360037634
19.35903965215136,315.08750423488345,107.01332900861404,317.1220418423946
19.317069672320514,313.22585518614494,107.01347324942702,317.1217152336032
22.028062709254186,274.03446663993316,107.134785420036,316.7636247112807
25.7819867393184,265.73428297465745,107.13852831754917,316.75983173299426
27.83852390791744,269.82522204931,107.13897937097609,316.75932908722916
28.260349134408223,271.00442406162676,107.14338320781233,316.7452088817943
26.81946928273924,265.35426243328664,107.17840218849405,316.6988762928325
24.204976524034393,267.45769899855406,107.18383214102337,316.6934430197805
18.77688027322983,271.4134541943347,107.19284999816229,316.66738775975006
9.091104440537201,269.1209013827798,107.19806293368914,316.65676021711886
302.15545804126623,469.5184275399665,117.87263942363731,309.7674391039173
489.2744171728093,666.6190615939328,118.59398019375436,307.27839023426594
529.9407789483173,658.3220817800708,137.41046471158597,284.336793068777
300.1703392255981,476.228484144193,134.50645890311804,284.1183792096733
281.3691348790384,439.5956997889658,135.07968516215544,284.82919938497133
497.4711025256836,656.0824875231399,133.02199010324006,281.70755262756074
508.9512623199183,656.9298781732914,133.02367803735368,281.7058769056804
518.6516869496298,652.9868098758723,133.03207522263273,281.6993481143186
538.826366393469,646.4839144231839,150.09977337230785,267.0673883940848
510.82882703871087,654.1425703841476,144.91077005057423,277.80961626707955
512.5316249703466,656.355496296012,144.88796308386358,277.8433930253514
510.22224432551616,673.5403523838224,140.61745454472788,285.92921292370517
510.03149343462906,685.9461371296107,140.61628842737036,285.9384651942135
507.73357558808164,677.7008540452837,137.1995041482362,293.06977938685435
510.31708296001375,699.2430782998716,137.2048235985553,293.09675818480736
519.8109885093191,711.2152361947517,144.54420671381166,289.5995306366243
500.8367641866288,713.5840630853904,137.32243975250304,306.4816888670656
522.212439501274,734.3852827453411,142.5817588314644,307.7204360706019
521.2111516040958,728.4872690769016,142.66160251102906,311.36564935108447
523.350374521698,734.2148496650084,142.67400779200506,311.39581780286164
547.4069718071577,743.3091181945796,142.88037041102712,311.4915519839535
552.9044367291124,740.6353261995699,140.23453972635852,315.40376970104643
565.9804891193132,743.9377124352997,141.28622179593228,315.7140930357089
549.8725481641153,696.3724173648536,137.6600932082813,328.0395684305072
555.2266665310478,706.2040512226665,137.66643319560765,328.05203809586277
572.8214487670539,707.6313613929044,137.92838010665227,328.6843950941779
574.6125987534564,690.170746421263,137.56251342051397,331.540641669541
574.8449159448769,708.0359170271681,137.58162821870516,334.7184158446935
580.6616754245097,692.654710421025,134.75270234568228,341.2275484173313
574.50026484709,730.0486533902322,135.41784489639588,341.91400482510824
569.960793020557,726.3930791033458,141.8371723175433,343.13505406416436
571.5240173190333,731.2273243069752,141.79943235973556,346.3515314608605
573.6742317990291,725.0673348407835,140.55965279473293,353.4963371106207
572.0158730687518,753.0500978011614,140.68208915406072,353.82128894255044
568.530632844958,767.2522343596428,142.01283771764582,354.61653784402034
570.7177043875032,760.1497616859162,143.13395391752843,353.0836377706359
575.3608741019616,765.0588705934058,143.09577389718115,353.0948228792409
581.4069556956011,724.2551647272201,140.12370119452112,357.43364177713966
582.4550661594717,740.676650016137,138.83115305730738,361.0850979266005
577.8745570871582,802.2402369505128,138.6004809477228,366.08766954124764
576.3758574905661,807.7364521159808,138.94971658385455,367.14270930308504
574.4316173091731,812.0141229635086,139.28931064750708,368.51481492706006
572.9567648745159,827.4642368896587,139.49641889053987,369.9157993855511
590.5351946293822,831.5663706834798,138.53039342621744,373.29025093700795
583.7114821136952,844.3531658099214,138.48969570826287,374.7601615843933
580.2609733620815,854.4495363157034,138.55304336209454,377.87993964631556
576.2025369227447,862.459962642316,138.73787650306676,379.1370430020015
576.0149199591609,864.7137361311965,138.8819507878954,381.25769369422346
552.2589905566772,746.0616122599183,144.87107399715975,363.17146902467033
586.0106221530689,825.6204053832822,141.74300916863425,363.39493197227847
587.5234613507419,835.3807325675612,138.52733636360782,361.52420855770026
593.3154428349407,840.3120418573887,132.86643524289704,368.26327836305484
567.5141359267652,813.8348424458944,133.45374067912104,369.53813082984215
571.1712692816878,852.093366036992,139.310466820533,351.38760739032267
580.9466350825123,871.0136894836467,138.10478793800033,337.0392986775554
592.4319920743409,903.6391389128855,134.06433938097888,338.1961375510113
605.5547124573974,893.854887344821,122.58122867010267,334.84172808948426
609.9371702147672,934.7333642077265,116.59781468696397,342.0499995833997
610.6072772333664,938.5058899672135,112.19478283779972,346.4293073860198
615.7577293990655,936.0998365655093,107.27228455422254,342.33687603482633
618.8781892418648,941.8794146740875,103.50025911186435,338.91241773179354
620.6879682602171,976.8966539814135,101.54023886736567,322.7651995541532
624.6514512806947,979.9251017561686,99.93403403017632,309.23319442746396
621.6126660271452,1000.9818707793472,98.94444774558825,295.5318458647493
620.4481407998485,1002.3550085274375,99.00942578196882,282.11974261740926
623.0703875842132,1017.7679041670547,97.39853364031754,271.1522219833164
621.8142414217497,1018.5173187459154,96.14922046406977,262.4001922945891
622.0968323863441,1017.2983766093147,94.79139510703206,259.9672875167346
624.9816146657361,1022.5567951231841,94.566857327423,253.43885261721545
630.0346732152934,1024.1170995859388,92.15605129779671,248.1991092655889
631.8224916078734,1023.3365212262572,91.31816337394957,245.64061419051848
633.7005664812144,1026.8537584449302,89.83273315546577,241.9819053152301
637.3483339885947,1034.4798049683409,86.70917899855426,241.97122252384065
636.4953256279636,1031.6169909745215,84.50145103178264,245.0681965083363
638.1560627103514,990.0964395578164,82.26667766408791,258.74008242280104
637.0960231369795,992.5983188649086,82.55070033996063,266.0438456286853
631.7712374130934,1022.4425054019791,86.33450001725562,262.2493171590363
612.7906759841044,1014.0000686906524,92.5956774254045,261.0746946557865
612.2366663396772,1002.4785844547367,98.04906700692248,260.9235846821832
613.8330531988146,1020.5535499080039,98.83986028808317,260.2467677893207
608.0940869375765,1025.5857726487461,104.11697093403325,256.1879270517941
609.6645753319877,1024.7484194258466,105.38997939759133,252.0800230811804
611.5435033251514,1026.6694262655046,106.1314153080842,250.17305380970885
613.8857901914319,1030.7893854518807,105.1474650877912,248.18034832376733
634.4414708690385,913.7486730314159,96.66658545254862,259.41846566957946
631.5609969331997,1017.6728864613466,92.81670397089383,258.4667978429213
634.0265861656248,877.5730941037194,88.25476930668353,265.1207282613006
632.1269308521356,796.6398611161359,85.43780271579713,267.6706506573662
635.91829861588,928.2804282428301,84.32926982121243,264.7714744117903
637.5099399933314,828.5204852205889,81.79708764223341,268.1389861886946
631.0658664033355,1009.0437563320806,86.0353744401452,259.6012025106329
631.3923436694803,864.9201040132157,84.7864721653935,262.5352442089097
625.3695637548684,1010.1286762709695,89.84668233946574,247.41463900004257
549.8139334271689,1037.4100372661271,100.58402636888843,236.92433522261828
542.4970853934406,1066.2382123384677,105.95595981732637,232.07673904522196
620.4807659607216,1016.8340459813325,104.0469330333504,233.87793827560586
615.3253292975916,1026.9045349345213,104.1435081113194,233.95886512386687
628.7060138034321,1006.6344400264053,103.71534527639606,234.62256720816532
524.2263238445393,1104.742676181235,123.93214096566606,217.2494023936229
615.7004315969971,1012.571056284734,117.7611013640707,224.61574399326557
516.6568284666158,1084.5195135554761,133.77468396760673,211.35354930041436
612.8843732998716,997.9982313880612,119.50915423761859,225.75553441161122
623.2735148475833,822.4212193856724,107.77714532737586,241.2468386898262
601.9358821787655,672.599487896571,102.90328880832197,252.51630874810724
334.9286727409326,437.96944685720473,106.1279737972691,279.5713127018398
467.5543469698033,525.3901029969423,121.88663510515265,264.30101482666146
456.9775876163767,528.2218841470212,123.8640464053897,262.1407658294975
445.5646570049048,547.6718607807912,123.87375314835305,262.13238360687933
437.663900040694,570.3474927431574,123.97394928960419,262.0449250715512
459.19170977480667,625.4368086986956,138.75254689291208,247.95741101936153
447.8170592043355,633.7792540165145,143.0209100760907,244.03763039959287
442.99364975115805,636.1792961569059,143.76059492635426,243.39721742542025
441.003529101681,642.1549424558674,144.06383188799757,243.05063540641578
451.9555878560318,627.1687917235097,145.8467375421378,241.24429612406078
440.39872227855847,641.2635418207929,146.49524538470655,240.6674687352806
458.55304322591917,630.805600089177,151.88790506469212,236.2756701611589
465.69545596441577,622.2537437514603,154.8953445260535,233.07722448087935
462.6166312500282,601.3503845119241,156.281513871363,232.40537011449274
461.60042428860663,602.1058425166506,156.35917880605467,232.3398302628004
456.5086648854134,596.5734502221488,156.53610390821748,232.20194952282446
464.8089610023909,586.7867368894674,158.09763440070282,230.9800709361121
482.86236735500074,620.8099667998761,161.66412339226056,227.83617611773624
475.136427030499,608.9615758035786,167.32821755749927,222.1083975634561
483.00087768525094,644.1950936801933,171.48637641340076,217.8581281676487
467.6635298060087,660.9956491823309,171.7854618203228,217.59850123319754
450.05407328434694,666.1979344310228,171.98884141638058,217.48681460879982
459.7646274079354,676.1031228044642,174.91610848963828,214.9566216540311
449.136946457073,681.197409259439,175.48735212048908,214.52329776751884
437.7142166698115,684.3432987847593,176.1459487494554,213.86097094542453
454.39731370508116,688.4955531164753,187.11126713008792,205.93098770981072
442.5189825367405,683.3565767083778,187.12155152182302,205.9246120653124
433.66601891632496,667.2180335770828,190.67975937941432,203.3324890383517
449.08446178788387,671.2014737380623,191.59718233685803,203.08499481716174
469.4515715112812,662.2507162635278,192.49634377995594,202.54422232116227
460.0759556340646,666.8452661272884,195.7095878253437,200.20203593134875
449.7818727217971,670.1554673854348,195.65504773252047,200.1979220770127
445.27825071868875,676.1840720466437,195.41512796615402,200.49831487404063
577.5109462978096,807.6927003175136,176.85212633427952,220.60795042214463
417.86152299332264,647.0249685148043,179.92120609755028,226.65953951584453
437.69528446035395,685.3061823268291,180.55592925723778,226.15008277802525
450.398825505123,721.1455502542699,184.89701229831488,222.43758685234303
443.74084745704835,727.6139356403424,184.95174269408577,222.40562698565438
447.6955901029233,724.9610926681578,185.92845353881046,221.94924227420086
468.46534094041203,727.601969146048,187.83410796124514,220.64258578257767
451.64573069685815,704.6897652352959,189.84123883348468,219.7774756292283
442.2392705216099,690.992499496995,190.47780572939132,219.53813411999016
463.4582581796927,682.7834705970337,193.02973290956368,218.43465223180257
454.93694686969764,693.3959842264811,193.05673434425097,218.42562266883053
465.3255370319004,698.2791562767537,194.478255878366,218.05498855974048
461.33604798121746,699.5269011908965,195.24988944771889,217.85563034232516
454.7825827179204,698.4252567503057,195.34091840876133,217.83938554163726
468.46972057864946,701.2294779538496,200.00282890556485,217.24574082208014
467.81017850212737,731.1486138661161,201.9763364742699,219.25613614232253
471.66598427231884,737.000979820824,199.98962041118196,222.29389595501354
462.6546328179773,753.8682422013704,200.31721109147142,222.39952393439916
466.29671037955217,737.0506192666279,200.921891398467,223.75768926799557
460.4865662712744,773.5036310183199,202.39877942276175,224.6378443534789
463.5074590860337,776.2777385851039,202.49328863500955,224.6824560631725
459.60395255754594,783.8903018275067,204.1161142797231,225.81569559094015
456.52364472907976,789.3505428064981,204.13080155378188,225.8299098304671
566.3033440472524,780.9689705911683,196.0846017699758,233.8221296929506
561.4885208747165,795.10377430879,195.93655436657335,233.98135908021698
563.6173409637015,753.8104978966378,190.92365169451608,239.0761516506151
564.295018164162,774.4456415988257,188.2152862815177,241.53904524599514
565.6823336677691,766.1159774055009,186.09963063708145,243.87527831098953
562.5626940880151,785.3402859757196,186.03214805495116,243.95286432606963
559.1723839538415,798.8662489193111,186.01765762078378,243.970993446821
556.9741085987889,811.9377777591342,185.9405149600697,244.05500752925997
579.6026520060858,794.7724896233118,181.5722106466967,248.21044151269663
584.714919664551,611.3678415199167,164.51311255129355,268.7165455808148
588.470793740577,701.8944604001772,156.7040874851215,276.1773764238096
591.7895270507453,768.1344478758613,154.9455881499413,277.86961216580096
289.4306691668511,514.4808091725131,142.4963117302297,295.58576408421607
373.0189101444884,579.0977609897473,138.23013861284576,302.3881763677165
493.2737955154829,787.0513278081273,159.97058149390358,286.2049196840813
488.6163939727817,782.5296541585776,160.27824632704775,286.03065090194275
489.80557355962355,775.35043002563,160.44256121800032,285.9522791376257
511.0965374588183,768.8249526532579,160.96302752361467,285.59757897514316
514.9361328648961,763.6519364547627,161.0541270862149,285.55184673132567
563.1826509675586,770.3404499154565,159.75828784133907,287.09985528662264
591.0121128906466,771.2266556675263,154.79795713481158,292.0626742283447
585.2479135720343,798.3347797886709,151.60485346795883,296.5826053378622
581.0712759733158,822.5060159473868,150.97348568291324,297.5929276676472
571.7628850648897,986.750093013085,150.66976388343235,293.00043393664134
525.6905863269664,788.3606343059371,164.7377469793962,288.85326492515605
549.8492173193476,794.6416666863272,162.5272431123094,292.6684775386435
566.4918586498928,779.2325484106751,161.61843673906077,293.10437651975707
591.5136966325185,760.3822787952212,159.792484620245,294.7608788854306
552.4855128794775,777.2150483278479,160.6611385032803,293.6769667122672
546.0925328525682,801.6098321009339,161.00505811367847,293.4314131431458
541.0045589240503,805.766088742522,160.5943102996324,293.759625949447
534.5912065279914,822.6194340793523,160.6552813728784,294.0154978368216
531.4085393218822,823.9478156462978,160.68289014575336,294.0047071932414
547.2609233830541,825.1867630252866,160.8687317646207,294.04886186229635
537.0054008529032,834.0834575535434,160.88370405575725,294.0609480407678
534.6799135178521,853.2520743558523,160.84162834133792,294.2148185621269
292.7150375982966,474.9893990784563,147.48066973123036,306.0021930427
274.6634068145263,413.704610466823,143.15555223993306,313.51200921860334
282.1724194096797,506.47459766871935,137.93576675757296,316.4994395999669
300.9344799647538,490.7434717637043,135.76665663375303,319.1084580725947
273.30595398256514,504.65711897350695,135.0481569929057,320.6591295801133
277.7600171072712,515.4868954278193,134.03809249581292,321.121343715556
299.3858106521475,496.7369506409343,134.66156262651936,319.9041732002147
408.36537859298994,594.5300365475903,141.80246336592808,313.0418630812387
422.5196387971824,596.2279866398061,141.8078868204583,313.0368489651512
430.15583143182783,601.236543656923,141.8102341408891,313.0342450856414
434.87792302073734,603.2567602590252,141.81944585290157,313.02494601000774
448.69852257038616,601.581898913119,141.82078482428267,313.02337442272176
462.1611584522937,604.9176675335277,141.84280348099978,312.99121859059545
497.6761544224719,644.5111158107514,141.69764583019426,313.2962348779449
510.09891140825744,636.2181191614166,141.73371793345225,313.24230126621427
512.9124806880834,640.4863119936099,141.72357852312282,313.2491647320767
522.4124307878088,646.0637516008717,141.69152424042002,313.2720647152461
527.6916397791176,642.9120907458051,141.62740519273885,313.36007394445255
534.7470315523461,648.2015743907042,141.6202974885671,313.3703171649084
539.8466966114921,644.9459047858952,141.62276962399824,313.36938544709716
544.4489487364244,639.6728635855599,141.81087783140893,313.11844979662027
577.9014308771243,650.9213915526469,133.89989395772406,320.7785288722118
604.8145974718075,658.1456647467064,132.07630353569178,323.76638003658314
603.4667205954987,685.1472984654024,128.7419369155371,326.181695515451
598.8381096584587,691.851334423043,128.72872917841093,326.20033086793103
592.791535146336,692.6519010497775,127.46918178389426,325.8874781015224
594.172950458023,710.7240002255617,127.42418587159489,325.9298184462432
591.6843760883102,726.3196475216121,127.15200409039095,326.27898253334166
587.5611284977975,726.2279356694496,127.14240052416258,326.3072106587338
576.2455613072059,726.3765798056377,127.22013486567305,326.2782520067189
604.4729780005026,757.0988275063618,124.87036587116945,327.8320247327121
604.9338735776947,708.7166535134554,121.93417304251469,331.2174588391305
598.4881217361645,713.4841180854896,121.67429904765746,331.2628681731503
599.1987218209997,699.0761035882693,119.5312078920216,332.5121475948369
593.6105038056294,703.734260364267,119.53550189395348,332.36274802904774
581.0959006670269,769.6264030854986,123.73939460304335,323.5513019420533
604.4122828741978,727.6857441265131,122.84467492747108,323.7062938712548
602.1572330082035,735.0485247635637,121.69806022006738,323.3507572782449
600.981484227874,733.9347515595251,121.16824564884467,323.92158292883755
500.9757348948968,779.9726428392945,121.43963201011175,321.62409016422066
514.7099271999139,781.9727069087413,121.54633017900828,321.50203810183456
540.2854531555021,783.4794046667383,121.57310419556616,321.47819222268146
551.714718787251,781.8046724185342,121.69311907464655,321.35885641276934
551.3161185416947,774.2706360216093,121.83586569212471,321.185015411148
528.529388045513,809.0958470465656,128.15085424186125,316.7464463885792
583.4477046053339,783.2684276907471,125.45911858315696,319.1161746265834
577.4743008210327,804.66656260193,128.2577976422378,314.8359684944033
599.7570949137342,807.184409618185,124.72973081913928,324.3178382817784
572.254051886333,814.6746229714315,127.82039252701811,321.20255535122544
598.1742905837308,832.5129426946555,127.64987896889231,321.46229819847855
577.3550432076535,868.1201333698316,127.57277847568578,322.73738828367317
497.3451981945715,841.2042999774344,128.02992272548244,320.83870838878016
502.82651931724473,868.7278747439419,128.4226834266082,320.9865814387729
569.0269032041535,952.3803112724412,131.13057348970452,320.96948914349304
543.4219708928242,785.2981109424196,126.31700061236324,328.1563812586143
552.4623270603796,781.4348177155593,126.32653638516254,328.1557457465451
599.6033045514787,926.3785516055365,125.40340708655813,330.4285257693252
407.74426051302873,736.9024109226327,152.53259745838005,306.3995754456795
561.2516297250882,731.6597443034159,148.34393935652685,313.84411073527605
537.1189141889307,730.1375721344507,144.56709976844135,320.6921502750802
557.7009559339755,869.0801501523636,148.41255683621313,321.7623470224576
455.42186983501824,868.6123707837437,163.46554104584635,306.2977897929005
291.5788655225828,474.8384435280167,150.43048033477967,325.0632346363857
296.89228962666186,471.146310004906,150.28189884262503,325.1506815188802
280.7666118342284,442.2950277597729,149.83120898681807,325.71865967491794
287.57446436951074,454.1434086516313,148.47202037285737,327.1080032378808
295.0608069013696,349.29960784811544,145.70279695617347,330.56177916131884
300.99800698760487,468.6479413500085,135.43018578135292,339.37817368097006
301.93954816320326,461.97965581794597,135.32516613138145,339.6383983476954
308.1639174328606,445.1639388379269,126.64024895551589,343.7386643237247
307.7199020932323,449.4026348237183,126.3821564639198,342.5324610881038
307.34314968939896,457.7120928993494,126.38123723603739,342.5367691952644
304.2317967612192,350.02676660929205,123.5793974228412,351.35204762987127
285.25085981569214,442.3639941422009,116.77708826946177,353.62388162655367
274.00497079929295,417.6629398547388,116.40306735206484,358.68975134039385
282.66003026958765,460.98841269741445,115.7006335005867,358.6057383332652
331.60542113878404,449.0070284565194,115.64649116649082,358.12299595079753
309.35778785117253,465.63189975059413,115.64003349854974,357.25867893027504
306.24080376326435,456.42338514845324,115.67426650972375,357.21086438455677
312.3463927218943,441.74615405900374,115.65594728844776,357.2811773935339
317.37426063116163,451.55430387006663,115.43965276935154,357.1744850864715
314.4988419014945,418.7218067355345,115.52126692012267,357.35186186286006
363.6964530808167,399.35940506607926,113.94172601899781,364.5888703256719
338.0414480107118,433.97869364998553,114.58395432937354,360.5392732603984
318.0792842343454,432.4617532494607,114.10180681496774,361.38005384744355
303.4970398551484,421.63410714361584,114.41324915612537,361.64459517412354
336.77461496234463,459.16579397936687,113.00187488167431,360.1158894713715
342.5129273661677,456.8745283985878,111.82883894121571,362.7361348758648
315.0286880037728,443.2616751872097,110.86563889403288,364.6748749747685
347.64719065023473,365.0838200918526,110.3700123852887,365.92426192329515
462.21898719447256,526.6002507996493,148.60730918939106,327.1159793651235
469.8733197639599,530.588606027068,148.60942648297262,327.1144295090413
484.4487053055817,523.6884621654099,148.69221405451415,327.0015712133754
485.14399619932055,516.3444796131898,148.69317935089117,327.0009376850029
491.70491405842955,505.9697373702825,149.01399347398169,326.635607412517
498.0891636065105,500.4406648476954,149.0216717841309,326.6251956721075
503.08257800192786,494.9363761205759,149.29188492444848,326.31536988232796
504.7432829387906,491.99689699378115,149.29282698324855,326.31469852394855
500.8208518840556,489.9969430154396,149.29373452957765,326.3141019869182
500.6079878486828,491.1055629976235,149.29450651702564,326.3134622022227
508.857954827203,489.43130202172904,149.35543796220685,326.2352439844865
505.6978234109257,489.7768899859444,149.35691035897045,326.23425849051154
512.3589305247931,485.8047245242936,149.36625912714626,326.2245808345591
505.8458010054395,491.0558095120215,149.3683911593227,326.2231585397673
499.64752438604125,497.33265333883423,149.36969693870762,326.2221528090544
503.27037799901285,488.0655775732989,149.3021584864156,326.308420734168
509.1254437745337,491.77278668514975,149.32430766657498,326.2785478366993
506.6886820225332,493.0629287397378,149.33293678046982,326.2718430388941
501.6430071192818,489.8509629090371,149.33525059911872,326.2706190606471
502.5306257539306,486.6603149706321,149.3363441584877,326.2700017523374
503.7923948169173,483.0082422825683,149.33755078158362,326.2693141931317
506.2478685245129,468.853356908271,149.3319154277022,326.2763238638455
526.5526342842383,480.8276537245813,149.35330050371044,326.2652683781975
520.3345606457077,476.2558497853066,149.35428714386967,326.2646978662439
586.3871334425328,466.83291590698525,147.41196808830557,328.973232706627
583.3370515818333,468.4576970049942,147.40825235795282,328.9794793408702
581.8578284525244,470.0121233295838,147.40434133393197,328.9860937632243
576.7304310480092,471.7693549347851,147.40220483803057,328.99126170020634
575.6768361079876,476.315796322873,147.3999181517593,328.9965453897898
573.6945972271972,480.49063072923497,147.39521461413045,329.0085670983061
574.7784642921977,486.2712389279799,147.38707454312006,329.024399002513
572.9165180495114,491.81148718229406,147.37894855772828,329.04031992094764
575.9627806613928,497.3471541123157,146.70758164771684,330.1065364149083
577.9068940142184,497.35299494076486,146.70055787823802,330.1187433683134
579.6506534677508,503.5810103101324,146.6916480562564,330.1335902769782
576.4847521587272,506.17160851659827,146.6890042440971,330.13815102423325
576.4094824759957,507.08828089834515,146.68870842331722,330.13856854883306
579.8855286681918,513.0516946068641,146.66164293254067,330.1686550798542
578.6585079819109,516.5615748707484,146.6605761393615,330.1700274981002
585.0409918431163,512.5606113871612,146.34666394368406,330.5322788480565
588.0155578634051,517.9271126383409,146.33736554415864,330.5432195601136
588.2354776793421,528.7790226436784,146.333800530195,330.5470945567626
589.3360795835687,521.5359846794257,146.22256301889163,330.7207973239522
588.3049271251459,527.0343971452626,146.21661894853918,330.726005625921
590.5201507428651,523.4380356124994,146.13552502654682,330.8239878238326
592.2732246529681,518.0617317943315,146.11380680419558,330.8518678295531
588.758179648978,508.8812020484095,146.0293776929131,330.96390006919995
372.8645103277797,479.07367777131776,141.52887453843465,342.65383113070766
367.0291855357127,482.38028426490246,141.52026291498808,342.6721932511128
341.43841126560017,516.6817838909134,137.18728508802562,356.257067839423
325.4652738770918,582.0269437628741,155.46714941887532,334.28140111063817
366.18490633209836,570.4322095145542,149.46948149372554,340.3118463223658
347.68528271126036,515.6586076399402,146.24724741215934,347.6858551863399
360.11720998836296,516.8282541988733,145.7957654470655,348.4733208823318
388.9250984519698,427.61033749184844,141.88381160945136,364.46312463329554
368.2692752132851,480.34762981137334,139.69548097500441,373.78628474522236
375.69161043287545,494.64984031271615,133.8648428997153,376.6067466313307
377.93793161629253,496.4391771491555,131.5417931518234,380.2954889588182
361.1251261388597,502.03126198494317,126.4684829030758,389.2149054841422
348.4259813866966,493.7629070854913,126.43321298967733,391.2271697492935
330.01785120191903,439.23371710633654,122.24027230942781,402.45441109676324
338.6819744203664,536.3502128101804,120.92870563632705,408.58723389805976
314.2614594089175,522.8352541540919,121.50107034550406,409.31778521292256
354.6506595375412,481.978481082826,130.70149088903804,398.2449544023292
298.96122867262085,457.1048606427205,129.97272475022638,399.94230285700314
309.80371791372687,378.89792931629705,133.84490569184246,391.63817844930315
287.7712467092129,505.96025242533983,136.0235146352942,392.5102515915691
296.0822493501488,521.8112631251818,136.74279315164017,393.16178014916073
262.72727414749147,505.396007461559,137.1861114768767,393.2258920928613
272.3839823206921,501.76733522200584,136.53096882737486,395.31380202454324
277.60684671147374,517.9649089060772,138.208544412877,393.83722231387117
284.9073166526788,366.0404578709608,133.62460377515686,400.28307872980724
246.5998213844759,310.92663038545743,156.64531788333997,377.80342779261076
244.47148521364693,302.36319566899874,156.700634767692,377.74246534686614
251.214192928586,297.3306610294043,156.71070941197164,377.7325472145559
247.4854111224949,292.5225898750378,156.70068602998262,377.73460051114296
283.16963040839534,277.0184332585417,156.75525923796695,377.0548167440131
288.11962122558657,273.7281053896444,156.78032357068645,377.02865332897574
294.4995797594301,276.33370226120434,156.75919510773574,377.04478121061163
308.67538415670475,300.53310745083456,156.75589487641886,377.0503134827184
328.19457481995806,293.82982194780425,158.72587155162128,374.51457701654994
324.37194599940847,296.87277054679396,158.71259180487255,374.52357041305305
202.12219343492959,318.10881190627487,149.7258145851975,387.9136130908197
177.2215157402551,329.26467741223274,149.85560396502498,387.7853690173805
148.8019117446765,329.40513929677513,149.94282831360408,387.7084893221158
125.9734683776664,337.7774304532499,149.94559364869846,387.7054917869983
127.01116455025426,339.1280297879163,149.94566006855266,387.7054344750874
116.87250695513123,353.8130773125571,149.95193338868154,387.6994122254885
115.47762562850949,348.76110860078336,149.97494618306882,387.6766845336794
118.95386169672952,342.39820567400375,149.98093294708042,387.6704728701489
117.60494384318042,340.5326349272274,149.98477532417678,387.6661338167503
106.41348632837963,333.6491597440204,149.99936988869047,387.65155666393815
98.08155653135701,338.01233114241177,150.00627376374158,387.64488416287077
93.40961128690581,336.8743477306184,150.00632651460685,387.64550804517324
85.23317446185906,336.9882561494695,150.009836837674,387.6425106292393
81.1838646518283,333.3269141315069,150.01917251455924,387.63538547632174
70.89590708357365,331.29634781966735,150.02957213288008,387.627990401484
59.44289958765853,334.48517515339176,150.0309526490023,387.6270976473348
60.67592245418801,333.74820854461143,150.04650863103123,387.6169547225843
61.378241329109684,330.45868929163305,150.0566723595738,387.61124162255345
65.89155477695967,335.58005986262634,150.06149859650324,387.6082284545049
60.90886747616804,341.9206870349709,150.06279620223688,387.6072385827772
50.612595150203944,349.4892886153119,150.0630919375391,387.60700498844034
48.482427586841354,354.45272793628214,150.0628489087467,387.6074153555941
