105.0,778.0,49.0,47.0
108.83182120778747,784.7415706562476,49.14851712269409,48.00343572150139
107.44586366281126,769.9473324278333,48.717476489837665,49.020543007187335
118.61606468282989,773.6822386150914,48.71352311923402,49.090612338909125
123.2960789121925,799.2649812151915,49.00985147203223,49.932531466101324
119.36598929933699,800.0367979802712,49.20534354106601,50.02583865363917
110.22919327777959,805.7571734434445,49.6150840369396,49.70728297112814
65.66197386070178,806.0667860491308,51.31290788086086,48.159824255459974
16.52762691441831,803.0426761491038,50.347112332509816,48.72365188937626
56.55095480553492,800.1163841072785,49.63276245847972,49.438301288273486
5.576253560272356,780.3105359614292,54.115642732207974,47.921808493057966
-1.3835962549836296,797.9242607309585,54.220305589038304,48.275814184712345
-0.4807160713924503,753.215695859617,56.385997219612904,48.64177357827429
1.0617956185130524,759.868119605985,56.37898439888393,48.65820656496922
4.871399347678832,762.9794561612858,56.37991749307312,48.65954106087397
2.0394726775732686,763.305207638991,56.35911707428156,48.68098193595389
-1.1106868845113915,764.8361191832673,56.35552117464717,48.6825901103711
-1.3100287986632821,765.2065669458698,56.3474066104167,48.68894299634482
-8.512814197515809,781.7980685596866,54.54620174283855,50.241138743320654
5.496227971141252,718.7433356649099,63.27200244580763,44.13254117838198
-9.132828083489375,754.8206576092242,54.963960075088416,50.78326380586635
-2.2437434175291457,801.1951265607217,54.027102197940906,51.42434818070339
47.5971236370855,808.725274655059,59.51798313998114,47.36487215194094
-3.4527273161455945,785.4362141854629,58.1484391357988,47.49909584381878
2.164347916311087,805.3745577850257,59.15675464378583,46.5608318014314
-1.8283479297103824,772.6269021269858,58.40265010474967,48.17844612654457
-12.22752281371287,790.7251434700236,50.80878795869214,55.74681787162131
31.046337704888405,800.5015026917341,55.02026034189975,52.914363863014614
-9.02002143057635,768.7780693583246,48.74076242630582,61.431794799853165
-5.958519074280957,790.2757870680458,45.6557425617375,63.79354855887756
40.76595370225306,796.3576394389455,45.96170270935306,61.72188197168016
3.064547538477907,782.1823744364815,49.02158138211821,58.633536778243986
6.163423687749528,784.6257659956556,49.02948084367628,58.633110490492804
1.9540779485048922,795.2556934983132,50.04815506066043,58.32946276056808
-3.4447472901221943,727.5570979174489,47.4247735860103,62.18331896135916
-11.73823054841202,739.7709760720296,46.32815207463585,63.146845687476045
-4.67249762799479,778.9059664488685,43.780664886755496,65.48627808077103
-11.799310312333265,777.0768326682411,43.20659917724641,66.07424744714058
17.688145693480735,809.4096585644486,54.622891999602786,56.64237556195219
-10.9579348201087,769.6764125198486,49.96412910710392,62.089786535429525
-11.041334669422966,776.3486205684815,49.74429642286273,62.302068283622724
-5.454412110373195,781.4711412007177,49.247651622146,62.55690876353488
-12.454011318189139,778.7500745108619,48.53466703912066,63.04752694549281
-12.23454927653994,777.1110021811983,48.15442290531448,63.38762491101798
-11.765743008608819,776.8337663316022,48.06857457157016,63.481275518081496
7.684004837938463,804.9832580357195,52.66547398955958,56.82631600511054
50.03676648772493,804.6353928730912,57.15047193022102,52.35157466212379
-0.7986187534701514,801.7898226017054,58.149619182630715,51.538233412445294
45.14389459655162,809.941016118289,59.38889820768483,48.35520444202224
7.8569529245864125,765.9737014307993,57.454496029154306,51.15821913194298
7.18828347682642,771.0200471074287,57.45400521562125,51.15851770025409
4.727009319932385,771.8345379017376,57.45294570317641,51.15913103370209
2.998392132903014,779.0212960494463,57.407003388087205,51.20783210736439
2.59080569136227,773.5991089618096,57.39257200309466,51.22500157835288
-3.4767684758111344,715.070156314248,57.3963106923609,51.63378272796831
-9.478667883337113,733.2417188295342,52.27316973385329,54.54462498255229
-8.9718521749721,737.9127157165823,46.223183775344694,61.407638761556655
-2.944141218492753,778.8857453299938,44.93007570515944,63.83047601910847
59.015423837683564,803.2547590184105,53.44073990433024,55.9905809664939
96.06043857464367,761.2419158502914,52.556879558827994,56.54425955126719
72.56322771518424,808.2991944563187,64.35045365201442,48.80897480015021
122.16821137833423,797.2554597407504,68.64977892825351,47.61039915682382
59.8551706085565,814.8359360460875,74.46857897366836,43.05722509534408
110.40001995682442,781.4377615219241,75.64183498904659,43.62643943908088
107.81902208881142,786.9674606583752,75.63871298444147,43.62890315806117
110.65062311013506,786.7385489187727,75.62183176164893,43.64443886437209
68.9471959134323,719.9157343107295,70.11989556667554,46.88076632264625
