1
136.4228,50.6708,47.0851,53.7083
134.6638,46.7611,49.2350,50.8519
132.2435,49.6281,51.0118,47.5729
130.8229,50.9778,53.0751,44.9282
131.3448,46.7394,53.7598,43.8584
2
0
0
0
0
1
160.1662,52.9072,44.8104,55.8580
153.0707,45.8955,45.1586,54.5948
153.4229,50.0312,43.4223,56.0933
159.9118,39.0568,43.6995,54.8191
144.3992,35.8652,47.7509,52.1334
119.4392,15.4072,46.2408,54.2002
2
0
0
0
0
1
165.3739,81.2498,48.1367,49.8796
2
0
0
0
0
1
248.1725,81.7081,41.8549,40.2562
264.4378,86.7682,41.1171,40.4627
274.6778,86.8525,41.0580,40.4309
2
0
0
0
0
1
201.0819,78.2442,37.6104,37.6414
211.3112,63.1931,36.9317,37.9990
2
0
0
0
0
1
150.6194,54.7084,43.0600,40.5167
2
0
0
0
0
1
73.2773,31.9811,36.7773,45.8007
68.7947,45.3974,34.4969,48.5123
53.1550,44.2952,33.9280,49.0990
52.3823,54.2449,33.9891,48.9227
38.3587,53.1810,33.2594,49.7717
65.9052,57.0519,32.3826,50.9009
37.8631,41.3039,32.4733,50.5528
74.1582,62.1560,32.1482,51.0491
83.8428,72.9660,32.3578,50.6562
94.2774,94.8047,33.3920,49.3953
130.3111,62.8958,33.5199,49.1859
151.1572,52.1134,34.2064,48.3900
2
0
0
0
0
1
177.1657,72.1343,34.4980,54.8197
2
0
0
0
0
1
198.3222,79.9146,40.6403,47.9417
196.5540,69.2662,42.5314,45.8681
224.5079,69.3025,41.8851,46.3419
2
0
0
0
0
1
83.2412,103.8443,53.1374,57.0075
82.0257,109.4136,53.0892,56.8305
74.4610,101.6657,52.1645,57.7262
2
0
0
0
0
1
128.5239,42.5752,49.5370,52.0999
109.1523,68.3436,48.9897,52.4450
143.3978,60.0019,45.4944,54.7832
2
0
0
0
0
1
221.3010,107.8355,33.9176,33.7344
225.8556,112.1432,33.5362,32.7885
214.0316,121.0452,33.4475,32.3763
201.9978,138.1122,34.1378,31.7008
2
0
0
0
0
1
236.7733,122.3402,39.6498,36.8421
245.9177,119.7498,42.2328,34.4720
260.9497,85.5595,40.5948,35.2065
2
0
0
0
0
1
171.8357,106.3315,60.2184,54.4240
2
0
0
0
0
1
2
0
0
0
0
1
101.3493,60.5434,39.8188,52.4096
82.9975,44.4671,40.2873,51.8157
2
0
0
0
0
1
2
0
0
0
0
1
253.0210,153.8465,37.9833,30.5271
2
0
0
0
0
1
2
0
0
0
0
1
186.7111,79.5218,41.8686,29.4846
2
0
0
0
0
1
172.5152,36.5099,32.4305,37.4285
2
0
0
0
0
1
263.1175,62.9735,35.4387,34.2309
276.8466,67.8328,35.2578,33.8896
2
0
0
0
0
1
225.2901,53.4978,31.3496,34.6425
234.5297,54.7721,31.9597,33.6632
2
0
0
0
0
1
149.5077,53.3589,31.5079,39.0623
2
0
0
0
0
1
72.7605,43.7820,30.3813,46.1755
71.8253,42.8999,30.4729,45.8480
71.0962,47.0224,30.1311,46.0695
69.7953,41.0436,29.8461,46.2341
73.3252,40.5887,29.9317,46.1100
2
0
0
0
0
1
106.5426,107.1656,36.0441,44.6331
122.9404,86.2980,35.6910,45.0133
2
0
0
0
0
1
117.4033,139.9555,46.2566,48.9465
124.1612,138.7794,45.4310,49.7425
122.2768,144.8759,46.3822,48.4250
105.9204,144.4046,45.2262,49.6617
107.8838,160.2811,42.3872,54.3545
2
0
0
0
0
1
104.5867,107.2368,50.0973,53.5506
112.0042,79.0696,48.0476,54.5903
78.6311,93.2407,48.7012,53.6856
77.1748,93.6028,49.4128,53.0270
76.4118,89.8359,49.9475,51.9363
2
0
0
0
0
1
175.6403,91.6905,38.8860,58.8404
180.7301,72.4917,41.1353,57.1661
2
0
0
0
0
1
150.6252,69.4577,44.3626,55.5233
157.0248,62.0501,42.3311,57.5370
2
0
0
0
0
1
104.1571,80.5021,47.2774,62.1004
99.0275,114.1116,44.2787,64.7832
2
0
0
0
0
