1
311.2444,542.2398,12.1812,47.1507
310.1024,527.3866,12.4885,45.8184
307.7699,535.9606,10.5865,46.8693
2
0
0
0
0
1
307.5234,434.4693,21.1998,41.0628
307.5234,434.4693,21.1998,41.0628
2
0
0
0
0
1
2
0
0
0
0
1
364.3900,371.6100,17.4900,45.0100
2
0
0
0
0
1
373.8900,271.3900,21.5400,52.4200
2
0
0
0
0
1
452.2100,288.2800,24.5700,56.6500
2
0
0
0
0
1
2
0
0
0
0
1
243.5437,250.6377,28.5569,65.9172
243.5437,250.6377,28.5569,65.9172
2
0
0
0
0
1
342.7500,324.6300,26.0300,69.4100
342.7500,324.6300,26.0300,69.4100
342.7500,324.6300,26.0300,69.4100
342.7500,324.6300,26.0300,69.4100
297.4797,356.7481,28.1408,70.6166
292.3703,337.7350,21.0134,69.7299
291.2454,336.9545,21.7235,71.2675
297.9745,332.8884,23.7171,72.8967
293.1117,342.8061,23.2871,75.6318
293.4085,338.2926,21.0242,72.3639
298.2731,336.8477,21.1214,69.9787
294.7624,326.2045,21.3175,69.9891
283.9305,331.3306,21.1547,73.9884
290.7982,335.8827,25.5729,78.4176
311.4649,340.8982,22.8202,74.4454
299.0994,342.4254,25.3997,64.1551
284.1732,326.4696,22.3889,70.4879
286.0951,322.2932,20.5613,74.6274
294.4880,332.9926,21.2950,74.2816
305.2927,335.0738,19.2584,72.1374
302.2516,345.9289,19.0681,70.7943
306.9412,346.8129,21.7168,64.2736
306.9412,346.8129,21.7168,64.2736
306.9412,346.8129,21.7168,64.2736
2
0
0
0
0
1
399.2500,326.7400,23.1300,68.0900
399.2500,326.7400,23.1300,68.0900
399.2500,326.7400,23.1300,68.0900
399.2500,326.7400,23.1300,68.0900
399.2500,326.7400,23.1300,68.0900
2
0
0
0
0
1
485.8600,304.9000,18.2400,63.8100
2
0
0
0
0
1
2
0
0
0
0
1
581.6400,191.3400,18.5400,73.1400
581.6400,191.3400,18.5400,73.1400
2
0
0
0
0
1
453.1700,143.9900,16.0200,65.0400
453.1700,143.9900,16.0200,65.0400
2
0
0
0
0
1
