1
703.1698,242.4554,32.4250,71.7155
700.2239,240.9969,32.3893,70.8336
696.2778,240.0249,32.3304,69.8842
695.4873,238.3471,31.6412,70.0670
691.2377,239.3552,30.6886,68.1385
687.0276,238.7831,29.9039,68.6220
687.4197,237.4713,29.3716,68.7502
684.1356,234.4776,29.1608,67.6177
681.3527,235.4071,29.2099,66.3341
678.3245,237.4506,29.3720,65.5103
675.3533,240.8146,29.4300,65.4128
672.4045,242.7335,29.2516,64.4091
668.4273,247.5664,29.4163,62.7603
657.7012,240.1126,29.7557,62.2461
652.3751,238.3911,29.8826,61.7956
653.7386,239.2784,29.9988,59.2953
650.3949,245.4736,29.1547,58.8588
646.7925,245.8136,28.9002,58.2986
642.9111,246.7112,28.5794,57.0878
633.3915,246.9084,29.1463,56.2686
634.4235,244.1169,29.0901,55.3378
630.7997,244.1594,29.1156,54.4663
631.8573,249.9364,27.1848,54.8811
624.3020,246.7947,27.5985,52.5647
621.0917,245.2869,27.6861,51.0797
618.0818,247.3857,27.9640,48.9342
615.8146,249.3496,26.9177,48.1887
612.5758,250.2935,27.0447,47.9766
609.7050,249.5662,26.8835,46.9064
606.7402,248.1920,26.9756,45.8679
603.2949,249.3981,27.0435,45.6996
600.6152,245.1331,27.0526,45.6180
598.3566,248.1239,26.8028,44.7102
596.4468,246.6624,26.5113,44.6259
593.6774,249.7747,26.2449,44.3224
591.4187,247.4776,26.0546,44.4291
588.6523,246.2821,25.4411,44.5584
585.9405,243.3181,25.4135,44.2436
582.9293,246.1251,24.9832,43.6712
582.6758,244.9702,24.3612,44.1768
579.9075,246.5132,23.1758,46.3355
572.9214,243.7765,22.7253,46.2412
573.8003,245.4967,21.0858,46.3358
574.8026,246.2330,19.5201,48.2823
574.5096,253.0880,17.9124,51.1646
560.4689,238.0871,17.7192,52.6679
546.2336,231.5933,20.5158,50.1360
550.4261,209.1874,21.3628,48.6816
2
0
0
0
0
1
2
0
0
0
0
1
546.1790,222.9657,29.1962,47.4905
552.3604,217.8658,26.3593,49.1615
553.5692,210.5411,25.5225,49.9950
552.9952,189.5351,24.0237,52.0072
2
0
0
0
0
1
542.5856,231.4000,28.0157,38.8036
546.7449,256.7215,28.7536,38.6675
547.0038,226.0278,27.2124,40.9220
525.1216,248.5215,26.0844,43.9407
550.8395,227.1106,25.5881,45.0384
525.3929,239.1813,25.7784,44.4413
544.9362,227.7607,27.7071,43.4675
520.1603,241.1267,25.6005,46.2633
547.1702,234.0587,25.4580,46.8008
554.6441,223.6869,22.6250,49.4772
531.8242,236.4803,22.8041,49.8428
2
0
0
0
0
1
569.6753,254.8007,27.2952,41.1330
575.5654,241.6250,25.4807,42.7719
576.5200,236.1321,24.4405,43.3118
577.5755,233.8878,23.4099,43.5160
582.1957,235.8099,22.6616,43.3915
582.3231,236.7164,22.6557,43.3927
582.0721,237.9784,22.6533,43.3938
578.1982,242.7924,21.2667,43.7118
578.8438,242.3263,21.2656,43.7071
580.0868,242.7418,21.2650,43.7033
580.1245,243.4538,21.2643,43.7004
580.2819,243.7357,21.2637,43.6971
584.5148,244.1450,21.2848,43.6556
584.3794,247.7841,21.2803,43.6494
585.0923,248.5089,21.2798,43.6425
588.1577,246.8723,21.2518,43.6398
589.0576,247.7533,21.2548,43.6239
589.4904,248.3060,21.2552,43.6197
591.5901,248.4859,21.2561,43.6122
593.1010,249.2333,21.2568,43.6070
597.1000,249.6853,21.2262,43.5409
597.0986,247.8604,21.2176,43.5470
597.3027,247.7707,21.2031,43.4687
601.0656,247.6706,21.1977,43.4623
601.3730,243.7796,20.7657,44.2417
600.5777,243.7089,20.7509,44.2436
599.2974,244.4632,20.7577,44.2190
595.1207,244.9797,20.7723,44.1957
590.7787,241.5081,20.7826,44.1247
589.6557,243.0633,20.7826,44.1238
587.7163,245.9321,20.7822,44.1228
585.1855,246.9671,20.7830,44.1219
585.1592,249.2506,20.7866,44.1183
585.9233,252.7928,20.7868,44.1178
582.3405,267.2813,22.4466,42.2185
2
0
0
0
0
1
519.4968,217.2876,30.3979,34.7182
2
0
0
0
0
1
413.5615,227.7432,25.7586,40.7497
428.7706,243.8329,25.7115,39.9051
2
0
0
0
0
1
2
0
0
0
0
1
2
0
0
0
0
1
74.8780,228.5987,33.7613,42.4668
2
0
0
0
0
1
78.8612,250.5576,29.4618,46.4088
64.1107,237.7724,28.2998,48.0814
2
0
0
0
0
1
91.3316,264.1349,39.9034,51.0864
93.3198,276.0273,36.8269,56.4418
101.0067,266.0464,35.5990,64.2600
97.2102,266.2514,33.2278,69.4069
109.7338,273.0955,34.4541,69.2811
104.3472,268.9954,35.1360,68.2142
108.4339,270.7729,34.7627,69.9727
109.6982,246.6444,32.0321,74.9147
90.2894,256.7966,32.7758,74.5729
2
0
0
0
0
1
199.3636,300.5850,34.7652,41.7367
208.9260,305.8398,32.7089,44.7080
2
0
0
0
0
1
2
0
0
0
0
1
308.0947,285.2020,27.1617,51.7567
323.8763,293.9092,25.7366,53.9419
337.9393,303.2904,26.0121,54.0198
2
0
0
0
0
1
2
0
0
0
0
1
381.5447,269.8114,28.4417,54.1539
2
0
0
0
0
1
487.7481,249.9434,24.2864,46.6513
2
0
0
0
0
1
478.7479,285.8858,23.5011,44.9070
2
0
0
0
0
1
2
0
0
0
0
1
465.3782,283.1791,31.1773,44.4504
2
0
0
0
0
1
2
0
0
0
0
1
2
0
0
0
0
1
248.2155,250.1721,38.4424,44.7614
272.5263,244.7259,39.9646,44.5781
2
0
0
0
0
1
192.1008,298.8219,35.3841,40.4256
173.6208,294.6862,36.9768,39.2386
157.7769,312.8367,38.0225,38.9188
146.9456,272.9038,39.0508,39.8396
2
0
0
0
0
1
166.0846,295.1466,31.7593,35.5630
2
0
0
0
0
1
244.9636,318.8856,32.4341,36.2657
267.5273,302.1403,29.7385,39.6303
2
0
0
0
0
1
272.4239,321.1898,39.0892,46.1945
2
0
0
0
0
1
2
0
0
0
0
1
2
0
0
0
0
1
2
0
0
0
0
1
2
0
0
0
0
1
397.4073,280.6452,20.9425,42.8105
396.8253,267.3093,21.1838,42.2152
2
0
0
0
0
1
382.2461,291.9313,17.0105,18.5008
2
0
0
0
0
1
373.6803,288.4525,22.6926,29.2371
2
0
0
0
0
1
2
0
0
0
0
1
354.9996,279.9349,22.5764,16.2916
2
0
0
0
0
1
2
0
0
0
0
1
2
0
0
0
0
1
122.1978,276.0732,32.5919,37.4912
110.5675,272.5248,31.3185,38.7102
2
0
0
0
0
1
2
0
0
0
0
1
118.0588,311.6013,25.4164,53.9399
2
0
0
0
0
1
150.9724,309.8946,20.6623,42.8020
2
0
0
0
0
1
2
0
