1
260.6087,66.9069,22.4190,62.2040
2
0
0
0
0
1
2
0
0
0
0
1
281.3409,60.5838,23.3191,67.9849
2
0
0
0
0
1
274.3972,69.7513,28.4991,53.1047
248.9432,111.2142,28.3170,52.9388
2
0
0
0
0
1
2
0
0
0
0
1
258.5869,53.6537,24.4032,68.9287
2
0
0
0
0
1
2
0
0
0
0
1
274.5912,66.0526,31.4290,57.4087
246.9965,111.0258,31.1612,56.6925
240.9306,115.8943,30.7454,57.0941
2
0
0
0
0
1
260.3371,52.1876,24.5889,70.2550
259.1947,47.5789,24.7076,70.2303
2
0
0
0
0
1
254.5025,64.3905,32.5465,61.1128
2
0
0
0
0
1
299.4326,61.0645,31.2700,60.3682
266.3573,65.4963,30.0291,61.1308
2
0
0
0
0
1
281.1378,56.3695,27.5679,71.5871
279.8646,56.6098,28.0821,70.8637
278.0873,57.0602,28.5923,70.5923
282.1175,57.2321,29.2938,69.8890
259.4897,63.0541,28.0091,71.2017
272.0151,49.6187,27.4140,72.0166
277.3301,50.1380,27.6286,72.2108
296.1857,49.1153,27.2004,73.4310
265.0743,63.9645,28.3740,67.8432
241.9297,105.9203,28.2188,68.1133
235.3626,105.8578,27.5933,69.3205
234.0182,118.2437,27.7925,69.3918
2
0
0
0
0
1
2
0
0
0
0
1
263.5607,79.1639,33.3885,60.9040
258.5967,83.3172,32.2092,62.8382
257.8341,89.2052,31.9855,62.9852
251.6174,106.6551,31.4841,63.7903
250.3163,123.2068,31.3741,64.0339
245.3401,146.5337,30.6468,65.1057
2
0
0
0
0
1
2
0
0
0
0
1
258.3695,78.6569,37.6018,60.8746
2
0
0
0
0
1
266.2639,81.5091,37.9152,57.2766
265.5998,93.6134,37.3231,57.1872
2
0
0
0
0
1
277.2597,69.1613,31.6129,80.0568
283.4569,62.0427,31.2448,80.3817
284.4061,62.1009,31.6643,80.6300
285.6622,63.6086,31.5450,81.0919
286.0399,70.9290,32.2968,80.8157
286.1510,68.5911,31.1171,82.9869
286.9559,67.5210,29.8307,85.6540
288.5217,67.1250,29.1853,86.9576
295.0051,67.3845,29.3387,87.1281
289.9980,61.4417,28.9604,87.6068
290.7391,67.4343,29.5557,87.1817
291.4495,67.3792,29.3907,87.4681
292.0063,69.6036,29.7049,85.2329
264.7470,98.2123,29.7021,85.3602
2
0
0
0
0
1
285.6295,69.9769,37.6551,75.1101
278.8483,56.0029,37.2902,75.6853
307.5860,55.2939,36.7010,76.6790
279.2817,63.7567,33.7007,84.4648
264.8570,85.0201,32.8905,85.6524
317.9917,113.0034,32.0198,87.3203
280.2719,59.8767,35.5715,89.9651
313.9351,98.6018,34.8812,91.9760
289.1462,57.0922,34.9597,94.2521
271.0924,90.0156,35.1926,93.5493
312.3987,111.7997,35.2189,93.9347
280.0158,55.9274,35.2368,97.6501
297.4425,49.1792,35.1133,97.3256
304.1911,41.4707,35.4974,96.8671
272.3042,60.1678,36.2388,94.6129
321.4626,100.5573,35.5806,96.2383
287.0289,53.3418,34.4803,94.5375
292.9769,46.7975,35.5126,92.9352
267.2218,107.7056,34.9869,93.9128
322.2590,107.5710,34.1072,95.2196
282.3360,54.4858,36.2485,95.8060
274.1133,55.2157,36.0521,95.9383
313.1313,37.6253,35.6036,96.4168
278.4494,60.1796,37.9797,96.0185
276.5433,101.7360,38.5630,95.2303
2
0
0
0
0
1
269.4059,43.5129,37.1665,73.3217
2
0
0
0
0
1
322.0129,111.6427,30.7441,82.9706
294.1927,57.9642,27.5854,89.1030
303.1691,64.0861,26.8385,90.6591
280.4500,57.6866,27.6759,90.4095
265.8561,50.1559,27.3289,91.0841
2
0
0
0
0
1
319.9021,110.0458,39.1641,80.2697
291.6677,62.3615,31.7373,88.8216
262.6484,54.5303,31.7104,89.1187
2
0
0
0
0
1
267.9689,58.0750,33.4633,96.1152
259.0932,49.9530,33.3085,96.3819
259.0932,49.9530,33.3085,96.3819
2
0
0
0
0
1
325.5573,88.5412,25.6641,109.1251
291.3441,57.2492,30.2222,105.4675
316.6222,98.7153,30.0073,106.0835
315.1016,81.7743,29.1507,108.7504
2
0
0
0
0
1
288.5799,64.8316,31.3684,105.0452
269.5497,99.7518,33.0667,101.8604
2
0
0
0
0
1
2
0
0
0
0
1
284.5428,59.9155,52.2951,93.0747
268.8978,111.2871,48.5219,95.8790
2
0
0
0
0
1
317.0644,38.9974,25.3578,90.3289
317.3448,38.7742,25.1789,91.0407
318.1443,45.6048,24.8243,91.7094
304.7438,55.0677,25.2619,89.4860
317.3638,61.7393,25.4454,89.9794
317.6350,62.3215,25.8878,89.3791
316.6492,40.9318,25.9514,89.8423
322.9076,34.2759,26.1229,89.7291
313.7843,55.5705,26.0141,89.1119
314.6786,55.6473,26.2042,89.1377
315.7204,48.2162,26.4368,89.8579
316.2272,41.2966,26.5899,89.5805
316.6008,34.3799,26.7074,89.5494
316.7942,40.2146,26.4377,90.4402
279.5125,64.4651,30.3776,85.4811
2
0
0
0
0
1
274.8248,55.0194,50.6764,62.4350
268.9588,46.8992,48.5647,64.9142
2
0
0
0
0
1
329.3586,97.8339,44.3755,75.5120
309.5962,80.8527,41.4160,79.4260
345.9143,95.8055,41.3545,79.5530
337.8126,102.1381,40.6123,80.8525
313.8326,93.9916,39.4319,82.9543
268.0215,79.2081,42.1432,79.3598
2
0
0
0
0
1
318.8718,85.4614,24.6417,112.7356
294.4083,63.2213,25.8418,107.4321
269.9983,103.0443,26.1950,107.2388
262.9571,102.5707,25.8208,107.9328
262.4167,110.0043,25.6060,108.2812
2
0
0
0
0
1
319.8840,89.6464,36.1782,110.4694
292.8554,66.7632,34.0764,119.0922
265.5300,76.0569,34.0966,118.3842
2
0
0
0
0
1
300.5455,102.8526,50.6954,104.3744
263.7963,73.4887,43.0176,122.1988
303.6051,95.3222,44.0602,121.1425
264.1743,69.5743,41.4626,129.4097
2
0
0
0
0
1
303.3368,79.6795,44.8671,123.5364
263.6610,63.6424,43.1124,128.2001
2
0
0
0
0
1
296.5133,92.1841,57.3928,115.1643
256.0170,64.6000,50.0284,127.1664
212.2976,107.9989,50.9370,126.4913
201.8162,96.5067,50.3165,127.4482
2
0
0
0
0
1
2
0
0
0
0
1
252.1444,79.5048,61.0882,118.3032
195.3945,11.3389,60.2588,118.7412
2
0
0
0
0
1
305.1781,87.0376,60.2285,124.6795
262.4933,63.2909,54.1399,122.7122
205.8737,7.1828,54.1583,123.1866
2
0
0
0
0
1
298.0208,68.8137,71.7617,115.5102
247.2455,73.3781,61.8422,130.3372
235.9103,83.4952,60.4025,132.6958
227.3544,95.1295,59.5615,133.5382
204.7267,82.1613,58.4628,135.4037
2
0
0
0
0
1
312.3232,58.6395,59.3033,135.8517
264.8553,72.6266,52.9160,152.1033
316.6945,34.8357,52.7337,153.4369
268.0353,67.1020,49.0989,161.9880
244.9106,53.4788,48.5660,162.8308
2
0
0
0
0
1
317.4718,48.5791,62.2632,135.8448
273.3941,58.3529,54.9612,145.7962
261.6961,43.7627,52.9429,148.8094
258.5868,80.0108,52.4251,148.6003
257.7101,80.1948,52.4268,148.9991
259.7516,102.8336,52.9972,137.1664
250.5244,101.1397,52.7159,137.2261
241.5943,76.4942,51.3348,138.8124
2
0
0
0
0
1
314.8795,29.9964,54.1889,164.9986
313.6320,45.4493,54.4731,163.9218
286.0584,69.5914,51.6819,164.5468
284.8616,53.3477,49.2933,169.8675
315.7748,55.5887,47.3298,169.9119
285.9272,44.8715,47.4804,170.8220
321.6822,58.1252,47.9363,170.1605
278.6042,47.0181,48.2575,167.4849
343.0088,19.2258,47.3542,169.2935
278.0382,49.8048,47.0568,164.4733
316.3375,50.7376,47.1221,165.1035
276.7500,63.2299,44.9351,166.3347
275.8345,35.8605,44.5342,170.7932
314.9919,37.2516,46.1457,169.8928
275.2892,38.1159,45.5807,170.5732
272.5992,63.9113,45.3176,169.9580
268.9627,52.8580,44.8910,172.5493
265.4702,66.1886,44.9853,172.1561
262.6777,39.5021,44.4216,173.7220
339.7619,25.7464,44.2676,173.4397
315.5999,41.7969,44.7876,173.2378
327.1729,42.1086,46.4752,176.0606
312.1405,44.8295,48.4288,176.0023
311.7884,59.9084,50.9464,173.8759
311.0554,61.4750,52.4366,171.3190
312.4648,50.5283,53.5135,169.4322
312.8703,52.6129,55.3030,168.7215
310.4012,39.5810,55.3305,171.5478
312.3040,65.0437,57.1770,171.5656
270.0501,51.8288,56.5975,171.1684
325.6129,35.9883,56.2153,171.1771
280.8294,53.2465,54.9290,171.4712
321.3536,38.5954,55.0077,170.9418
311.9445,64.3141,54.3445,171.6755
283.0813,51.9754,54.6490,169.8478
280.2162,53.5520,54.5280,171.6422
291.5682,53.3701,54.7343,175.3649
289.9094,66.7399,55.2963,173.2601
317.7115,63.4332,55.6119,172.0582
276.4053,65.3921,55.3890,170.4982
329.4714,37.3901,55.7698,168.8542
273.7660,65.5321,55.4239,167.6833
328.9552,26.7183,55.4561,168.2080
273.0973,64.6341,54.0865,169.6758
269.2113,65.8137,53.6740,169.5449
267.7901,65.3155,53.5913,169.5682
267.7901,65.3155,53.5913,169.5682
267.5240,65.4293,53.3820,169.5837
267.5240,65.4293,53.3820,169.5837
267.7401,35.8481,52.1619,172.2806
2
0
0
0
0
1
330.5235,53.4945,91.5911,179.9027
315.8112,31.0470,84.3429,194.7238
295.5123,32.1928,81.1017,200.5637
292.7441,35.4469,81.0692,200.8673
328.8032,37.5975,78.4587,200.7837
330.8832,42.1245,78.7528,197.8755
328.1453,44.1969,79.0492,195.8031
328.1453,44.1969,79.0492,195.8031
328.1453,44.1969,79.0492,195.8031
341.3497,46.8980,79.4006,193.1020
341.3497,46.8980,79.4006,193.1020
341.3497,46.8980,79.4006,193.1020
336.2926,48.5583,79.4388,191.4417
334.7940,47.5479,78.6685,192.4521
330.2720,48.4873,79.0402,191.5128
282.1819,29.0053,73.3180,198.4596
316.7371,30.6156,74.5271,198.7148
314.8314,45.8542,76.5316,194.1458
263.9287,44.8676,75.4700,190.9608
264.5629,27.3553,74.6042,192.7189
300.0056,43.1828,73.3923,191.1111
312.2593,42.9430,74.1328,191.6682
313.7914,39.3795,73.4656,193.5472
331.0749,36.8895,72.6140,195.9511
313.0497,34.5788,71.8541,199.3761
265.6418,49.2544,71.7081,190.7456
325.4091,48.0819,71.6791,190.2531
323.3832,48.2352,71.5325,189.6436
271.8799,53.0102,70.8765,186.9898
332.8350,49.5996,71.0347,187.8611
330.6371,50.1116,73.6984,187.0254
298.7449,44.4184,73.8345,190.1595
326.8802,42.7306,73.5228,190.9091
328.1024,40.0299,73.0730,193.1292
275.1676,38.9948,72.3732,193.7713
324.8479,41.3471,73.8312,195.1103
323.7008,43.2178,74.7068,193.9956
336.6226,46.2427,74.3260,191.0027
336.3676,51.8709,74.5640,188.1291
334.1237,57.8254,75.5094,181.7777
332.4899,60.6173,75.6483,178.5430
268.9196,43.7557,71.1223,186.0989
265.3274,40.9274,69.4275,190.3352
334.2089,40.7477,68.0630,190.7552
281.0606,57.5410,67.8714,182.4590
329.9952,55.5868,67.7818,182.1863
255.8675,69.8261,68.2976,170.1739
318.6534,56.1368,67.7197,171.7054
259.4067,45.0112,62.9551,187.3897
323.7440,48.3312,64.3866,186.3672
259.6531,40.3441,63.4055,194.9417
325.7754,55.8949,63.9570,184.1051
250.6823,56.5508,67.5083,182.0546
330.2989,45.7074,67.9671,181.2831
329.6482,52.4350,69.7336,175.7954
329.1661,55.4857,70.3276,172.9208
233.4366,58.0564,79.1293,167.8726
325.5540,60.2497,80.7288,166.6796
325.5540,60.2497,80.7288,166.6796
214.9339,94.5160,88.6287,145.4840
199.8569,77.0301,84.6448,149.7356
173.6326,58.0245,80.9399,154.6517
157.2656,58.8093,79.8213,156.5766
155.2553,73.7098,79.7446,157.1653
155.2553,73.7098,79.7446,157.1653
155.2553,73.7098,79.7446,157.1653
2
0
0
0
0
1
272.8477,93.1701,110.3004,146.8299
267.2135,112.3465,113.2017,127.6535
266.0149,128.1128,113.1655,111.8872
265.6510,129.6333,112.7863,110.3667
264.3422,125.3802,109.3757,110.3003
255.2307,123.1380,106.7563,110.5705
246.1820,105.1828,102.1508,121.6801
275.7545,106.3938,100.4572,125.2631
261.0335,92.5681,97.8076,130.5778
244.6473,126.9833,101.0015,113.0167
244.6473,126.9832,101.0015,113.0168
244.6473,126.9832,101.0015,113.0168
246.8191,128.5276,103.1298,111.1452
249.9133,129.3002,103.8315,110.6998
256.2120,127.3891,111.6006,111.0898
294.5894,123.3985,109.6415,113.2922
294.6405,153.5519,112.4976,86.4481
306.7946,171.1967,114.8941,68.8033
309.5872,186.4617,116.4667,53.5383
301.6524,196.4590,116.7759,43.5410
301.6524,196.4590,116.7759,43.5410
301.6524,196.4590,116.7759,43.5410
309.1883,148.6118,99.1852,63.2439
326.2132,182.5546,102.2993,57.4454
326.6035,196.2021,104.5874,43.7979
305.3701,147.8463,85.7635,67.1761
312.6105,178.2794,87.1694,61.7206
313.3088,180.2485,87.4901,59.7515
311.8473,182.7555,87.6866,57.2445
302.1585,143.1929,82.9341,63.7069
310.5871,193.0757,88.6320,46.9243
288.6578,151.2876,86.1962,49.5844
282.9780,186.7399,84.7309,50.1410
275.2118,186.9611,83.4544,50.5137
275.2060,188.4124,83.7557,50.1987
268.9133,146.4148,81.6561,52.4180
287.6305,182.9620,81.4310,51.9037
269.8698,151.8955,71.3241,66.1573
276.7664,181.0929,74.9677,58.9071
271.1875,182.9053,73.6744,57.0947
264.7249,183.7560,73.2101,56.2440
267.3780,149.2486,69.2789,60.8821
273.8029,185.4182,72.4019,54.5818
267.7227,157.6022,66.6924,63.6646
267.5135,147.5933,63.6395,67.4010
261.4774,156.3566,62.4231,69.4085
260.6839,155.4335,61.5016,72.9569
262.0407,173.9969,61.9398,66.0031
262.0407,173.9969,61.9398,66.0031
270.4252,183.0257,63.1332,56.9743
277.9077,190.0002,64.9663,49.9998
266.7719,158.0932,58.8973,58.4114
261.9354,171.9920,57.7200,59.6628
263.4467,180.5356,58.0062,59.4644
265.6161,189.1547,58.5232,50.8453
265.6161,189.1547,58.5232,50.8453
260.1772,188.0831,58.0477,50.9044
255.2710,188.6478,57.9319,50.9133
250.4616,187.9939,57.8007,50.9562
2
0
0
0
0
1
302.0677,169.6940,22.1375,66.3584
301.6848,175.0492,22.8043,64.8542
298.0244,168.5781,21.4574,66.7523
302.6355,179.3006,22.0345,60.6994
302.0209,183.7785,22.9582,56.2215
301.2137,183.8192,22.8936,55.8224
297.9051,182.2592,21.4113,56.3506
297.5271,181.5893,21.3943,56.3054
296.1057,167.7031,20.8210,57.6266
292.2697,162.4701,20.3497,58.7977
288.3229,157.2214,20.0622,59.4529
284.8018,152.1375,20.0070,59.5035
280.9040,161.8394,19.7772,59.8654
2
0
0
0
0
1
306.1968,190.4122,17.6598,40.5968
309.1700,194.2213,17.7199,40.6884
295.1337,172.8401,15.9276,41.3163
291.6839,190.2204,15.3019,42.5398
312.5424,190.7526,15.2447,42.7735
297.1668,169.1150,15.1439,43.5434
296.6777,187.8738,15.2822,43.7341
2
0
0
0
0
1
280.5407,172.3995,24.8045,26.1332
274.9513,168.1757,23.5667,27.1669
268.5167,170.5687,22.9736,27.6737
2
0
0
0
0
1
284.9587,172.4305,17.4673,29.7843
284.7328,175.5493,17.7642,29.2570
287.4586,175.6364,18.2621,28.7667
272.5877,166.0268,17.1693,30.9989
269.8158,180.7231,16.7827,31.6376
2
0
0
0
0
1
255.1829,166.3766,14.9934,34.8656
252.9314,160.1721,14.7640,35.4546
262.2897,172.2675,14.3478,36.1977
261.2323,172.5852,14.6356,35.8300
258.1260,169.6517,14.7956,35.2159
257.3412,175.5717,14.5249,36.0388
256.8952,181.9478,14.4945,36.1018
260.2659,182.0465,14.4100,36.4129
244.7434,163.9874,14.5325,34.9895
249.8772,170.1900,14.7128,35.4226
246.2928,170.5249,14.4881,35.9729
243.6800,178.9273,13.8749,38.5681
240.6755,181.9087,13.6911,39.0483
242.3596,185.8377,14.7195,38.1555
242.2608,199.4426,14.7005,38.1053
2
0
0
0
0
1
216.2151,165.1422,17.4950,35.2168
218.8019,172.0099,17.7416,34.7579
218.5799,174.9950,18.1728,34.3741
217.9712,178.5627,18.5346,33.8171
214.8490,185.0786,18.2875,33.7770
215.0535,189.0587,18.7557,33.2080
221.1920,193.0774,19.2066,32.6286
2
0
0
0
0
1
190.7491,167.0189,14.8452,32.5724
190.2834,169.3995,14.9750,32.3839
190.2834,169.3995,14.9750,32.3839
190.2834,169.3995,14.9750,32.3839
186.3797,171.5217,15.0147,32.4294
186.1151,165.7821,15.8807,31.6518
185.3027,165.8100,16.0589,31.7057
181.6743,166.3107,16.1969,31.6596
180.7340,169.1123,16.4984,31.3898
179.8972,171.4474,16.5946,31.1882
179.8972,171.4474,16.5946,31.1882
179.8972,171.4474,16.5946,31.1882
182.0932,167.9322,17.5931,30.3857
167.9118,168.2646,16.8239,30.2654
177.1007,168.1111,16.7276,30.3279
173.7413,170.9070,17.1663,29.9728
173.5418,191.6987,17.6665,29.3305
2
0
0
0
0
1
160.6526,170.0762,15.2533,29.7829
2
0
0
0
0
1
167.1228,168.6940,15.2184,29.0689
180.8316,168.5715,15.1143,29.1538
166.7482,169.1826,15.0479,29.1763
153.8428,163.2117,14.5212,30.0431
2
0
0
0
0
1
171.7855,169.6146,12.3466,32.9443
173.5041,169.3063,12.6430,32.6713
173.5041,169.3063,12.6430,32.6713
175.3133,167.1152,12.8419,32.6139
170.0137,167.0703,12.8389,32.6780
158.7842,164.3754,12.7715,32.9458
158.0113,164.4690,12.7539,33.0363
158.0113,164.4690,12.7539,33.0363
158.0113,164.4690,12.7539,33.0363
157.0312,167.3312,12.7198,33.0464
157.0312,167.3312,12.7198,33.0464
156.2074,161.7545,12.6639,33.2065
151.3653,164.4760,12.6290,33.2839
2
0
0
0
0
1
158.9654,171.4441,15.5140,28.9191
158.9654,171.4441,15.5140,28.9191
155.8015,168.3866,15.3936,29.0364
155.0318,168.0549,15.3240,29.2219
152.5814,167.6243,15.1902,29.4693
149.2745,167.3280,15.1006,29.6086
148.6605,167.4094,15.1178,29.6078
148.6605,167.4094,15.1178,29.6078
148.6605,167.4094,15.1178,29.6078
2
0
0
0
0
1
175.1252,174.6632,14.0653,26.1239
184.9082,172.2282,14.0166,26.1328
186.9278,174.8475,14.1602,26.0712
186.7338,174.6806,14.3778,25.9051
186.5618,177.0253,14.5285,25.6741
184.1506,176.3340,14.4271,25.6179
181.4811,178.8933,14.2937,25.5795
179.6151,175.9954,14.2514,25.6246
177.3578,175.7535,14.2768,25.5649
179.2182,193.9634,14.8698,24.8471
179.4078,196.7106,15.0497,24.6138
2
0
0
0
0
1
206.5917,166.1666,13.2932,28.0558
208.1663,174.8743,15.3476,25.5977
208.0281,177.1955,15.2972,25.5609
204.9843,168.8876,15.0667,25.8038
2
0
0
0
0
1
223.2578,176.1071,18.4447,28.9072
220.2913,175.7765,18.2261,29.0147
220.0004,175.5570,18.2939,28.8195
2
0
0
0
0
1
254.9779,176.7942,17.5712,26.8047
255.3569,179.6428,17.8017,25.9044
250.2467,184.9201,17.4335,26.3743
250.4062,176.5754,17.4907,26.2032
252.8703,173.8927,17.5528,26.1176
2
0
0
0
0
1
284.0327,176.1796,18.8426,27.1324
281.8201,176.0278,18.8054,27.0464
278.9240,173.5868,18.7988,26.8981
2
0
0
0
0
1
310.7228,179.7502,13.2354,30.1118
2
0
0
0
0
1
356.4221,163.8817,15.4756,34.8767
2
0
0
0
0
1
353.7233,180.8274,21.3087,25.6417
352.4178,185.0111,23.4557,23.7873
346.7894,167.1681,23.3417,23.7701
343.6305,167.2244,23.4638,23.5890
340.5521,167.0755,23.3163,23.7119
2
0
0
0
0
1
366.9617,175.3797,17.9065,23.9426
364.0004,167.5001,17.8150,23.9911
358.8235,167.4415,17.7293,23.9126
358.8235,167.4415,17.7293,23.9126
2
0
