1
65.8804,605.8032,77.7541,64.3671
95.9240,596.8279,70.9612,74.0247
124.7873,597.8782,84.0995,61.1602
183.4420,599.9407,70.4617,59.9387
110.5883,610.9446,72.8863,51.7962
189.3919,594.7261,80.4869,61.8451
229.4755,593.2159,68.4410,62.0436
2
0
0
0
0
1
383.6744,629.5494,124.6040,53.9963
397.0168,617.6765,97.8097,62.8120
2
0
0
0
0
1
2
0
0
0
0
1
709.6278,482.4803,82.0293,102.6262
734.5039,477.0591,84.2046,137.8758
737.2585,440.2914,87.8865,166.3551
734.6238,421.8944,79.4784,151.9388
737.8423,385.3569,69.1032,158.1408
732.5181,400.2620,80.8683,133.1205
727.8205,384.4030,102.4558,105.2737
799.8835,379.1331,117.1527,64.8371
2
0
0
0
0
1
698.2922,368.8496,57.0438,55.3087
719.9689,377.8169,48.2821,42.9525
666.6127,376.7759,59.9350,45.1018
738.7450,375.8037,40.8727,45.5211
740.7031,375.7203,38.8835,44.9747
698.3798,372.9304,81.9136,48.6026
736.7986,372.5126,43.6078,47.0642
673.4145,372.7086,105.3159,48.6730
739.8549,373.2614,59.9526,45.9207
676.3890,373.0421,128.7171,47.6026
734.5517,371.0509,74.1996,46.5111
740.1770,371.9474,91.3367,46.3840
739.5556,370.9530,97.0417,46.7316
739.7887,369.0699,105.3977,48.0104
739.7264,365.4493,111.4739,51.1292
741.7736,366.2148,111.6830,49.3045
741.7445,367.1502,112.7524,48.6447
740.6714,366.9682,125.4300,47.6943
740.9525,366.4426,126.5199,51.3337
736.7706,367.1496,131.1278,49.1928
743.6356,368.0679,123.5240,47.6740
745.5045,368.1765,120.8780,50.5100
744.6076,367.7504,123.8201,49.7790
744.7927,367.1420,122.6120,50.3760
745.9594,366.4756,121.6549,50.5858
746.5828,366.2477,121.2691,50.3626
742.6105,366.3423,125.3847,49.8085
741.4522,365.4911,123.3413,51.1883
676.8605,366.8017,165.4292,49.9536
738.1520,367.6001,93.0716,49.3626
738.5415,368.9974,84.9727,47.8693
738.5368,368.0214,49.2941,49.4646
727.9789,376.9913,45.7619,38.3686
724.8813,311.3814,18.9690,97.0026
680.2256,384.6696,60.9548,31.4462
2
0
0
0
0
1
2
0
0
0
0
1
416.5166,330.1172,109.6188,71.0187
2
0
0
0
0
1
744.5727,324.6669,94.0146,89.0936
755.6228,343.2892,117.0628,71.4630
782.7682,350.6448,106.6982,64.2240
795.4491,325.3820,105.2535,89.3119
816.5078,320.0695,113.4836,96.4385
831.7776,318.4306,111.6706,91.1586
831.2455,276.7155,99.7288,134.2785
826.4572,266.4867,86.0320,130.4418
822.9820,258.2251,92.3597,128.0316
817.1434,241.9733,89.6875,110.2811
822.4233,236.9059,90.4944,112.4197
824.5753,224.2959,84.4023,91.1955
817.2188,225.5520,86.2341,78.2643
814.1967,226.0082,87.6961,60.9129
798.4001,223.2244,89.5794,44.3434
784.9623,222.0015,88.4653,44.0585
785.8445,221.9769,82.6873,43.3676
788.8059,220.9298,89.4038,43.5652
794.3292,219.7149,95.9419,45.0067
805.2301,220.6872,89.9664,42.3904
829.4170,219.2120,105.1748,44.6484
854.3722,219.2472,85.1338,40.6621
891.4594,206.5432,73.7470,55.2925
899.0645,188.4387,72.5758,73.8004
926.9485,155.9440,68.3872,104.1744
928.9787,148.6915,74.5168,115.0201
894.4063,186.6839,110.1552,76.7540
918.1149,126.2057,78.6083,95.7217
927.8352,125.3973,71.4597,95.0413
923.0516,121.8675,73.2701,85.8051
929.8405,111.6098,65.6733,88.2640
925.2075,124.6222,65.3836,77.5560
918.1780,114.5345,69.9975,61.7426
904.1808,112.7388,100.4461,58.2158
887.3515,117.3536,83.7721,35.1309
872.7690,118.2400,86.0756,34.0414
855.4509,118.3284,94.9995,32.9962
847.7166,116.8280,86.1881,34.7168
820.9437,119.9565,108.6263,30.1466
817.0438,117.6980,94.7335,31.9348
814.7019,119.0472,94.4073,32.7289
801.7645,121.4898,93.0782,29.2477
803.3875,121.9903,75.3778,28.3419
792.9878,121.7657,60.8254,30.3894
782.3511,123.9673,52.3483,27.2231
761.2517,121.4157,55.9058,27.4851
740.2293,122.2390,72.8805,27.0251
738.6722,122.3862,66.1814,27.7732
749.9903,125.0630,46.1755,26.8888
744.3884,126.6005,35.2001,23.7644
746.1445,129.6176,34.2164,20.9262
732.8258,127.1393,44.2686,22.2473
739.3247,129.5939,31.2038,20.3066
707.9561,126.5837,60.9928,22.6211
724.0361,112.3719,41.4600,37.6187
718.5651,90.6089,33.3602,57.9125
684.3251,70.9695,34.9806,104.3445
682.4340,80.0209,55.1305,133.9851
633.2267,107.7936,99.6857,75.1191
573.8521,117.4369,147.3985,94.2600
567.2119,89.3048,140.8051,98.3022
2
0
0
