1
264.8428,269.4633,40.9758,46.5613
289.9039,244.3375,37.6650,49.9139
268.4137,259.3380,34.1130,55.2826
292.6604,243.1246,36.0189,52.5660
257.2024,259.6768,36.7199,51.4456
245.2756,249.9656,35.7466,51.7137
2
0
0
0
0
1
302.5454,261.1625,52.9837,52.2446
2
0
0
0
0
1
270.8496,256.2993,43.8465,55.7898
247.7276,275.8172,43.0498,56.5960
243.5126,290.4968,39.9659,60.0415
282.5453,272.3048,39.0192,62.0010
247.8002,267.4530,40.2733,59.8330
281.7854,263.6769,37.5137,64.2278
249.5600,278.4171,35.1688,66.4459
280.8293,263.1563,40.3107,62.0912
252.7727,271.7745,41.4540,60.3672
243.3608,293.6085,42.5271,58.9203
2
0
0
0
0
1
233.9972,288.9132,43.3134,54.1978
258.5701,320.0013,43.7819,52.7814
2
0
0
0
0
1
258.3594,262.4694,43.7939,54.7036
237.9128,276.5995,44.6973,52.2575
232.6088,276.1877,45.1754,49.9288
2
0
0
0
0
1
248.9442,278.6205,40.2711,46.7041
243.9962,284.6375,39.6807,47.4773
230.3178,283.6320,39.9047,46.8840
223.6532,275.0048,40.4597,46.1583
2
0
0
0
0
1
244.8138,261.4080,46.5493,50.4962
220.5914,285.5151,46.5620,50.2405
259.8514,264.7389,48.1483,49.4593
286.6782,263.4075,48.3126,48.9016
288.9142,260.5748,48.3111,48.9054
246.8625,278.7704,43.9311,55.5926
212.5090,286.4340,45.0407,53.6845
2
0
0
0
0
1
232.5518,255.3096,46.0397,58.4006
229.5847,255.8320,47.3118,56.1560
211.6233,277.9298,47.3788,55.4159
249.1592,271.4868,45.2091,58.3257
231.2744,252.8982,45.9010,57.6577
2
0
0
0
0
1
226.6295,257.6500,48.7700,57.0724
202.3568,292.1642,49.6714,55.6724
2
0
0
0
0
1
193.7781,270.3796,52.3849,55.1989
2
0
0
0
0
1
220.3393,295.0085,42.5905,46.3500
2
0
0
0
0
1
349.5154,325.8150,40.4788,49.7393
341.6841,317.8883,40.5028,49.4189
340.9344,323.8935,40.4565,49.4539
2
0
0
0
0
1
367.3114,299.9588,39.6330,54.2135
374.8987,291.4348,40.1283,53.7302
383.3638,285.4581,39.9047,53.9438
377.8951,277.3946,40.8245,53.4359
377.6235,280.9189,40.8416,53.4296
389.3105,287.4277,41.0497,53.3398
2
0
0
0
0
1
335.8027,314.4517,43.5976,46.9708
319.5224,315.8514,42.0475,48.2821
321.4481,307.8090,40.8668,49.3792
324.0699,301.9851,41.1567,48.9762
294.3981,325.5594,37.5648,54.0916
2
0
0
0
0
1
289.9394,308.1186,51.9429,47.8582
312.9226,325.4332,46.5157,55.1354
328.1110,305.6033,44.8585,56.5697
329.5670,296.6227,45.1311,56.2616
339.2567,294.7858,45.2207,56.1270
342.1386,307.5762,46.6609,54.4320
327.8795,329.8548,52.6029,49.0004
337.1278,328.9146,51.9273,48.6002
2
0
0
0
0
1
337.3476,321.5943,44.0461,55.6864
344.0792,306.3832,45.1671,54.3862
312.9116,276.3865,43.2043,56.1246
293.4355,300.9230,45.1235,53.7934
333.5069,269.9901,44.3130,53.3032
348.5237,261.4086,40.1553,57.9625
362.0611,254.0533,39.6029,58.8229
362.4681,240.8110,40.4076,58.0007
2
0
0
0
0
1
319.1850,260.8576,45.3043,47.8315
338.7870,254.4444,45.2700,47.9458
359.8793,236.7710,40.0999,55.3673
360.4922,222.7505,38.7199,57.0443
2
0
0
0
0
1
355.9120,226.3258,43.2014,58.7403
371.9401,199.2772,40.0137,62.6697
2
0
0
0
0
1
373.2579,213.7198,41.9481,48.1927
2
0
0
0
0
1
366.7695,216.6113,52.1488,51.3197
366.5512,210.8845,51.9820,51.5417
374.2383,208.8337,51.9219,51.4814
2
0
0
0
0
1
390.7113,217.8640,40.5115,53.6163
403.5971,214.7611,37.8061,56.8861
409.7206,201.0187,35.4772,59.4388
372.0471,230.6259,34.1749,59.5181
390.7368,216.4607,32.9172,60.4388
366.4355,241.6459,32.8287,61.1194
401.5975,222.1947,31.5867,62.8967
364.5974,243.8324,31.4190,65.4909
394.5245,221.4529,31.8217,64.1957
359.5105,245.9059,33.8007,61.7484
321.7450,222.6664,37.0072,57.7583
354.8744,242.6043,38.2992,55.2327
391.1125,224.0228,35.4729,58.2290
351.0717,237.2604,34.9361,58.6828
2
0
0
0
0
1
369.9356,205.2822,39.0692,55.5262
371.1651,197.9547,38.2759,56.2966
2
0
0
0
0
1
363.0971,198.4921,38.2144,57.6649
371.8419,189.2722,35.8234,60.8956
332.2332,219.2428,38.7645,57.5330
369.8545,195.2209,35.4647,62.0238
335.2072,215.6798,38.4091,58.9006
375.0046,184.1330,34.1708,64.8997
342.4666,215.6105,35.7748,62.1459
375.5524,190.8583,32.9584,66.3753
339.4001,212.2935,36.4294,61.7128
377.9433,200.0342,34.7676,64.4483
2
0
0
0
0
1
310.8620,180.9341,36.9426,54.7353
349.5559,206.6811,33.1878,59.9054
379.8275,194.4689,31.8547,63.5282
2
0
0
0
0
1
385.8024,188.1481,34.6949,64.8837
2
0
0
0
0
1
309.1431,224.2825,43.6026,37.2279
342.5558,233.6528,40.0435,42.4378
320.9867,238.5617,37.3657,46.1213
349.5432,233.4322,34.6575,50.4898
378.8748,232.1165,38.0097,48.1927
2
0
0
0
0
1
335.2504,237.0106,32.2042,34.7888
327.4201,223.2555,29.7710,36.7444
344.1672,257.0425,31.3498,36.3305
363.8792,240.4473,31.5642,36.2459
325.6877,253.8924,33.0405,36.0798
358.5153,225.4427,28.9528,42.4897
331.4325,219.2367,28.4659,42.5517
364.2748,228.7988,27.8074,44.6024
333.4972,208.5005,25.5421,47.3413
364.7282,228.4105,24.0079,50.5826
340.6521,212.9880,24.2436,49.7044
367.2075,228.4490,25.0544,51.5000
338.8961,211.9022,24.8539,51.0823
367.7084,229.0412,26.1007,50.7981
342.3955,230.3954,26.5683,50.1955
372.4777,229.4262,25.3538,51.8731
343.6817,224.4230,25.8853,49.9176
374.7227,232.6386,26.3585,49.4793
346.3148,237.9890,26.0762,49.3631
379.2014,237.8335,25.6782,50.4017
354.1364,235.9742,26.2922,49.6007
384.3547,234.3096,28.7679,47.0375
351.0622,214.3974,28.3619,49.0245
2
0
0
0
0
1
358.8578,219.1606,35.3204,46.0941
2
0
0
0
0
1
340.5727,210.2497,45.7019,42.1428
2
0
0
0
0
1
2
0
0
0
0
1
337.4662,204.1108,42.9676,51.9723
2
0
0
0
0
1
374.9899,262.9003,40.2614,41.1988
2
0
0
0
0
1
2
0
0
0
