1
151.7931,59.9192,39.0877,67.7312
154.4910,61.4218,32.2977,74.6501
157.9503,60.2675,26.7322,81.1287
164.8946,59.4963,24.5196,76.2666
168.3909,58.2147,19.6591,75.0436
166.6870,57.0076,21.4776,69.3274
150.8759,68.7086,24.1558,79.6482
150.8759,68.7086,24.1558,79.6482
150.8759,68.7086,24.1558,79.6482
150.8759,68.7086,24.1558,79.6482
150.8759,68.7086,24.1558,79.6482
150.8759,68.7086,24.1558,79.6482
150.8759,68.7086,24.1558,79.6482
150.8759,68.7086,24.1558,79.6482
150.8759,68.7086,24.1558,79.6482
150.8759,68.7086,24.1558,79.6482
150.8759,68.7086,24.1558,79.6482
2
0
0
0
0
1
193.6088,59.9666,66.3449,69.4267
189.5280,59.3115,74.7356,78.0762
178.2800,65.4687,90.4038,73.8921
175.4310,63.5297,98.4693,81.7623
197.4671,60.1114,117.7432,65.3987
176.8224,59.1714,134.7702,77.7998
152.7226,55.0766,120.0079,102.4326
152.7226,55.0766,120.0079,102.4326
152.7226,55.0766,120.0079,102.4326
152.7226,55.0766,120.0079,102.4326
172.5166,60.5952,97.1269,107.3483
205.5592,49.1060,109.3076,89.3119
205.5592,49.1060,109.3076,89.3119
205.5592,49.1060,109.3076,89.3119
154.4216,66.1888,103.8114,82.1189
165.0564,64.3051,97.3642,82.2464
187.0889,57.6914,92.6761,78.4891
145.1507,60.6492,83.7360,79.9321
2
0
0
0
0
1
123.6200,49.0900,42.9900,40.4220
123.6200,49.0900,42.9900,40.4220
123.6200,49.0900,42.9900,40.4220
123.6200,49.0900,42.9900,40.4220
2
0
0
0
0
1
49.8674,33.8457,30.8061,58.9158
45.1574,33.0398,34.8288,64.8187
41.7914,37.3712,36.4040,68.6812
41.5247,40.7863,35.2674,69.4454
75.8034,57.9875,30.6492,68.2593
76.9200,62.6557,35.2651,60.1573
95.5926,38.7031,37.0585,53.3410
100.7250,73.7735,34.7783,60.1799
2
0
0
0
0
1
199.8915,77.3709,35.3971,63.0458
208.0682,79.9142,27.2380,59.7873
207.6333,86.8869,35.6073,56.3604
222.8493,88.0305,45.3438,54.4222
222.8493,88.0305,45.3438,54.4222
222.8493,88.0305,45.3438,54.4222
222.8493,88.0305,45.3438,54.4222
222.8493,88.0305,45.3438,54.4222
222.8493,88.0305,45.3438,54.4222
222.8493,88.0305,45.3438,54.4222
222.8493,88.0305,45.3438,54.4222
222.8493,88.0305,45.3438,54.4222
222.8493,88.0305,45.3438,54.4222
2
0
0
0
0
1
99.4451,29.8946,62.5760,91.3578
95.0816,12.8086,59.8614,91.5684
95.0816,12.8086,59.8614,91.5684
95.0816,12.8086,59.8614,91.5684
95.0816,12.8086,59.8614,91.5684
95.0816,12.8086,59.8614,91.5684
83.2018,-2.1090,64.6816,101.4777
83.2018,-2.1090,64.6816,101.4777
2
0
0
0
0
1
208.6475,82.3653,41.0040,52.3996
210.7869,62.2481,35.3222,48.0644
210.7869,62.2481,35.3222,48.0644
207.7873,74.3732,25.5210,38.1561
207.7873,74.3732,25.5210,38.1561
207.7873,74.3732,25.5210,38.1561
207.7873,74.3732,25.5210,38.1561
207.7873,74.3732,25.5210,38.1561
2
0
0
0
0
1
214.6498,127.3805,48.3155,41.1502
214.6498,127.3805,48.3155,41.1502
2
0
0
0
0
1
151.1939,59.9705,55.8605,62.4726
148.7243,58.5113,61.4207,69.5272
148.7243,58.5113,61.4207,69.5272
129.3503,66.9444,69.9460,78.7547
127.9669,46.6876,71.7102,74.9279
148.8789,63.0122,72.1418,68.4792
148.8789,63.0122,72.1418,68.4792
2
0
0
0
0
1
99.6054,67.5007,38.7665,62.3878
99.6054,67.5007,38.7665,62.3878
161.1393,87.7433,42.5308,54.9259
124.2033,66.8592,40.7032,45.9630
2
0
0
0
0
1
215.9493,111.0498,51.5394,65.9326
235.9633,113.6343,60.0213,64.5167
235.9633,113.6343,60.0213,64.5167
235.9633,113.6343,60.0213,64.5167
221.7169,119.5907,72.0539,64.4609
197.0718,96.0727,70.1148,64.9973
197.0718,96.0727,70.1148,64.9973
197.0718,96.0727,70.1148,64.9973
197.0718,96.0727,70.1148,64.9973
197.0718,96.0727,70.1148,64.9973
243.3779,119.5952,65.0153,56.8326
243.3779,119.5952,65.0153,56.8326
2
0
0
0
0
1
167.4364,48.7388,44.5408,42.2758
167.4364,48.7388,44.5408,42.2758
167.4364,48.7388,44.5408,42.2758
167.4364,48.7388,44.5408,42.2758
167.4364,48.7388,44.5408,42.2758
167.4364,48.7388,44.5408,42.2758
2
0
0
0
0
1
236.8818,63.7686,49.1912,49.1407
238.5836,64.7798,45.0081,57.6320
230.1373,63.6712,40.9086,57.7858
238.3156,64.5309,52.5220,64.8426
188.0166,72.0624,49.9993,72.1545
2
0
0
0
0
1
191.3800,42.0180,36.9300,39.5020
191.3800,42.0180,36.9300,39.5020
191.3800,42.0180,36.9300,39.5020
2
0
0
0
0
1
2
0
0
0
0
1
56.8272,56.5113,29.3437,52.7914
59.6921,64.7683,25.3515,51.5620
62.7210,76.2037,20.4214,53.2503
62.7210,76.2037,20.4214,53.2503
62.7210,76.2037,20.4214,53.2503
2
0
0
0
0
1
90.6370,127.9767,34.0753,61.4992
90.6370,127.9767,34.0753,61.4992
90.6370,127.9767,34.0753,61.4992
90.6370,127.9767,34.0753,61.4992
90.6370,127.9767,34.0753,61.4992
90.6370,127.9767,34.0753,61.4992
90.6370,127.9767,34.0753,61.4992
90.6370,127.9767,34.0753,61.4992
106.4430,67.9416,40.1102,50.4850
2
0
0
0
0
1
127.4687,106.3839,44.6770,58.3499
131.4314,106.9368,43.2940,53.7819
135.5945,107.6976,38.0419,57.0279
138.5127,104.0326,27.3664,61.8831
147.4365,97.3958,32.3345,57.3114
151.3692,99.9552,26.8864,56.8030
114.6143,80.3775,34.9431,51.4532
114.6143,80.3775,34.9431,51.4532
114.6143,80.3775,34.9431,51.4532
114.6143,80.3775,34.9431,51.4532
2
0
0
0
0
1
155.8936,75.1085,44.7245,60.6447
146.2540,60.2216,44.6966,75.2214
168.8100,77.1809,46.9748,67.8637
168.8100,77.1809,46.9748,67.8637
2
0
0
0
0
1
88.6338,65.6640,61.3000,64.7436
80.3882,67.5213,69.2215,59.9617
80.3882,67.5213,69.2215,59.9617
80.3882,67.5213,69.2215,59.9617
80.3882,67.5213,69.2215,59.9617
80.3882,67.5213,69.2215,59.9617
80.3882,67.5213,69.2215,59.9617
80.3882,67.5213,69.2215,59.9617
80.3882,67.5213,69.2215,59.9617
