1
2
0
0
0
0
1
701.3300,204.7400,23.3148,27.5780
692.6459,191.4383,44.7042,44.3622
2
0
0
0
0
1
704.0474,206.5867,41.9041,29.7645
697.7637,183.7409,39.5121,44.7415
687.1143,163.8078,70.3116,70.9695
2
0
0
0
0
1
2
0
0
0
0
1
2
0
0
0
0
1
657.2194,201.7491,34.2844,27.6547
630.1046,196.1247,43.4425,32.6130
2
0
0
0
0
1
620.9879,199.0265,27.9017,29.8448
2
0
0
0
0
1
640.1323,202.2148,28.8288,30.1962
640.1462,189.4032,49.3001,45.3832
2
0
0
0
0
1
693.6212,211.6987,38.0448,29.1663
2
0
0
0
0
1
718.9073,263.1951,40.5607,26.1042
2
0
0
0
0
1
2
0
0
0
0
1
2
0
0
0
0
1
668.8546,210.4620,60.8527,35.1968
659.7282,170.1922,67.2935,70.5778
2
0
0
0
0
1
618.7345,215.0398,73.0041,25.0866
2
0
0
0
0
1
644.4277,210.8740,38.3585,31.5042
647.8013,200.6121,39.5888,43.9309
634.2801,156.4543,89.1746,84.4524
539.3222,238.5641,235.0381,25.8656
548.3177,245.6658,249.8222,25.3797
2
0
0
0
0
1
695.3582,215.3459,35.0944,28.6423
679.2009,202.1351,51.4299,44.7151
2
0
0
0
0
1
730.7562,264.1976,56.9063,44.4113
2
0
0
0
0
1
742.2146,208.5450,30.4549,34.4700
2
0
0
0
0
1
711.8224,206.5219,35.8861,36.6512
2
0
0
0
0
1
667.0300,215.9444,34.8608,29.7758
2
0
0
0
0
1
629.6335,205.9007,39.0425,35.9740
616.1678,181.1347,86.4036,64.4288
545.6333,246.0286,237.0488,24.3911
2
0
0
0
0
1
2
0
0
0
0
1
742.9325,213.7933,26.7890,34.2734
714.2097,215.1160,54.6098,33.1970
733.0726,202.7425,42.2942,45.4664
726.1208,170.1181,58.9128,80.1055
2
0
0
0
0
1
739.5502,211.0333,46.0842,37.4235
2
0
0
0
0
1
709.1490,211.9951,31.9726,35.4052
691.1318,199.6451,48.2248,44.9435
2
0
0
0
0
1
661.0973,272.2863,89.6662,23.6351
623.6334,268.9934,143.8060,26.9506
2
0
0
0
0
1
598.1816,271.8392,142.0999,20.2179
563.2365,270.0695,200.6111,29.6912
2
0
0
0
0
1
687.6366,208.0829,33.1521,33.9758
667.7430,181.9870,58.7776,66.4537
2
0
0
0
0
1
719.9271,202.9614,42.2410,44.1117
693.1097,166.7891,64.1690,78.3354
2
0
0
0
0
1
666.6379,276.6446,117.0262,19.2844
672.9980,269.0451,136.1254,32.1145
662.3091,203.7972,119.2738,159.5522
533.1682,241.8954,255.0001,158.3877
2
0
0
0
0
1
671.2277,198.5957,49.8236,43.2954
691.8898,175.4527,62.4392,68.1112
665.7437,137.7861,181.2944,108.4680
672.8444,132.8814,212.6055,126.7779
563.0223,17.4854,335.3251,270.3315
531.4771,1.9718,569.7615,303.8515
551.1686,0.0000,460.2246,330.4932
530.3622,10.0009,736.2565,339.0168
525.2740,7.0336,740.4567,479.8282
2
0
0
0
0
1
647.0219,185.7343,34.1766,51.6251
620.4924,166.0532,74.3279,77.1321
628.8542,220.8980,62.6972,54.9225
2
0
0
0
0
1
656.9066,207.5458,52.9296,27.8892
2
0
0
0
0
1
664.5327,259.7045,44.7782,31.5056
2
0
0
0
0
1
660.0208,197.4345,50.2778,42.1981
2
0
0
0
0
1
633.6096,259.2992,122.5237,27.3795
2
0
0
0
0
1
644.1013,257.4032,98.2242,33.6378
2
0
0
0
0
1
2
0
0
0
0
1
2
0
0
0
0
1
663.4669,181.2479,35.3767,55.1324
2
0
0
0
0
1
634.5629,266.2179,121.8769,11.4150
2
0
0
0
0
1
641.6080,217.4851,56.0907,82.1829
2
0
0
0
0
1
671.6622,256.3038,34.0983,65.3638
2
0
0
0
0
1
2
0
0
0
0
1
2
0
0
0
0
1
2
0
0
0
0
