1
201.2319,137.3352,95.1429,48.7811
213.9639,135.7793,95.0244,49.6157
220.5549,142.7412,95.8943,46.4284
266.7724,135.6179,89.9214,53.3620
221.7683,139.0708,99.1837,47.3198
218.6090,149.8303,99.0319,45.4352
219.8635,148.8639,94.6915,47.9467
218.8099,149.0213,92.3098,49.7278
216.0732,148.6897,91.8054,49.1032
224.8632,139.4704,85.3337,53.7778
221.5803,147.6718,85.1482,53.5334
183.8903,147.0215,87.2719,52.2257
196.0074,143.6052,93.5728,46.9642
221.8796,150.7498,91.1980,48.0198
214.7173,153.6560,90.7206,46.7330
232.6314,119.1287,84.3274,51.6946
230.7887,114.2774,84.3173,51.7027
2
0
0
0
0
1
179.8944,158.1772,118.9125,53.2107
173.5257,154.7004,120.4812,50.8192
181.1224,155.7072,121.4646,50.4180
190.2659,161.2052,116.3157,55.6368
182.5317,163.6815,117.1752,51.7278
204.7534,141.4397,113.0639,55.9063
179.5046,163.5840,113.5204,56.1683
184.0230,163.4104,113.8671,55.5399
2
0
0
0
0
1
143.0192,175.9645,100.9305,55.7844
139.7576,165.2703,106.0803,50.1787
143.9903,173.1797,109.6540,51.4234
135.4523,171.2275,107.2371,54.0527
143.1698,175.9634,110.5267,56.4988
104.8577,141.8153,104.7808,62.2117
99.8002,137.1281,104.7802,62.2122
90.8421,133.2204,104.8133,62.1915
88.0170,131.5259,104.8017,62.2025
2
0
0
0
0
1
151.3975,176.8421,84.3096,56.2650
144.9623,158.2124,82.9859,56.9370
137.4059,127.8114,81.9376,57.7484
2
0
0
0
0
1
179.8209,169.1846,75.3165,55.6325
157.4297,158.8726,71.9313,56.7439
154.6748,152.8831,71.1202,56.9437
167.8134,174.3481,70.8118,57.1626
172.5638,171.5050,70.9137,57.1099
192.0680,176.0349,70.1366,57.8125
160.8431,159.5035,70.8254,55.8096
151.1668,150.9500,70.3698,56.0646
157.2445,157.6258,69.1030,55.8173
160.4968,158.7875,66.8524,56.4744
164.7616,159.5956,70.8085,54.6765
158.2847,160.0873,73.0798,52.0680
154.2947,168.7086,72.1233,52.2847
154.0412,159.1538,68.3324,55.6354
153.4316,159.4701,65.3510,55.8137
151.6565,157.1648,62.6505,56.0477
139.6498,161.2180,62.7485,55.4409
158.7856,167.8113,64.2414,53.4937
2
0
0
0
0
1
144.8175,164.1511,62.2358,55.5559
144.7915,159.1828,61.6288,55.5247
144.8964,156.6317,59.3873,55.5035
140.7591,155.5918,62.1386,50.5190
151.0630,169.2085,62.1753,50.1519
143.0132,169.0995,61.4362,50.2770
141.2380,168.6597,56.0537,54.2619
141.0515,160.0720,54.6443,53.6628
140.9605,160.4144,51.6277,54.6398
141.8143,168.0931,51.3743,54.1481
141.2458,162.8235,50.1849,53.9429
144.6507,168.6409,47.5791,58.4345
145.7464,164.0241,44.0810,60.2035
139.9934,156.3774,45.1434,58.5984
143.4651,155.4182,44.5876,57.4018
144.5493,163.6242,45.2799,56.8797
157.3456,170.2788,45.6280,55.7189
161.6941,170.1845,45.4924,55.4825
154.2672,168.1164,44.5609,56.4362
154.8445,156.4078,42.6452,56.6511
156.8923,151.3693,40.3170,57.3467
163.7720,168.4258,41.8360,55.8709
160.7912,177.5142,43.6656,51.9209
166.6113,158.1918,43.9078,50.8971
161.8872,152.8002,40.7317,53.3854
168.9483,168.2143,39.9090,53.9010
163.8202,148.6265,37.8542,56.8727
158.4075,167.6404,37.1264,57.0750
155.7578,150.2789,39.4858,54.2126
164.8252,161.7141,35.1043,60.1172
155.9956,147.1875,35.8593,60.4445
163.6172,159.9776,32.9659,63.2874
2
0
0
0
0
1
169.5891,151.2803,28.0036,53.8036
174.5049,170.8295,25.9323,55.5511
194.5639,191.2541,25.3697,55.5748
194.3990,169.0883,24.7905,56.5242
163.7035,156.1181,27.5546,55.1281
174.2515,169.8712,26.3953,56.9627
174.6542,173.6000,25.9207,56.5711
166.6326,157.1300,24.9978,58.4005
167.8338,151.3257,26.5206,54.2475
172.8420,170.2653,25.8917,54.8253
177.5462,175.1684,25.9347,53.9240
157.5361,185.8998,25.0663,55.2634
167.5043,205.7358,24.1445,55.3222
153.1692,181.5680,23.2898,56.1533
154.6890,174.4405,25.0103,53.3305
154.4346,175.7715,25.0103,53.3304
156.9601,177.8327,25.1585,51.0001
2
0
0
0
0
1
171.3387,145.8858,39.4870,51.8444
173.3931,145.9733,40.8892,51.1839
2
0
0
0
0
1
191.0571,180.7040,46.1687,44.0169
178.0494,164.6369,47.0828,43.1481
187.5992,185.7326,46.9919,43.1397
188.4769,184.1740,46.1215,42.7885
192.2980,178.3079,44.4785,44.0391
168.8595,156.5771,47.2906,41.1182
174.8554,149.9844,46.5349,41.4587
173.6385,150.2446,46.5315,41.4569
168.7407,150.8534,46.4584,41.5223
163.4654,145.3491,46.1163,41.7543
167.7699,140.8441,48.7825,38.3959
174.2285,145.5557,47.6074,37.8466
2
0
0
0
0
1
217.5717,194.5240,64.9083,38.8558
182.2214,182.4224,67.9070,36.8747
191.2148,174.6919,64.3810,38.9671
204.1776,187.9884,62.5406,38.0313
193.1005,176.5889,56.1810,44.8683
201.8309,178.6619,53.5355,45.4005
2
0
0
0
0
1
195.7370,200.5930,73.8949,30.9043
209.1290,207.5946,71.1532,32.2529
224.7761,179.3857,63.4613,38.3883
247.5952,180.4867,67.1870,34.9109
2
0
0
0
0
1
178.0424,178.1031,70.8364,44.6317
180.8295,176.3869,69.9111,45.2047
175.1569,180.4716,68.7096,46.4870
200.6726,208.8608,68.7282,45.9520
2
0
0
0
0
1
197.1237,196.3003,80.2740,49.5050
150.0533,212.5034,76.1274,53.1527
149.3934,158.4139,81.3118,48.3702
2
0
0
0
0
1
218.6377,193.5033,72.9472,44.3034
177.8191,211.0779,69.7908,47.1282
231.4568,195.2321,66.5830,48.1951
182.1267,206.7695,65.9519,50.4829
230.7616,191.4281,65.5670,49.4883
177.4675,209.8833,64.3037,52.3192
237.8629,184.5749,71.2652,46.8417
180.7314,205.4585,66.7829,50.3884
167.0979,219.0348,65.8309,50.8538
203.8945,202.9395,64.0232,51.5020
200.0261,208.7553,62.6417,52.7270
197.5195,199.1859,62.2377,52.9478
2
0
0
0
0
1
162.5658,225.4177,56.5517,39.9233
155.0161,219.2602,53.9925,40.5601
193.5535,203.8908,50.3267,42.4448
191.0004,199.3657,49.2799,44.4396
2
0
0
0
0
1
197.0176,177.2145,39.3844,43.8859
197.6450,173.1393,41.5784,40.9005
2
0
0
0
0
1
2
0
0
0
0
1
192.0553,211.1400,38.0425,45.8827
202.4415,190.5758,38.9211,44.4786
207.6596,171.7870,41.7414,41.5526
2
0
0
0
0
1
2
0
0
0
0
1
198.6537,178.2062,64.6263,43.2373
191.0649,187.6592,65.2776,42.6647
213.3931,205.3302,61.7478,44.6286
213.0981,184.2075,58.8420,46.8358
199.0847,186.3565,60.3743,44.4054
199.5243,188.0574,63.8930,40.6242
215.0355,199.4536,63.0658,40.9714
203.7968,183.4265,61.4389,42.2416
2
0
0
0
0
1
211.0501,190.1237,76.6841,44.6559
202.3644,197.0619,79.0795,44.6868
199.4367,197.5590,84.8746,40.9737
216.0412,190.4010,82.2269,42.1555
230.2961,205.1832,79.1419,44.7346
215.7045,203.5000,79.3573,44.1949
204.9131,194.4769,85.0773,43.0389
199.6444,194.5730,88.0129,41.3784
211.1862,190.3117,86.2660,43.0979
210.2492,201.7126,87.5397,43.0029
228.4402,199.3902,80.0650,46.6426
241.7203,190.4790,74.4382,48.5814
248.4600,197.7927,71.1933,49.6445
249.6385,193.8310,65.5443,50.8360
253.2275,198.6083,62.8432,50.2684
256.3355,196.7975,60.2096,49.8669
261.2360,194.3987,58.1995,49.2740
262.3716,196.5161,57.5598,48.8300
264.7447,194.5413,55.4490,47.9945
267.4321,194.6986,53.6156,46.7899
238.0305,190.4976,56.6371,44.1871
269.0243,195.8483,54.9691,44.3728
274.8670,194.1056,52.1832,44.6523
278.8876,194.0123,50.3612,44.4607
279.5492,192.4998,48.9525,43.9774
283.7865,196.5731,48.2136,43.0319
257.1443,187.4231,51.7898,39.7070
233.4580,193.1417,50.3579,40.4468
212.5855,193.1077,52.9037,36.8644
241.7849,156.2026,52.4132,38.2386
243.6209,155.6283,52.4072,38.2438
2
0
0
0
0
1
250.0006,194.2022,95.5893,43.9932
266.1060,196.8680,98.0190,41.5137
260.2878,198.0269,97.6833,42.2396
263.8517,195.8676,96.3240,41.7033
263.4939,197.1311,98.1035,41.3639
270.6334,199.0424,99.5429,39.1426
270.1329,198.5592,97.4908,40.8189
271.8223,199.2938,99.0090,40.8130
275.1569,197.9957,97.4141,40.4561
275.7961,198.4988,96.7018,40.0086
273.2596,199.0994,98.0105,40.6496
277.5512,192.9325,98.6713,40.1957
277.2245,192.9082,97.2383,40.2211
281.4094,194.8126,96.3913,38.5844
268.6977,195.3810,97.1364,39.4013
294.8667,195.1205,101.3607,37.3609
299.6631,194.6964,93.5122,40.9385
307.8570,192.9139,86.1278,43.6007
301.5139,192.6245,88.5127,41.1783
294.6957,188.5951,91.3024,41.5575
304.0033,186.1679,91.2785,41.4077
306.9439,187.5987,91.5384,42.2294
297.9951,186.5125,96.0281,39.9068
305.1140,184.3590,94.4821,40.0971
312.9412,184.8725,92.5824,40.1265
317.3354,184.6306,89.5322,40.5520
319.9777,181.6866,86.8929,40.8289
325.2740,180.3051,84.6888,40.6696
329.5719,180.5002,82.0298,40.7355
333.1613,178.8369,79.5812,40.6492
337.7311,179.3704,77.9433,40.1002
342.9309,179.5839,75.8943,39.5134
348.2912,177.9462,70.2666,42.0861
350.9973,177.1321,66.6619,43.3814
352.6251,176.3879,64.0274,44.1506
354.7105,175.8776,62.4133,44.0571
354.7477,175.0318,61.6204,43.9273
355.5341,174.9591,60.7851,43.6120
356.8777,174.8928,60.3116,43.3304
356.7442,174.6258,59.9221,43.5051
356.5591,175.6820,59.7604,43.5448
357.7911,174.8439,59.8961,43.5222
356.5033,173.8320,60.3162,43.3757
356.7197,174.5188,60.8284,43.0787
356.6331,174.6405,60.9989,42.8596
356.6223,174.5330,60.6157,42.7351
357.6158,173.8713,60.5155,42.4195
357.8842,173.6090,60.6220,42.2866
356.8149,174.8660,60.6959,42.6382
356.7429,174.0119,61.1223,42.8353
356.5981,173.5402,61.3706,43.2210
357.8729,173.4024,61.7672,43.1757
357.2090,173.5297,62.0607,43.4752
357.5372,172.4586,62.1213,43.3584
355.5193,172.6725,62.2610,43.8278
357.5208,171.8612,62.5742,43.7052
357.0638,171.7273,62.4903,43.2968
356.1591,171.9113,62.1965,42.7766
355.6581,171.4380,61.6885,42.5690
356.5312,171.7457,61.4800,42.2757
356.1171,172.2704,61.4961,42.2389
354.6801,173.5182,62.3745,43.0245
357.0845,173.5247,62.6136,42.7653
338.1506,170.1581,70.3782,37.9918
352.7462,177.5706,69.8947,38.0565
353.8019,177.9204,68.7930,39.8096
355.6576,178.5616,67.9853,41.3922
355.7890,178.7705,69.1060,42.7364
337.7239,174.8924,78.0175,37.4395
349.5204,181.7965,77.9925,38.7425
353.2602,182.6538,77.8733,39.5477
356.3625,183.5809,77.2403,40.1209
336.8749,177.0538,82.6684,37.6897
348.4642,185.5713,83.2377,39.4922
336.3556,179.6887,88.0397,37.6814
349.7041,186.5057,87.5419,39.9403
357.8341,187.0731,86.1473,41.4793
361.7752,187.5355,85.2084,42.3735
363.5008,186.5896,85.1277,43.1436
362.5438,186.0743,87.2164,44.2194
363.5366,185.2913,90.0033,45.4718
362.7217,184.8191,93.5699,47.7015
364.0585,184.5526,96.0213,49.0067
365.5381,183.5710,98.5388,49.8371
365.8360,182.7359,102.1271,50.7076
368.8268,182.6346,103.9677,51.3020
370.0997,182.5745,105.4450,52.0227
370.7815,180.0085,106.6730,53.3964
369.6294,179.4258,107.9863,54.0611
369.4832,180.8400,108.8905,53.6884
373.1693,179.5644,107.3569,52.8319
375.2798,178.5744,106.8614,52.7956
376.5461,178.1740,107.7103,53.3229
374.8971,178.9312,107.5136,52.4010
376.1888,179.8992,108.0000,50.6840
373.5493,179.6177,108.1620,49.5064
371.7870,179.0147,108.7438,49.4454
373.4904,179.4407,107.5785,49.0000
377.5616,177.0898,106.1047,49.8507
378.5672,175.2963,101.9302,50.4426
378.9996,175.2724,99.1771,51.4250
377.3246,174.0977,98.1536,51.4214
377.0858,173.4785,97.1590,50.6320
375.9450,174.0575,95.1819,50.5078
376.1784,173.7804,93.5613,50.7459
375.5698,172.9140,91.4273,51.2441
380.5840,173.0995,91.0010,51.1612
378.0658,171.2034,89.9010,51.3888
379.2093,172.1877,89.3912,51.1895
378.4264,172.1885,90.3558,51.7514
379.1538,171.7155,90.8099,51.8947
379.2802,170.9635,90.2363,52.4483
380.0162,169.8447,90.7220,52.9906
383.0957,169.2676,87.3185,54.3280
387.3510,169.6025,86.3843,53.8939
390.8211,169.0686,84.5269,54.1058
394.5201,167.1071,83.1447,54.0934
398.1539,166.5998,82.5668,54.3478
398.9677,170.1036,81.4567,54.2790
403.0618,167.2981,80.2905,54.0246
406.2086,168.1347,80.2398,53.7113
405.8767,167.4272,79.4468,53.8948
410.1301,166.5620,78.3158,53.3822
411.0701,166.0261,76.0532,54.5232
412.0976,165.2355,74.7291,55.0540
412.9901,164.5540,73.1249,55.5098
409.0670,167.4006,71.9628,56.2943
409.4460,164.9919,72.2106,56.3386
409.4761,163.6803,70.5686,56.0209
408.0488,168.0315,69.2361,55.7480
407.3418,165.0929,67.4231,54.5906
406.8391,168.5201,65.6037,53.9096
409.4760,165.2354,63.1191,54.6405
408.1443,168.1926,60.6727,55.3859
412.6186,165.3517,58.2611,55.1005
410.7425,166.9214,56.6541,55.4389
413.6144,162.7053,53.8102,56.7480
409.8013,164.8651,53.0240,56.1420
410.3066,163.3853,52.3375,54.9323
409.7434,167.0643,52.5470,54.4286
408.8526,164.4571,52.2474,54.4907
409.8174,165.1745,51.4404,54.3709
410.5014,163.6539,50.2239,54.4883
408.1953,163.8784,48.6156,53.9452
404.7222,168.2097,48.2866,53.9779
404.3745,165.2594,46.2567,55.3329
399.5000,166.8145,45.3629,56.1018
400.1661,166.0762,44.6412,56.5547
399.2914,164.5166,43.1243,57.3660
396.4644,162.8096,42.6804,57.5347
397.4312,162.9305,40.9007,58.4594
395.5185,162.9549,40.4014,58.3385
395.2266,162.4230,40.0210,58.3349
396.0534,160.3863,38.9350,59.1052
396.8526,161.3281,36.3457,60.8940
396.6408,160.0589,34.5857,61.7563
399.1105,160.9920,34.6054,61.3656
396.9553,160.8059,34.6255,60.7830
395.2719,162.3855,34.7845,60.6113
399.3016,162.4019,34.3407,60.9478
398.4718,161.9585,34.3785,60.9251
396.9104,160.8898,34.4390,60.8111
399.3964,161.4976,34.5742,60.5245
396.2021,161.6477,35.6067,58.8494
400.1215,165.8301,35.9229,58.4255
397.4997,163.0770,36.0778,58.1484
396.3981,161.8271,36.2394,57.7644
400.3783,162.5054,35.0800,57.5368
397.0859,162.2537,35.6645,56.6236
401.1501,164.3468,35.8939,56.3226
398.9453,165.1014,38.6798,52.1526
397.0810,168.5866,39.4985,50.9183
403.9328,165.9507,38.9294,52.0729
396.5625,179.5885,41.2196,49.1121
399.3938,177.6483,44.9295,44.9655
399.4221,180.0666,47.2036,42.6749
398.6438,172.4985,46.6962,43.1415
401.2974,168.5018,43.2672,47.2900
398.1574,169.8261,41.9033,48.8982
395.4810,167.5999,41.3122,49.5526
394.0300,169.3682,41.1161,49.7706
399.5034,167.3085,38.7292,51.9166
399.9380,166.3634,38.0042,52.8335
402.2861,166.6497,37.0650,53.8944
403.3042,164.9145,36.3248,54.7531
403.4287,166.3361,36.1481,54.9353
401.3683,164.7754,35.4744,56.0951
403.1122,166.2433,35.2498,56.4311
397.3759,164.7359,35.9285,55.8564
405.7569,161.6234,35.2716,57.8875
408.9720,166.5648,36.6071,56.3023
408.0212,166.1560,36.7208,56.1691
405.6215,165.3348,37.2588,55.6848
402.7173,156.3740,37.8103,54.8836
401.2678,160.2538,38.8339,54.5327
402.1465,159.1852,40.0282,54.2515
402.4844,158.7106,41.7519,53.3668
