1
390.9191,181.8372,45.9499,35.1929
391.8779,184.9088,48.3464,44.1598
390.0553,186.1806,49.6597,35.8235
391.7282,187.0640,51.1480,45.1504
397.4435,182.5725,50.6290,48.4804
397.4435,182.5725,50.6290,48.4804
397.4435,182.5725,50.6290,48.4804
399.6689,182.9843,50.6740,60.3609
399.6689,182.9843,50.6740,60.3609
399.6689,182.9843,50.6740,60.3609
399.6689,182.9843,50.6740,60.3609
399.6689,182.9843,50.6740,60.3609
399.6689,182.9843,50.6740,60.3609
399.6689,182.9843,50.6740,60.3609
399.6689,182.9843,50.6740,60.3609
399.6689,182.9843,50.6740,60.3609
399.6689,182.9843,50.6740,60.3609
399.6689,182.9843,50.6740,60.3609
399.6689,182.9843,50.6740,60.3609
399.6689,182.9843,50.6740,60.3609
2
0
0
0
0
1
400.2521,184.9191,30.1724,29.6212
401.8193,184.3474,23.7677,33.5638
399.3542,183.7171,23.3278,27.2348
398.2185,181.8437,18.4034,27.7210
398.2185,181.8437,18.4034,27.7210
398.2185,181.8437,18.4034,27.7210
400.0234,185.5819,16.7798,26.3474
401.2905,184.8580,12.4823,29.0639
401.2905,184.8580,12.4823,29.0639
401.2905,184.8580,12.4823,29.0639
401.2905,184.8580,12.4823,29.0639
401.2905,184.8580,12.4823,29.0639
401.2905,184.8580,12.4823,29.0639
2
0
0
0
0
1
396.1282,188.3277,37.7389,23.1055
400.6732,189.3360,36.0815,21.2954
393.2737,194.9353,37.2930,25.8595
405.3724,187.8412,31.6763,25.1854
405.3724,187.8412,31.6763,25.1854
399.6197,186.4477,30.1106,18.8908
399.6197,186.4477,30.1106,18.8908
395.4184,191.5888,27.9436,18.8074
2
0
0
0
0
1
395.4532,187.1418,38.4470,28.3653
394.4767,186.9637,39.7959,31.9881
393.4961,187.5751,43.2019,27.1807
391.9799,191.4556,49.0938,33.6316
389.6856,188.9261,43.6636,30.8474
392.7296,186.8990,47.2721,36.2807
386.8720,188.8146,52.3528,29.9174
388.4532,186.7606,59.1093,32.7930
386.7784,186.5983,44.5601,30.5188
395.6689,186.9829,47.7959,36.3335
395.6689,186.9829,47.7959,36.3335
395.6689,186.9829,47.7959,36.3335
395.6689,186.9829,47.7959,36.3335
395.6689,186.9829,47.7959,36.3335
395.6689,186.9829,47.7959,36.3335
395.6689,186.9829,47.7959,36.3335
395.6689,186.9829,47.7959,36.3335
395.6689,186.9829,47.7959,36.3335
395.6689,186.9829,47.7959,36.3335
395.6689,186.9829,47.7959,36.3335
395.6689,186.9829,47.7959,36.3335
395.6689,186.9829,47.7959,36.3335
395.6689,186.9829,47.7959,36.3335
395.6689,186.9829,47.7959,36.3335
395.6689,186.9829,47.7959,36.3335
395.6689,186.9829,47.7959,36.3335
395.6689,186.9829,47.7959,36.3335
395.6689,186.9829,47.7959,36.3335
395.6689,186.9829,47.7959,36.3335
395.6689,186.9829,47.7959,36.3335
395.6689,186.9829,47.7959,36.3335
395.6689,186.9829,47.7959,36.3335
395.6689,186.9829,47.7959,36.3335
395.6689,186.9829,47.7959,36.3335
395.6689,186.9829,47.7959,36.3335
395.6689,186.9829,47.7959,36.3335
395.6689,186.9829,47.7959,36.3335
395.6689,186.9829,47.7959,36.3335
395.6689,186.9829,47.7959,36.3335
313.0118,183.3062,44.0626,38.4919
313.0118,183.3062,44.0626,38.4919
313.0118,183.3062,44.0626,38.4919
313.0118,183.3062,44.0626,38.4919
313.0118,183.3062,44.0626,38.4919
313.0118,183.3062,44.0626,38.4919
2
0
0
0
0
1
335.5786,196.1901,55.3362,34.0608
337.9768,198.1852,50.1768,24.7509
333.2913,199.3463,54.3290,23.7544
333.2913,199.3463,54.3290,23.7544
333.2913,199.3463,54.3290,23.7544
329.9936,197.2631,54.1141,22.3159
329.9936,197.2631,54.1141,22.3159
329.9936,197.2631,54.1141,22.3159
329.9936,197.2631,54.1141,22.3159
329.9936,197.2631,54.1141,22.3159
329.9936,197.2631,54.1141,22.3159
329.9936,197.2631,54.1141,22.3159
329.9936,197.2631,54.1141,22.3159
329.9936,197.2631,54.1141,22.3159
329.9936,197.2631,54.1141,22.3159
329.9936,197.2631,54.1141,22.3159
329.9936,197.2631,54.1141,22.3159
329.9936,197.2631,54.1141,22.3159
329.9936,197.2631,54.1141,22.3159
329.9936,197.2631,54.1141,22.3159
329.9936,197.2631,54.1141,22.3159
329.9936,197.2631,54.1141,22.3159
329.9936,197.2631,54.1141,22.3159
329.9936,197.2631,54.1141,22.3159
329.9936,197.2631,54.1141,22.3159
329.9936,197.2631,54.1141,22.3159
329.9936,197.2631,54.1141,22.3159
329.9936,197.2631,54.1141,22.3159
329.9936,197.2631,54.1141,22.3159
329.9936,197.2631,54.1141,22.3159
329.9936,197.2631,54.1141,22.3159
329.9936,197.2631,54.1141,22.3159
329.9936,197.2631,54.1141,22.3159
329.9936,197.2631,54.1141,22.3159
329.9936,197.2631,54.1141,22.3159
329.9936,197.2631,54.1141,22.3159
329.9936,197.2631,54.1141,22.3159
329.9936,197.2631,54.1141,22.3159
329.9936,197.2631,54.1141,22.3159
329.9936,197.2631,54.1141,22.3159
329.9936,197.2631,54.1141,22.3159
329.9936,197.2631,54.1141,22.3159
329.9936,197.2631,54.1141,22.3159
2
0
0
0
0
1
232.2878,197.4158,81.7304,41.4116
232.2878,197.4158,81.7304,41.4116
236.4188,205.5262,80.6138,32.3615
236.4188,205.5262,80.6138,32.3615
236.4188,205.5262,80.6138,32.3615
236.4188,205.5262,80.6138,32.3615
236.4188,205.5262,80.6138,32.3615
236.4188,205.5262,80.6138,32.3615
236.4188,205.5262,80.6138,32.3615
236.4188,205.5262,80.6138,32.3615
236.4188,205.5262,80.6138,32.3615
236.4188,205.5262,80.6138,32.3615
236.4188,205.5262,80.6138,32.3615
236.4188,205.5262,80.6138,32.3615
236.4188,205.5262,80.6138,32.3615
236.4188,205.5262,80.6138,32.3615
236.4188,205.5262,80.6138,32.3615
236.4188,205.5262,80.6138,32.3615
236.4188,205.5262,80.6138,32.3615
236.4188,205.5262,80.6138,32.3615
236.4188,205.5262,80.6138,32.3615
236.4188,205.5262,80.6138,32.3615
236.4188,205.5262,80.6138,32.3615
236.4188,205.5262,80.6138,32.3615
236.4188,205.5262,80.6138,32.3615
236.4188,205.5262,80.6138,32.3615
236.4188,205.5262,80.6138,32.3615
236.4188,205.5262,80.6138,32.3615
236.4188,205.5262,80.6138,32.3615
236.4188,205.5262,80.6138,32.3615
236.4188,205.5262,80.6138,32.3615
236.4188,205.5262,80.6138,32.3615
236.4188,205.5262,80.6138,32.3615
2
0
0
0
0
1
144.4184,211.6971,77.8357,51.7209
139.9241,213.4538,79.5564,41.4949
128.1109,216.1717,87.7202,36.7247
74.6334,210.2244,75.6077,39.0321
74.6334,210.2244,75.6077,39.0321
68.0271,212.1768,69.2214,40.6958
69.7389,211.6378,59.1222,45.1677
73.4447,210.9807,47.8523,47.0028
73.4447,210.9807,47.8523,47.0028
73.4447,210.9807,47.8523,47.0028
73.4447,210.9807,47.8523,47.0028
69.6217,209.6886,52.7466,40.3039
57.2783,211.4208,67.1601,35.1759
57.3979,211.5472,62.7579,34.1194
59.4685,212.2852,59.3716,30.3796
49.5669,211.4215,69.3727,33.0770
49.5741,211.5800,67.5086,32.3053
53.0477,211.6554,64.3688,32.9562
42.5346,211.6216,76.6814,33.6721
42.5346,211.6216,76.6814,33.6721
42.5346,211.6216,76.6814,33.6721
42.5346,211.6216,76.6814,33.6721
42.5346,211.6216,76.6814,33.6721
42.5346,211.6216,76.6814,33.6721
42.5346,211.6216,76.6814,33.6721
56.8043,214.8707,67.9078,43.1623
72.1665,215.1956,52.3766,40.0532
99.1741,211.2970,58.2702,45.3072
67.3593,212.3723,53.7672,51.5918
68.4275,212.4353,54.0830,53.8102
68.0836,212.4462,51.3227,56.4030
69.8110,211.8696,50.4877,59.0422
67.3898,211.9161,52.6111,60.4464
76.9626,214.2792,62.9647,60.2383
54.5302,214.1943,65.7697,54.1901
53.7022,214.5057,67.6952,56.7870
57.7286,213.9058,63.7183,60.2396
49.6706,212.2530,70.6336,64.0801
43.5613,213.8710,79.9631,61.2946
38.1312,212.6472,83.8369,65.7533
34.6744,212.3420,87.9593,61.6576
30.5760,210.4837,88.4683,66.8061
25.3768,211.3725,96.3380,58.2416
32.4036,212.7790,89.6006,60.6278
30.5971,211.8535,89.2582,62.3091
23.5657,211.3601,92.6512,66.5720
19.8178,212.9077,96.9214,62.0125
9.4981,212.2140,107.6267,64.8647
7.5768,214.5453,103.7200,62.8587
5.3062,209.7679,107.2551,67.8126
3.9923,210.8819,107.5472,64.6185
3.8322,210.9432,102.2395,66.2252
