1
311.3188,540.9752,12.6945,49.5736
309.8948,524.2153,12.8932,49.4367
306.8932,535.8187,12.0766,45.8791
2
0
0
0
0
1
307.1679,434.6668,21.7340,41.2869
2
0
0
0
0
1
2
0
0
0
0
1
373.4200,380.6900,17.3400,44.9600
2
0
0
0
0
1
2
0
0
0
0
1
2
0
0
0
0
1
2
0
0
0
0
1
270.2535,281.5039,29.2848,59.6155
260.9397,267.7251,28.1766,58.3333
244.5516,261.7919,25.0531,57.0128
243.0249,250.5481,29.2811,57.9088
243.0249,250.5481,29.2811,57.9088
292.7933,289.3591,31.1046,57.2248
2
0
0
0
0
1
346.2300,343.2900,30.4700,73.8600
346.2300,343.2900,30.4700,73.8600
346.2300,343.2900,30.4700,73.8600
295.4848,353.6105,32.4423,75.4043
288.1191,335.6012,28.9774,72.5819
290.2369,335.9116,25.3263,72.6343
297.0888,328.5864,25.8134,85.1796
292.6805,337.0030,24.2736,85.4642
293.1833,332.5790,22.6363,80.5423
298.1378,333.4653,21.7666,75.6154
294.6053,324.5367,23.8195,74.8396
283.0467,328.9667,24.8804,80.0742
289.1871,334.4807,33.0125,84.8171
311.3178,333.8502,25.4002,83.5902
297.4184,338.0511,34.6458,74.7642
282.7079,320.3713,26.6890,77.7708
286.0542,318.8892,21.6281,79.5678
292.7032,334.9377,28.3348,77.8750
304.4042,335.8120,27.1289,73.1517
301.7424,343.9998,22.5887,74.0843
305.8769,340.9380,29.6354,78.7762
322.1352,338.8537,40.7413,85.1674
322.5331,367.6197,44.3652,71.7889
332.5134,357.3657,54.2391,75.8590
332.5134,357.3657,54.2391,75.8590
332.5134,357.3657,54.2391,75.8590
332.5134,357.3657,54.2391,75.8590
332.5134,357.3657,54.2391,75.8590
2
0
0
0
0
1
2
0
0
0
0
1
485.8600,304.9000,18.2400,63.8100
2
0
0
0
0
1
577.5800,229.5100,23.6400,65.3800
577.5800,229.5100,23.6400,65.3800
2
0
0
0
0
1
559.4800,182.9400,30.9700,75.3000
2
0
0
0
0
1
461.6400,153.6800,28.1200,80.1100
2
0
0
0
0
1
