1
475.5066,202.5781,39.2951,45.0346
437.3548,176.8035,39.9607,46.4893
433.4786,179.6668,38.6491,48.2362
469.7338,209.5625,36.8627,49.1008
426.4706,173.1082,37.7108,48.2860
464.5811,208.1180,35.2264,49.2049
421.5644,171.2406,37.3026,49.0988
412.3008,171.5574,34.8046,51.4572
445.2569,188.2290,36.1506,48.7905
414.8641,166.0477,38.5674,48.6634
402.5292,161.3569,38.9983,47.0194
400.7531,164.2577,37.1807,50.5507
371.7760,197.0326,37.3715,48.7180
406.6319,156.9393,39.3418,48.6585
439.0987,195.7177,39.1287,48.6543
403.8812,156.7897,39.1921,51.6433
400.6700,141.0210,41.8016,47.5789
441.8375,187.3881,38.3769,49.5187
2
0
0
0
0
1
434.1982,112.7977,51.4757,81.2218
441.8143,115.2880,51.4758,81.2216
463.4659,118.3386,50.5993,85.4957
471.6733,114.5686,50.5998,85.4953
473.6391,110.4988,50.5992,85.4959
481.8721,108.4165,50.6000,85.4952
481.8033,99.2798,50.5996,85.4957
482.8071,88.1245,50.5993,85.4962
482.8966,77.9772,50.5982,85.4976
485.6566,44.5334,48.6765,86.9094
478.8806,52.7679,46.1433,89.3301
516.9064,79.9906,51.9188,86.3732
494.1636,108.0924,56.5841,83.9594
483.1761,119.6758,59.6732,81.7048
480.0367,107.3364,60.7300,82.0499
473.2299,68.5496,57.6374,85.1896
489.0515,48.0955,63.4677,81.7809
491.2087,48.9992,63.4771,81.7709
479.4005,61.5287,65.0794,81.3805
418.1136,62.9563,65.5910,79.8282
375.4225,31.8018,61.2769,80.8835
337.4180,89.2763,67.2110,73.6351
295.8239,8.0006,63.0945,78.0900
352.4727,24.8323,60.3412,82.6194
322.8350,-14.5197,66.6373,76.7689
255.9193,16.5944,59.5347,83.5541
313.5164,19.9311,53.3877,89.0762
357.5355,32.4404,60.5705,81.1140
289.6163,66.5239,63.5864,79.1011
265.5536,120.4841,65.1531,78.3164
313.6148,63.6999,66.8744,78.2369
221.2627,141.9001,76.2581,69.6068
270.3759,90.5695,71.0648,75.3775
267.6556,87.2667,71.0652,75.3844
2
0
0
0
0
1
220.4397,49.5853,266.3686,333.3241
2
0
0
0
0
1
469.2492,34.5781,284.4595,356.2954
2
0
0
0
0
1
353.3692,29.1647,276.3552,432.5033
371.3965,17.0103,261.9839,444.9818
293.3943,-14.8713,288.7035,422.8085
387.0832,4.2070,283.3791,430.5832
405.2075,0.8882,279.4583,435.5086
430.7366,-0.4485,272.5971,436.1806
457.2930,3.5522,265.4394,438.4271
481.0784,4.3802,260.8575,437.1868
395.6093,-5.9029,292.6794,414.5972
454.8507,1.1454,295.6110,418.6259
479.2982,4.6646,290.2461,419.7093
402.4007,2.7967,311.7505,410.2903
455.6325,14.1035,303.0226,410.5038
380.1086,4.4082,309.0796,403.5115
444.8287,10.7595,295.0067,413.1083
454.9796,17.5913,283.6399,418.9265
471.5489,23.5556,260.1772,434.1069
479.7417,18.7341,246.8584,443.8217
488.9520,30.3062,245.5576,443.0440
2
0
0
0
0
1
252.3870,104.8821,127.4897,185.4814
177.0305,166.0707,118.8413,200.8338
162.9747,185.7518,121.2657,199.0576
164.0815,178.8145,121.2616,199.0649
2
0
0
0
0
1
267.2379,135.4638,58.6956,70.9055
269.8232,140.6325,57.5561,67.3066
276.3812,143.9908,55.9833,64.2352
272.2626,145.4216,56.9429,61.4417
275.7643,152.0795,55.0105,61.4804
278.0703,161.3450,51.6163,63.0807
296.0750,165.5463,49.0855,65.9300
284.0217,155.0209,49.3462,65.3637
284.5964,155.5405,50.9012,62.5800
304.5901,189.1258,48.3429,65.6400
310.3383,220.5916,48.9367,65.6748
2
0
0
0
0
1
