1
385.9049,374.2323,103.8310,141.8680
358.5655,373.0699,97.8138,147.3159
343.7394,367.6253,94.9714,151.1595
328.7400,335.1550,96.1962,149.7463
294.4199,308.9046,102.5830,142.0075
2
0
0
0
0
1
409.9395,266.6711,152.2634,106.5150
273.2751,334.7029,142.0450,104.0328
183.2571,296.4846,129.0495,119.1642
155.0205,296.9829,128.3310,119.8953
2
0
0
0
0
1
168.7334,320.1204,111.2928,95.4861
153.4471,221.6828,115.1638,92.4673
150.9167,223.3680,115.4395,92.2742
124.9246,227.7628,115.8721,91.8456
2
0
0
0
0
1
88.3538,354.7095,128.4069,93.1940
2
0
0
0
0
1
115.7383,315.8863,136.6963,91.1678
2
0
0
0
0
1
106.8802,302.5959,125.1667,87.4871
2
0
0
0
0
1
134.3769,333.3976,107.5266,84.8956
2
0
0
0
0
1
210.3861,355.5815,119.6369,85.9334
262.0559,318.7225,119.0271,86.9820
160.2240,366.5861,109.7037,86.1161
148.1406,376.6501,109.1302,86.1241
137.3978,348.7351,105.7481,89.1724
2
0
0
0
0
1
265.6358,321.0731,72.1856,87.9845
256.0367,298.5096,70.8962,89.9704
2
0
0
0
0
1
371.7470,318.8440,40.5859,61.6299
2
0
0
0
0
1
461.7041,296.9529,50.9564,51.3517
2
0
0
0
0
1
2
0
0
0
0
1
695.7875,245.2898,42.3900,54.4904
