1
291.6566,139.1171,77.2975,72.9334
291.6566,139.1171,77.2975,72.9334
291.6566,139.1171,77.2975,72.9334
291.6566,139.1171,77.2975,72.9334
291.6566,139.1171,77.2975,72.9334
291.6566,139.1171,77.2975,72.9334
2
0
0
0
0
1
323.1326,139.7498,94.8179,100.3754
323.1326,139.7498,94.8179,100.3754
323.1326,139.7498,94.8179,100.3754
337.6294,111.9668,75.9859,123.5563
341.8305,123.9039,74.1165,101.4701
2
0
0
0
0
1
330.7722,96.3862,141.4107,149.0168
2
0
0
0
0
1
345.9000,87.8000,93.3300,103.8000
345.9000,87.8000,93.3300,103.8000
357.8129,89.3383,75.5793,96.4644
2
0
0
0
0
1
2
0
0
0
0
1
2
0
0
0
0
1
374.8615,110.9865,98.6549,146.9770
354.6131,114.8810,88.7430,120.9805
2
0
0
0
0
1
356.8492,155.9346,61.2281,137.4621
2
0
0
0
0
1
280.9741,122.3712,116.0591,105.2030
278.1129,136.3763,139.7834,90.0417
2
0
0
0
0
1
273.1800,139.1500,83.5200,107.9900
273.1800,139.1500,83.5200,107.9900
273.1800,139.1500,83.5200,107.9900
273.1800,139.1500,83.5200,107.9900
273.1800,139.1500,83.5200,107.9900
273.1800,139.1500,83.5200,107.9900
273.1800,139.1500,83.5200,107.9900
2
0
0
0
0
1
224.1971,181.2406,61.0324,85.7299
236.8073,190.2966,47.3818,74.8373
237.0732,196.0970,45.0907,70.6906
235.0536,203.4828,47.6996,76.2661
234.2059,207.6859,48.0493,72.8780
303.0570,172.3130,62.1390,74.6724
299.5871,191.0658,77.2598,74.2838
221.5872,213.5887,67.6187,64.7696
2
0
0
0
0
1
238.9949,195.0104,54.7437,59.5697
2
0
0
0
0
1
2
0
0
0
0
1
2
0
0
0
0
1
272.2803,134.1600,52.2993,55.1903
272.2803,134.1600,52.2993,55.1903
272.2803,134.1600,52.2993,55.1903
2
0
0
0
0
1
2
0
0
0
0
1
220.2826,146.6317,106.8640,79.1247
2
0
0
0
0
1
2
0
0
0
0
1
204.1399,145.2664,83.7552,91.1688
202.1966,152.6935,76.8698,80.9473
204.7086,142.5017,84.5207,88.7108
206.6006,137.6450,79.2385,100.3064
243.4682,144.7447,108.9128,109.7170
243.4682,144.7447,108.9128,109.7170
186.1116,139.3477,101.5325,102.0690
2
0
0
0
0
1
207.4313,146.7237,94.5175,110.7740
213.8288,147.7007,85.4628,114.0389
213.8288,147.7007,85.4628,114.0389
213.8288,147.7007,85.4628,114.0389
2
0
0
0
0
1
274.3925,162.1005,83.8819,83.9119
274.3925,162.1005,83.8819,83.9119
274.3925,162.1005,83.8819,83.9119
274.3925,162.1005,83.8819,83.9119
2
0
0
0
0
1
315.5401,175.9773,88.9862,54.9102
2
0
0
0
0
1
356.4807,166.2925,79.8375,89.9137
2
0
0
0
0
1
324.6508,196.9172,68.1506,86.0367
324.6508,196.9172,68.1506,86.0367
2
0
0
0
0
1
2
0
0
0
0
1
327.0359,159.1320,59.3557,69.6611
2
0
0
0
0
1
349.1739,246.6766,65.8942,65.4841
349.1739,246.6766,65.8942,65.4841
349.1739,246.6766,65.8942,65.4841
349.1739,246.6766,65.8942,65.4841
349.1739,246.6766,65.8942,65.4841
2
0
0
0
0
1
302.4851,187.9477,55.1462,61.9532
2
0
0
0
0
1
280.1560,194.0924,62.6144,65.5069
280.1560,194.0924,62.6144,65.5069
280.1560,194.0924,62.6144,65.5069
280.1560,194.0924,62.6144,65.5069
280.1560,194.0924,62.6144,65.5069
280.1560,194.0924,62.6144,65.5069
2
0
0
0
0
1
306.5500,159.8100,41.4500,48.5100
306.5500,159.8100,41.4500,48.5100
2
0
0
0
0
1
308.7428,124.9895,37.4091,56.2876
2
0
0
0
0
1
307.3333,142.3439,36.9477,44.5139
2
0
0
0
0
1
291.0594,137.1568,49.3968,48.4122
2
0
0
0
0
1
292.2709,149.1603,40.6414,34.8518
2
0
0
0
0
1
2
0
0
0
0
1
300.0031,148.0192,41.8246,35.2253
297.4876,152.5658,43.9295,38.7932
297.4876,152.5658,43.9295,38.7932
297.4876,152.5658,43.9295,38.7932
297.4876,152.5658,43.9295,38.7932
297.4876,152.5658,43.9295,38.7932
297.4876,152.5658,43.9295,38.7932
306.9769,163.1898,42.6516,35.5195
306.9769,163.1898,42.6516,35.5195
306.9769,163.1898,42.6516,35.5195
310.1697,136.9996,38.8438,37.5664
307.6450,129.0647,36.7823,40.8770
310.4843,128.2920,33.4237,39.8232
310.4843,128.2920,33.4237,39.8232
310.4843,128.2920,33.4237,39.8232
310.4843,128.2920,33.4237,39.8232
310.4843,128.2920,33.4237,39.8232
310.4843,128.2920,33.4237,39.8232
2
0
0
0
0
1
320.5831,131.8920,52.7473,46.5372
2
0
0
0
0
1
323.5425,115.6440,34.7824,44.1705
2
0
0
0
0
1
309.1068,142.9853,40.5418,42.0496
295.3577,147.8481,49.2833,38.9296
295.3577,147.8481,49.2833,38.9296
295.3577,147.8481,49.2833,38.9296
295.3577,147.8481,49.2833,38.9296
2
0
0
0
0
1
316.4808,142.1202,32.6921,41.2371
2
0
0
0
0
1
2
0
0
0
0
1
309.8594,134.0488,46.7445,57.8835
325.0885,118.2258,59.2093,57.6016
325.0885,118.2258,59.2093,57.6016
308.8136,166.5542,55.8873,58.8835
308.8136,166.5542,55.8873,58.8835
2
0
0
0
0
1
2
0
0
0
0
1
314.5819,128.2159,33.7435,41.2948
314.5819,128.2159,33.7435,41.2948
314.5819,128.2159,33.7435,41.2948
313.2143,128.4312,41.0730,33.8611
322.1587,114.6460,39.0263,38.3623
316.7065,114.1174,49.3475,33.9018
316.7065,114.1174,49.3475,33.9018
2
0
0
0
0
1
325.3672,150.9053,30.1982,47.2095
325.3672,150.9053,30.1982,47.2095
325.3672,150.9053,30.1982,47.2095
325.3672,150.9053,30.1982,47.2095
2
0
0
0
0
1
321.5956,174.4332,45.2613,53.7235
