1
130.8518,276.3065,73.7694,100.6850
112.1173,256.5005,67.1577,111.6810
2
0
0
0
0
1
116.8685,315.3741,89.6040,67.5796
2
0
0
0
0
1
124.4621,249.8209,98.0268,88.6700
126.3869,238.3997,97.0104,88.8805
156.0647,262.5694,99.6936,87.0103
155.4004,248.8890,97.3896,89.3591
156.8216,219.9015,95.8768,83.1408
134.7512,216.8852,93.4657,85.2366
129.2909,188.5341,84.9041,95.3497
131.7658,142.7116,82.4370,98.0393
149.3148,159.9734,75.5905,108.7017
154.9703,155.2886,70.9616,116.7575
167.3594,155.4401,73.6846,112.6763
168.7935,166.6875,75.4795,110.3274
169.2649,167.6243,77.8218,106.0578
170.0336,167.1971,80.2320,102.6465
157.6580,190.7638,78.7575,102.3511
147.8292,200.2838,76.8554,104.8626
126.9622,199.1337,74.5304,107.8679
117.2368,221.6446,73.5800,108.6440
109.8709,207.1052,71.9943,110.6166
100.9857,184.0633,70.9981,111.6844
102.4431,183.9581,70.8302,111.7125
171.5532,136.5733,68.9886,112.0146
173.6824,140.1680,70.2067,108.2500
192.4819,156.7044,78.2761,99.2120
208.0163,175.3656,86.5514,90.1322
214.8608,177.0945,88.6215,85.4429
221.1523,179.6380,90.8328,83.4048
206.8035,170.7798,97.3747,78.9419
229.7170,156.0608,94.3002,80.8963
241.9591,133.9546,90.7714,82.5547
241.0957,132.3004,89.2834,84.0516
212.8716,59.7485,80.3811,97.2291
186.6270,88.4510,92.0363,86.9356
2
0
0
0
0
1
285.1300,90.9557,77.1942,92.9583
258.1765,56.3937,69.9521,98.6353
290.3696,44.7288,69.3832,99.7520
309.6705,12.4514,69.9540,98.8396
2
0
0
0
0
1
271.8086,0.0000,48.2568,45.6631
253.5142,0.0000,48.7495,40.3064
249.5238,38.1147,47.6832,41.0248
237.2285,43.8643,47.5248,41.1821
264.0060,0.0000,47.2778,39.2831
270.9155,42.3651,47.0009,39.6993
283.8333,42.5207,45.3111,41.1441
260.7321,0.0000,45.6744,40.5235
254.7202,0.0000,46.1041,39.9843
249.8079,0.6801,45.9151,39.7968
272.3309,49.5843,44.8127,41.5643
289.3539,9.2581,42.2492,44.5494
252.9418,41.5760,41.4811,45.1965
281.6938,51.9078,39.5663,45.6138
303.9318,10.3464,39.4156,45.7146
255.4557,42.8124,39.8660,45.3857
276.1849,55.1107,40.9965,44.7138
244.4112,43.3692,40.3561,45.1743
239.3765,42.4762,40.2552,45.2179
276.2498,54.7972,41.4027,43.1298
244.3030,44.7241,41.1901,42.9243
240.0470,38.5078,40.7984,43.1566
240.1887,38.0877,40.2437,43.5289
230.0627,31.6539,40.0397,43.6374
277.6958,53.4313,40.6258,42.5677
302.7246,64.0444,41.5526,41.8126
276.5763,47.0988,40.9509,41.9701
254.7742,42.2998,41.9398,41.1366
282.3682,62.2628,41.9773,40.6711
325.5681,87.5534,40.9075,41.8685
315.5673,61.2647,40.6321,42.0116
267.2644,30.3884,43.8800,39.4525
242.4072,50.3575,43.6661,39.3975
268.2745,76.5129,43.4368,39.5574
2
0
0
0
0
1
269.2370,0.0000,83.8225,54.2156
261.4625,0.1716,87.1743,52.0871
263.7496,0.0000,86.7545,50.6656
265.8236,13.8087,82.9445,56.9128
274.1045,0.0000,81.1996,54.3988
260.2704,22.5084,75.0230,61.7582
271.4431,36.5697,70.7512,65.2915
256.7816,26.5491,69.1818,67.3463
261.6559,22.2984,63.2663,75.2856
293.8830,13.1857,64.4286,74.2376
293.8830,13.1857,64.4286,74.2376
293.1307,0.0000,66.2819,70.3274
301.6572,8.2993,65.9174,70.6256
294.9761,13.2366,59.4520,76.7654
304.3010,17.5438,55.2935,82.5931
304.1266,15.8206,52.1564,85.8916
269.2538,31.5737,51.6035,87.1445
319.0514,22.9396,51.9366,87.3189
281.8484,48.4587,56.6306,83.5209
265.6040,20.3968,53.8676,87.8136
263.7214,37.3697,53.5059,88.8687
316.6506,58.6211,56.0932,83.8766
262.7266,51.3560,56.1270,82.5587
291.3972,88.9478,70.4407,72.9020
308.6485,97.9101,72.4240,70.8784
324.5429,98.8568,73.2490,69.7432
261.2065,63.4336,70.3680,72.1552
263.5646,97.1352,68.5009,72.2705
280.2566,105.6168,69.3630,70.6589
306.1520,123.5580,71.3810,68.7532
323.4510,141.0207,71.1049,68.7829
349.1465,142.2386,72.9807,66.9862
2
0
0
0
0
1
316.0912,123.0539,52.2194,133.1768
334.3128,121.6102,54.5417,131.1326
320.5530,145.0788,53.7367,133.1314
328.1584,143.4868,57.4517,130.6950
326.3841,152.7915,57.0107,132.1490
324.4984,160.8027,55.5728,137.0509
336.6216,161.7435,57.0547,134.8525
326.8062,148.5651,54.9971,142.0879
