1
312.6420,146.8878,106.1309,96.4144
312.6420,146.8878,106.1309,96.4144
312.6420,146.8878,106.1309,96.4144
312.6420,146.8878,106.1309,96.4144
293.0020,78.5578,101.9473,98.1533
285.3057,87.4293,99.9101,100.0503
277.4102,82.6217,98.3858,101.8258
277.4102,82.6217,98.3858,101.8258
297.3618,89.7927,94.1663,104.8852
297.3618,89.7927,94.1663,104.8852
297.3618,89.7927,94.1663,104.8852
297.3618,89.7927,94.1663,104.8852
297.3618,89.7927,94.1663,104.8852
297.3618,89.7927,94.1663,104.8852
297.3618,89.7927,94.1663,104.8852
297.3618,89.7927,94.1663,104.8852
297.3618,89.7927,94.1663,104.8852
297.3618,89.7927,94.1663,104.8852
297.3618,89.7927,94.1663,104.8852
297.3618,89.7927,94.1663,104.8852
297.3618,89.7927,94.1663,104.8852
297.3618,89.7927,94.1663,104.8852
297.3678,89.6791,94.1325,104.9227
297.1406,89.3161,94.1265,104.9214
299.1494,88.8300,94.1530,104.8928
300.7678,88.6150,94.1757,104.8665
300.8346,88.5704,94.1990,104.8368
301.0608,88.1570,94.2491,104.7896
2
0
0
0
0
1
229.5349,201.9848,72.7055,70.3076
236.3535,199.7909,71.6388,70.9289
236.3535,199.7909,71.6388,70.9289
236.3535,199.7909,71.6388,70.9289
236.3535,199.7909,71.6388,70.9289
236.3535,199.7909,71.6388,70.9289
264.6254,220.8581,72.3466,69.8633
264.8903,220.7627,72.3120,69.8976
265.3115,231.0460,72.3105,69.8203
264.6164,230.3514,72.2606,69.8853
2
0
0
0
0
1
245.6763,105.9847,52.1075,67.6556
245.6763,105.9847,52.1075,67.6556
245.6763,105.9847,52.1075,67.6556
245.6763,105.9847,52.1075,67.6556
245.6763,105.9847,52.1075,67.6556
245.6763,105.9847,52.1075,67.6556
245.6763,105.9847,52.1075,67.6556
245.6763,105.9847,52.1075,67.6556
245.4203,98.6020,51.1995,67.3948
245.4203,98.6020,51.1995,67.3948
245.4203,98.6020,51.1995,67.3948
245.4203,98.6020,51.1995,67.3948
245.4203,98.6020,51.1995,67.3948
245.4203,98.6020,51.1995,67.3948
245.4203,98.6020,51.1995,67.3948
245.4203,98.6020,51.1995,67.3948
2
0
0
0
0
1
152.1578,84.6006,62.2453,64.0946
145.7259,89.3172,61.4074,65.1589
151.2218,88.0740,61.3432,65.2061
157.2999,89.0386,60.3460,64.5305
162.8812,102.5995,60.1274,64.1462
170.6240,102.2545,59.8954,64.5548
170.6240,102.2545,59.8954,64.5548
170.6240,102.2545,59.8954,64.5548
157.0403,119.3452,60.0726,64.5686
153.9370,110.9176,60.4254,63.7161
155.8830,101.3793,57.7199,65.8934
157.6417,100.8019,57.3515,65.8116
164.2088,100.8508,56.2975,66.2951
165.5615,106.9118,55.9954,66.5165
171.7428,106.0804,55.4160,67.0639
179.4421,106.9709,54.2564,67.8011
187.0904,113.2018,53.1457,68.0703
194.2061,119.5479,52.7970,67.7417
200.1006,119.9758,52.6835,67.4057
206.7574,133.7710,51.8316,67.4464
215.2574,133.8107,51.8302,65.9973
209.2465,129.3942,53.2746,64.2256
223.2737,151.3429,51.2657,64.6791
223.2737,151.3429,51.2657,64.6791
223.2737,151.3429,51.2657,64.6791
229.6141,143.2399,50.8072,64.4955
229.6141,143.2399,50.8072,64.4955
229.6141,143.2399,50.8072,64.4955
229.6141,143.2399,50.8072,64.4955
229.6141,143.2399,50.8072,64.4955
229.6141,143.2399,50.8072,64.4955
229.6141,143.2399,50.8072,64.4955
229.6141,143.2399,50.8072,64.4955
229.6141,143.2399,50.8072,64.4955
229.6141,143.2399,50.8072,64.4955
229.6141,143.2399,50.8072,64.4955
227.7274,127.3952,50.4009,64.8278
227.7274,127.3952,50.4009,64.8278
227.7274,127.3952,50.4009,64.8278
227.7274,127.3952,50.4009,64.8278
2
0
0
0
0
1
127.3942,64.8280,81.7199,85.4188
123.6201,72.2109,80.7392,85.7743
121.0506,82.7889,80.8996,85.8161
131.4092,100.7442,80.8409,85.6053
141.3763,99.4189,79.6842,85.7459
148.1238,106.3036,79.5016,85.7357
147.3346,103.0351,78.6401,86.1921
156.2655,99.5884,76.3575,87.6956
162.5961,90.1421,76.8811,87.9971
144.3383,135.8383,86.7987,77.6771
144.3383,135.8383,86.7987,77.6771
141.1853,144.9330,88.5202,76.6422
141.1853,144.9330,88.5202,76.6422
152.4195,145.0495,89.4457,76.0977
152.4195,145.0495,89.4457,76.0977
152.4195,145.0495,89.4457,76.0977
152.4195,145.0495,89.4457,76.0977
152.4195,145.0495,89.4457,76.0977
152.4195,145.0495,89.4457,76.0977
2
0
0
0
0
1
170.9268,66.4873,127.4696,116.3737
170.4344,62.5475,127.9472,118.0186
157.0706,71.6195,127.6081,119.7632
154.4767,67.4236,127.3452,120.0691
156.5256,70.4678,126.8322,120.3505
168.7406,78.6166,125.8522,123.1080
164.8551,82.6824,125.7245,124.5604
164.2366,92.9501,125.7156,126.2150
164.2366,92.9501,125.7156,126.2150
162.3287,84.5406,126.8636,123.0010
173.3938,109.9715,128.2720,124.5402
176.4321,121.6048,128.6195,125.3935
171.0522,114.1431,129.0866,126.9207
166.7401,114.5039,126.1930,128.9097
167.8718,126.4738,127.2561,128.7091
183.4930,121.9595,127.2609,129.6564
183.4930,121.9595,127.2609,129.6564
178.6275,99.4535,127.6190,129.9678
178.6275,99.4535,127.6190,129.9678
167.1199,98.1399,127.8685,130.4991
178.8121,97.2075,128.5294,130.6315
188.5182,96.0723,130.2830,132.1218
188.5182,96.0723,130.2830,132.1218
188.5182,96.0723,130.2830,132.1218
187.3277,95.3588,128.5273,133.1858
187.3277,95.3588,128.5273,133.1858
187.3277,95.3588,128.5273,133.1858
187.3277,95.3588,128.5273,133.1858
187.3277,95.3588,128.5273,133.1858
187.3277,95.3588,128.5273,133.1858
187.3277,95.3588,128.5273,133.1858
187.3277,95.3588,128.5273,133.1858
165.2437,109.8151,129.2275,133.9414
165.2437,109.8151,129.2275,133.9414
165.2437,109.8151,129.2275,133.9414
175.4561,97.2941,130.6802,132.8713
175.4561,97.2941,130.6802,132.8713
175.4561,97.2941,130.6802,132.8713
172.0500,107.6078,130.7133,133.5208
172.0500,107.6078,130.7133,133.5208
172.0500,107.6078,130.7133,133.5208
172.0500,107.6078,130.7133,133.5208
167.0295,101.2728,131.0271,134.5770
167.0295,101.2728,131.0271,134.5770
167.0295,101.2728,131.0271,134.5770
167.0295,101.2728,131.0271,134.5770
162.7198,112.2625,130.8845,135.4843
162.7198,112.2625,130.8845,135.4843
176.4900,123.2834,128.7184,138.8931
176.4900,123.2834,128.7184,138.8931
176.4900,123.2834,128.7184,138.8931
176.4900,123.2834,128.7184,138.8931
