1
280.4093,117.2394,132.8353,118.5206
288.6715,121.8766,104.3316,171.9231
282.4902,88.7359,96.1550,191.2483
275.7380,110.8933,132.0219,176.5495
270.7648,113.8907,133.6560,164.2463
266.0923,111.7426,127.7260,170.1475
261.1680,98.4618,151.2594,187.4288
262.0568,115.5710,141.7676,175.1808
262.6896,67.3722,127.4589,221.8289
245.6219,92.6684,127.8697,210.1665
246.3301,131.6697,139.5926,170.9346
239.8656,129.2526,128.9301,173.1570
229.1175,117.7955,78.1801,185.8862
230.4369,111.2722,69.9860,188.7864
229.4541,125.2178,67.7840,177.0099
229.1230,131.6748,64.3494,171.4397
231.4377,137.5147,77.9363,163.6724
231.8955,132.0488,63.2688,168.6300
227.3914,139.0981,64.2999,163.2989
213.7907,149.6648,81.6834,154.3495
212.6386,151.4646,84.6907,153.1293
209.0307,155.9688,95.7636,151.4064
199.3288,173.7232,100.3845,131.9152
199.3706,175.6849,95.6400,130.5155
196.8636,175.0252,96.1627,131.8562
198.3766,170.4326,104.8645,131.5826
199.9202,169.8722,94.9647,132.6326
196.9262,167.3450,108.9093,134.6823
198.9904,162.0259,107.8067,142.1468
198.7771,164.6715,104.2030,140.1255
204.1911,155.5189,102.5643,146.3681
211.0888,157.5935,84.6313,150.8975
210.7646,156.5002,80.3508,155.2908
224.7234,156.8559,74.9615,153.1475
240.6271,164.4109,52.8724,145.1151
246.8967,163.4313,45.5771,147.6458
246.3233,162.8602,46.9327,146.9564
243.0639,175.7766,52.1392,136.5023
241.4187,165.4113,52.7853,145.5254
238.0891,179.5026,57.9325,131.0697
230.0549,195.7469,64.1523,108.4234
230.1049,196.1292,62.2768,111.6853
221.6849,210.5131,69.4428,92.5087
185.4627,223.3707,103.9471,72.8979
186.7898,216.3732,106.6544,76.7488
183.6281,219.3830,109.9908,66.5282
2
0
0
0
0
1
244.7118,113.3429,108.8109,181.9747
253.1888,139.1096,80.2563,154.5536
238.6945,147.7780,66.8924,148.3772
263.0013,152.2208,42.9243,145.4885
262.4706,155.1351,39.6198,146.2230
261.2171,155.5323,40.2247,142.9972
250.2252,161.5691,50.6781,135.0675
250.7787,164.8026,51.5067,130.6653
243.0220,167.6862,57.3801,128.8595
219.3218,188.1636,74.7910,111.6880
219.6147,186.4079,83.2317,113.9378
215.1308,190.1339,84.1677,109.1273
200.9106,187.9723,91.7972,109.4103
200.4301,181.4389,99.8288,114.7774
200.5449,183.7114,105.9085,102.2398
2
0
0
0
0
1
193.3815,132.1897,156.3785,129.4362
193.4140,141.5291,165.5131,118.7375
196.0429,145.6129,198.2414,115.8176
230.8019,147.7633,182.4212,199.9611
220.3327,127.2768,227.7097,150.8126
227.1176,147.9746,185.2348,121.5406
253.7917,144.9375,180.4287,131.2845
259.7493,161.1636,218.1537,115.8489
281.6750,143.6562,212.9689,187.3455
312.8934,47.5573,163.2182,265.3938
288.8036,54.2075,285.2029,289.1481
282.0109,0.0000,357.9092,347.1792
282.5162,0.0000,356.0625,344.0260
69.7040,12.6571,470.9423,332.9379
91.5378,26.1390,467.4797,325.8610
280.6805,8.7514,355.4956,337.8194
278.4659,0.0000,359.5974,348.8012
2
0
0
0
0
1
260.2138,60.7209,234.3207,250.6659
353.5828,17.7370,279.9834,325.9726
278.4602,0.0000,361.4753,346.9034
151.1163,0.0000,417.6895,352.0000
82.2479,6.8031,518.3874,345.1969
103.3984,0.0000,501.2556,352.0000
54.0291,0.0000,585.0905,352.0000
52.3986,2.7319,587.6014,349.2681
39.1727,30.9864,582.2853,321.0136
281.7255,0.0000,358.2745,350.4994
302.8579,0.0000,336.3029,331.3012
250.5260,0.7918,387.1110,339.7128
251.4206,0.0000,383.8876,345.5474
200.6102,0.0000,428.9556,347.3729
264.8144,0.0000,370.5443,343.6396
201.3705,112.7481,416.5580,232.5381
234.4440,0.0000,391.6002,302.0271
207.9105,5.6766,415.9833,336.3686
255.6551,0.6065,381.6026,346.1423
277.5994,0.0000,350.8772,346.7137
222.1671,0.0000,410.9250,350.4341
206.8971,14.8371,426.4828,337.1629
232.6584,80.4896,398.6371,262.6310
214.1519,86.4389,405.7547,254.1968
284.5634,89.7977,352.9688,249.6871
271.0185,101.2789,358.4056,245.7696
282.9565,0.0000,357.0435,345.2595
278.4445,0.0000,356.2221,346.9447
133.2542,0.0000,476.2321,352.0000
36.0222,14.8190,603.9778,335.6350
1.1354,0.0000,638.8646,352.0000
268.7054,7.4232,366.8468,343.5601
282.7388,0.0000,357.2612,350.3104
285.3279,0.0000,354.6721,349.3089
262.5160,0.0000,376.6837,345.7183
108.7397,0.0000,440.9163,352.0000
261.1723,0.0000,378.4386,346.7009
145.0425,17.6558,428.0959,334.3441
97.5848,9.3508,494.4106,342.6492
60.6548,9.7223,577.7060,342.2776
253.6273,0.0000,381.4227,352.0000
153.7716,0.0000,417.2632,350.7094
82.7389,0.0000,493.8756,352.0000
55.1957,0.0000,554.3087,352.0000
0.0000,0.0000,592.4344,352.0000
6.5427,0.0000,616.1620,352.0000
11.3073,0.0000,628.6927,352.0000
31.4670,0.0000,608.5330,352.0000
30.9726,0.0000,583.7291,348.0111
86.9488,0.0000,537.3548,352.0000
0.0000,0.0000,624.9558,352.0000
275.5598,0.0000,364.4402,352.0000
86.9573,0.0000,511.7574,336.6277
28.8362,17.0432,587.4705,334.9568
273.8790,0.0000,363.8344,347.3625
265.3940,0.0000,374.6060,347.7558
44.6040,0.0000,538.9255,335.1352
272.2904,0.0000,367.7096,352.0000
258.7556,0.0000,381.2444,347.1415
270.2083,0.0000,367.9216,348.9600
257.5310,0.0000,377.2226,350.2119
264.4579,0.0000,374.3791,350.9329
260.7679,0.0000,377.3283,348.6754
261.8534,0.0000,373.8911,347.5543
262.8258,0.0955,377.1742,345.3934
258.0134,0.0000,378.1346,346.7373
264.4182,0.0000,374.8205,345.4210
248.2781,0.0000,389.6537,346.9504
264.2690,0.0000,375.3029,349.8869
252.6127,0.0000,384.8491,346.2322
262.0920,0.0000,369.1219,347.3085
245.8923,0.0000,388.3011,347.4357
253.7189,1.3060,384.3813,348.8053
252.5100,0.0000,379.0265,350.9564
255.0502,13.3436,378.8134,336.8268
241.5762,11.0182,379.1096,337.2936
250.6048,14.6781,384.6917,337.3219
250.2204,0.0000,389.7797,349.0742
237.9367,66.8898,370.0041,282.2638
256.3591,4.1118,371.2156,340.3517
259.8165,0.0000,377.6306,348.4157
232.6884,48.7504,392.0616,294.4642
260.5024,0.0000,373.4991,349.3575
230.1476,58.8284,364.0925,274.7780
255.1049,20.2537,382.5374,327.5499
250.1592,0.0000,382.2946,346.3777
251.8243,0.0000,388.1757,345.6476
251.3551,6.0383,388.4758,343.1585
255.1563,0.0000,382.9275,349.6198
319.8569,0.0000,248.5173,349.2480
251.1386,115.0024,376.3105,231.7285
265.0487,82.7411,357.4827,265.7552
245.5626,75.1794,342.7245,252.7902
2
0
0
0
0
1
283.9724,139.0036,135.8054,127.9149
290.3475,102.0769,157.2013,159.6071
278.1446,50.9312,139.5194,279.2873
276.4944,3.8433,161.4972,339.6195
274.8789,25.0195,246.2054,315.8443
280.3410,11.1046,349.6791,334.2337
283.1541,0.0000,353.9836,345.0612
314.6809,198.2535,325.3191,151.8430
355.6376,134.9810,253.2186,208.4241
284.2582,155.1481,348.2944,186.7625
282.0985,7.2171,349.8193,340.3233
282.9794,0.0000,355.2749,346.8857
297.0605,187.0167,342.9395,164.9833
286.4834,184.5790,349.8275,166.4332
293.8626,166.3856,342.0327,181.3822
269.2980,131.5521,362.6050,216.0089
254.7572,10.2317,373.7912,330.4351
266.9650,6.6714,368.1565,339.3765
273.8319,176.4442,363.2457,175.5558
2
0
0
0
0
1
268.0446,72.1709,72.3853,198.3933
271.3197,138.9579,99.6609,124.3555
273.1097,98.9400,62.2716,165.7529
268.5670,134.3378,62.8994,122.7139
267.9801,139.2585,56.0556,115.5321
270.8373,146.0594,53.1095,116.2395
280.6199,163.4018,39.4110,109.2852
298.7883,86.1417,67.8983,134.7824
282.1343,124.0062,41.7672,147.2353
279.6360,145.5662,42.9116,125.4969
279.2262,168.9362,44.2910,104.4324
313.8792,129.1837,68.9216,100.3381
281.9359,198.7396,45.1321,77.8660
321.2466,136.3486,48.5507,112.5174
282.6398,179.9783,44.3606,93.5384
336.9280,140.2836,48.6365,92.7122
295.1688,133.7136,38.1854,135.9799
292.1707,171.8955,44.8883,92.3610
289.7932,181.9932,53.3460,82.8535
296.8065,199.6950,41.4441,69.6945
284.7704,198.4129,53.5267,74.2051
337.2244,162.0759,59.0165,110.6298
300.9861,58.3511,47.7880,203.6039
308.9690,76.1815,50.7735,186.4442
303.0779,38.3216,53.3218,227.8164
281.7908,71.4266,81.6331,217.4692
234.0195,21.6239,206.1991,275.6667
2
0
0
0
0
1
290.2303,125.7419,160.7686,71.5664
280.0555,89.2637,239.1693,150.3158
2
0
0
0
0
1
283.2472,83.4904,197.6581,221.9718
261.5503,156.1480,324.2794,194.0880
285.3317,200.5916,332.0428,151.4084
324.0005,159.4299,295.8602,182.2804
286.2415,132.8128,335.8405,216.0276
249.5914,153.8143,360.0287,197.8285
228.4892,134.0698,390.2856,209.3211
365.2007,155.4971,274.0570,191.9240
259.4750,131.4711,351.4451,216.3965
262.2824,128.7758,364.3605,221.4867
255.1634,123.4542,368.7011,226.2918
285.9438,168.1499,339.8537,177.3109
247.4983,49.3056,301.1277,276.7205
294.5144,150.0247,336.6964,195.9273
303.2043,147.4644,326.4957,201.3895
259.8816,96.9254,356.0130,243.3911
334.5891,126.0928,300.7443,225.2366
271.8910,199.8848,304.0410,148.2775
279.5678,167.7518,344.7578,177.4637
165.2939,120.8040,452.5091,225.3665
251.5375,146.7736,377.6335,205.2264
269.8455,95.6838,346.2151,244.9973
280.9553,117.3789,315.3034,228.0913
252.1983,147.8627,380.7828,201.1923
248.3030,121.2021,371.4015,212.8600
244.1275,141.9825,368.6033,200.1115
235.6125,162.2276,397.7827,168.1655
241.7073,190.3881,375.2907,156.2403
2
0
0
0
0
1
263.6323,134.1961,70.5608,92.2475
2
0
0
0
0
1
268.9726,94.3021,60.6099,139.0085
268.3614,88.5792,49.3212,141.1649
271.0466,128.8302,68.8135,100.5582
270.4707,133.3848,64.3876,93.6936
272.7577,90.2217,41.3398,149.2585
268.9874,85.3888,43.8903,158.2154
270.3303,92.3125,73.0146,143.0441
270.0907,109.8060,69.9662,131.7434
273.8814,50.4040,68.6512,187.1045
273.6128,50.8422,47.3063,189.3822
273.2949,71.0006,41.2631,168.6053
274.3032,65.9631,60.1351,170.5442
281.9541,63.6094,67.3289,172.5888
280.0782,57.7454,79.6787,174.4328
277.9056,43.5726,94.4259,187.3215
2
0
0
0
0
1
274.7376,88.9268,104.5082,126.8387
270.1559,116.3854,111.4382,120.0726
279.7142,62.7071,122.2442,176.8579
273.5856,73.1650,133.4869,177.5562
272.0516,77.3396,125.2122,183.2487
272.8812,80.5902,134.3959,160.6227
283.8100,85.3223,138.1163,169.1119
322.5690,81.6456,101.0436,169.1608
318.7675,82.8580,104.8299,171.2918
286.1773,86.4821,139.8873,165.4410
321.2653,87.1963,104.3064,164.2505
322.1291,90.9673,96.6414,153.7138
272.6923,122.6698,77.9631,113.3557
271.1934,118.4091,66.0867,114.8283
271.7857,140.2084,72.5131,96.0749
275.5135,132.1644,49.7286,101.5045
275.2759,181.1524,89.4527,63.6106
340.0315,143.1746,65.0425,95.0453
2
0
0
0
0
1
2
0
0
0
0
1
2
0
0
0
0
1
2
0
0
0
0
1
268.3314,116.6653,54.9708,93.6131
266.6100,125.1863,56.3147,79.1229
258.3639,118.6707,62.4273,57.5986
256.7196,110.5061,46.7710,67.7249
254.0051,141.9489,85.7246,36.6566
261.0722,143.3622,100.0284,33.6318
331.0038,102.4118,47.3101,111.6413
329.5831,99.6042,47.9807,132.7375
323.9850,97.5862,54.3083,140.5273
286.8739,123.9673,100.8885,77.4534
319.9967,93.6728,63.9091,138.3640
316.6554,99.7757,62.4590,136.7022
269.6381,78.3003,162.6337,153.2928
286.9854,34.0828,108.8456,241.2020
282.5188,45.7877,176.8329,268.8439
207.5765,46.6583,365.3000,279.0978
133.1539,31.4200,489.4882,318.4090
275.4152,80.0159,363.1247,265.2626
265.2798,84.9574,357.1422,258.6847
151.1841,22.2206,448.6745,272.4196
139.0051,24.4701,500.1343,266.4124
79.9382,17.6041,530.0215,334.3959
30.6728,0.0000,525.1132,352.0000
269.3938,14.4577,368.7731,332.9534
279.9925,0.0000,359.0963,346.8181
100.0642,2.8912,519.9199,339.1645
154.2268,48.1813,485.7732,303.8187
275.5643,0.4111,359.9920,343.8270
112.0917,0.0000,499.4765,340.7245
88.4867,16.7428,502.8439,335.2572
180.0067,0.0000,452.0398,352.0000
69.5129,0.0000,564.5717,344.9594
275.3545,0.0000,359.4119,346.3233
272.2132,27.4337,328.0188,320.2575
226.3792,45.4640,301.6176,275.1946
215.9063,69.8525,330.1213,257.9496
257.8913,0.0000,348.1335,336.4174
285.6193,47.3593,328.7930,302.6888
260.8201,13.1981,327.4819,331.5707
193.6767,46.9898,381.8926,238.9028
194.9248,8.3887,321.3409,224.4885
211.9246,13.5499,323.1251,239.9721
176.0666,46.5802,218.5423,175.5015
185.1714,31.0244,216.0026,198.4101
195.7395,37.8485,198.8127,198.5145
2
0
0
0
0
1
250.3241,105.5610,71.3222,158.4348
290.4848,163.2842,102.6114,103.4173
260.5184,114.9852,46.6931,145.5921
270.3275,114.5561,45.0496,145.8159
272.3582,114.4320,44.5812,140.6277
272.5912,111.8733,49.5553,124.2274
279.0573,150.9441,41.9209,104.4881
249.2301,156.4603,63.4503,104.7333
266.1027,159.1485,63.2281,103.0952
264.4074,166.5929,62.8972,89.6281
258.5294,165.0537,61.3844,90.3909
250.0290,172.6088,80.5005,83.8155
244.0066,182.4019,96.5813,78.9493
242.3824,158.7495,94.0881,108.6826
244.5136,103.1343,146.3021,157.1119
279.9278,112.4952,97.6717,191.2646
269.8529,128.7519,89.7942,191.7453
294.5690,103.1990,72.6032,154.8586
274.6828,99.5701,93.1389,162.5649
271.5662,99.9322,100.3833,154.8820
268.6219,105.6794,105.6780,152.4736
267.0237,115.1690,101.7551,143.3743
306.7210,105.4011,62.0774,152.5250
264.5558,140.1940,56.7527,116.3963
267.7726,106.4536,42.6651,143.5303
265.8958,111.2912,37.3023,141.4561
267.9782,111.2842,36.3997,122.4404
272.9611,112.6410,36.3250,97.8526
270.5407,112.0208,35.2800,83.3214
279.5823,112.3868,51.9674,42.6154
325.2357,91.3367,37.4720,82.0731
319.4219,84.6718,43.0828,89.1738
285.4844,155.5306,87.5226,52.8660
312.2267,140.5813,52.2932,123.0771
296.3128,157.9176,70.8135,122.9911
285.7131,160.9849,98.3493,124.9926
280.8249,141.9240,94.4183,163.0050
281.1201,140.4896,77.0964,207.4114
278.2387,115.9651,162.3431,92.8015
264.2554,135.5600,117.1187,144.6517
259.7193,134.8313,72.2464,128.9530
252.0040,130.4476,71.5320,132.4738
242.4213,112.9645,80.8938,151.4000
281.2477,119.2939,98.6866,93.5907
243.1177,113.2451,76.4291,152.0737
236.9697,108.3566,83.3829,160.5418
239.6313,112.4515,94.3550,159.7008
237.0098,108.9051,89.9932,141.3845
232.2251,107.5010,105.1451,159.9534
230.8658,105.5196,99.2263,159.7041
232.9196,105.2307,96.1952,162.1842
239.4048,102.9330,91.6834,168.1835
241.5075,107.0073,91.0331,159.8186
233.2549,101.7188,93.8041,166.6670
254.2352,90.7674,57.1077,183.5062
233.1447,91.5035,78.1798,176.1569
250.5942,77.3125,68.4773,194.7596
242.4864,118.0470,96.6949,145.5801
247.4792,79.7016,98.7916,159.1480
237.7298,122.3874,112.8299,125.9010
230.2128,119.1025,108.1052,154.8438
226.2735,152.2225,122.8755,110.9917
226.8655,122.8437,113.4482,137.3896
228.6858,157.4163,120.1653,119.9622
227.9964,156.2343,122.6988,109.2442
230.7926,159.4192,113.0571,108.2161
240.7116,156.0858,96.7059,105.3378
242.7501,157.7308,80.0923,112.0593
246.2189,153.9779,71.2576,113.5012
262.0138,160.0010,60.9928,112.4419
259.0848,154.9911,48.3935,115.1331
266.3571,160.6569,48.1238,108.8171
276.0277,149.0247,37.6281,120.7667
276.4279,186.4753,37.7775,82.5860
278.5168,156.7324,27.8158,62.1846
278.0945,154.8245,26.8235,57.2792
278.0300,173.2288,24.1253,41.0307
275.4712,178.1493,18.6306,33.9147
2
0
0
0
0
1
295.4370,139.0690,92.1667,129.9615
243.0295,80.5240,97.8346,166.5451
284.4136,143.4772,109.8088,119.5650
286.7361,156.8835,130.4283,114.3070
284.8513,152.6640,127.3470,117.8096
289.7085,145.5286,128.2268,125.1307
287.1665,111.9622,84.2438,208.4537
282.0346,155.2021,126.6880,116.0310
288.8114,160.8183,122.1684,116.5976
290.6132,161.9448,125.6674,120.4821
247.3466,87.1216,100.9450,178.1038
283.8319,148.2854,133.5000,126.2991
284.7731,173.5961,114.8481,112.2646
285.4575,174.6680,100.8360,112.6409
299.2966,175.2603,63.7788,112.6725
254.0421,88.8577,57.8323,113.5422
251.7269,90.9214,55.9188,138.0604
259.8003,89.9634,61.2446,158.1376
261.8051,167.6719,86.4729,116.4127
237.2568,163.9626,94.4099,105.1847
236.8173,157.2266,101.5393,114.8099
228.7144,158.5807,109.2079,119.5634
208.6236,171.7813,114.1850,109.9853
209.8560,168.5740,113.5729,113.0496
203.0975,168.6711,118.7645,114.2154
197.7890,168.6987,125.2680,115.9244
200.6689,168.9496,123.4922,116.4629
194.1929,165.1466,117.5458,122.0915
193.4874,172.6922,116.8810,118.1859
198.0141,168.8954,114.9411,123.5003
196.3837,167.7866,108.6942,125.1443
203.8893,169.2507,111.1129,119.9712
201.9159,157.8589,104.6749,132.2473
202.7265,161.6615,105.6555,129.7387
233.7767,126.7516,67.5449,163.6564
204.4482,119.9771,91.4720,170.2567
204.1464,114.7100,96.4884,172.5101
209.3444,72.1567,85.5499,221.3542
210.4259,67.9101,88.2962,224.7182
219.4834,65.3752,74.8669,230.1396
223.7252,61.9226,69.3008,232.6234
224.9342,62.6552,68.1939,231.7370
221.0188,62.1583,72.4388,231.6007
221.1258,64.0164,75.6311,229.7356
221.4068,63.4341,77.2463,232.7359
220.8691,65.2208,77.4113,232.0694
224.6725,71.9894,76.3680,227.2487
227.1271,74.0049,72.0811,223.9521
233.2627,76.8426,70.0809,225.8255
230.8477,79.1183,73.7607,204.5147
2
0
0
0
0
1
271.2040,132.2747,98.0456,154.5556
264.2984,153.2277,99.8794,143.0668
268.3156,122.8329,87.9366,175.6792
275.7705,140.4299,86.7117,158.7379
245.2271,166.2802,167.0091,132.4206
275.2466,108.8697,149.2759,194.1482
283.9926,3.5589,111.3972,308.4485
236.9564,29.7355,140.3808,268.2087
219.3604,0.9815,146.3052,311.4335
268.0742,6.3388,199.5845,325.7525
251.0031,4.2516,371.3160,316.4906
271.5690,0.0000,363.9673,347.4462
282.2366,0.0000,357.7634,345.0346
270.1962,0.0000,361.5376,322.8608
275.6916,0.0000,361.8609,347.6366
289.9465,0.0000,344.6321,347.7924
240.2430,1.7585,399.0615,337.4483
252.4697,0.0000,387.5303,349.0619
272.6049,0.0000,367.0529,349.8157
213.5832,0.0000,426.4168,345.8182
260.1000,0.0000,376.1654,349.3116
260.4205,0.0000,379.2041,333.7243
258.0499,0.0000,381.5963,343.8571
281.8059,0.0000,354.5849,348.3343
273.2487,0.0000,366.2992,344.9182
280.0391,0.0000,355.2125,342.4849
283.2167,0.0000,356.7833,343.6353
285.2301,0.0000,354.7699,347.1505
294.8032,0.0000,343.0688,342.3834
223.4967,0.0000,414.1762,181.4119
193.0738,6.3886,394.6550,344.4844
279.4870,0.0000,360.5130,345.9618
279.9213,0.0000,360.0787,346.6418
279.6968,0.0000,356.9255,345.7039
277.7823,0.0000,362.2177,346.6704
245.9914,0.0000,392.8906,345.9341
276.0036,0.0000,363.9964,349.1545
280.4726,0.0000,359.5274,316.1788
261.6535,0.0000,378.3465,347.4981
263.7465,0.0000,376.2535,346.7768
265.1435,0.0000,373.8727,341.8498
276.7443,0.0000,358.5457,343.0594
272.5997,1.1057,367.4003,345.8450
277.0591,2.2696,362.9409,344.3907
280.6975,0.0000,359.3025,347.8495
281.0341,0.8666,358.9425,344.9742
267.6017,0.0000,369.5923,339.1614
272.1562,0.0000,367.8438,346.7573
2
0
0
0
0
1
2
0
0
0
0
1
2
0
0
0
0
1
2
0
0
0
0
1
2
0
0
0
0
1
2
0
0
0
0
1
2
0
0
0
0
1
2
0
0
0
0
1
2
0
0
0
0
1
2
0
0
0
0
1
2
0
0
0
0
1
2
0
0
0
0
1
2
0
0
0
0
1
164.6685,132.3061,128.5239,147.6060
170.8276,126.7372,121.0492,147.1896
169.5327,113.4642,122.8717,161.9798
172.5129,139.9668,118.4741,130.2203
179.6028,97.1944,111.9116,170.0255
178.9505,117.6030,112.5216,149.7201
186.3084,92.0707,106.9392,172.1959
200.9348,69.8155,100.1535,194.7114
201.1515,100.9847,126.1285,178.0523
210.8358,93.7001,91.0378,189.6489
222.7372,94.2682,81.8701,203.9682
236.6966,88.0989,77.7219,213.4583
230.5578,112.5593,72.4117,183.9665
241.7825,105.3744,67.2396,200.6387
2
0
0
0
0
1
255.1532,120.6844,106.9679,191.5270
268.9729,135.1872,104.4319,208.4213
284.1088,172.0747,180.6280,147.9052
269.2353,167.4412,235.6554,138.0309
