1
154.3876,39.8885,75.3078,80.8861
2
0
0
0
0
1
2
0
0
0
0
1
218.8698,40.7505,63.6330,74.8032
256.4293,84.9625,62.7855,75.6493
258.1255,84.3773,61.7587,76.1406
257.6856,83.1859,60.8593,76.3704
257.7637,83.2474,60.6686,75.7824
255.9338,83.3724,59.5966,74.6705
255.0875,84.3726,59.6376,73.8503
254.0085,84.6977,59.4029,73.9924
252.9957,93.2324,58.9446,74.3596
252.9957,93.2324,58.9446,74.3596
2
0
0
0
0
1
168.2115,48.0723,70.8386,65.9180
2
0
0
0
0
1
243.7894,111.3814,56.3920,77.0840
250.7436,110.5053,55.3970,79.2953
248.8298,118.4453,54.5940,80.8002
246.7507,117.3703,54.1882,81.6457
2
0
0
0
0
1
186.4282,10.1113,46.0569,83.7266
177.9943,3.5213,50.5557,84.4977
177.9943,3.5213,50.5557,84.4977
177.2712,5.2879,51.5017,84.8746
170.1778,5.2724,50.8511,86.6801
2
0
0
0
0
1
181.5453,4.7049,49.2568,95.3511
156.6111,32.5070,49.1018,96.2137
2
0
0
0
0
1
224.9476,102.4380,52.7313,87.2141
2
0
0
0
0
1
168.2417,36.5362,61.6069,94.6593
179.4977,17.4854,60.8754,94.9274
189.9575,9.2811,59.8303,96.0014
207.1610,96.6842,62.9689,93.2708
214.6509,105.6098,62.3117,94.3504
2
0
0
0
0
1
101.1377,71.3913,81.7408,91.2367
97.8520,71.1228,89.6387,92.6340
180.9442,118.6257,87.0103,95.5044
2
0
0
0
0
1
96.1955,78.4673,80.1414,100.9091
97.3531,66.2815,77.7779,105.9178
100.1652,65.9646,73.7716,111.1959
100.4554,65.0020,73.0039,114.2512
99.1161,65.6102,70.9974,118.9592
100.0449,56.6116,70.8308,118.9571
100.0449,56.6116,70.8308,118.9572
100.0449,56.6116,70.8308,118.9572
100.0749,72.7105,71.0856,117.1721
98.4452,72.0138,70.6882,118.4752
103.2568,81.3311,68.3891,125.7059
105.4587,76.2565,60.4213,138.4182
113.6369,75.5158,59.2456,141.2215
111.6008,65.8728,60.4730,142.3180
101.6160,58.1124,61.7433,140.0652
91.8153,107.2692,82.6293,113.1180
92.4250,85.2482,83.4246,112.4214
91.8458,78.2733,85.7952,109.4534
92.7432,79.7117,86.1768,110.9362
94.6645,68.6230,84.5830,113.2573
95.2931,72.1689,84.7789,113.0981
95.2931,72.1689,84.7789,113.0981
95.2931,72.1689,84.7789,113.0981
96.2360,62.9219,84.3146,113.1319
93.4076,60.8589,82.8838,115.0045
168.3968,48.0444,82.8437,115.4908
184.0087,60.6321,83.1705,114.9016
97.9858,63.8775,82.4105,114.9773
97.9858,63.8775,82.4105,114.9773
2
0
0
0
0
1
204.7041,82.6740,47.7979,96.9162
233.1712,92.5022,47.7460,97.0887
226.4253,117.4862,45.0452,103.3394
244.8789,117.6062,44.9878,103.1851
2
0
0
0
0
1
197.6642,11.1457,42.7961,91.1800
190.4052,17.2704,42.4228,91.6412
2
0
0
0
0
1
227.3104,70.6302,50.1052,80.8637
244.2831,65.8779,47.9088,79.4642
241.0588,80.6078,38.9289,94.7730
246.1931,67.3297,40.8276,92.5562
229.2099,60.4853,40.2754,92.3349
203.0925,20.4021,39.9804,93.6589
2
0
0
0
0
1
215.2819,104.3224,44.9574,82.7432
220.6160,123.3740,46.0797,77.5028
219.9847,122.2181,43.7179,78.5332
219.9442,121.8208,42.3467,80.0711
214.7641,116.0011,41.9525,78.5942
220.4333,126.5167,42.3675,74.0558
212.9091,147.3234,47.2117,63.9718
212.0089,153.8679,48.9398,60.6826
211.5621,155.2563,51.0871,56.3404
222.6481,139.4570,45.1577,61.6628
217.8014,119.8218,43.7796,61.8330
212.1198,112.8919,43.6855,61.1438
226.0963,133.0629,42.2850,60.2103
234.1816,150.1836,38.7641,64.5204
214.7484,151.2697,41.2945,59.2187
238.6143,151.2216,40.4510,59.0599
232.3611,150.1152,40.0091,59.5569
228.1912,148.2431,38.1301,62.2203
239.9132,147.0711,38.3735,61.7694
239.9240,146.7852,38.4929,61.3325
233.0911,152.4400,38.3760,61.0415
240.0985,146.6599,39.0253,60.2439
240.4615,147.8768,39.2205,59.5293
234.2375,153.9146,39.4051,58.8146
198.7149,183.1742,39.5046,56.8258
184.5856,128.8995,39.8864,55.9731
217.4011,139.9013,37.1616,58.5433
2
0
0
0
0
1
180.5273,69.5373,60.6879,92.4360
191.3795,59.9813,59.6800,93.5052
201.8000,50.5447,59.1248,94.0621
201.8000,50.5447,59.1248,94.0621
201.5252,50.4770,59.1540,94.0200
2
0
0
0
0
1
96.0070,60.0742,80.3165,102.1892
94.1658,49.9794,79.6342,98.9731
107.7904,63.5895,75.9138,92.8547
93.2626,69.2489,80.4165,81.3947
82.3490,67.3637,81.6461,79.7295
81.6863,62.5535,88.1465,73.0626
73.7717,43.6549,88.5660,71.8342
75.7659,61.3288,86.6940,74.3154
70.7831,51.9520,91.8418,70.8478
69.7859,35.2368,92.3882,69.8677
66.8409,48.0914,94.8298,67.9918
88.7624,84.7885,90.9197,70.7767
89.3353,82.3733,90.1237,71.0625
91.6497,88.3816,89.3333,71.3577
91.6497,88.3816,89.3333,71.3577
93.6472,74.9682,87.8223,72.9377
61.7220,45.6387,89.0319,73.8182
110.6676,65.4264,87.2326,76.8110
110.6676,65.4265,87.2326,76.8110
110.6676,65.4265,87.2326,76.8110
110.6676,65.4265,87.2326,76.8110
110.6676,65.4265,87.2326,76.8110
2
0
0
0
0
1
68.0860,54.6564,105.5152,61.2246
58.3025,57.7869,105.9462,60.4048
66.4377,50.1133,104.8116,60.6216
74.7798,51.3609,103.4574,62.2821
74.4788,52.5147,99.9881,63.8839
71.7362,46.2547,99.7027,63.7905
68.4024,48.8753,101.7348,63.1617
68.5693,42.7339,101.7415,62.2607
68.0508,44.8674,101.8853,62.6120
77.8337,48.1145,100.6587,62.4498
78.0819,50.1962,98.4020,63.6675
69.2300,71.5921,99.2573,61.8543
69.0416,44.1344,99.3166,61.5516
70.0559,75.8734,100.5339,59.4955
88.3735,77.8243,99.4370,59.8356
96.3828,87.6154,98.0790,60.3582
68.0367,51.3160,97.9927,59.3715
66.7825,44.7904,98.5697,58.7334
96.9931,77.5457,97.2065,59.0989
76.6558,49.4639,96.1158,60.9006
66.7368,41.2651,97.2084,59.7943
105.0716,83.2854,98.9346,58.4174
75.6671,53.6580,96.5200,59.5582
111.7098,86.4025,100.6995,57.3692
69.2936,50.1513,101.8642,55.5418
106.8798,100.9667,101.8300,54.3929
69.0542,53.0926,101.7994,53.8935
125.3107,102.0203,102.9218,54.0728
66.0546,55.1464,102.7632,54.1576
66.0621,47.2199,103.8145,53.2652
66.0621,47.2199,103.8145,53.2652
66.0621,47.2199,103.8145,53.2652
2
0
0
0
0
1
159.3700,59.4798,89.3963,64.0554
2
0
0
0
0
1
178.4044,104.5995,103.8282,57.2625
180.6174,93.7087,103.4488,56.9567
181.4003,93.2950,104.1981,55.7978
181.4003,93.2950,104.1981,55.7978
181.4003,93.2950,104.1981,55.7978
181.4003,93.2950,104.1981,55.7978
2
0
0
0
0
1
2
0
0
0
0
1
175.0383,26.3265,65.0810,67.6688
167.5615,9.5569,64.8759,69.1535
167.5615,9.5569,64.8759,69.1535
167.1376,1.3545,65.2501,69.0438
2
0
0
0
0
1
235.5525,79.0553,69.7286,80.5413
255.7514,59.4379,64.2486,81.8012
255.7514,59.4379,64.2486,81.8012
2
0
0
0
0
1
173.9687,92.8170,77.2654,101.4557
193.8543,92.0957,76.5676,102.8031
192.4332,102.7611,76.1956,103.6656
192.4332,102.7611,76.1956,103.6656
192.4332,102.7611,76.1956,103.6656
192.4332,102.7611,76.1956,103.6656
192.4332,102.7611,76.1956,103.6656
192.4332,102.7611,76.1956,103.6656
192.4332,102.7611,76.1956,103.6656
192.4332,102.7611,76.1956,103.6656
2
0
0
0
