1
363.1693,100.6515,72.0198,15.7626
2
0
0
0
0
1
272.4126,97.1144,40.8433,32.9342
300.3625,116.1905,40.2254,33.0971
284.4657,79.8518,35.8160,37.4044
286.9456,95.9250,31.6643,42.1101
297.7833,116.4241,31.9174,41.4403
307.5126,128.6869,33.5613,38.6872
2
0
0
0
0
1
270.7756,55.9650,19.9312,63.6111
262.7867,67.0627,20.5146,63.0155
2
0
0
0
0
1
262.0442,58.3508,34.0152,34.5189
289.2195,28.8826,33.7356,34.8195
279.2657,49.1811,35.5292,32.7516
289.5297,22.5866,33.2510,35.0799
285.3606,0.9428,33.2652,34.1077
279.3277,-4.3698,36.6659,29.5516
261.0467,-2.5332,40.1354,25.5348
241.1694,2.5937,38.6335,26.4291
2
0
0
0
0
1
259.5996,63.6281,28.6483,40.9939
273.2961,41.5121,29.3174,40.7131
255.4838,74.8224,29.7646,40.6947
270.6725,54.1037,29.0510,41.7813
249.8304,88.5381,30.1449,40.8513
264.0006,65.5915,30.1798,41.4636
228.9251,61.0833,32.0850,40.9209
2
0
0
0
0
1
248.7678,105.1232,38.6387,34.3680
224.7111,124.6065,41.9372,31.9155
201.0997,132.8228,39.1724,33.9025
235.1293,123.9546,41.0317,32.0729
203.2461,140.2261,37.9885,36.4947
225.6030,125.0261,37.1505,36.7938
212.4673,156.2802,35.5639,38.4993
197.4332,176.4071,34.1805,39.5505
201.8070,206.6367,35.2588,38.6433
201.3842,225.6532,35.8937,38.3090
2
0
0
0
0
1
211.4620,203.0750,26.7317,51.7749
203.0761,219.2818,28.9604,49.7669
200.3432,242.3756,32.5305,45.2340
202.9004,256.4657,35.0617,43.0025
2
0
0
0
0
1
250.1703,283.1561,27.6822,44.7912
237.3116,258.4212,27.7701,46.1560
251.7391,285.0111,26.7675,46.2402
246.4268,259.7592,26.7115,46.0960
257.5173,294.7541,23.9064,49.5044
259.3751,320.7505,26.4709,46.1973
256.4698,282.9070,24.0538,49.3447
243.7595,261.7093,28.1176,44.8277
2
0
0
0
0
1
263.2500,359.1592,21.2259,55.2504
266.8996,375.3141,24.9212,51.1224
257.2695,375.4908,24.1045,50.9308
263.9071,353.0566,22.6039,54.8775
253.2211,378.8039,23.2469,54.9559
267.6735,354.7343,22.1681,55.6065
248.3276,392.5312,22.1664,56.8497
258.4997,369.0971,23.2424,56.3363
247.9530,402.9132,21.4745,57.2586
257.1098,378.6942,21.4463,57.6600
243.0608,418.6059,21.8414,57.6259
250.9251,451.6431,25.8176,53.2308
2
0
0
0
0
1
221.4866,444.9567,24.9160,53.8000
245.7809,416.3175,24.0574,54.6130
235.2342,449.0254,23.7336,54.4382
244.3127,413.8939,23.4448,53.5072
239.8881,451.4326,21.7836,54.4829
223.2561,480.2255,28.6992,48.7423
2
0
0
0
0
1
241.5014,473.5598,24.7096,49.4203
271.1587,473.5868,28.1043,45.9424
278.0226,493.8553,31.4685,43.0746
2
0
0
0
0
1
252.1804,561.7632,21.9804,55.6853
263.2187,522.9641,21.1361,57.0126
253.5187,558.8733,20.7275,57.0086
268.6525,580.0526,22.9620,54.8287
248.1483,594.9522,23.5043,53.9575
2
0
0
0
0
1
262.8246,597.2581,40.3843,31.9627
2
0
0
0
0
1
421.0175,503.0677,39.4653,31.6047
397.1216,515.3599,38.0870,32.0561
2
0
0
0
0
1
482.4135,526.0004,20.7496,55.1944
488.2155,483.2341,18.8987,56.3481
487.3433,524.6208,19.3965,55.7477
492.5920,501.0502,18.7630,56.1308
483.1958,539.2732,20.4373,53.5594
492.2020,517.3182,23.8547,49.7699
473.1461,554.7535,25.1419,48.1345
482.9718,524.1224,25.7072,49.2516
470.5182,562.5062,25.0829,49.7008
473.3629,567.5605,24.6352,49.3993
470.6655,552.1033,23.0152,51.8141
488.9980,585.5139,23.7064,51.0264
475.0528,567.5773,24.4052,48.9008
496.5822,603.7536,25.0731,48.1139
487.4627,592.8694,24.5893,46.9778
507.6082,626.9379,26.7783,44.7797
494.2987,608.4804,25.7259,45.6172
519.1909,631.7871,31.0919,41.6607
533.5698,607.0314,28.6551,44.5561
529.4685,603.8112,29.1881,45.3628
540.3516,581.3510,29.0349,45.4418
532.5373,594.6444,28.7590,45.5978
517.6685,589.6298,30.0059,44.5411
553.0009,541.0422,27.9003,48.6961
547.0297,554.7686,30.1250,46.5122
2
0
0
0
0
1
664.5402,559.2944,36.3108,33.7499
679.5746,567.9781,35.4892,33.9344
664.0665,556.9887,35.3495,34.1134
687.6763,569.2629,35.5734,34.4135
711.3347,595.0881,36.3598,35.1243
696.9254,580.7795,36.1105,35.5446
720.4124,601.8430,35.9756,36.0356
738.2907,616.5778,37.0261,36.4271
717.9163,602.3788,37.4899,35.6684
747.5059,626.5841,38.9203,36.0893
759.7991,637.5911,41.8601,33.0150
780.4948,622.1856,40.4781,33.3847
779.6378,625.8562,40.1604,33.3720
798.4498,606.6650,39.4595,33.1872
790.5251,598.1589,35.9175,36.8560
2
0
0
0
0
1
784.3146,624.3830,40.5227,32.7526
770.3997,633.9397,39.7503,34.3753
2
0
0
0
0
1
882.8883,617.0685,68.7466,24.7939
856.3081,623.0067,69.5854,23.6584
896.1514,610.1511,66.5138,25.8726
920.1262,607.5865,62.8166,27.4882
900.9601,613.9070,64.3381,25.9496
926.5228,602.4969,61.5570,26.9996
896.1777,618.6510,61.7632,26.2014
943.1542,603.3730,61.9757,25.7268
957.3387,598.3335,58.8070,26.1506
938.5547,609.5705,59.0990,24.8704
967.2816,599.8815,59.2084,23.2926
975.6519,598.7149,58.0151,23.0841
1008.5374,593.2576,53.3338,26.2369
998.2623,594.3839,51.9283,25.7545
1009.9208,598.7678,51.6318,25.7332
1037.4691,603.0728,51.3602,25.7912
1004.4356,599.5585,53.2173,23.5550
984.2639,595.1808,51.2095,24.1267
2
0
0
0
0
1
1025.3252,618.9886,65.8281,22.8510
1068.2096,613.4235,64.6347,23.6202
1036.8652,624.5077,64.1027,22.1392
1089.8396,603.4440,61.7104,23.7538
1087.4471,611.6858,58.6089,26.0132
1118.6251,595.5425,56.8826,24.8171
1125.9214,596.4364,54.8644,23.9242
1132.3240,596.9125,53.8200,23.7168
1134.1326,596.7158,56.0487,22.8190
1137.3986,596.6548,59.3660,22.1246
1159.0870,596.4908,59.1232,20.8387
1168.0411,602.7985,50.9430,28.8627
1177.6163,616.4839,43.5691,36.5766
1186.2599,620.9968,37.0392,43.3420
1194.5372,636.8613,31.9865,48.7948
1191.0264,626.8290,28.3650,53.3584
1208.0685,666.1288,25.7480,56.5594
1199.4509,652.3812,23.2749,58.5054
1199.4214,669.3399,23.3122,57.6928
2
0
0
0
0
1
1400.2069,677.8102,22.0430,41.6870
1400.2271,675.9709,22.0419,41.6866
2
0
0
0
0
1
1552.3164,502.3065,28.8455,42.6361
1541.7998,471.6143,28.9695,41.9666
1523.8615,450.4038,28.7283,41.4621
1519.0654,437.9464,28.5303,40.5861
1501.3773,417.5795,28.2765,40.3646
1492.5387,405.5787,27.6726,40.4572
1475.2898,381.8770,26.9751,40.8886
1467.3210,371.3929,26.5647,40.1361
1463.6620,363.9615,25.5939,40.4962
1460.4155,353.7330,25.1680,40.0541
1464.7247,362.9565,25.0011,39.8574
1456.7654,351.3465,24.4235,39.1930
1456.2302,351.4784,24.4114,39.1758
2
0
0
0
0
1
1152.4215,353.1890,79.1668,14.1453
1130.9877,352.3021,77.3360,14.2564
1109.8491,352.8128,74.7030,14.3287
1089.9353,353.2930,73.8621,14.1497
1082.4303,352.0011,74.3087,14.6455
1079.8379,351.5274,74.9313,14.9955
1076.5126,351.5169,72.0663,15.0902
1072.0936,351.8136,66.4610,15.2255
1071.5502,351.4758,60.2915,15.7842
1068.0214,350.2496,54.7811,17.7344
1073.9126,354.8311,51.6973,18.4304
2
0
0
0
0
1
974.0835,362.4323,37.4586,26.7088
1001.0134,378.9492,35.9461,27.9248
1023.9543,391.2064,35.6956,28.0416
1031.0502,396.7636,31.6432,31.8820
1021.3903,411.9788,31.8632,31.8365
1030.4858,385.7048,29.8698,34.3147
1015.6085,413.2899,33.6918,30.4764
1002.4005,401.5807,32.3212,30.6479
1014.5705,413.1986,31.7458,30.1021
981.8292,384.7767,32.7080,29.6391
998.4166,387.4391,32.2249,29.9235
2
0
0
0
0
1
794.6740,335.5648,63.9954,18.8873
779.0202,330.8965,59.9831,19.3454
798.1404,344.5957,58.6523,19.9226
816.9247,354.2821,58.3825,19.2413
2
0
0
0
0
1
634.0267,298.6283,48.1944,24.4640
618.7841,294.6832,46.4548,24.5922
605.7809,286.7146,43.2732,26.2822
588.3405,281.5327,40.8806,28.5018
574.3963,269.1756,40.6103,28.9344
573.3638,259.0105,38.5484,30.9713
550.4479,263.8534,37.3967,31.9619
542.3376,250.1308,37.5975,32.1426
540.5723,255.3096,36.5830,33.1079
533.1010,249.0129,35.3704,34.1975
525.6177,259.4517,35.8257,33.5915
512.4947,250.8267,35.9187,33.2665
501.0141,250.5390,35.6000,33.4449
2
0
0
0
0
1
389.3219,298.2019,57.0352,18.1209
2
0
0
0
0
1
276.8860,212.3774,25.4790,48.6114
290.4198,238.9335,28.2452,45.4209
267.4073,194.2723,25.5779,48.1293
276.4613,218.7020,25.2354,48.1080
262.8767,179.0648,24.9332,48.2652
272.5358,199.9612,24.1600,48.5928
258.0632,164.0722,23.5097,50.2502
267.7504,186.6127,23.0025,49.4011
249.6012,161.5125,22.8372,48.6521
216.0838,149.5064,26.3397,46.6533
2
0
0
0
0
1
329.9830,116.4586,51.1164,20.3073
314.2151,120.5680,50.5640,19.4401
342.9469,111.8878,50.8173,18.5724
316.4442,116.7232,49.2052,18.5049
348.4024,109.2554,49.2018,17.7720
372.7002,104.2562,47.3613,18.0772
382.6757,95.8721,44.2952,20.1815
2
0
0
0
0
1
434.7048,119.7083,47.4944,27.1077
408.9145,111.5467,47.5388,25.7906
444.9986,124.3420,47.6196,25.8278
416.9144,114.7747,46.4823,25.3893
456.6013,130.8170,46.5543,24.8468
