697.0000,256.0000,86.0000,216.0000
692.5576,259.1271,88.9791,218.0236
684.7663,252.7059,98.7954,213.9161
675.6902,248.5909,106.6891,215.7382
673.3716,252.3819,101.3149,217.4098
659.4966,253.5720,127.8706,210.3693
656.7113,251.6314,118.4612,215.3877
654.7390,258.6843,109.5903,209.9760
651.5176,260.7620,97.7212,207.8700
655.2986,256.8783,80.8548,203.6746
654.2112,257.0147,79.8565,213.6022
641.8566,248.9735,86.3907,213.1653
633.7042,248.0151,89.4834,217.2855
619.2751,246.2047,100.5147,218.3843
607.6196,242.2546,112.1098,227.5077
601.7441,240.2117,109.8849,227.5829
597.8375,242.6694,108.9989,235.8605
594.0571,245.4924,111.2529,228.1640
596.9162,248.1334,101.8641,219.8958
593.2081,254.4087,95.0143,222.3002
591.4186,265.3426,79.6234,213.7242
587.1011,258.4070,79.3892,210.3697
592.5621,264.3823,70.1851,206.8452
583.5532,263.8521,79.6284,210.2856
574.3519,260.1071,85.4035,211.2660
568.4651,257.9862,91.3241,217.7134
565.3970,258.6704,94.0300,215.0195
563.3900,261.1813,93.9737,213.7594
557.1981,262.9229,94.8896,209.2755
541.6723,260.1242,100.4743,209.5786
541.7084,271.7651,84.0052,203.6172
538.6937,267.3644,87.4845,204.0376
538.4448,269.5669,79.3767,201.4022
534.5509,262.1055,71.1387,204.5374
525.6395,262.1342,72.9512,205.6730
522.1310,259.6089,75.0157,208.4771
523.9682,257.9392,76.3438,217.2743
525.3452,257.9501,67.2549,217.8023
520.9615,260.4354,75.6572,216.2281
518.7242,268.9113,79.6020,205.1476
518.2153,273.2904,75.9284,191.9344
512.6251,279.3803,79.0181,191.4197
515.9673,274.9020,69.0266,186.9667
512.2787,274.8279,71.6428,186.2801
514.7878,269.0902,69.2181,191.1325
513.0295,266.3915,71.0244,184.0847
508.8710,259.6108,76.9795,183.9830
500.0742,254.6726,91.4667,190.9587
502.0012,254.5576,97.2987,191.2888
506.2785,251.1129,103.6732,193.9142
512.0235,250.5041,102.2884,195.7637
515.4454,248.9517,100.2980,194.8108
512.8393,255.1956,100.2590,194.4112
514.2148,253.9356,99.2046,184.6134
517.7712,250.2455,91.9672,193.2112
522.1760,253.1915,84.8095,194.9924
525.1991,247.9536,84.2535,196.8290
532.4204,251.4626,74.5203,192.3073
532.2552,253.1698,66.0145,191.0275
527.6202,254.7210,71.4321,189.9705
526.7393,259.8209,70.1325,186.9413
522.5648,261.1184,72.0387,187.7197
520.4330,261.2471,65.7654,180.1679
512.0385,258.1426,74.7302,185.3985
510.9845,260.7293,72.6504,179.9987
499.7209,264.2010,83.3759,177.0570
498.9320,258.5716,84.2941,178.2036
501.1655,264.7084,82.1460,181.8780
506.3344,265.4262,79.5699,176.2055
510.1607,264.9521,71.7281,178.3787
508.4983,263.7844,73.8466,176.2819
508.4008,264.0334,73.6240,171.0149
509.7671,262.4086,74.6433,179.9617
508.4768,253.9718,79.3429,182.2043
509.9359,261.6040,74.5313,177.5479
505.6794,259.5104,80.8880,179.1979
507.3893,262.2986,69.2845,180.3571
503.7392,263.6612,70.8225,169.6194
501.2434,265.4349,72.5196,172.9592
504.7314,264.3637,61.8324,170.9921
502.3240,265.0640,60.1173,172.8457
500.4393,264.9836,55.8275,171.7083
495.5302,271.0435,57.6091,167.6336
494.3788,271.6174,52.3253,168.8317
490.4939,277.3021,58.3014,163.4144
493.3767,276.1217,49.4039,159.1733
496.0024,280.1520,55.4860,159.5889
498.6407,276.2866,58.6021,156.1663
502.8398,273.6173,59.8747,159.1973
503.7605,269.3251,58.1006,160.3329
496.0062,271.6118,63.7983,154.7333
484.9940,268.8971,69.9049,153.8824
474.8112,264.6130,76.7957,150.7621
470.9427,258.2674,74.2713,152.6588
477.0563,253.9798,66.2570,153.6058
482.0769,253.6134,59.6025,150.7338
484.2154,245.1941,51.8645,151.0002
478.4701,242.0828,56.7999,155.0762
473.0977,232.5425,60.4093,158.2852
469.1958,224.4546,61.0888,159.6488
469.9762,224.7441,59.5384,166.5476
471.1328,227.8589,58.5690,157.2513
469.6927,237.7801,57.7609,155.7709
470.3311,248.2611,58.8481,154.8629
476.4306,266.7664,54.0149,150.2481
477.3833,276.4715,56.6535,147.5883
480.5941,284.3793,57.8372,143.6766
484.3413,287.8160,58.9964,142.5742
489.0288,288.4652,63.7037,141.0981
494.6336,286.9403,69.1247,142.8132
499.5819,287.4022,75.9450,140.4023
506.2112,286.8098,73.7017,140.7873
502.5626,284.0137,80.8433,141.5154
502.0772,283.7755,80.7893,137.0264
502.9257,284.7724,77.5569,137.9947
501.9492,282.5068,74.3240,140.8348
499.9729,279.6729,62.4864,141.7031
499.2710,282.1924,63.5870,142.9548
494.3444,279.6798,67.7902,140.1225
494.7240,277.0727,64.8236,144.3969
494.3694,277.7414,65.8120,144.1162
494.1337,279.8112,64.8072,143.2318
494.2722,283.9071,65.9763,140.6938
497.7612,280.0445,61.6267,141.0876
499.7898,280.1271,63.4145,140.6578
501.3048,279.4793,64.7190,141.9741
502.5996,278.6478,66.3933,140.5721
503.0412,277.7419,68.2967,141.0472
504.1758,278.6868,69.4030,141.1357
505.3953,276.9594,65.9727,143.4392
502.3524,279.3447,72.0912,143.0578
496.4545,282.4043,82.6664,137.4679
497.2052,282.0915,76.9335,139.7318
493.5335,281.2323,81.8414,138.1093
491.6671,283.5101,83.9365,135.7581
489.1933,282.8521,87.4320,133.4851
507.0405,283.8654,65.0224,133.2466
508.8955,283.8727,61.2916,135.9360
508.4348,285.6971,59.2028,136.8183
506.0295,283.8138,62.6322,139.2793
506.5956,284.4273,62.8959,139.8632
507.4801,285.4388,63.1853,139.2423
508.0425,287.8078,62.1966,141.4135
505.1902,288.2349,67.1664,138.5574
506.5050,291.7668,68.0028,138.3997
506.5480,290.8907,68.4963,138.5134
509.0465,290.9706,69.4835,138.9367
508.4131,296.9167,73.2418,135.3764
511.3282,301.9047,71.1481,130.2970
511.6459,306.4643,69.4525,134.1538
512.2618,309.8790,70.1557,128.1551
514.0695,309.1827,70.5558,127.6375
512.8264,306.3714,67.6454,128.0689
510.1737,308.2239,69.8098,131.3344
512.2082,304.9450,65.2309,129.6435
511.2937,303.6888,64.5242,123.2686
515.2326,305.9226,61.4365,124.1062
512.4759,301.3370,67.4607,122.1437
514.6373,300.5170,64.2600,121.5942
512.6279,297.4439,68.5788,124.2915
514.6795,296.6847,67.4484,124.0011
516.3210,296.5453,73.6900,124.6763
516.2041,295.2859,85.6675,126.6012
515.4283,292.0772,88.5767,133.5936
514.2447,291.6390,90.3503,138.5501
512.6887,295.1897,92.5899,130.8682
513.3304,296.0711,90.1650,135.9018
516.0079,298.9982,86.0914,127.8494
530.5568,298.5718,68.9337,131.1144
536.4575,297.7471,57.4993,127.7889
535.1212,297.8206,60.1785,129.4664
534.1822,296.3890,61.4959,125.2497
535.3935,294.9149,58.4130,123.5415
533.9747,295.3744,60.8316,124.5124
522.6528,299.7704,73.8576,123.3093
520.7265,301.5541,71.9524,124.0324
513.1675,303.8235,80.7550,125.1326
515.0764,307.0604,79.1020,122.0064
510.5378,310.7697,81.7887,129.9166
511.0761,313.2907,81.4400,130.5279
505.4658,315.8987,90.0263,116.7011
504.1645,313.4955,91.9401,127.4037
506.8530,317.5445,69.4623,109.2939
508.5830,313.9803,59.2606,116.7250
509.3215,311.5739,55.2464,121.9277
508.4937,311.4974,57.8238,117.2539
506.1031,309.7802,56.6351,116.4939
500.9775,312.9082,58.1733,114.5485
500.0279,313.3115,56.1420,114.0607
499.4765,314.0637,55.5585,110.6119
499.8433,310.8384,55.6978,116.1781
498.8940,310.7728,56.7151,118.2835
487.0750,311.9125,70.2372,114.6544
482.3882,313.1683,68.5731,110.2468
451.0089,316.0535,79.0398,108.0708
449.8467,314.2909,95.2290,119.4295
447.5275,314.4128,87.0715,127.4518
444.1191,315.1057,78.5160,119.7664
449.1658,321.6790,61.1399,111.2596
454.5987,324.4652,55.1124,109.1207
461.4206,322.2357,48.9770,107.2874
462.0638,321.3461,53.2284,101.5844
462.1045,318.7825,57.1403,110.0448
449.1898,317.7276,72.2093,111.2772
443.0809,318.1344,78.7579,106.3969
454.9384,315.8428,64.1614,114.2459
456.3070,321.4898,63.1920,113.9572
454.9956,327.9756,64.3252,114.0890
450.8119,332.0369,67.9843,107.0141
435.4773,335.9648,65.1902,105.9267
437.8494,338.2114,55.8559,103.1655
460.9368,343.5453,52.6169,95.8046
462.1582,340.0204,48.1404,97.3963
406.0052,335.6442,61.6900,108.8867
456.6027,337.5016,54.2925,98.7473
454.9685,334.4868,57.2195,99.0046
455.4038,331.2697,51.8012,101.1317
453.6605,329.1963,43.6447,103.9942
452.1320,328.8001,35.7385,104.1187
447.4845,327.6505,36.7662,102.1655
441.9420,327.2469,41.0504,104.4664
432.6493,329.1373,50.4823,104.9112
433.8807,329.1364,45.1087,106.9316
432.4858,331.4473,43.4999,104.1469
431.5564,331.9973,41.4610,103.4717
430.3979,334.2914,41.5813,105.0961
419.3582,336.0013,52.6339,118.1926
407.8775,334.1127,58.2948,122.3724
409.4827,333.4488,59.4713,125.2344
413.8242,331.3343,58.5017,130.5630
415.7568,331.1927,62.2441,121.6734
429.3653,332.9776,54.3218,124.1951
440.4515,335.0303,47.5459,120.3761
448.7127,335.0962,48.7887,116.6525
451.7762,336.0371,67.8704,118.3484
463.1527,333.4061,68.3386,118.4691
477.2587,335.3475,56.4095,117.3661
479.7931,333.5021,60.1656,122.4586
482.2073,333.5400,67.9773,121.7982
481.3152,336.6989,78.6033,119.1845
485.5271,339.5856,82.5468,121.2921
483.6961,339.9767,90.7538,120.6607
483.6325,340.4631,94.0449,120.3838
483.5491,340.4995,95.0523,112.4665
484.8549,338.7534,100.9073,110.3629
523.0165,344.5811,72.3134,111.6644
539.9081,340.1861,59.1393,112.6556
546.1933,339.8172,61.0139,117.6491
548.7371,340.7366,67.9565,112.2883
555.6335,343.3907,79.4317,116.5231
554.8135,344.6987,88.7633,110.3213
575.8665,345.6688,69.9504,108.2155
586.8471,344.7093,56.8939,106.8088
589.8581,342.7517,61.8542,115.3241
589.5377,344.8837,65.0891,118.0945
591.4941,345.0615,65.0316,112.4467
584.5995,343.8815,85.8393,126.6519
585.6885,344.0359,96.4242,117.2609
594.9646,342.0754,96.8161,124.0938
603.9958,339.2833,93.0025,137.9021
611.5747,337.4612,86.8406,144.0377
571.4464,336.5664,70.0166,133.3494
578.1367,334.4221,54.5941,134.0940
579.0554,336.0533,49.0783,130.4267
574.9622,337.0648,53.1781,127.0836
573.5500,335.9299,54.3553,121.6093
570.7056,334.5998,54.7231,103.5496
568.8589,332.5988,52.5526,105.7401
567.8066,332.6116,52.7157,107.6283
568.0669,333.0674,53.4937,106.0086
568.7432,336.0454,54.9263,104.7170
564.4207,338.0271,60.7619,100.0285
562.8621,337.4245,62.0523,101.9299
539.2156,340.4235,80.2486,99.5558
534.2762,341.9276,95.6881,99.1505
537.6974,343.3580,93.6922,98.4110
538.1295,343.9671,95.7032,99.9320
537.7747,343.6672,98.1233,106.0484
538.7369,343.7080,81.3806,105.3095
542.6679,346.8553,58.7878,97.6698
546.9891,342.4085,46.4121,102.6210
542.1190,341.6618,51.6408,101.8172
547.4603,340.9673,43.9344,103.9374
549.9132,338.0000,41.6483,105.3723
546.2725,340.4736,45.7495,104.4602
543.4675,339.3907,48.1008,104.6881
542.7870,340.5627,48.4102,104.8644
536.9927,339.4671,58.1703,107.4653
549.3103,339.9413,66.4014,104.7240
581.4514,338.7852,63.0794,100.8747
585.2818,340.1695,56.0512,102.5680
590.3168,337.6000,50.4995,106.2162
591.6642,336.6276,52.2859,108.6107
592.8494,336.6263,52.5340,108.6166
593.2001,338.5385,41.5655,104.1299
524.1617,341.9828,48.3455,103.3964
530.5796,342.8947,59.0966,98.2838
521.9092,345.6704,54.1135,97.2082
535.4377,343.7399,56.7662,100.7971
523.8685,343.5550,64.0967,98.6634
516.0043,344.9216,63.5069,100.6043
514.4395,346.7155,55.0026,96.1318
510.4819,345.2439,59.0100,103.7896
508.0749,343.8211,59.9585,103.9221
505.8829,345.8227,57.4652,97.3745
496.3889,350.6545,64.2750,90.4612
523.1542,340.8901,69.4845,97.5417
496.1436,346.3613,86.5170,96.3669
491.5517,344.1669,99.7370,98.3497
479.3664,346.5217,107.7166,94.8689
478.8160,347.6585,100.2951,97.4515
477.8731,346.6406,97.7139,98.4650
471.8647,351.7577,89.9546,93.9307
468.4175,355.9869,79.7847,90.5419
468.1857,354.5956,66.6002,90.9229
466.5891,355.4266,70.8656,92.9811
464.5197,355.0093,68.5303,89.1283
462.3557,356.0981,68.4411,89.5167
460.2573,355.2370,68.4718,91.0245
458.5992,355.4297,66.5641,90.4977
454.7519,355.1693,68.3283,90.9894
450.4779,353.4516,72.4672,89.9347
448.9058,350.6458,68.9797,89.0489
445.1346,349.8504,74.3506,91.5175
440.0301,349.4264,76.2860,89.8542
436.6082,351.3341,75.0966,87.5476
432.1045,350.1804,76.0349,93.3381
427.3905,350.7784,76.2667,94.3543
425.8899,353.2213,74.6922,90.4246
424.8000,351.6606,74.2602,91.9718
424.6316,350.0179,72.5647,95.6690
422.5031,349.4036,73.3566,92.1358
419.1815,347.1553,74.8182,96.4287
417.8083,345.6527,73.2537,96.1172
416.3203,345.3586,71.6127,100.5946
416.1558,345.1853,69.1101,94.2122
416.6635,345.5618,66.1679,94.3799
414.8431,345.4894,63.2146,95.5251
414.2441,346.3162,59.8751,96.0148
415.8934,343.2565,56.5512,98.9845
416.8882,341.4642,54.4246,98.6701
416.8047,342.5014,53.7180,95.8667
415.7450,344.4590,53.6021,91.4712
415.7596,344.4319,50.3726,91.5613
414.5335,345.6366,49.1918,93.4773
413.1575,346.3821,50.0152,98.3966
412.7286,346.0380,48.1874,97.0099
413.5653,344.7721,46.4330,95.4078
412.0619,343.1334,45.6196,98.2202
412.6434,344.7186,45.5768,101.8758
410.9482,346.5780,46.7274,97.8992
409.7778,346.1935,45.9682,95.4264
409.3427,345.4322,46.5164,97.9927
409.0713,344.6844,46.7199,97.0323
408.9494,345.0209,47.2256,98.3152
408.6249,345.9876,46.8440,95.6324
408.7499,345.5748,44.6920,98.3336
406.6521,346.8763,46.2005,96.8194
405.8259,346.2133,45.8573,99.3414
404.9486,347.6444,46.0932,94.4130
405.0860,346.5816,45.1969,97.6724
403.2900,345.9623,46.6406,98.5210
399.9038,345.9908,47.4470,96.1945
399.7389,346.0450,45.3633,95.1596
398.8001,346.3734,45.5439,94.1814
397.7214,344.2410,43.3217,98.6567
398.9077,337.1461,43.0401,99.9051
399.2168,331.4946,41.1860,107.5340
398.4512,336.4590,37.8811,98.6856
