346.0000,352.0000,56.0000,62.0000
353.0694,352.1413,54.5683,63.1170
353.2338,349.5907,52.7426,62.1309
352.1728,347.7860,55.7961,62.9603
356.2551,346.9801,55.6405,63.7256
363.8311,347.2404,56.8823,66.6378
371.7729,350.4698,60.4808,67.8520
383.5663,352.6773,56.1334,61.3674
394.6820,355.8639,57.0932,61.8369
403.1583,359.0333,57.2556,61.7560
409.1005,364.7799,59.8439,62.0355
418.0193,369.1255,57.5649,67.9828
423.1472,374.1258,59.4958,68.8343
428.3985,380.4926,60.4778,64.5480
432.1234,386.3994,61.0757,60.7916
433.5582,390.0394,60.0528,65.8362
433.3472,392.3179,63.1393,67.5014
428.7706,389.9955,63.9461,66.0667
417.9944,387.8170,67.3157,67.1227
401.6429,387.3374,60.1644,74.7629
391.1286,396.8986,52.9097,68.4685
386.7301,402.7556,53.7875,70.9925
387.2131,407.7253,58.6222,74.9680
395.6497,420.4249,63.8155,75.4570
405.1758,424.3115,65.6815,77.3853
408.3353,425.4944,65.2983,76.1743
407.8484,420.8223,61.0274,77.1480
405.8460,407.1438,66.3544,79.5549
406.0637,400.7974,65.3979,81.4397
406.3307,396.2680,68.8012,80.6142
408.8255,386.6335,67.8964,89.0179
406.1619,385.3976,67.3813,86.9205
400.3171,390.7161,71.1916,89.9677
396.9964,393.8844,73.9882,89.6293
394.5340,391.5601,77.5405,87.1694
397.2502,393.9434,79.9743,91.7770
398.7205,397.4239,84.9237,91.5104
396.6012,399.4737,89.9124,97.7596
393.6836,396.2526,92.3272,99.8717
396.5039,398.5693,95.0956,104.0916
393.5909,397.1724,100.7254,102.6300
387.5050,391.9372,106.4593,116.4755
378.3325,386.2260,109.8200,116.5645
357.9978,379.5343,118.0173,124.3893
340.8745,371.5020,124.2132,125.1277
330.4564,359.5510,126.8122,126.6957
328.4322,349.5401,125.6060,125.9110
335.4186,340.6959,129.0890,125.4124
331.1749,341.5758,130.5820,125.0991
318.3410,336.1718,144.5191,134.8815
307.3242,323.2877,146.2050,151.9805
289.6572,314.4377,153.9310,149.0391
281.5305,295.9767,156.9712,144.4492
272.8217,291.7495,161.6147,137.0444
277.2007,277.3188,160.1718,144.3836
282.2326,261.8388,163.7447,145.5203
291.3916,256.8613,165.3178,155.2173
301.7500,258.6503,173.6415,162.0524
318.5359,252.6083,172.2091,151.6296
341.4738,252.6292,166.9390,146.3684
357.0386,255.7921,168.9374,149.6176
369.8179,255.9502,170.6296,155.7873
385.0717,250.7707,157.0671,161.4510
398.9505,255.9726,153.9331,150.0134
411.4312,258.8226,158.3355,145.3761
422.4079,258.2450,162.6083,151.8257
423.9017,259.5186,167.5604,150.7224
447.8624,260.8769,151.1821,143.2367
453.6123,256.7032,149.6421,140.9396
446.7689,256.6535,149.0590,146.5502
440.7959,245.5976,150.1943,146.9282
426.0864,238.8414,147.5621,149.9539
409.6731,224.4709,153.7884,150.4070
391.5651,205.0682,162.3090,150.1542
378.2805,186.2959,163.0921,152.6124
373.2702,170.2370,156.4011,154.3625
368.6013,155.9944,153.7581,150.0619
362.2489,141.2329,159.9453,156.9250
356.4648,124.9898,157.8968,167.7311
359.2439,114.7620,155.6507,156.1015
365.7204,102.9080,153.3037,158.2720
369.1798,101.0817,155.0360,144.5134
379.5185,98.5117,148.6853,132.4954
383.0449,103.1454,147.8208,145.7355
391.0261,108.3571,150.3146,146.2994
401.7630,113.7762,150.8780,145.4120
413.4943,120.2124,149.3842,141.0949
423.7285,132.3223,146.6651,144.2886
435.3514,136.7152,142.1948,145.4247
441.0739,142.3354,139.5884,148.0117
448.1983,147.4528,147.4563,145.0330
457.5544,148.6494,146.6590,148.2269
471.2224,150.5918,143.9485,152.8514
485.7710,148.6955,143.1530,162.4861
494.3506,154.1588,149.5416,156.1497
499.5244,161.2121,146.7825,153.8775
497.1100,167.9853,147.2421,151.6799
495.2531,173.8832,143.6514,150.6391
496.9306,184.4928,136.6036,150.2266
491.0401,188.5264,137.5654,144.3267
488.7918,187.4115,131.6965,143.3422
484.2041,190.2476,132.5995,141.5380
475.3744,179.9719,135.7807,143.6519
472.8061,170.5657,130.0457,147.9691
465.0629,158.9859,130.1400,147.3810
465.1716,144.4506,126.6617,149.5319
469.5280,129.5767,126.4742,158.1091
470.7272,119.7858,127.9842,156.5261
478.6581,103.6547,125.2850,163.0229
484.6609,101.2340,127.7424,159.7102
497.0461,94.8131,124.0823,168.3644
510.0218,92.9785,124.6657,161.7393
518.8467,95.0906,131.0515,177.2596
529.9001,104.2317,136.7693,178.8769
541.1001,95.4009,135.3021,195.6718
550.1614,91.5316,137.8652,189.5625
557.1492,92.9303,137.3179,188.5117
559.6413,101.6190,134.9088,175.3333
559.0722,102.6805,140.6634,174.5845
559.8088,112.7013,136.8507,159.2979
567.7335,121.1531,131.8781,151.0144
568.9363,113.6242,133.2543,169.5710
581.0503,110.9933,130.8657,186.0208
596.5770,110.8765,128.7465,184.1378
607.8417,114.9920,136.5674,175.2122
616.7465,107.5484,142.5804,184.9527
625.0029,104.7216,148.5613,190.7053
632.5367,104.6529,143.3374,194.2935
637.7991,108.2653,141.5574,193.2841
649.1508,110.4986,138.0454,200.1974
657.4351,114.7868,135.6578,189.2430
663.1938,115.7714,137.8831,186.5649
669.9458,115.5434,138.5742,191.6527
674.7448,114.3660,141.1877,182.7449
675.5634,109.4113,144.4710,188.4009
678.4946,104.8679,141.0880,193.6791
676.1085,98.8743,145.8076,199.8467
677.0657,95.3741,150.5657,204.2706
687.5662,85.2776,152.0808,216.2234
702.3792,80.5013,172.4159,218.7285
714.0068,78.9166,192.1067,189.3529
726.9654,72.7520,200.9141,220.6473
738.6390,71.3450,202.2847,237.2192
757.2736,72.4088,197.3462,226.3289
764.7791,71.6954,239.5202,273.1961
782.3515,67.8818,240.0963,291.9525
804.6071,70.3101,227.6732,277.3715
824.1812,69.0955,225.3236,264.7475
822.0098,70.8287,249.3716,274.1208
839.2308,69.0150,253.7285,263.1765
843.7087,73.9109,269.4227,250.7993
874.2976,75.4535,223.8026,244.9553
874.4525,74.6947,223.0021,252.3950
878.7238,85.0621,213.0280,245.3677
873.5302,88.1943,219.0097,252.0696
863.8823,90.9075,228.4748,248.4556
854.7073,95.4327,221.1127,227.5689
835.2849,94.2988,225.3473,253.5240
805.5232,100.1588,273.8457,228.6398
797.8733,98.5671,263.4874,273.3508
784.6878,98.1507,260.3593,265.8805
789.5086,100.7875,236.4625,267.6603
787.0904,103.6298,238.4085,275.0742
776.7635,116.7213,251.4240,275.8332
769.1947,118.6722,270.1863,297.9258
745.1747,113.4137,320.3298,327.1475
746.8420,116.2305,310.5283,290.8650
763.2175,122.8872,324.0058,331.7333
767.2340,127.8536,324.8380,288.2774
759.6499,128.3742,335.6302,330.8423
764.2184,130.7172,325.8233,358.3806
768.3842,125.9626,293.9914,366.2832
764.3984,131.3770,268.4852,386.6437
748.5475,129.8092,277.7722,396.3667
719.0684,145.1307,323.6382,377.9623
704.1454,140.9038,315.4311,380.2101
691.8568,141.8059,311.2315,388.0465
677.0579,132.2599,323.7284,404.9968
654.0654,125.1385,330.4293,464.5706
637.2670,107.5371,422.0597,515.9053
602.1740,132.3271,430.8848,500.6415
586.8531,136.6633,447.2281,502.3265
581.1275,135.8740,429.6407,516.6470
571.6301,120.1082,477.1979,553.9276
580.1821,112.9345,482.9527,559.9622
578.6779,111.8423,429.2231,549.8033
570.8499,79.6615,467.8625,579.2346
558.3871,54.7688,543.8146,592.6199
554.2513,20.4385,515.6274,599.0367
529.5424,9.9964,570.5134,604.6547
479.0556,3.5052,622.5198,619.5633
458.0879,0.7045,631.3449,615.3269
459.8294,-18.6715,608.8873,604.6967
434.2924,5.7066,645.4877,593.5097
437.6636,17.1559,598.7916,579.3060
433.2001,7.3681,602.4001,607.6931
420.9200,15.6008,602.0734,623.3559
409.8959,19.6725,599.4937,585.5772
387.1924,36.0970,582.6376,575.2322
405.3287,46.2010,579.6713,579.8259
407.5166,60.3148,609.7426,588.4777
416.7347,65.2381,568.8652,588.1452
414.2234,89.1974,567.8466,544.5673
407.8131,99.6923,551.7999,541.4993
412.7850,104.7603,528.2010,525.7911
446.8062,122.6515,498.3493,509.8027
449.7488,136.7963,498.5412,499.0570
467.7449,147.6999,480.1943,497.0991
489.0440,155.6265,456.2250,497.0579
494.6150,166.3418,419.7731,465.6932
495.5727,178.7915,407.5883,442.5420
501.2007,186.8064,386.1912,436.6693
504.5489,185.3349,379.8366,413.6349
486.3741,180.3513,356.0100,395.5731
469.1379,162.7479,358.2201,392.4360
448.0726,147.5980,348.5743,395.8842
453.1067,138.1146,327.5433,373.6044
468.9811,122.9196,326.4671,364.7831
489.1920,114.5113,314.1216,355.9221
507.6937,104.2787,304.3988,349.1697
510.9889,96.5309,299.2059,332.5411
530.8710,102.9099,281.9896,339.1799
556.8238,114.2360,265.7052,321.5414
569.0250,117.8065,265.2384,325.1462
572.1973,122.3548,266.7412,298.8764
549.4822,117.0701,255.5382,295.9233
520.8704,127.4508,245.0390,296.0935
501.2461,145.6330,252.6571,294.8828
490.7127,164.9642,250.4477,303.6430
488.9355,184.1009,244.8864,293.7273
484.0397,204.7623,244.1007,296.0330
495.3886,215.4302,241.7032,297.0752
505.5002,231.4102,254.5801,292.4053
534.5024,237.5666,255.7649,298.7133
552.1835,250.5819,272.6344,284.8739
570.6183,250.1585,280.6706,311.0000
589.0010,248.3598,279.3671,286.9098
600.0042,247.6859,275.2124,283.8377
600.8845,252.5077,284.7707,307.2741
609.3820,250.1173,288.2700,322.5224
612.3996,254.3599,303.7242,332.1935
626.5891,236.6499,302.5101,332.1063
650.3193,234.8159,299.1190,331.0843
663.0461,220.7899,329.9778,336.8121
697.9721,220.4490,306.6797,338.8107
715.7542,207.3364,318.1277,341.9305
734.7058,215.0084,329.1245,340.7773
757.7516,222.4036,336.6410,359.8381
772.5182,232.6751,394.6151,386.6443
791.5107,230.6623,391.8656,425.2118
801.9518,243.1573,426.0387,385.4468
832.6661,235.2243,422.2165,408.0371
860.1135,216.8492,391.8933,426.7575
850.6024,212.2694,380.5948,429.1028
