664.0000,499.0000,122.0000,108.0000
645.2224,477.5823,129.8907,109.7814
621.8586,460.8381,134.8634,109.9011
600.6680,454.8783,131.7544,107.2376
594.6317,447.2571,128.7289,104.4474
603.5103,442.2025,124.1133,103.9965
614.5212,440.9971,112.5056,104.3508
609.9413,441.2452,119.9564,105.0774
603.8013,443.3939,112.9776,105.9812
598.8833,449.3878,118.0854,109.3239
604.3971,452.5673,119.4881,106.2403
617.7061,452.8219,119.4356,107.2191
629.8867,455.1797,122.9219,107.5620
643.3662,453.3225,116.0328,111.0726
657.5829,454.9829,112.4621,108.4354
664.5439,465.1849,119.6686,101.7469
672.1635,464.4314,118.1251,104.7961
674.2379,467.7575,113.9338,107.4029
670.2466,476.9059,113.4258,99.8625
662.2202,476.7677,115.2799,102.5077
658.6821,486.8323,117.9756,102.2996
654.2999,492.8518,118.1948,101.4955
645.6937,499.3164,119.2730,98.9762
642.5931,497.2048,111.0426,108.2604
645.8785,503.4786,113.8907,101.4001
654.8464,509.6092,116.6235,99.6694
666.8933,509.5356,111.8729,99.7799
675.4072,520.9145,114.2869,98.0058
680.1877,521.0689,114.1361,104.6894
676.7720,531.8607,109.9096,100.8049
663.6941,530.4777,109.6630,111.5735
652.6069,536.8821,102.8974,105.7316
646.3847,538.1617,104.6051,110.2171
641.4581,544.6811,105.9186,101.8727
633.5588,540.9627,106.4630,102.1410
627.6072,536.3779,107.1299,99.0483
630.9104,535.0583,111.5993,95.9537
636.5140,529.0769,106.8607,101.2113
640.8531,533.8619,101.1477,100.8399
642.0154,530.0839,99.9934,98.2500
637.4249,524.5056,99.5740,96.1630
624.0751,522.2507,104.6309,97.4278
614.7626,523.3276,102.8257,95.9134
610.6964,520.3381,101.2614,96.7802
614.2964,519.7640,93.8516,98.5838
616.3016,520.1375,101.2533,97.5609
614.4908,523.0054,97.2321,94.1517
611.6728,520.2960,95.0954,95.6510
603.0013,520.2144,98.2664,93.3529
586.1282,517.7405,98.7895,92.9734
580.9202,517.8536,98.3906,93.3699
577.2570,511.6456,99.8114,96.4553
586.3571,517.2101,96.7347,95.4936
592.3966,514.7451,94.3975,90.4553
593.9394,508.5146,96.0152,93.1372
589.7127,511.4994,95.5116,96.2116
571.3445,516.7649,99.4120,97.8706
555.3960,517.3867,98.2665,97.1762
543.0798,516.1105,94.5362,93.8217
535.2210,518.1550,99.3075,90.3530
541.3223,516.9695,98.3271,92.5216
550.4841,518.2081,97.4462,90.7405
561.2350,514.6314,95.1094,89.8779
561.3477,508.5296,96.4587,96.3754
558.0106,514.1415,93.0399,96.1759
547.3594,516.9950,98.0217,93.5422
542.4438,521.0652,97.5498,93.2926
544.1951,519.9460,93.3240,90.6221
542.3207,518.5640,90.3173,92.0569
536.4838,514.6792,97.6599,92.7665
539.2090,517.9642,95.6817,89.7146
545.6253,520.3437,96.8477,88.9012
550.0287,519.3152,99.2638,90.5879
540.8970,519.8049,96.5588,90.7441
522.3145,520.2863,96.9642,90.4565
512.2307,524.9218,94.3653,87.7650
507.1031,520.1980,98.3198,83.4043
514.2585,523.4669,92.8149,90.0732
520.9611,520.1998,98.0464,89.5099
529.8201,520.4310,99.2358,89.5067
534.3385,522.4937,101.1427,84.7492
527.1896,521.6439,93.7881,85.6823
512.9100,523.5101,95.6517,90.1408
508.6791,527.2733,93.3520,84.3773
512.3466,535.4310,95.7956,84.6550
518.3130,535.5463,90.6805,88.5752
518.5460,539.9396,90.2305,84.0862
521.8003,536.0213,85.9053,85.6529
523.0300,533.5761,91.4104,83.2341
525.8350,540.5032,91.0304,85.7272
530.0594,536.9106,91.1113,86.0450
535.7877,536.3751,96.5597,85.1936
541.6349,535.6151,95.4566,81.3764
545.5751,532.3079,88.9332,82.1027
549.8187,534.7542,91.5711,85.2545
556.5626,533.5817,101.2210,81.1062
568.9424,529.4650,89.0743,83.0900
567.3712,536.4833,91.4572,81.9184
565.1568,539.2015,90.3650,84.1874
565.4861,545.9558,90.2732,75.8401
569.5776,546.4438,88.3241,75.8227
576.1570,543.7755,86.1270,80.2911
577.3152,544.2438,83.9179,78.8664
572.2861,538.6157,87.4821,75.9344
562.3228,538.8710,92.3876,73.4484
558.4572,535.9936,83.3339,77.5645
562.2133,534.7840,81.9661,77.8920
572.1486,535.5049,86.1004,75.7598
583.1814,533.3113,91.9640,75.1635
592.1580,532.2522,86.0059,75.7912
598.6068,536.1544,81.4680,77.1376
596.8136,535.0119,78.1269,75.7337
585.6866,537.5662,82.8784,74.5930
575.2785,538.9116,81.0295,80.3938
570.3644,551.0898,84.5361,72.5398
580.0397,555.4790,83.1843,76.4637
594.3955,546.9446,83.6764,80.0844
605.0640,545.4521,83.8819,74.3402
611.4749,543.4524,80.4983,75.4952
613.6852,545.3042,78.3383,76.3208
615.4838,547.1279,79.8941,73.9255
613.3227,546.8099,80.6893,73.5166
613.6877,548.2560,82.6045,73.3528
611.5884,539.7686,80.5847,70.6632
609.5025,523.6875,80.9859,74.2169
602.1997,513.2606,75.7306,76.9596
595.6432,521.1397,74.2042,76.7037
589.8671,528.6619,79.8807,75.6978
588.9650,537.2404,79.1363,75.6278
593.8898,538.2081,81.4376,73.2013
596.5725,540.9995,77.5342,69.7628
602.5265,541.0654,79.6219,71.9981
614.4818,534.7687,77.4036,75.5059
623.0449,537.1907,76.4882,71.4204
630.7593,542.9104,78.3203,72.0632
637.0316,550.8450,77.9835,72.5611
637.8719,553.3637,73.0438,74.0140
632.8339,555.2279,75.9311,74.3169
624.4893,560.2086,74.9266,72.2853
611.5892,565.4033,75.3846,74.3786
602.9917,572.0142,73.0464,72.7850
592.3403,573.7097,74.5024,73.6511
581.7478,575.0886,71.1851,73.1928
569.1812,574.5360,74.4015,71.5635
558.8894,577.7567,75.7838,75.5051
548.9988,585.6609,75.9053,72.8858
542.0706,589.6495,73.3945,76.2534
536.2785,593.0955,77.2640,71.0996
540.3328,587.2263,76.6676,71.5926
554.6255,581.7564,69.7866,71.1378
558.8903,576.9206,73.5452,69.5601
560.7866,577.0500,72.9055,72.5942
565.4371,574.5272,73.7739,70.1585
569.0339,570.5270,74.0880,69.7137
573.0909,570.9102,72.4780,67.5531
584.2267,565.4364,70.3793,69.7817
590.0402,565.6918,72.1249,66.8271
594.4085,571.8778,72.9407,68.5177
597.3860,578.6381,72.7263,73.1153
599.3561,582.2837,69.9401,70.4578
600.8391,585.6079,71.1835,73.2193
601.5787,589.7542,72.3168,70.3965
604.2062,590.9079,71.1842,68.3483
607.3089,584.6732,68.6964,68.5956
605.5479,579.8755,67.8127,69.0251
600.3589,580.5040,69.4864,66.9858
598.8854,580.6495,66.2737,66.1318
593.5450,585.8640,71.0283,64.8244
592.3189,586.2452,68.0950,69.1066
591.7885,584.8895,68.7877,64.6556
592.6656,578.9858,68.9016,66.6039
593.5327,573.8924,72.2586,64.0373
594.3554,569.4016,68.8296,64.6469
597.6778,566.5253,66.8890,66.6311
597.1569,570.0448,68.4736,67.4077
596.6110,576.9352,69.3010,66.4296
599.3996,590.4661,66.4655,70.0619
601.0595,610.9485,69.4311,64.5775
604.0460,622.0589,66.3236,63.3683
601.2482,615.7682,66.0684,66.0853
596.3167,609.0712,67.7710,66.9042
591.5051,612.2311,64.9721,66.3209
584.2324,620.0888,66.7502,63.3910
581.2504,628.4752,63.6644,64.0433
581.5360,628.6289,63.8736,64.6724
582.6852,617.5812,63.9313,65.6554
584.1718,611.4891,64.3266,61.3273
586.6948,608.6980,63.0215,62.3920
585.7018,611.4514,63.6498,63.6355
586.0772,613.0684,61.2148,63.8170
582.4977,618.9904,64.4365,66.7566
591.3939,620.0675,65.0753,66.3438
612.4738,618.4058,67.0027,64.7794
636.1091,611.0715,68.9266,63.3799
658.4078,601.0652,65.6765,63.2937
664.9717,596.3295,64.4044,60.9431
662.3990,590.9726,64.9654,61.7526
672.8285,588.3073,61.8759,61.1607
684.5630,586.3405,64.4751,58.4605
684.1017,586.7481,62.5285,61.1213
685.4843,592.7059,62.1403,61.5946
669.1729,600.2686,61.0077,61.9767
635.2656,615.5429,62.3219,61.7883
606.7361,628.4518,64.4053,60.9792
604.1893,635.7454,60.6810,60.4647
608.3324,645.6957,61.5891,60.5037
613.0579,647.5156,60.7166,62.5115
611.6489,643.1998,61.5294,59.2236
615.0106,644.0242,58.3014,62.7651
639.7818,644.6371,58.0810,62.2361
664.6968,640.8997,61.9677,63.6735
669.3279,638.5419,60.7088,60.9497
646.8298,637.0762,60.9443,58.8578
645.8647,632.5190,59.2557,60.6776
657.0709,631.0667,57.1321,58.6734
660.6421,629.4094,59.6065,57.0943
671.3953,621.7874,59.1295,57.9647
674.5435,612.3075,58.3264,58.7064
668.3271,608.0502,57.2146,57.6104
656.0720,604.9991,60.2958,57.6828
650.5322,602.7607,58.2233,58.1341
649.2721,602.4147,57.2938,55.3706
653.7512,596.3666,57.6092,57.3669
660.3649,592.2805,60.0693,56.3600
672.1952,588.4980,57.9867,56.5189
666.6484,584.5239,56.2813,55.1373
648.8148,587.1101,59.5496,57.1941
640.9901,586.1561,59.3613,54.3869
639.0663,584.8870,59.0056,51.9104
635.2499,587.1707,56.7669,54.8147
631.1921,582.9514,58.2301,55.7057
635.9645,580.1368,57.2309,55.0586
639.2287,577.3246,58.8566,56.7764
643.4684,573.7521,56.2891,57.1992
640.1098,572.8922,57.3142,53.9379
629.9329,573.3518,55.7717,55.4179
623.6301,574.7367,55.5241,55.3260
617.2527,576.5319,56.4026,54.1138
606.8473,578.5270,57.6711,52.3164
603.4190,576.6719,56.4145,54.2172
603.8198,577.1587,55.8409,52.9421
607.1110,580.9051,54.9772,54.2099
609.9946,584.2222,55.1436,56.1746
607.4590,587.7724,57.9444,53.1225
600.9636,585.6295,57.2011,55.1270
597.5043,585.8052,56.5326,52.1020
600.0251,584.7282,56.1221,52.1859
603.2299,584.2586,55.2320,52.4238
603.3621,582.4459,55.0965,53.1767
602.6740,578.6141,56.5824,53.3005
598.6214,576.9760,56.3265,53.2440
593.5701,578.8571,53.6785,51.5218
587.9944,578.8572,55.8415,52.6639
586.7595,579.1279,54.3410,51.8482
585.4505,581.0245,55.2934,52.4329
585.7181,584.2514,55.5514,51.9332
588.7018,582.3204,55.7445,50.7177
592.7227,578.6045,56.4570,50.9745
597.2584,576.6749,56.0998,50.9628
601.6139,572.8392,57.0140,50.6114
610.9326,568.4427,53.5900,50.7281
617.6840,562.0125,54.5517,51.8606
619.2551,560.5545,55.8223,49.2053
620.6011,556.9910,54.6267,48.5853
623.4584,554.4639,53.5279,50.0734
622.8885,555.8102,54.7681,51.2535
619.7475,561.7849,56.2257,49.3296
619.4563,565.9434,53.8021,51.5563
620.1721,566.7488,57.0842,51.5473
617.7958,566.0308,56.7005,48.9698
617.9710,567.4868,53.7252,51.1284
617.2988,573.4053,52.5434,49.8596
619.1926,575.6851,51.9026,48.8753
617.2798,575.3497,51.7157,49.2438
614.9515,579.2845,52.1393,50.3541
611.6896,583.0931,53.2445,51.2469
609.0383,584.8196,52.3838,48.7290
607.2266,586.9495,54.3718,52.6267
607.7191,592.3474,53.5577,49.7401
609.7671,594.1418,52.7357,49.1411
612.6435,592.3522,52.4202,50.8601
615.5189,592.0388,50.5330,48.7251
613.7512,593.9809,53.5991,48.8955
615.7143,598.9741,51.6140,50.0604
622.6545,600.2542,52.2040,49.7305
631.0731,602.3825,50.5222,50.6275
637.6893,603.2145,50.7555,48.7858
642.6550,601.7460,51.2668,49.0733
643.8714,598.9570,50.2068,48.8156
640.7955,598.2780,50.2709,48.9826
636.1154,598.8188,51.8490,47.2265
631.6354,599.9764,52.2964,48.2649
626.6086,602.7295,49.9860,48.4173
621.3008,605.1953,53.9947,48.9240
616.9429,607.9828,55.8407,47.1070
613.6519,603.9093,56.2326,48.2253
610.3011,602.2308,55.9569,49.6540
614.8014,601.2999,51.0176,49.6013
616.7706,602.1754,55.1969,46.8347
618.5001,603.2645,52.8243,48.3414
618.1013,606.4710,51.9466,48.7814
619.2123,607.2056,49.8285,47.6912
617.0854,604.7882,50.8866,48.4721
614.4700,604.8088,50.6328,46.7806
611.4403,603.3251,50.3305,47.0517
607.8369,602.9760,50.9128,48.1809
602.1832,609.3819,49.0068,48.6828
597.5489,614.1351,50.7571,49.0747
597.8192,614.3229,48.1520,47.6044
594.7963,611.8154,50.1910,47.1516
591.9087,612.7715,50.5407,47.6068
590.8345,612.0789,47.3954,47.9086
588.1200,614.2156,51.1112,47.3507
586.2510,614.8045,51.2061,46.1498
585.1443,614.3822,52.1794,45.8662
584.9028,610.9196,49.7638,48.5799
587.4452,607.2596,51.5516,46.7438
590.5569,602.6937,51.6771,46.5942
592.5953,606.2873,53.3950,46.4848
592.6613,611.6616,53.5275,45.0327
594.5699,613.7609,53.7804,46.9408
592.1420,613.2835,53.6769,45.5863
590.5712,613.0963,50.6810,46.1930
593.8883,610.3942,53.8630,46.3283
599.0564,609.3861,52.7270,47.4063
602.0492,615.5043,52.6487,45.2966
602.8761,617.8806,51.5653,46.9021
600.8870,620.5972,54.1484,45.9715
596.4628,622.2930,54.6438,46.8109
598.5131,623.8591,56.0218,47.1135
602.4739,623.2102,53.8965,45.8664
606.4858,620.0273,52.9475,46.0309
608.2017,619.7906,54.1337,47.1268
607.7277,619.2715,52.0041,47.7752
602.2149,618.6493,54.1381,45.5317
599.4405,614.1627,55.4761,47.5157
595.8524,611.9498,53.5446,45.5161
589.7479,615.6003,55.4729,45.2494
588.3859,619.6197,54.2588,47.4577
592.9254,622.5026,52.3474,48.0557
596.5427,628.7118,52.8767,47.3698
595.6968,634.2533,54.5276,46.3474
592.6604,638.6957,53.5706,47.8666
587.1231,642.8497,51.4477,46.5439
582.0320,646.0303,55.0093,45.8475
581.5687,646.6069,51.2831,45.1612
577.6181,646.9069,54.8907,47.3369
573.9729,648.2419,53.0501,46.2540
568.4459,651.3760,52.3278,45.1858
563.7599,653.9014,49.6989,45.8523
559.3173,655.2092,50.6743,46.0394
561.1687,653.8721,49.1550,45.3131
565.0690,652.0158,50.9668,46.2282
570.8408,652.6801,51.6471,45.5214
576.5890,651.5526,49.9182,44.2433
579.9268,646.7461,51.2598,44.6286
580.7011,640.8705,49.7205,45.5931
578.7255,634.3740,51.1606,43.7904
578.4536,624.1044,49.6529,43.3468
580.2600,609.2426,48.8197,44.1284
583.8033,602.1321,45.4441,43.7150
587.5895,599.9978,47.7783,43.5669
590.6019,595.7946,45.0844,43.5166
589.4477,593.4319,47.1166,41.4735
587.3336,590.2632,47.5176,41.4331
588.7841,588.3922,46.3407,41.3667
589.7397,581.9001,47.2586,44.3929
594.4893,577.0516,45.6975,44.0096
594.2795,574.6669,47.5130,42.5972
592.3780,576.7991,47.3509,43.2705
592.1038,577.0214,46.5604,41.8747
591.7839,575.8727,46.8385,41.1541
587.9595,577.3767,48.4323,40.5798
585.4755,579.6938,46.7807,42.7536
582.2138,580.2467,47.9806,42.8857
576.5955,578.9656,47.6908,44.2454
574.7413,581.8970,46.4993,44.0626
578.4048,580.6236,46.1547,42.1093
582.2854,576.5641,45.2507,42.9245
584.3854,575.0465,45.6382,41.3143
588.2429,573.8340,44.5783,41.6542
591.7947,571.1737,45.2364,42.1221
592.1576,567.6205,43.4291,42.8589
589.5778,568.7018,44.9208,42.2978
586.8755,566.7753,46.1637,42.5370
585.5330,565.7800,43.8658,41.1622
583.5493,566.3924,45.2845,41.5197
583.2759,567.7218,46.8984,42.9961
585.9025,569.0624,45.5086,41.0371
587.2205,569.4974,46.5562,40.2453
589.3471,567.9149,46.0169,40.4797
591.2115,567.7734,45.4104,40.2858
590.7887,565.9052,49.1929,39.1866
598.3158,565.8377,44.1620,41.3950
601.0000,571.6537,46.5139,41.1393
604.9735,577.3445,46.8078,42.4955
613.2629,583.0200,48.3069,42.0260
622.0242,582.5344,44.2934,42.2647
625.1758,581.8228,44.8345,39.6435
622.0993,576.4819,46.3737,40.5750
607.7659,570.2411,48.2378,40.7296
588.5041,570.6934,46.8673,39.0130
569.6984,572.1078,47.3794,40.2151
551.4733,575.2872,46.0680,40.0767
540.5431,580.6673,45.3354,39.3407
538.3168,585.9027,45.4278,40.4170
539.0283,590.0709,48.1754,40.3755
544.8323,589.9068,45.4232,41.5939
550.4916,587.1506,44.8682,39.6472
552.3876,581.3156,45.7913,38.9831
551.7999,571.5198,46.6380,41.1598
549.4323,564.8735,46.5408,40.1208
545.1920,562.0248,46.6956,39.0169
543.2568,561.0040,46.9760,38.6204
542.4961,563.8476,47.4509,39.5174
543.8893,568.8256,48.3050,38.5154
545.8017,573.0178,50.6510,38.9137
548.9720,574.5282,50.1286,38.3730
550.3632,572.4133,47.8286,38.9422
559.1348,574.5030,47.5003,37.9641
568.4344,576.1523,46.3688,39.8781
577.5681,576.3183,47.1772,39.4361
589.0588,573.7121,44.2940,39.3147
593.8857,570.1310,44.1391,39.0764
591.5982,566.2625,45.5817,39.1811
585.6136,565.5526,45.3680,37.9434
580.6500,571.1521,44.2858,38.4851
575.1206,578.5258,47.8295,37.5046
578.5412,582.2219,44.3241,38.6420
575.4478,587.4589,46.1645,37.6912
571.5397,589.7609,47.0825,38.4728
575.7442,589.0505,45.7860,37.7259
580.9380,582.6870,45.6894,38.0897
591.2545,571.7579,43.8422,38.1687
599.8713,565.1487,46.5875,37.2876
601.5829,562.3226,44.3562,38.3373
602.2079,566.7938,44.9205,38.6978
605.1754,568.8522,45.7812,37.2788
607.0901,572.2372,45.6581,37.6171
610.1721,577.8655,44.9476,36.9338
614.1647,578.8181,44.3766,37.1596
616.7796,578.7104,43.9794,37.3335
613.4726,580.2014,43.0339,37.7704
609.9183,582.5323,45.2308,37.0927
619.2571,578.6374,44.2440,36.2284
621.5080,573.7348,48.1356,36.5835
620.9799,568.9341,50.4486,38.6123
623.4063,563.5020,47.9355,38.6328
615.0994,566.9175,44.6783,36.0783
605.1728,575.6477,43.9269,37.8744
604.4905,575.6724,46.2936,36.7051
606.1362,571.3948,47.5786,37.5434
603.7926,569.0523,43.8582,37.6589
589.7030,567.9811,44.0433,37.1741
568.8049,570.0067,45.3835,39.8779
545.5560,578.9830,44.6670,40.6492
533.3038,586.5596,44.4165,38.4465
533.6860,586.0032,43.9965,39.2234
526.8230,587.0238,45.9161,38.2566
515.5631,596.2429,48.9171,38.0554
514.0504,606.9099,45.8768,40.4317
515.6948,608.3761,50.4832,40.9728
515.7824,611.6940,51.3779,39.1849
522.7022,610.5632,48.1443,38.6838
538.9070,600.5374,44.8428,38.2596
564.2910,597.9291,48.2437,36.7241
576.6072,599.9610,49.9404,37.9375
576.0146,601.0723,44.6315,37.0235
589.5579,604.9620,46.7501,37.2637
599.9286,602.5965,49.2802,37.5986
598.0226,591.6139,49.1238,36.3362
576.1567,584.7744,47.1421,36.5711
554.5740,590.4745,44.1526,38.3406
551.7523,596.6119,45.4942,38.4214
560.9335,601.0383,45.0513,37.5123
551.5415,599.3807,47.9627,36.8734
542.6036,591.9225,50.3898,38.4654
532.2025,588.1243,48.0150,39.4241
524.8008,591.1187,46.0620,36.9540
531.9586,591.9785,43.1409,38.0335
538.7460,592.3330,45.0788,37.8329
539.7083,594.2067,46.4664,36.1736
536.3981,590.1458,47.4879,34.7139
544.8842,574.4607,44.8164,40.7315
559.6172,567.1268,45.7742,37.0627
577.7927,564.0763,46.7040,35.8864
599.7685,563.6227,45.8016,36.3139
613.0648,561.4439,50.4709,37.5887
616.9281,565.2283,49.0936,35.4308
607.6227,570.1150,48.6049,36.3112
597.7020,573.5829,50.2680,35.7654
600.9341,576.3807,49.4739,35.0440
604.3995,574.7840,50.2401,34.2554
607.5042,575.9275,51.8248,34.9111
607.8168,579.4512,52.4690,33.9344
607.3724,585.3720,51.5722,33.8134
612.2335,590.2172,55.0344,33.6685
630.2527,591.7875,50.1015,34.2165
651.7360,585.9299,50.4720,36.7789
665.1423,572.6749,53.4977,38.1682
676.7397,563.3602,52.9258,35.6931
679.5226,555.8379,49.9108,35.6114
670.5455,550.5434,50.8835,34.0891
658.8538,549.8264,47.5632,34.8388
650.9071,549.9114,48.0413,34.4452
649.3100,553.6000,45.3953,33.9980
647.3280,560.8383,46.6692,33.7354
639.6877,563.0239,51.4989,33.7895
636.1496,563.8528,55.1672,34.9013
635.3585,567.4677,57.7845,34.7753
639.0839,567.8557,53.0148,34.5007
640.5236,563.7769,48.1915,33.9435
641.8753,560.5162,42.5458,33.0046
644.9401,556.2310,39.0005,33.9582
642.8169,552.0185,40.7335,34.3621
642.3071,557.2074,38.9031,34.4512
639.6179,563.4038,38.7363,34.5009
635.6663,568.0336,39.2265,35.3503
637.3071,572.3167,40.1928,34.9260
635.3913,572.8739,39.3989,36.0393
629.7982,575.6430,38.8382,34.2026
622.9937,576.4482,39.2682,34.1480
620.0272,575.4741,40.4853,32.9631
618.1078,572.0327,39.5953,34.3446
615.1853,572.4129,37.8995,34.2319
613.7519,573.6652,39.1887,34.5836
611.0673,574.6536,40.5628,34.1261
611.2879,580.0068,39.1526,34.1866
606.9221,585.1257,39.1788,33.4032
604.8811,587.4462,38.3119,33.1958
599.8158,591.3848,37.8832,35.7181
602.2587,594.2148,38.4020,35.0194
609.5143,592.3013,38.5675,34.5265
617.4987,587.4755,37.5628,33.7085
623.9651,581.5690,36.1432,34.3798
625.2648,574.9843,39.1944,33.3131
623.2418,571.5165,39.9290,32.7933
617.2519,572.6566,39.8220,35.2732
608.0012,578.1377,38.2774,34.3493
601.5131,585.5966,39.7409,34.8275
602.8622,592.5021,41.4599,32.8317
602.2676,596.5810,39.6816,34.0458
592.9048,597.0692,38.9725,34.3584
587.5709,597.4371,38.3136,34.4122
590.1364,595.3807,38.6677,33.6316
586.3877,591.5753,39.2780,32.8631
589.6135,594.0339,40.5132,33.0683
596.5624,598.7674,38.4362,33.9688
599.4617,599.7903,40.7126,34.1094
601.3120,599.7987,39.5633,33.5137
606.9948,600.2881,38.6416,34.2515
620.1370,597.3939,38.6462,33.7458
637.9924,590.6780,39.2685,34.8107
642.1779,584.4608,37.3575,33.2988
634.3447,588.3926,37.4427,34.9245
630.1827,600.2083,36.8059,36.7047
626.0123,605.8428,38.1797,34.5924
629.1945,603.1437,38.7829,33.8816
629.4529,598.9045,38.8635,33.8125
622.0645,592.5727,41.1937,33.0697
614.3553,582.0160,37.8109,33.8970
611.4353,576.6414,38.3176,33.7376
622.0089,573.7126,38.2068,32.9225
631.8632,570.0975,41.1329,32.7094
645.1136,570.9769,42.9398,33.3960
657.2361,571.3738,41.5871,34.2685
664.2061,570.9722,39.9663,33.2401
663.6410,572.2552,40.7394,34.1383
657.5713,577.1590,41.1283,33.6975
653.9600,577.0884,42.3096,34.3859
644.4061,575.9437,40.5861,33.2657
630.8475,582.7933,37.7048,32.9113
626.7599,588.3378,37.7915,33.6215
623.2346,588.5150,41.4740,33.4642
619.2590,587.8364,41.1460,35.1552
631.2750,588.4063,39.9811,34.2218
652.7186,581.9656,39.3484,34.2474
664.9587,572.5068,38.5873,35.3138
668.4865,566.9724,39.9592,33.1509
668.0323,561.7349,36.6996,33.3055
657.3990,559.2192,37.3102,33.8728
646.9218,566.2713,37.0235,33.7316
640.6586,576.6370,37.8476,33.8210
634.6786,578.2372,36.7613,32.5760
625.2205,580.3350,37.0504,31.6438
614.7064,585.9236,36.2001,33.1813
606.2181,589.3284,37.7327,33.2769
602.8566,590.0144,38.1414,33.4021
602.6953,591.4326,37.2816,31.6904
603.3048,588.0151,39.7943,32.7060
605.1290,582.8235,37.8036,33.9261
606.5458,579.3205,36.8928,33.0990
608.1580,579.8757,37.5489,32.7495
609.7944,584.8664,37.0903,32.7547
607.4475,587.5979,36.9372,33.6815
606.6135,589.6566,38.9555,33.2377
614.0182,585.4563,40.0941,32.8627
623.1060,576.7766,38.4197,33.2027
624.9568,573.2429,38.1517,31.9919
629.7144,575.9136,37.6344,33.3969
632.8763,578.3793,35.7430,32.9659
633.6344,579.8390,36.3720,32.9027
632.3087,586.7086,36.3630,32.5379
635.3865,592.3088,35.3294,30.8759
636.8441,593.3284,35.3265,32.5128
640.3125,594.2494,35.5327,33.5107
646.1167,594.5820,33.8894,33.3047
649.9313,593.8739,33.7870,33.4720
651.5522,597.2389,34.1021,32.1884
658.1326,598.3669,35.8414,33.5977
664.3217,599.1371,35.8748,34.0201
671.6507,601.4839,35.5802,33.6202
674.8015,603.9686,35.9776,33.2684
678.7769,603.6490,35.1773,33.0010
679.1642,602.5812,34.5533,33.0192
678.3080,601.2157,35.2437,32.5178
680.6646,601.2422,36.2694,32.3210
686.4999,601.7722,34.6455,33.2343
686.0477,601.2078,34.5475,32.9681
682.7905,602.2692,35.0451,32.3047
678.0421,603.3148,34.4596,33.3921
673.8450,602.9269,34.4665,32.7997
667.2706,603.7958,36.1610,32.6736
668.0046,605.4401,35.6333,33.9331
663.6151,606.7005,37.1061,34.4534
659.9408,604.4816,35.9822,32.6893
658.0422,602.9985,35.8305,32.1588
656.2636,600.4434,37.1116,31.9450
654.4689,597.6978,37.9096,33.1007
653.4990,599.5457,37.3089,32.1637
650.7812,601.8021,36.8499,34.0197
647.7104,601.9680,36.8523,32.8984
642.6303,602.6498,37.5807,32.4364
641.4300,602.1965,35.3147,32.1439
641.2419,599.6599,36.0095,31.8377
642.9377,598.7761,35.4958,32.1201
641.2318,599.8083,36.0402,31.9442
641.7990,598.8469,35.8039,33.2068
638.9993,596.8587,35.8746,32.6186
633.1913,595.0036,36.7166,32.1475
627.4595,594.6451,36.6813,31.3412
625.9731,592.5723,34.4080,31.5136
626.1797,589.9676,35.4026,32.0976
629.3922,588.2780,34.5112,32.3391
633.0089,584.6400,36.1515,31.8043
639.3511,580.9530,34.3888,31.5272
642.7145,581.9722,34.3984,31.2752
649.4005,583.6420,33.6470,30.9549
651.8925,581.9458,34.8975,32.5110
654.4732,580.5664,35.4047,32.8830
653.9821,577.0058,35.0553,30.8904
654.3098,573.7115,33.8220,31.6360
654.2170,573.1105,33.4722,31.9090
656.5441,575.2022,34.4644,32.7083
661.5400,578.2412,33.3334,31.1179
666.0639,576.8592,34.0150,31.1748
665.6433,574.1168,35.9609,31.4310
664.6426,572.6808,33.2735,31.5425
660.1682,573.6639,34.6323,32.8446
658.4144,577.2216,35.0296,33.4591
660.4509,581.8860,33.5801,31.9941
666.0718,583.1054,33.1691,31.6296
669.9446,581.1899,33.5479,30.7334
673.2756,577.2208,34.5129,32.1947
677.7578,575.8171,33.8500,32.2645
681.4392,576.9856,34.6501,31.9739
686.0267,578.6079,34.9859,31.7095
685.5102,579.9874,34.8945,31.4193
687.0427,579.5355,34.1393,31.3524
686.1534,576.6838,34.0797,30.6967
686.2544,574.6636,35.2631,29.4290
688.8947,571.6303,36.3649,30.7797
692.3745,571.4136,35.4738,31.2753
694.9184,570.6696,34.8208,30.8392
696.5171,568.3860,35.4441,30.6493
699.6876,563.9250,35.3267,32.0607
703.8177,560.2081,35.4110,32.2229
706.0842,559.1752,34.4401,31.0684
708.6417,559.8410,35.1382,31.0533
705.0320,561.6387,34.1923,30.8043
701.7914,564.7008,34.2881,31.3267
695.2145,567.3785,35.1993,30.9778
690.2448,569.7349,35.6197,32.4077
686.2747,571.3296,34.9919,31.7212
682.8676,574.2159,35.3307,32.2363
674.9615,576.8588,35.0591,31.5226
668.1295,580.3608,35.0249,31.7878
661.0775,588.5825,36.5196,30.1655
658.5277,592.2770,34.8377,31.4833
655.8810,596.1907,34.0466,32.8658
654.0926,599.1256,34.7632,32.5957
655.2678,600.3220,34.4918,30.4940
658.9764,594.1381,34.7335,33.3102
659.9954,591.6534,34.7642,31.7255
661.1606,591.5266,34.1806,31.8125
660.2947,592.2748,33.4141,32.8076
660.1481,595.3055,32.8965,31.9916
657.4848,599.8238,33.9103,31.8157
652.9707,605.9003,34.5996,32.7430
648.9442,613.1227,33.6496,32.2130
647.6411,615.9621,34.0203,32.7201
646.0385,616.6384,34.7829,31.4119
647.8002,614.0714,34.8895,31.2436
652.1302,608.5769,35.2001,32.4078
655.5670,607.0353,34.5689,32.6113
656.0359,609.4101,34.3819,32.1497
656.2092,610.5471,34.4542,32.4148
657.5779,609.3733,34.1613,31.3716
662.3971,609.8216,35.5233,31.7821
668.2357,609.1574,34.6668,32.1075
675.6227,609.0488,33.8985,31.0538
677.2032,608.1364,34.6048,31.1794
675.8198,605.6512,35.3921,31.2874
673.6468,603.1195,34.5356,31.1049
671.2611,602.0314,33.5742,31.2954
669.8622,601.2559,34.9440,31.4526
671.6647,604.2429,34.1489,31.2261
674.2593,603.4813,34.1892,32.5924
675.7043,606.0496,34.1663,30.7041
678.4640,605.3314,33.9183,30.6352
680.1056,603.8109,33.4971,30.6917
680.7842,597.6582,33.5646,30.7758
681.9487,592.2517,32.9989,30.2219
682.5098,588.0165,32.7735,29.8709
684.5632,586.6281,33.4368,30.4023
685.1954,589.6096,33.7064,30.3780
684.0835,592.5331,35.2104,32.1500
683.0588,593.9848,34.3363,30.9567
681.6351,595.2805,34.9049,31.8648
683.8245,593.7680,34.9101,29.8527
684.4532,591.6888,34.8738,29.7874
682.8445,591.9600,34.9416,29.5235
677.9745,590.9107,33.4089,28.7016
672.2064,588.4606,32.8601,29.0970
666.5673,587.0444,33.7816,30.4097
666.9568,588.6490,33.3929,30.2736
668.9982,594.0187,34.9031,28.7362
678.2591,598.9985,33.6173,28.3305
684.2926,600.3726,32.7581,30.1281
690.1462,603.7575,33.6757,29.9843
697.4717,607.7587,33.5169,29.6822
705.2725,610.4410,34.2856,29.3033
713.5059,613.0953,34.0738,28.6860
720.4934,611.4471,33.0685,29.6198
722.7644,608.7173,33.1282,30.4427
721.5461,606.7783,33.6042,29.9285
721.6292,604.0042,33.7180,31.0490
723.6657,602.7291,33.9638,30.9795
723.5772,604.1061,34.2545,30.3868
726.1828,610.6617,34.0673,30.5516
728.1254,616.1762,34.7132,29.8774
734.7855,616.4918,32.8475,31.1471
737.4318,616.7592,34.1100,30.2153
739.5380,610.8177,33.9527,30.2341
735.3057,601.0880,34.7220,30.0895
735.3057,601.0880,34.7220,30.0895
706.4514,586.2285,36.2812,30.3803
696.0052,583.5936,34.0729,29.3228
693.0626,581.9350,33.7062,28.9550
690.1835,580.8366,32.9686,30.5260
688.2916,586.6415,33.3827,29.6811
690.2829,586.0731,33.9126,29.4256
690.4125,578.6928,34.0764,30.7256
689.2505,571.7629,34.1093,30.1606
684.8868,563.2360,34.0102,29.3716
682.8156,556.2582,33.7077,29.1971
679.6418,554.3928,33.9957,29.6900
678.4885,557.4994,32.8534,29.0139
677.6603,558.9710,31.9304,29.3814
678.2974,564.3780,32.6795,27.9280
680.3146,567.3641,34.5971,28.9895
687.6376,570.1122,34.6192,29.1851
697.6982,568.3765,32.7721,29.2214
701.8580,564.7511,33.8206,29.7018
703.2385,559.0284,33.4495,29.3908
701.3914,553.6268,32.2114,30.3271
697.7642,553.9225,32.3605,28.9088
696.5773,556.2606,32.5766,29.7852
699.2969,559.5159,32.0384,29.5013
703.3896,562.1497,32.3650,29.4726
707.6511,565.3322,32.5276,30.8616
712.7387,569.5076,32.6021,28.8094
719.2902,569.5443,32.2613,29.7809
720.2350,568.9693,31.7151,28.9592
718.8486,566.7018,31.1566,28.6759
714.8715,565.3821,31.9524,27.5952
708.7334,563.7546,32.5302,27.7629
705.4316,564.3363,32.2523,29.2717
703.8055,564.1793,31.4752,28.3951
702.4372,564.7078,31.7091,29.2368
700.0300,564.5854,31.9554,29.2517
698.2073,563.7494,30.5221,27.0330
696.3096,563.2868,31.8742,29.7439
693.6508,564.8315,31.5736,28.9831
691.2695,563.6105,31.7746,30.0073
689.4944,562.2673,31.2364,29.0275
686.0822,560.7273,32.7818,28.0553
681.7173,559.9339,31.8887,28.5509
679.3959,561.9426,31.0523,29.1333
677.2349,564.2280,31.1039,27.6869
675.6269,566.2050,30.9285,28.9481
677.1342,567.4246,30.6619,27.8292
677.6141,568.4537,30.8304,29.3524
677.6270,567.9476,29.7271,29.0299
678.8463,563.9140,32.9058,27.9968
684.7165,554.9921,32.5763,27.3587
692.6740,547.8042,31.7889,28.3481
698.5920,545.9501,31.1316,28.3845
699.5759,546.2722,31.7000,28.9019
703.3688,548.3624,31.9794,28.6025
710.1368,556.4749,32.8611,27.4009
718.1502,561.6672,30.7904,27.9745
724.0977,561.8806,30.4802,28.4206
722.7344,559.2405,31.0674,28.0511
715.3113,554.0656,31.5794,27.0749
706.3859,547.2416,32.0858,28.7338
700.1414,546.8690,30.6992,27.1453
697.4625,549.3975,28.6157,27.8783
695.6412,553.2399,31.1495,28.4253
696.7295,561.0198,33.5215,27.6369
699.4507,568.7584,32.0821,26.7285
705.6684,573.2537,30.1454,27.4579
711.0191,574.7816,30.6497,28.4023
714.4330,575.2495,30.4235,29.4016
713.7526,572.5149,30.7206,29.0060
709.4970,567.3303,31.5965,28.2481
701.6158,563.1625,31.0223,27.9310
694.7906,561.5178,30.6943,28.0571
689.1707,562.6120,30.0672,27.7897
682.8504,566.6151,30.6471,27.9145
677.0939,574.4958,30.8808,28.5263
672.6367,581.8383,29.5597,28.0657
671.0164,585.4399,29.4945,28.9623
668.9646,586.7700,30.2519,29.5630
667.8297,582.7538,30.4310,29.2883
671.0787,572.2698,29.4786,28.4186
685.7975,554.6161,32.2417,28.8380
705.1628,539.0879,33.5542,29.5730
717.8517,534.6680,30.6940,27.3586
715.3307,535.7384,30.1636,27.0939
702.2076,539.0148,31.9478,27.6990
688.6710,548.1151,30.9301,27.0806
682.4450,555.7161,29.7234,26.7835
682.9285,560.6623,29.3157,27.8388
684.3278,563.6660,29.5017,26.9286
684.0015,563.5576,28.7257,27.4107
681.1116,564.3068,28.7361,27.0333
675.1331,570.6212,30.6256,28.7040
667.1486,586.2604,29.8317,31.0065
667.0546,603.6035,28.5050,30.5992
669.6470,613.8477,29.1722,26.8945
671.5150,616.6206,29.0380,27.2384
677.2489,616.4037,29.7427,28.2592
680.6044,616.1738,30.9505,26.4887
686.6927,609.4862,29.6912,27.7809
691.3912,601.2819,28.3624,26.8049
695.4216,595.5744,30.1307,27.8247
699.1371,590.2960,29.2879,28.2041
707.0962,586.2326,29.9243,27.9668
717.0769,581.0173,29.3583,27.9762
722.9122,580.1831,29.1426,27.5739
725.0767,581.3631,29.1223,27.5664
727.9120,579.9323,29.5385,26.0424
737.1682,572.2732,29.0669,26.5556
739.9725,564.9744,28.6534,28.4676
739.0997,563.4053,29.1575,27.4330
732.9455,562.6357,30.6887,25.6376
721.8280,565.6025,30.9639,26.4171
707.5972,574.3255,31.1047,26.4933
701.4648,584.4778,29.1531,25.6393
697.6518,589.8752,29.0986,27.6278
696.3794,592.8086,29.1034,28.4732
691.7253,597.9636,28.5796,28.3427
689.9254,597.0918,29.3762,27.7504
682.8960,595.1426,30.3821,26.5361
665.6675,595.6456,32.5494,26.1741
648.7681,594.1658,33.2132,25.1244
644.0973,578.4015,30.5898,30.3618
648.3604,562.4051,29.1102,31.8076
654.3229,557.7354,26.0405,26.1127
658.0978,550.7327,28.3100,27.8433
664.2878,548.3708,28.0149,26.5485
671.9261,550.4156,29.9758,27.0054
679.1073,558.4627,29.8422,25.4982
687.1423,565.7604,29.7442,24.6381
695.2675,572.0709,28.8388,26.8110
699.4794,581.6005,28.6221,28.0433
696.9886,586.7257,29.3615,27.6207
691.1187,586.3167,29.3577,25.4180
686.7892,583.8885,29.5263,26.8312
685.2672,585.9916,28.5269,28.4193
690.7330,590.2603,27.8290,27.1680
701.6422,589.4957,29.1308,27.0971
710.6020,587.7543,27.7562,26.8357
713.4562,580.5406,28.5801,28.7048
715.2438,572.2460,27.2910,27.2307
711.4793,566.0313,28.1026,25.7907
706.9035,562.3187,29.1172,27.5313
704.9029,567.3598,28.4492,27.5390
703.7664,572.2617,28.0699,26.8837
711.0799,573.1539,30.9040,28.6087
721.4177,574.8952,31.0612,27.4181
732.4489,585.1581,32.6835,27.8785
740.5173,600.4755,29.4571,26.7040
737.3264,606.7858,29.8682,29.8405
721.7378,613.5302,32.6672,27.6632
705.9882,614.6560,30.6512,28.4673
699.6367,617.3902,27.3530,29.8629
700.4973,618.3196,27.7493,29.3817
709.3524,610.1976,28.7048,31.4430
713.6779,598.5932,29.3503,30.5720
714.7300,589.2112,27.9517,29.4580
715.9880,580.4335,28.3553,27.9253
716.6823,570.5682,28.6189,29.9033
724.0753,561.9759,27.7570,28.6409
729.5963,553.9935,26.4722,30.7201
728.2554,554.6074,26.3998,30.7364
724.1416,560.0853,26.5018,30.8133
716.0159,565.8997,27.5159,29.2382
709.1057,570.3334,28.9270,28.1357
705.1758,574.9721,29.8742,29.1434
700.6007,577.3045,28.3940,28.8386
693.2484,579.5922,28.0997,29.5489
686.1587,578.4717,28.3566,28.1210
679.8875,578.2615,28.6299,27.8801
671.2805,575.8008,28.8341,29.2553
663.2778,573.8820,28.3857,28.0908
655.9976,571.3573,27.2907,27.9098
649.6035,560.7791,28.0077,30.5398
647.7053,553.2520,26.6798,28.5058
645.8724,548.0336,26.6512,29.5150
647.9027,541.2529,27.6033,29.3759
651.2488,534.2397,24.8001,27.5828
650.5821,518.3758,27.2730,32.0616
650.3817,510.9113,26.2985,30.7075
651.8867,507.5541,25.7268,28.8946
653.6661,502.3961,27.7508,29.5689
655.5598,501.1856,26.8447,28.3329
657.2032,502.7214,27.0647,29.8512
657.5946,510.3853,26.6044,29.0164
656.3079,519.8603,27.7785,30.7168
652.6479,530.2026,28.1176,31.4079
647.5873,543.5279,28.9818,32.3475
642.4265,558.2729,31.5308,35.8545
637.3474,575.0078,30.7405,30.0603
637.0771,571.7415,27.4080,31.2495
640.2508,561.5358,27.8306,31.0948
643.0475,551.8892,28.5556,30.8788
647.2253,549.9919,27.8500,27.7706
655.7085,548.8140,28.1871,27.1218
665.4875,549.9618,27.1313,27.7349
671.7079,548.7939,26.3734,27.4542
673.2573,542.2070,27.1536,29.5903
670.8657,536.7538,26.6128,29.9196
669.3079,543.3010,26.4078,27.5344
671.1423,551.3865,26.5422,28.1878
673.3445,557.4067,26.6046,28.1768
677.4941,563.2040,26.4171,26.2563
681.3270,569.5454,27.3621,26.8275
685.2757,575.9266,25.9676,28.5419
689.5427,582.3887,25.7689,25.6721
691.2367,582.0391,25.9217,25.6862
688.8476,576.5034,25.7154,24.8930
687.9971,570.3412,26.7416,26.2494
689.8975,569.8683,26.2525,26.4652
689.6857,572.9417,26.2029,27.7887
686.8699,576.6697,26.9745,28.3091
689.5390,580.8453,25.6614,27.8419
694.4963,582.8296,24.9402,25.8557
697.7191,579.8844,26.0580,26.8600
698.6418,576.3145,26.2600,26.8956
697.0603,575.5421,26.2656,26.2689
696.6323,572.7224,27.3029,26.6831
695.0926,573.9232,26.3597,25.9395
693.6171,578.8031,25.8917,26.3803
694.1681,579.9772,25.9450,24.8540
696.9758,572.6488,26.1285,27.7879
698.0864,568.7549,27.0575,26.9981
700.5673,569.8231,26.7221,24.9376
701.4424,571.1841,26.8773,26.8847
695.9026,579.2972,27.5946,24.0941
688.0338,585.7777,27.4926,24.4893
687.0807,585.9080,26.2909,25.4594
689.4263,586.4429,26.4831,24.8981
695.1663,584.5144,25.9235,25.1005
699.4171,579.0994,25.4463,27.0364
696.6777,575.0797,25.7323,25.0782
692.9729,574.8217,25.6659,25.9312
687.5120,580.6353,27.2215,26.0331
685.0274,586.5753,26.2453,26.8318
679.3224,593.8036,27.6425,27.0544
677.2812,599.7281,28.4941,27.4859
678.1389,598.9177,25.9006,25.4691
682.1306,598.7978,25.1876,25.1745
687.9971,594.1091,24.9927,28.6732
692.0728,586.7007,25.6374,29.4334
690.9113,581.1943,26.1438,28.5145
690.2006,578.9644,25.9274,28.7624
688.0776,578.9558,25.8314,27.8724
687.3514,582.9987,24.6396,28.9956
685.7191,587.4442,25.3778,28.3975
686.7677,588.7853,25.1815,28.1003
682.5075,588.0767,25.2540,28.4376
679.1142,589.7830,25.4311,28.4382
678.1271,588.9810,24.8064,27.2413
679.3766,586.9380,25.9442,28.3636
680.2028,582.6769,26.3788,28.8210
678.7706,579.5635,26.0740,29.0856
673.9254,577.7633,25.6815,28.0806
670.1022,576.4230,25.6550,29.1592
668.3414,577.7627,25.6240,29.6099
666.6065,583.9144,24.9782,30.3314
662.6038,590.9911,25.5497,28.8334
661.1396,592.3152,25.6872,29.6725
665.5214,592.2377,25.4760,30.1006
668.2972,590.7562,25.7473,29.2206
673.5656,588.3422,25.2994,29.0034
675.2484,583.4366,25.7560,30.3480
676.5682,584.0172,25.4498,28.9098
675.6862,582.5125,24.8171,28.6620
674.4882,580.6519,25.8179,27.5079
674.4510,581.5313,26.5279,29.7422
677.1015,591.3668,26.1492,31.1892
675.9469,603.2542,26.4263,30.9559
674.7026,612.2995,26.3085,31.1663
673.6061,617.0103,26.2450,29.3002
672.6376,616.3322,25.7894,30.3967
671.4708,612.8194,25.2343,30.1084
670.1451,605.5208,25.0818,30.3681
667.6941,596.7864,26.2974,30.7252
666.8110,591.2175,25.0992,29.0927
667.5309,589.4543,24.5954,28.5371
666.1515,593.2297,25.2452,30.2535
665.6754,599.8902,25.6517,30.3194
669.4930,606.9246,24.9119,29.4051
675.6519,609.1263,25.2611,29.6523
678.4363,605.9121,26.4776,29.0805
680.6739,599.1002,25.2023,30.7641
683.6142,597.9786,25.3086,28.9764
684.8008,603.8309,24.5735,28.7001
679.0685,611.2590,25.5923,31.6125
671.6830,623.9368,26.2542,31.9660
665.1599,638.1161,24.5274,31.8558
660.3768,652.2301,24.9601,29.9703
661.1171,658.1957,25.1079,31.6022
662.8197,665.7465,25.5124,28.8169
664.3068,668.8314,26.3269,27.5563
667.4161,667.2833,25.3596,28.1816
666.1617,660.7651,24.6751,28.4997
664.4440,651.8923,25.7504,30.0357
664.3912,644.7051,25.3268,31.3874
663.8032,643.6716,24.7959,28.1933
665.3616,643.9944,24.9271,27.1059
667.7026,643.7460,25.3536,28.4274
670.7366,645.1658,24.1086,29.3403
672.6586,644.5241,25.1805,29.1529
672.1702,641.4515,24.9890,29.2124
670.1247,637.8193,24.9055,27.7559
672.2981,631.5331,25.9706,27.2513
676.1573,624.4590,25.0515,29.4439
679.3824,624.1215,24.6352,25.6131
684.2614,619.4946,24.6500,25.7547
688.9747,610.8929,25.2348,27.0596
694.6165,608.2877,25.4617,27.9166
697.0387,612.5461,24.6800,28.3557
695.2496,616.7640,24.8200,28.8979
696.0019,617.1715,25.8228,30.8828
695.3854,620.3995,26.2796,30.5846
694.0818,620.0262,28.2691,31.7829
694.1328,618.1141,25.4751,27.6555
694.0628,617.3892,25.6491,28.4926
695.5526,620.1086,24.5071,25.9327
697.7062,619.3741,24.5804,24.9714
698.5228,619.8832,23.0896,23.4879
696.8651,614.2040,24.1154,25.7025
695.1445,605.0674,24.3774,29.1084
691.1235,598.3210,24.4920,30.9293
688.3903,600.6938,23.8249,26.2997
686.4254,600.5674,23.1552,23.9746
685.6992,601.7981,23.0251,23.2052
684.0702,601.7347,23.4292,26.4640
682.2076,602.0565,24.7338,27.0864
681.2333,603.6470,23.8830,24.5655
681.3198,606.4715,23.3726,22.8839
681.8058,603.8499,23.9689,23.9711
684.4831,596.1080,24.6742,28.3277
686.0212,591.6428,24.3921,28.2645
687.6334,582.7704,25.1668,32.9400
689.5827,578.8954,23.9759,31.4341
688.7636,577.3880,25.4882,32.3417
687.8456,582.2629,23.2592,28.9566
686.4784,586.9183,23.8170,26.0899
683.4997,585.1635,23.5043,28.3014
681.6979,582.4326,23.2686,27.2220
681.5955,580.6883,23.4623,24.5079
684.2150,579.5577,22.8601,24.4765
683.1852,580.4854,23.1738,24.2123
683.0304,580.3491,22.0381,24.5283
681.3296,579.1852,21.2020,25.4386
677.7032,576.2560,23.5006,27.8715
678.7470,576.1254,24.1889,26.5128
683.5823,576.4336,23.3498,24.2035
682.4730,576.1370,22.9906,23.7990
680.4963,575.9231,22.9881,24.4529
680.2784,574.3334,22.8866,23.0443
685.0541,571.6096,22.3915,23.7720
688.4102,569.5806,22.0680,26.5002
689.9286,568.1782,23.3178,30.8310
690.3723,567.0325,22.4395,31.9944
690.4852,562.7830,23.9151,32.7225
692.0570,561.8552,24.0972,31.9112
695.8782,563.2143,23.3810,30.1581
699.0734,570.9728,22.1879,24.0151
699.6210,572.7160,22.2854,23.6023
697.1688,572.3255,23.1785,22.5731
697.8597,571.5975,21.8964,22.4510
699.3230,572.2441,22.1660,23.5654
703.0566,577.6873,22.4751,21.6929
705.9307,581.7727,22.3419,23.2109
709.2147,582.4993,22.4410,23.2698
713.1175,581.6731,22.3934,22.3966
716.7332,578.2395,21.9354,23.6115
717.1249,572.6157,22.3682,22.7342
714.3604,566.6671,22.3049,23.8105
709.7991,566.4771,22.7867,21.6781
703.6318,567.6069,23.1988,22.4497
703.3986,572.1008,21.7786,21.8647
703.7542,576.0998,21.9683,20.8083
703.3535,581.5398,22.3180,20.2346
704.1121,583.5406,21.7816,20.8155
702.7328,580.2512,21.8281,20.5150
698.0144,571.3173,22.5141,20.7279
694.7141,565.0684,21.7857,20.5775
694.5852,557.3231,20.8385,21.3348
693.2867,552.1691,22.1450,21.4691
690.9874,555.1663,21.0795,21.3320
691.0676,558.5472,20.9444,20.8544
695.9875,556.0606,21.5490,20.3039
701.1741,553.1326,22.0364,20.7652
702.6055,552.6096,21.3775,21.1969
706.1691,548.8866,21.4189,20.6802
710.5217,543.9590,20.9420,21.8908
707.7188,544.3317,21.5037,21.0720
703.6560,548.9935,22.2370,21.2649
704.4243,560.1544,22.6948,22.2747
701.8889,571.5392,22.4633,22.5344
696.9698,581.3389,22.0417,21.1936
697.3077,587.4302,21.6170,20.4781
697.7589,588.2139,22.2412,20.4482
696.4037,587.0158,23.1982,20.3823
696.8511,584.2529,22.7508,20.6918
699.7878,580.1920,22.4366,21.3443
702.7970,574.8408,22.8639,21.4941
706.9527,571.0007,22.6438,21.5017
709.6097,567.2576,20.9060,19.7504
706.6782,566.7365,21.0505,19.4838
702.5543,564.3339,21.1391,20.0839
701.6295,563.5519,22.1078,19.9585
701.5680,564.7672,22.3670,20.3638
701.0998,567.2200,21.9648,19.9078
701.2562,570.2228,22.9656,19.1081
702.1367,572.6046,21.9033,19.8058
698.7679,576.4599,22.4169,19.3660
696.4321,573.2730,22.3945,18.8909
695.3668,569.3701,23.2187,19.8039
695.5599,566.6947,23.0498,19.4569
699.6242,563.6779,21.8074,18.7795
703.6307,561.1418,22.0157,18.7839
702.7919,561.3898,21.8206,17.9953
704.1643,561.3251,22.0777,19.2498
705.1158,559.2607,22.8551,19.6612
701.2330,561.4557,22.4770,19.2620
695.1160,568.5551,22.3750,18.9113
692.7042,572.8611,23.0514,18.4112
690.9617,575.1052,23.3642,19.2148
692.1730,574.5854,22.6022,19.1788
695.2632,571.3846,21.7279,19.1486
698.1597,566.5010,21.7639,18.2173
699.6613,562.3214,21.1279,19.4199
702.5833,561.4147,21.0084,18.0388
705.7876,561.3901,21.1946,19.3866
705.4324,564.0250,21.3642,19.1765
705.7216,571.0262,20.7626,18.3259
703.6804,576.5117,21.3750,19.4394
701.5218,578.0334,21.9675,20.3101
701.3256,577.8524,21.1808,18.5129
700.7751,577.2668,21.9179,19.1747
699.7524,573.9109,21.4989,18.4883
698.2061,572.1681,20.8478,18.2214
695.3444,575.9674,21.7289,18.6979
694.1306,579.3438,21.3242,18.2829
696.1976,579.1172,21.3977,19.1041
698.3508,581.3462,21.4187,19.1779
703.6614,584.6021,21.1309,19.7146
712.1133,587.2241,22.6501,19.2918
718.8611,584.0735,21.2582,19.7979
718.2079,580.9753,20.3629,18.8613
708.2607,579.4116,21.9263,17.3993
697.4205,575.2001,22.7378,18.5834
691.5964,574.9353,21.0240,19.2141
688.4448,581.3841,21.1049,17.1848
689.8743,583.2057,20.5941,17.6062
692.2206,583.8489,20.8576,18.4260
692.3469,592.4597,19.4092,19.2531
691.6714,597.0538,20.1617,20.1516
694.9196,595.5068,20.3185,19.5781
695.4602,590.5445,21.7109,19.2842
695.6336,582.8168,21.4581,19.3305
695.6336,582.8168,21.4581,19.3305
693.9219,573.2311,22.5118,17.5609
691.5622,574.2454,21.4519,17.9667
693.3679,574.5433,20.8588,18.0488
694.6111,573.0460,20.3948,19.2315
695.7838,573.9791,20.1331,19.6830
697.4471,576.4290,21.8063,19.7820
701.4896,577.9303,21.2679,18.8126
701.9694,576.0291,20.5770,20.0987
700.6677,574.1741,20.0364,19.1307
698.8501,569.9760,20.9118,19.7045
700.0416,565.2147,22.0378,20.1084
701.3524,562.6036,22.4598,20.2795
704.2062,563.7166,21.1991,20.8753
701.1783,569.5618,21.2410,19.5546
695.3062,574.3771,21.6791,19.5338
690.3420,580.5968,21.9979,20.7661
686.4445,588.6147,22.1236,20.0467
687.4105,596.6703,20.7373,20.1295
689.8165,601.6790,21.1075,19.5214
692.9298,605.6743,20.6754,18.3730
695.4634,597.6031,21.1551,19.4474
694.6784,593.1765,22.3758,20.2020
692.6439,586.6168,21.5395,18.5414
689.2394,586.2056,20.9008,18.4640
688.3958,587.4522,20.9462,19.4165
690.7076,588.7336,22.0698,20.2073
694.6088,592.2604,25.6989,21.2652
690.7576,597.5967,30.0120,21.3342
685.4027,600.1452,31.0830,19.0927
682.6669,596.2649,26.9695,18.8933
679.0550,592.8564,23.6962,19.4451
678.9323,589.8515,23.4626,18.7261
682.7258,591.2377,23.8636,18.3078
685.3911,594.5453,21.9366,17.9170
683.6045,597.2421,21.3178,18.5922
677.8074,594.8803,23.6133,19.3599
670.5338,593.0388,22.8753,18.6892
657.8726,586.5005,23.8342,18.1641
657.4432,586.3987,24.0755,18.4521
670.9983,592.3089,25.7982,19.1256
681.1747,596.2657,27.2470,18.1011
688.7410,594.1119,29.6584,19.6690
690.9589,591.9990,28.7785,18.1503
683.9385,589.7420,27.1651,17.6806
677.2247,586.2391,26.2625,18.0745
674.6882,582.6519,22.9468,18.9994
674.1531,584.4647,24.5772,18.8404
674.5477,588.1704,21.9619,18.1361
672.6049,592.0405,20.9219,18.0140
664.3167,591.6085,23.7159,18.5705
655.8605,591.0503,24.6219,18.0981
654.9255,590.3492,25.3251,18.7225
653.7385,591.3289,27.0204,18.2001
652.1454,592.0256,25.7454,17.9279
656.0660,593.0576,28.9584,17.4618
660.9390,599.2328,27.5772,17.7096
655.8305,598.5416,27.1570,17.4361
652.6913,594.9156,24.2230,18.2945
657.6769,593.5345,25.3641,18.6248
658.6407,596.5698,24.8195,18.2551
653.2648,592.3657,25.2337,18.8545
654.8664,584.8862,25.9175,19.2851
657.3338,578.7815,26.3214,18.1265
660.7413,578.3480,27.2094,18.3919
675.8484,579.1345,29.8105,18.3789
696.5339,580.8954,30.0260,18.4106
717.4057,582.2601,31.0097,17.4618
731.0242,580.4021,29.8500,18.5090
732.9493,574.6377,31.1018,17.5236
730.5741,576.3267,30.7780,18.6772
727.3481,578.0862,30.1635,17.3875
723.0854,575.0364,28.8828,17.6807
723.3891,570.0627,27.0151,18.1000
727.0066,566.8986,26.4424,18.3180
731.7991,568.8180,24.9855,17.6459
727.8644,570.0106,24.0046,17.9735
720.1420,575.9554,24.9958,18.7974
706.0278,586.1562,28.4604,20.0054
692.2589,592.9624,32.4568,18.4975
682.2787,593.8210,33.7674,17.0262
676.7524,593.9811,31.7364,16.9859
666.1401,596.7526,30.5828,18.3542
657.9500,596.0388,33.7493,17.3232
661.7181,590.1395,33.3699,18.4855
670.6659,591.4558,35.6742,17.9332
685.8219,589.8546,33.0205,17.8707
697.9680,588.0261,34.6719,17.5891
707.5589,584.9044,31.0160,17.1577
701.4467,583.9977,26.4268,16.6165
691.2239,583.9418,24.3500,16.3920
687.1193,577.5663,21.9967,17.6911
689.5527,580.5141,22.2043,17.7592
686.4438,591.4131,23.2065,17.4019
675.5863,591.5937,21.8521,17.4081
672.9872,590.3948,21.6019,17.4184
666.8537,591.4033,22.5653,18.0958
654.2656,594.8363,26.0827,18.0196
646.5206,596.1786,23.8772,16.5684
641.5875,599.3220,22.6652,17.5842
639.6843,608.0269,21.3117,17.8671
640.4342,614.0452,21.2423,17.9551
643.0695,616.6696,21.0902,17.9676
642.4257,616.1407,20.6314,17.1283
640.0092,615.8163,21.1779,17.5684
639.2650,615.1055,21.0711,17.4394
639.4373,613.9848,21.0514,17.1044
638.9657,615.9639,21.2053,17.1315
637.4601,617.2626,21.5827,18.1991
635.7775,615.7701,21.3025,17.3822
634.4107,612.5623,21.0753,17.1988
633.7856,610.3588,21.7209,18.0657
634.0550,608.3702,20.1702,17.6861
635.9772,605.9163,20.0037,17.4739
634.0012,603.1074,20.1168,17.7285
630.7957,604.2548,20.5306,17.6311
631.5447,605.6508,20.2555,17.3367
635.2767,607.1870,19.7248,18.1184
634.9083,611.1133,20.1058,17.8463
632.0350,614.3882,21.5198,17.5809
632.0350,614.3882,21.5198,17.5809
632.0350,614.3882,21.5198,17.5809
636.4149,610.9154,21.0794,19.3435
636.5037,609.0651,20.9208,17.8348
636.2278,607.3336,19.9324,17.8248
634.6790,606.1852,19.8142,17.7093
630.7808,604.1886,20.4994,17.5239
628.3732,601.0464,20.5359,17.9634
628.6477,599.3671,20.9958,16.9979
629.6910,599.6072,20.8025,17.5753
633.8960,600.5339,20.9897,17.5007
637.8195,599.3696,20.8414,16.9637
641.0079,597.8300,20.8800,16.7876
642.5192,596.4464,20.8761,16.4171
643.0301,594.8184,22.0348,16.8124
643.1274,592.4645,21.6613,16.7679
643.4677,588.4030,22.6121,17.4588
641.1835,587.2397,23.0323,16.8772
639.7924,585.1961,23.6445,16.7445
638.9419,584.7841,23.4080,16.2716
638.2747,586.4323,23.5182,17.0378
636.6055,587.7095,23.8365,16.6975
635.9835,586.9481,23.9500,16.6782
633.5118,585.7728,24.5359,17.1651
630.8479,584.6805,26.2075,17.3052
630.8629,583.5353,24.2896,17.4483
630.9103,581.0292,24.2698,16.7524
627.7936,581.3475,24.7917,16.8667
626.4675,580.7073,25.7565,17.0181
624.9596,581.2894,24.6530,17.6676
620.3828,583.5549,25.1790,17.2624
618.3355,583.5651,25.8599,16.8779
618.3355,583.5651,25.8599,16.8779
617.0743,578.0597,27.0520,17.1260
618.2072,581.5197,27.7928,17.4481
622.0471,586.7524,27.7162,17.5028
623.0184,591.9050,29.7402,16.7596
623.7054,594.5815,30.5920,16.1397
626.1408,591.9039,32.0841,16.9376
630.7134,587.3074,31.3240,17.6354
631.4697,585.9449,31.5753,17.2584
629.2887,587.5060,32.3827,16.5260
626.9518,588.0812,30.2623,16.7096
626.9228,588.6269,31.4263,16.0577
630.1815,588.4748,33.4744,15.5743
634.5744,588.4750,34.7815,16.7123
635.8762,589.7172,34.0860,16.6699
638.0469,590.0819,34.3751,15.9240
640.3005,587.2910,31.6337,16.6803
643.6828,583.5906,27.6603,16.3551
643.1196,582.2748,25.1245,16.3412
641.2271,581.9836,22.4624,15.9625
641.8245,581.3015,22.0495,16.8700
643.3706,581.7020,21.6200,17.2579
644.8942,581.5684,21.0876,17.8160
647.4943,583.7012,21.3598,17.7459
646.7479,587.1463,21.0273,17.1727
645.9891,587.8187,20.6767,18.2119
644.8594,588.8451,20.5014,18.5405
647.2358,589.4462,20.1365,16.6491
649.6173,590.5201,18.9743,16.4906
652.2501,591.0056,19.7059,16.5387
657.2336,591.4043,19.6670,16.4701
664.1330,590.4207,20.0277,16.1547
670.2787,587.6270,19.7872,15.8705
674.2285,583.8411,22.1578,16.5033
678.9654,582.8560,19.7106,16.3599
678.5089,584.2221,20.2320,16.2270
678.7602,585.4401,20.3109,16.5605
678.7283,585.4220,19.2295,15.4941
675.1577,588.6334,21.6435,15.8502
675.3438,585.5714,19.5884,15.9872
675.5200,586.1345,19.1131,15.8719
674.2593,588.2594,18.8507,16.7923
672.2227,591.8910,18.2849,17.1235
670.1416,592.8313,18.2697,17.4343
670.4596,591.5791,18.7698,17.8156
670.2061,588.8522,18.0901,17.3828
670.2147,587.6080,18.1597,16.9483
669.5884,587.3115,17.6916,16.3114
664.5778,589.3099,18.9867,17.6909
657.8807,592.0978,17.9482,17.0833
651.7336,595.7565,18.3320,17.5513
645.8806,598.0939,18.2053,17.3263
640.4849,599.1224,18.6024,16.9863
631.9949,602.4351,20.3195,17.5948
627.0417,606.0893,18.2693,17.3518
621.2790,607.4835,18.2210,18.4454
614.9102,610.4659,18.3468,17.3436
608.1996,609.3301,19.4099,19.4308
607.9797,607.5433,18.4217,18.9602
610.9531,605.7383,18.6386,18.2824
618.5309,603.5594,19.8341,17.9978
628.8419,601.3004,18.4116,17.8509
640.1304,599.9844,19.7051,17.8858
649.0495,598.3788,19.3432,19.0362
649.0495,598.3788,19.3432,19.0362
649.0495,598.3788,19.3432,19.0362
649.0495,598.3788,19.3432,19.0362
649.0495,598.3788,19.3432,19.0362
649.0495,598.3788,19.3432,19.0362
649.0495,598.3788,19.3432,19.0362
650.9319,594.3098,18.6421,17.0930
647.7854,595.0674,17.9391,18.3193
646.0550,598.2665,17.6272,18.3113
646.4135,601.7404,17.1972,17.2042
647.8915,607.4450,17.7995,17.0182
649.5626,610.8752,18.9890,17.3017
652.1332,609.7845,18.6199,17.4047
652.4548,608.2891,18.5250,17.3763
651.6407,607.0067,18.0307,17.2075
652.1526,607.4979,19.2486,16.1316
653.3411,608.0951,19.8799,16.2552
653.6226,608.8629,19.3715,17.6041
653.9164,610.5419,19.0414,17.0268
652.3719,613.0510,19.3731,16.4878
651.6732,613.6968,18.2724,17.7328
651.1361,614.8828,19.3830,17.3546
655.0508,612.3146,19.2761,17.0420
659.6410,606.7625,18.8373,17.6250
664.8885,601.3591,19.0702,18.2509
665.9363,600.3683,18.7616,18.4831
664.2047,599.9858,17.9236,18.0739
657.8995,601.8387,18.8249,17.8725
653.1865,602.3246,17.8138,19.3448
650.3491,603.7027,18.8358,18.8544
651.4871,605.2889,19.6168,18.6654
651.2469,607.3253,18.9084,18.0007
652.1736,605.7428,19.6872,18.5758
652.3693,604.0061,19.6750,18.3375
648.3560,603.4572,19.9368,18.5613
642.9210,604.7440,19.5570,17.2283
640.0402,606.5989,20.1275,18.1711
638.9702,611.3344,19.4164,18.3579
636.1392,615.1169,19.3032,18.7435
634.4484,617.6341,19.6405,17.5939
635.3919,617.0498,20.9836,17.4606
636.5772,614.4874,20.7077,18.3774
637.4912,612.3002,21.6075,16.9820
638.4009,610.9443,21.7210,16.2327
638.2720,609.7662,23.4487,17.4561
636.7750,614.6437,21.4049,15.4457
638.3906,616.8727,20.6006,16.8522
640.4843,617.9537,19.8371,17.4816
642.7366,618.3342,21.3790,17.3817
647.2437,618.4796,19.5515,16.0691
645.8634,615.4330,20.6799,16.2544
640.8458,614.0040,20.6534,16.0754
636.6634,612.8459,19.9125,17.3125
632.7441,613.0294,20.2516,17.2298
632.2039,610.8190,20.2770,18.3943
631.8839,611.5711,19.5348,18.2529
630.6633,612.4421,19.8157,18.1097
628.4697,614.3644,20.6229,18.6096
627.9862,617.6819,20.7599,17.5624
630.2790,620.7390,19.6674,18.1916
632.9075,618.6104,20.7750,21.7469
636.8649,617.5402,19.6919,21.7940
640.8848,617.0027,21.1955,20.1010
643.6810,615.8329,20.7910,19.4108
644.9012,612.8333,20.3768,19.5715
647.1732,612.5583,19.4400,17.5645
650.8625,611.0242,19.0009,18.1805
654.8453,608.8955,18.5992,19.1408
658.1286,609.1452,19.2500,18.3159
656.7343,610.1357,20.3108,18.2785
658.2015,609.6761,19.5771,18.5918
661.0512,609.0285,18.6782,20.3073
663.8794,607.3912,19.3258,20.4940
665.0016,611.4005,20.1187,18.3663
666.1220,612.0176,20.5822,19.7179
669.6525,613.6875,21.2911,19.2223
672.1454,615.2350,20.1362,18.7313
670.6891,619.3986,24.3539,18.0094
670.5248,620.1188,21.4787,18.7437
672.5274,620.1208,19.7090,17.9679
673.9029,620.6705,18.7094,18.2532
674.8801,622.1954,20.2096,18.3004
676.8526,622.8004,19.6385,18.1248
677.4929,623.9764,18.8051,18.8870
677.7682,621.8992,18.7439,18.6958
679.7950,616.4593,18.4560,19.1497
681.1788,607.3129,17.8431,20.2720
681.7720,601.7180,18.1082,20.3756
683.3875,597.4009,19.6125,20.3795
686.8019,596.4291,19.4623,20.7132
687.3756,599.0990,19.5430,20.0329
684.7578,602.0790,21.5451,21.5182
686.1776,604.1240,20.3678,21.5053
690.7704,604.4527,19.3958,22.8122
693.3240,604.3618,21.1266,21.3225
694.0643,602.7145,19.9592,21.0037
691.6176,600.4026,18.6454,19.9180
688.8748,599.7640,19.3587,20.3081
687.4352,597.5525,19.4164,23.1051
687.9349,602.1324,18.6456,21.8907
688.4437,607.9056,20.1819,19.8027
689.0347,610.7523,20.6570,19.0493
689.5463,609.9818,22.4258,20.1281
691.5902,610.3063,21.1846,18.0243
691.8272,608.5952,23.3301,17.9914
689.6321,605.6805,26.5921,21.0438
686.0304,605.0366,32.0273,23.3878
687.5359,607.6952,33.7257,21.8305
686.0430,608.2657,34.2472,21.9406
684.1358,606.4617,35.6757,23.9412
683.6061,601.5475,39.4660,26.3808
681.5244,603.6309,38.3476,24.0440
682.5563,603.2613,35.2526,22.6182
687.2269,602.8374,30.9196,21.4139
686.7463,603.7827,31.3723,19.4228
690.5757,601.5950,30.3135,18.7925
693.6675,598.5927,29.5366,20.3182
692.9572,600.0928,30.0826,18.6610
692.4589,598.4081,30.6321,18.4629
693.6620,596.5476,29.2257,19.0566
693.6396,593.9742,29.9074,19.3479
699.2468,587.6749,29.6572,22.8305
697.5839,590.8890,30.2363,22.4702
696.5269,593.3503,30.4017,21.8268
697.5066,594.4946,29.5893,19.6577
695.8003,595.1995,30.8664,20.5542
693.8219,596.3643,30.6434,21.6543
690.9016,598.6566,30.4442,21.7893
689.7571,599.8156,29.4646,20.4675
688.1706,598.1596,29.9604,20.2539
687.6264,595.9593,31.6245,20.7535
689.2418,590.8967,32.9934,21.9446
691.1025,588.8284,32.0777,21.1482
692.9275,589.3395,31.2774,21.0397
692.2276,592.0773,31.3984,21.3228
689.5721,592.8364,31.9331,20.7907
689.1299,591.1647,31.8913,22.5180
689.3477,591.3309,32.9127,22.9853
692.5383,591.2678,32.3435,22.2968
695.6441,586.1204,32.5184,24.7936
694.9602,583.7718,34.0705,24.1004
691.7002,579.7076,34.4267,23.8258
691.6118,571.2606,36.2465,25.3715
695.9263,563.6600,33.9943,26.9707
695.4201,561.5522,35.9820,28.0326
695.7783,560.1987,37.1156,27.8981
696.6043,564.4565,35.5497,25.1807
692.5646,562.7713,37.3795,27.8166
690.3892,561.9534,38.3324,27.4810
688.6667,561.3311,36.5470,20.9656
689.0723,551.9919,35.2122,22.9504
689.0312,546.5768,39.8188,24.0047
687.3566,544.5359,41.3604,24.4820
687.0620,544.2854,38.8365,24.8006
683.3784,544.5206,43.1172,26.5727
679.9902,550.4541,42.3956,25.8866
686.3409,550.9767,37.5877,22.4468
688.0699,551.3251,38.3221,21.3402
689.5889,553.7819,38.5188,19.6313
691.1410,557.5580,39.6945,17.8974
686.9109,557.4039,44.8979,19.4954
691.6082,558.8129,41.2146,20.3103
687.6718,559.1124,44.1058,19.3778
691.6284,555.5455,39.6997,19.6557
686.5606,554.4931,44.9105,17.0625
685.0142,552.7281,43.9207,20.2555
683.5762,552.9191,41.7866,21.2837
679.4976,556.2678,43.1106,22.7319
675.6707,559.5948,44.0760,23.0984
675.6660,562.9323,42.8118,19.5207
677.6136,562.5142,42.4978,18.4530
675.7266,560.9889,39.7418,19.0594
678.7025,559.0747,43.8985,19.2364
676.5438,558.5302,46.5417,16.4965
674.3465,558.2452,46.6778,18.0856
672.6910,557.4089,46.3274,19.6089
670.9316,555.9518,44.7033,21.6767
675.8587,558.0180,42.3111,21.8020
677.7065,561.7003,44.5970,20.4189
679.3408,561.4127,44.8755,18.0532
677.3243,559.3531,46.5248,17.6941
676.1984,555.6461,47.9753,19.6740
676.3807,553.5147,47.3128,18.2985
674.7673,553.1029,46.4980,17.6200
671.8167,552.2654,47.1042,18.8949
667.8907,551.7015,44.4673,21.1174
669.2189,554.3011,44.6802,20.8609
668.4261,557.4213,47.3019,18.3533
664.9438,557.0915,48.0078,18.4622
662.0365,555.7402,48.4624,19.6217
657.3439,554.0944,50.3833,17.5408
652.3472,547.2942,46.4713,20.1400
655.4732,546.3503,45.3920,20.1414
648.9962,545.7133,41.5223,20.3960
651.8551,547.6185,36.1764,18.4877
654.0468,552.0566,30.6380,16.9430
655.5538,553.9437,27.2444,17.7383
656.4077,555.3921,26.2435,18.8544
657.2489,557.9057,26.3043,18.5233
658.1855,556.9852,25.8289,19.2423
656.5897,553.7107,28.1993,19.3715
656.7922,551.6439,27.8884,19.2169
656.6790,552.1464,26.7141,18.2374
656.7729,552.3557,26.5681,19.1430
654.9469,557.5414,27.1327,19.1577
651.3600,560.5158,26.5400,20.3102
649.6555,563.2655,26.7918,20.4957
648.2264,563.5298,28.2187,20.4784
647.1175,561.8141,29.4581,19.9557
649.7318,556.3242,30.9293,20.7465
653.1569,554.3701,30.4335,19.6048
657.5158,553.7033,29.2388,18.7572
662.7162,553.0887,30.6040,17.2948
668.3135,553.2696,30.6788,17.1271
673.9465,553.3391,30.2517,18.2001
678.2768,553.2769,31.7831,17.6492
684.5355,552.2900,30.7778,17.2412
688.1662,549.2873,29.9112,19.6975
688.2481,548.7618,30.9969,18.2981
685.9183,546.5704,30.9827,18.2885
678.2375,550.7566,31.3400,17.5572
671.9779,554.2952,31.2508,18.2807
665.8328,558.7860,32.8960,16.7484
663.2796,559.3354,32.0942,18.8248
662.6930,559.5019,32.7719,20.7174
661.8765,560.0352,32.3522,20.3536
661.3055,560.3095,32.9678,19.3816
659.5618,560.7610,32.9972,18.6519
657.3391,558.3250,33.4778,19.4156
655.2858,558.3594,34.2125,17.9854
659.3848,557.2484,34.2187,20.5867
656.6920,559.4022,36.6244,20.3783
656.8799,555.5695,39.8783,23.7151
657.7725,550.8576,39.7028,28.2839
665.2905,549.3448,40.2057,29.0237
660.9384,548.3795,41.1959,29.8135
667.7117,546.6064,42.8381,34.3238
664.1532,546.4803,41.2873,35.3527
663.6601,543.1044,39.0974,37.9264
663.4857,533.9045,39.1983,44.9127
662.6528,543.8094,36.2723,35.5781
669.1926,540.3647,36.8710,36.3188
670.7805,532.9417,35.1943,43.1268
669.5005,537.7086,38.8608,41.2619
666.9838,540.8680,42.3360,43.1028
664.7808,534.4966,48.8249,47.8187
665.9408,540.0667,43.1664,45.1442
667.0110,543.8281,43.3909,48.9901
669.7968,536.2177,37.7219,46.8799
670.9733,527.2031,36.1419,49.7007
673.8895,530.5458,31.8294,49.2165
661.4374,536.2925,40.4440,49.3529
671.1357,530.9224,39.2550,46.7348
650.3573,554.0800,33.5714,38.4110
651.1638,555.0646,32.3814,31.6276
648.8331,555.9175,37.8682,30.3418
667.2234,551.7238,41.4639,33.9357
670.0109,547.5366,42.6176,37.6890
670.3993,544.4156,45.3247,41.6756
672.5675,539.4756,47.1519,47.0287
675.3750,535.6887,49.8950,52.0712
692.0520,529.2368,42.5184,55.2694
680.1833,538.6817,48.6690,50.8290
682.6890,522.4748,52.7626,56.7899
679.2909,520.9827,56.6907,57.7917
683.1958,522.9601,51.1314,57.3560
667.9200,531.8369,59.6669,54.2329
662.3563,526.5396,65.9959,59.4799
657.5487,527.0656,69.0803,58.4603
660.2878,523.4847,67.6683,58.8821
656.1160,522.0029,69.3564,60.3897
652.6520,528.5837,74.0346,57.5027
652.7045,525.5479,74.0537,63.9201
642.0389,525.7302,82.2602,69.2368
642.7075,535.7874,76.8174,64.8603
640.4922,534.7675,79.1565,65.6782
635.8812,543.1467,79.1574,62.8260
629.9276,540.3041,87.5330,63.4471
648.0814,533.8331,71.7177,70.0080
643.0490,524.0050,79.2041,74.8607
640.4929,515.8276,81.7356,77.6185
634.0027,512.0745,82.9605,78.0780
628.2766,521.6204,88.6951,69.8197
641.4378,515.8452,85.6554,71.2366
639.2279,502.9247,84.2763,87.6696
626.1000,497.9725,92.1909,94.6951
637.4213,505.0988,87.3402,82.8306
641.9412,508.2293,90.1307,73.5613
640.4482,499.2072,85.2907,77.7576
653.2886,495.7383,80.9887,78.5422
639.7971,484.1199,81.1615,91.1283
626.9977,476.2010,84.2080,100.3074
610.0066,476.6696,94.9526,101.8262
602.8374,501.1995,93.6142,78.6332
611.7245,489.7801,91.3756,95.0108
595.1348,490.8197,91.5243,96.9585
579.8674,494.8615,100.5078,96.9474
571.8397,496.6079,100.8722,100.5716
569.9060,502.4633,87.8374,98.1042
580.5313,502.7720,89.9632,97.2782
567.5555,506.6456,94.5204,95.8019
579.8934,504.8924,94.6986,93.3153
591.5215,493.3400,104.5897,105.5730
607.3684,485.8314,102.1317,108.9089
618.5157,484.1484,100.0814,103.3877
614.1638,487.9762,102.6899,96.5345
612.5660,490.3145,106.8330,96.0716
619.6704,493.1655,103.0900,95.7889
612.4354,487.1649,108.8829,104.5258
615.7658,491.7933,108.7850,104.3095
615.4827,497.7018,105.0815,102.5030
607.6635,502.1016,109.4965,101.7107
597.7475,503.9255,110.3873,106.1140
588.1923,508.9026,109.8396,104.1879
584.4398,510.3015,112.1785,104.1191
582.0093,510.9174,112.6111,101.5559
584.8984,511.0098,112.5522,96.6379
583.8774,505.7490,112.5775,108.5626
588.0162,510.4878,115.4512,104.9927
596.8659,509.4678,112.8391,104.1980
604.2159,498.8096,114.3484,107.9338
602.3439,496.5745,121.5912,103.9649
606.5543,495.6813,116.9035,104.5252
609.5481,494.6165,117.8606,99.6768
607.2943,483.1068,123.2405,105.9986
599.6586,482.6093,124.1286,102.4167
595.2679,480.5446,122.7665,99.8387
586.1300,479.8362,122.1174,98.3373
571.3704,479.9735,124.4205,105.5475
563.3589,484.2306,124.6510,106.7936
557.8352,486.5572,133.4946,106.9280
560.7108,487.0357,126.4742,109.4404
553.7378,488.4691,129.6752,110.0968
560.4432,490.5019,126.9907,102.8228
566.6703,485.9391,127.4721,109.0710
566.2681,488.3888,133.7946,105.5928
566.5512,489.5945,132.2149,109.0435
570.9513,488.3300,133.5857,108.7980
572.7568,485.6379,138.4212,110.0922
572.8436,492.6553,131.8431,100.9135
572.8124,477.5154,132.9085,116.6894
574.2696,482.8315,132.8212,106.5169
566.2118,471.9338,142.9470,114.0238
561.0116,476.2728,149.8696,101.5322
562.1186,460.3619,145.9597,114.0885
569.0594,464.1159,143.2563,106.8272
566.3621,456.7661,147.8546,111.6391
572.5527,461.1935,147.2592,111.3297
572.6009,460.3936,151.1155,111.4259
561.8285,441.6713,167.7305,126.4772
570.5911,440.7615,153.2564,127.3901
569.9934,440.7521,162.2323,121.0997
572.3218,441.0005,156.2328,118.6703
569.7443,441.4092,161.4323,114.7872
568.4819,431.1720,159.4719,126.2240
569.1454,431.9897,158.6012,124.0631
575.4692,429.9358,149.6812,127.3112
579.8630,438.3328,153.4482,119.3321
581.2000,433.8103,129.6147,125.3755
580.4200,417.3934,133.7750,146.7989
584.8884,419.7459,109.7940,145.4841
596.8226,402.5175,127.7352,157.9631
587.5918,406.2752,150.8838,150.3509
590.6204,410.2234,146.3918,140.6471
589.6349,398.4399,150.0410,149.2194
592.9232,400.8655,166.0286,137.0255
587.8651,411.3734,170.8031,125.6579
587.1290,433.5927,141.9652,105.8571
590.3672,448.9626,113.1701,89.3744
595.2165,460.7369,110.8552,74.1124
599.6800,465.8720,93.8680,63.3239
604.8902,460.3502,89.8950,62.2580
606.3369,456.2389,91.3012,63.7875
605.0614,460.6797,90.9708,57.8291
602.2341,464.2574,97.9774,55.4828
598.0153,460.3495,107.4705,60.9034
599.4570,462.7736,98.9214,52.9502
600.4269,464.2734,93.3103,53.1403
600.1379,467.6946,98.6905,54.8956
600.1031,469.0671,100.3349,53.5761
596.2482,462.6248,101.7681,63.3491
597.4561,464.0491,100.3918,59.7253
595.6854,461.2576,105.0951,62.6335
593.2525,463.6406,107.5686,60.7448
594.4261,467.3774,107.7428,55.2141
594.5129,468.0412,105.2525,55.2227
587.8510,471.8767,106.0168,55.1718
581.5754,476.4072,108.9149,56.9661
579.8195,478.2540,106.4912,55.0476
579.4977,482.4008,107.8867,51.8665
576.9636,482.4795,113.5713,50.0640
576.6763,482.2625,112.3029,51.9105
573.0748,485.1469,114.3006,56.9388
571.2559,491.3407,115.1969,57.2559
570.0837,500.0179,110.2947,55.0782
568.1081,504.0015,113.6788,58.3981
570.9839,509.8376,114.1004,55.6656
579.2647,511.1185,118.7248,57.3745
589.5327,513.1891,121.8052,56.0810
597.9680,514.9774,117.0616,52.5825
600.0245,510.0702,122.4442,55.2354
598.8868,504.4386,122.6080,56.9768
597.0134,496.8779,123.0632,58.7425
593.4661,498.4847,124.4792,57.5701
589.1042,500.6674,130.3201,55.6253
587.5820,501.9572,130.6672,58.8314
585.3540,504.7861,129.7455,58.8732
581.1594,506.6536,132.4013,59.4733
581.3116,505.2790,131.7838,60.5983
585.1942,501.7861,131.0815,62.1975
586.4094,497.7542,134.7586,62.3261
588.3076,497.5913,133.4456,61.8162
585.9339,497.7825,135.2650,65.3832
584.8975,496.6981,138.4266,64.1695
585.6168,496.6510,139.6121,63.5152
584.5706,493.9432,142.6802,64.9384
591.6467,492.1444,136.4401,65.9609
593.1515,491.2254,138.3571,65.9114
592.0722,492.0219,140.2568,65.6960
588.2969,492.0331,141.8190,66.9221
586.1600,493.0365,139.6482,63.8472
586.7328,492.5965,142.8563,62.8178
589.2732,490.8146,142.3885,64.2410
593.9128,490.8725,140.4172,64.8772
593.9196,490.5277,146.1285,66.1396
588.0368,489.8726,155.7423,67.6007
589.1135,490.4060,142.9928,64.7621
589.4689,490.2433,142.2451,64.0761
587.9020,484.2447,139.5843,67.8359
582.5825,487.5299,144.2274,66.3282
584.3278,488.0077,142.9763,67.5473
577.0720,491.5782,148.6485,67.0716
581.0903,490.8615,148.8501,68.8866
584.7786,489.5104,143.6868,66.9072
582.4594,490.8002,149.5362,64.0680
587.9327,490.8354,144.3920,63.2277
586.6777,490.1662,147.4248,64.0949
584.2045,487.7737,150.6544,67.8248
582.6575,489.0755,153.3424,68.6595
583.8212,486.3001,148.6238,70.0797
583.3109,479.6056,149.9570,70.2947
583.4036,479.2206,147.3187,71.3634
579.7318,478.7391,152.9480,71.0326
577.4540,476.3217,150.3901,74.3654
574.8987,476.2996,151.8460,73.9619
576.9628,477.6105,151.1456,70.5298
575.8238,475.1598,162.4381,74.4518
581.9924,472.4145,151.6398,69.2170
578.7266,470.3880,158.5378,70.7111
577.2796,463.4827,158.0343,75.0539
574.3147,464.0444,156.5379,73.1124
577.6788,464.6925,145.8574,71.4855
572.8998,464.0812,149.2224,72.7821
571.5646,464.8327,150.4838,73.0930
567.3793,462.4762,162.3446,70.9729
566.5730,462.3377,169.4251,76.8118
566.1926,463.5442,164.8995,75.0057
566.4558,461.9164,166.6225,75.9993
565.8566,460.1863,177.9859,76.9075
569.5825,459.6964,174.6487,77.6588
565.0864,462.1494,191.2970,81.0874
565.5029,462.3269,210.8170,85.2840
565.0014,462.2654,223.1681,81.8312
551.6646,459.8675,237.1109,85.0668
564.7932,453.0182,232.4686,88.8382
569.0987,451.8243,234.7643,88.4590
552.9606,450.7289,231.9360,86.3747
562.6255,449.5526,238.3412,87.6491
542.3265,444.2339,245.6978,92.6328
557.7114,444.0442,247.3727,86.2597
560.4513,441.2473,252.7305,83.5910
561.4005,435.3796,257.6608,87.9664
555.4639,427.9847,235.7702,100.1704
564.8195,427.1157,247.7280,95.6047
552.0381,433.3857,244.2435,93.3801
556.1887,427.5103,267.8087,98.9808
531.9962,427.7356,283.4115,104.0384
547.6883,429.3700,285.8078,107.7129
541.4664,441.9647,298.7922,107.8980
544.1708,456.2936,285.6348,105.7849
541.0516,467.8818,293.5753,106.5577
530.4749,478.6080,310.0468,101.1469
515.2531,477.9327,292.9113,104.4318
526.2005,476.9445,300.3945,105.8226
527.8815,475.5180,337.7408,107.7461
548.3928,474.0300,327.4923,110.1443
554.1046,466.9097,343.0626,113.4386
559.4129,457.5565,347.4644,119.9837
556.9731,448.6702,361.3409,119.3630
556.0965,437.4202,370.2406,126.5999
551.6088,421.9254,385.9650,140.7894
530.5418,441.0688,379.4134,124.0333
537.4603,437.1573,382.1005,128.7239
520.1683,434.6700,387.8197,132.4735
521.4764,434.5686,414.7329,128.6451
509.1764,439.4221,387.5209,124.3100
535.2065,428.3364,406.3923,123.5722
508.7607,410.6096,440.0727,148.4079
499.8922,426.7624,460.4890,137.8146
475.8981,412.1615,436.8745,156.6179
477.6181,432.5953,384.3000,152.2719
481.6297,427.0321,365.8821,146.7316
474.7917,421.4599,373.9629,173.2450
466.3978,410.9898,390.0280,175.9102
467.8433,408.9643,376.2780,204.2955
452.3475,410.3714,404.7880,207.7879
487.8826,420.9776,434.7224,191.5568
461.3275,420.1190,449.6819,196.2561
456.7985,414.7950,423.0845,198.2408
437.9194,417.8244,437.0750,198.2701
426.8137,427.5786,448.7418,179.7204
431.9869,422.8428,446.3554,188.2071
463.5994,415.9976,406.7805,197.2852
476.6870,414.3437,383.3786,194.0919
480.1868,411.7508,384.0005,205.5308
475.0920,415.5128,404.5112,185.4651
481.3643,416.8414,399.9273,233.3579
495.6264,410.2716,426.4753,271.5136
519.0472,415.7413,417.0156,274.1120
535.9371,396.2202,402.6360,298.1530
527.2895,365.0483,425.1010,240.3509
557.7341,381.2802,397.4006,177.0378
556.0559,390.3412,441.3394,163.2980
525.3265,386.8447,480.7141,176.3052
509.9059,401.3048,454.8706,159.1818
465.8699,415.3123,448.4013,158.7487
516.8204,396.5877,495.1940,171.2730
498.0974,396.8223,458.2965,167.3582
458.0311,402.3591,450.1132,172.6424
499.8047,390.5525,472.8512,175.6980
473.3477,385.5398,479.6844,188.7447
438.2358,393.4664,478.9630,190.2021
476.2126,381.6537,541.6970,201.8468
435.4467,383.1765,554.4954,214.1039
500.7195,387.1760,560.1533,219.0263
467.7756,377.6817,563.3917,239.7895
514.8828,371.2511,611.1195,247.0052
517.4713,382.7607,639.9329,245.0814
527.9884,388.6304,695.1650,247.4927
543.4053,375.6071,690.9636,259.6035
541.5073,377.4957,704.0352,282.6252
526.9135,362.7643,730.1231,314.6854
521.6010,329.7617,724.7541,343.7741
536.2876,342.0089,719.3621,336.4111
605.3682,302.3585,652.1815,385.9465
587.3268,284.8355,662.1234,384.6373
492.6954,293.9066,740.3218,426.6470
562.0719,278.5670,697.5744,424.8656
412.9174,270.4279,832.9313,427.3564
444.0524,281.0633,820.0365,434.8450
542.2904,269.0766,743.7446,429.9682
417.9636,266.0291,845.6693,419.5378
449.9771,272.1045,833.8099,418.1176
453.2137,341.1888,850.2604,370.2550
433.5356,342.4750,862.8160,376.7157
416.9687,329.9498,891.8208,396.0729
376.1197,362.9490,911.9339,360.6775
392.0282,356.8409,908.3685,370.4811
323.7648,354.9482,962.0863,379.9108
322.2839,307.7325,973.2804,430.3725
302.2594,314.8187,974.2254,432.9281
270.3993,345.5498,1014.9793,406.3258
293.4431,346.7451,990.9016,405.6180
506.4017,292.6210,825.7932,470.7988
558.1747,326.0839,739.7520,408.2425
616.5946,338.8371,681.9385,383.6954
540.4003,349.5767,755.3040,367.7598
566.6154,358.3920,731.5978,367.4851
516.5618,362.4489,779.0020,366.8119
606.3563,325.7958,690.5015,404.8251
520.7748,334.4124,762.2161,389.8673
532.0667,321.0173,767.6772,399.0348
391.4057,341.1015,909.8809,377.1266
466.5448,307.6436,835.2513,422.7357
546.0671,285.8783,763.1852,447.0545
431.2122,264.2413,874.1074,467.7347
445.4958,250.5327,854.0555,475.2569
522.5566,318.3191,785.3218,361.2695
571.6531,323.4269,732.1073,431.7434
607.3331,294.3340,694.4810,438.2446
655.7481,287.3872,649.6667,427.2218
547.0030,319.5316,753.7668,435.3012
604.9186,301.6597,686.4601,429.9160
607.9613,305.3560,680.1374,412.4775
486.5614,326.2331,791.8535,404.6977
523.2234,316.8538,776.7710,406.7647
581.0832,296.2256,694.4290,375.1551
610.6466,286.3273,683.1275,448.8269
479.9926,288.2055,799.3049,442.4908
546.6779,271.4601,777.5331,466.6168
550.2893,258.8602,753.6584,462.1223
620.5675,235.4023,672.4255,530.6954
491.7157,242.7727,773.3848,508.5277
544.3905,223.7290,756.3026,490.3094
399.5704,282.3613,750.6313,399.4742
380.9140,306.6029,889.9194,425.8644
402.0013,293.0368,893.3115,436.3719
485.7981,314.0081,817.9605,411.2827
548.2625,283.3481,738.9677,440.1797
540.5215,295.7376,735.4235,417.3170
579.8756,287.7517,689.9052,374.1824
629.7286,302.1682,654.8973,373.8884
587.2081,325.3389,700.1155,410.2480
649.3167,268.7416,651.7440,458.2575
670.0193,271.5247,627.5562,464.8865
730.8049,251.7785,568.4035,477.4338
598.5907,303.0721,691.6625,430.8177
605.6082,321.2835,690.8160,394.2794
670.0463,275.4131,627.5883,447.4429
636.4949,299.5229,670.4199,380.9217
666.0865,279.2186,629.8240,450.3481
672.1160,282.6610,627.8100,444.3646
687.0189,266.4642,615.0220,478.3156
757.2883,276.1389,547.8569,442.3672
625.7347,311.3780,657.7452,423.9482
622.9180,315.7665,656.4883,406.8522
607.9479,301.7660,671.1743,436.5441
606.6566,287.3663,679.3666,440.3113
624.5444,308.4536,666.2837,415.7748
591.3792,340.3688,683.6749,371.4170
645.8584,278.0385,654.9509,461.8585
717.6353,277.3833,588.2539,428.8280
686.7108,311.6865,593.9364,425.0930
739.5974,262.6101,543.5175,471.7971
767.8889,285.0776,512.7148,458.0788
767.5687,256.3114,526.7112,488.0280
672.3886,293.3651,563.4696,453.5602
702.5977,288.4574,588.5005,439.1767
727.6107,287.3109,559.8029,461.1773
781.1744,246.5573,503.3231,488.2546
613.9581,313.2498,615.0735,424.3799
606.0131,309.2374,699.3558,436.1315
623.1834,324.7013,684.8695,399.0561
621.5518,307.6231,670.5665,413.5787
661.6936,254.6414,633.1589,473.4125
628.4131,256.7329,641.7160,488.7750
612.0353,285.0404,677.5734,456.9834
632.9678,250.6660,657.6042,473.0876
620.6945,275.9381,665.9124,464.8898
