178.0000,340.0000,197.0000,603.0000
178.1471,331.4826,212.6385,586.8875
172.8812,352.6296,200.2323,579.2992
172.4858,339.7913,210.4128,584.4180
176.0799,366.0358,201.6055,574.2954
171.3223,361.8629,196.0497,581.0013
161.0752,369.8392,212.9990,586.2383
162.3431,347.0115,214.5290,578.2192
160.8808,356.9315,211.7631,589.7933
165.7800,330.1673,212.3208,578.2531
178.5302,348.0692,188.2110,577.2357
173.3424,340.2310,201.6674,596.4679
173.1187,343.0133,207.4386,590.6600
169.1301,329.3481,217.3870,586.0743
176.3953,337.4583,209.0692,596.2552
169.9406,325.7256,206.3304,590.7864
183.6226,319.4182,190.7540,598.4079
176.5862,333.8510,201.8957,588.9895
173.2719,331.2326,206.5401,587.7928
174.3994,326.5604,205.8083,604.7513
180.7369,327.3226,199.9476,601.7172
182.3028,311.4917,208.6671,590.8561
191.8540,341.0992,193.0034,573.3969
186.8415,342.8467,204.9109,573.3093
188.4297,348.7758,198.2029,570.8295
195.6207,328.9448,200.3141,580.0221
211.6448,319.5156,189.1917,581.0671
202.5798,328.9952,200.2518,582.0333
202.8197,344.3493,204.9477,581.1814
205.4962,347.1381,204.1265,566.8440
210.6349,335.5637,197.0221,564.2452
216.7611,352.0895,190.1787,565.1891
224.3865,332.9986,189.2625,562.5090
210.2542,334.1520,209.0527,577.2360
227.5931,328.3896,191.2688,579.8998
240.6714,347.0441,190.1722,573.7168
233.6134,334.8928,202.2925,564.6441
240.8699,340.3800,192.6008,563.3892
260.5922,335.8149,187.4220,552.6610
268.4541,326.9516,185.7169,566.1852
286.0718,319.2054,189.0568,550.1813
304.9052,314.9383,186.6435,559.3120
318.7049,294.6046,187.9284,555.4649
323.0948,314.3250,194.6043,572.4303
318.4896,313.5835,197.3358,560.4306
330.9971,316.6822,194.3226,569.2407
334.9301,325.0310,189.0388,563.8751
325.2688,321.5754,191.7677,560.0753
321.6722,332.6378,201.6660,573.8691
322.1800,321.4866,181.9035,579.1737
305.1684,353.7154,193.5036,571.0399
291.6339,366.8624,191.4962,568.9727
286.2387,354.8441,188.5018,581.8152
273.8188,357.9795,197.6221,580.8068
276.7269,366.1450,195.3794,574.5853
273.8792,370.1127,196.6881,579.1274
277.9424,368.6549,201.3938,577.4533
294.9923,360.9880,188.1197,578.8593
301.2688,370.6358,194.3550,583.5620
311.5087,387.7691,195.5867,583.1591
321.8387,395.7699,199.1318,584.9136
343.2813,381.7388,194.3905,590.3692
343.7493,368.3347,206.8210,591.4265
341.1566,365.4003,208.9584,585.9121
348.9141,365.9344,202.7062,586.0869
337.4042,363.6228,204.1314,581.8189
332.7668,372.6010,191.5779,588.5672
325.4662,375.4439,187.9131,576.4526
316.9074,379.3400,200.4954,571.1878
319.1227,343.0495,195.3490,573.8645
320.7512,361.9956,192.2495,570.8897
312.2202,342.8431,201.6631,569.1622
319.7398,353.3657,194.0521,574.3807
314.4803,339.7729,205.7105,573.6428
307.8683,341.4710,211.1143,564.6616
318.2469,332.6778,195.0149,567.8123
320.6519,335.4844,184.9009,556.4282
308.9148,330.2506,200.8688,555.2866
302.6732,325.0252,198.4994,563.3520
303.6949,313.4839,195.5569,562.2772
299.8441,292.0871,192.8541,571.5589
285.3683,314.5669,192.1129,565.7119
267.6239,313.0667,190.6901,563.6625
256.0262,299.2622,181.4602,571.8792
224.0030,322.0247,196.5960,559.7866
194.7678,317.3084,199.5744,568.1408
172.3402,315.6627,196.6088,566.7005
151.4644,308.7011,190.1249,566.0327
119.7845,312.5187,200.1386,570.0960
107.3381,302.6298,195.1308,568.0329
104.4324,289.6030,206.1779,566.1407
112.6307,304.8170,204.8289,567.4956
133.7809,299.5746,197.2058,561.3301
162.6177,288.2742,197.3269,563.2644
185.8962,299.5611,201.2316,568.2916
199.9805,290.8703,199.6876,563.1096
222.2322,302.3656,194.6747,558.2188
229.8803,296.8429,195.6585,564.7394
255.6354,308.4355,192.7567,557.0945
264.2309,314.6086,192.9836,569.2550
267.4293,324.4590,184.0388,574.7592
263.5078,347.1316,185.5840,562.0583
256.5113,356.3166,191.8047,559.6921
244.9633,369.3691,193.1220,574.2764
231.2320,381.7813,194.0780,559.0509
201.5262,386.2858,187.2366,573.2059
184.4633,383.1058,184.9114,562.7128
165.1311,415.7693,199.5914,563.5427
135.7708,426.7371,205.4508,569.5452
121.8754,425.8141,201.4278,583.2104
124.3479,433.9586,200.8876,575.5250
124.2566,424.1027,198.7693,573.7953
138.9835,412.9514,194.2713,571.4457
166.9412,397.0363,200.4035,567.1876
199.0197,352.8067,191.9268,582.9274
209.0545,329.7784,201.9890,582.1319
237.2207,319.5947,208.8527,576.1819
278.3292,290.9868,186.8273,571.9211
284.9638,249.9577,203.9170,599.6362
277.1493,223.8909,209.0014,599.4424
270.6550,191.3923,222.7789,618.6356
265.4192,174.8612,227.1750,611.0303
260.8723,166.2596,219.9783,610.3829
255.5593,175.5747,218.4940,605.8385
236.4868,149.5629,228.9264,597.1160
228.2554,125.5410,219.9950,615.7211
217.1047,123.8173,217.6201,634.1997
197.5864,126.4385,219.4270,615.1391
189.0016,135.6805,203.6110,619.5189
158.5728,159.5031,228.1577,613.4824
148.4558,195.4451,219.5170,611.5683
132.3858,217.2756,207.7305,591.3221
113.7372,197.9751,218.9921,601.2355
149.0683,217.7154,198.8178,594.5632
152.7060,200.2151,200.7261,615.1215
163.9317,229.6965,204.6389,602.1750
183.7553,257.3680,190.2944,599.1603
192.1931,275.6577,193.7925,592.4059
214.3984,275.7912,192.5875,578.9016
234.0227,290.5536,189.4992,575.9886
249.9654,307.6564,182.3546,570.9609
258.6069,318.9600,192.7752,574.5680
263.3837,332.5899,195.3597,576.8704
266.2354,339.5919,200.7388,575.3636
267.6793,338.0768,194.9457,579.7485
255.0561,334.4315,198.4876,583.8363
265.9596,349.3728,197.4438,570.5649
255.6163,337.0153,205.4732,560.7784
255.5670,333.2057,210.6596,567.4664
262.2250,317.8887,196.1969,584.7609
249.9144,317.2334,207.3768,578.0244
239.3160,301.8196,202.9298,567.3571
234.1323,283.2361,213.3327,587.3292
231.7611,271.6266,221.8233,582.0325
222.3000,253.5306,228.6883,586.7809
239.4358,242.2864,214.7267,567.9858
242.8298,230.5027,209.2143,568.2084
238.7146,205.0819,213.9525,574.3116
221.1850,189.1138,218.1495,584.9539
210.7263,195.8780,214.1531,580.4337
208.7759,199.1395,211.5263,604.9011
194.2874,222.4048,222.2365,594.5690
191.9443,214.9029,206.6112,607.4548
194.2161,242.6695,207.9452,597.9542
190.3165,259.7506,200.0626,590.4924
192.1940,255.4123,196.8598,598.7925
199.8555,285.0454,201.1288,585.5787
202.8510,323.2007,201.1967,573.7382
214.4955,318.1429,191.3392,589.1505
225.6884,333.7862,198.8010,581.1808
253.7622,335.0967,201.7057,589.3426
278.9866,336.7271,194.9983,594.9425
282.4873,374.9536,216.1616,587.3698
285.2184,385.1560,202.6551,584.7841
271.9322,378.2361,220.9720,582.9838
276.5911,391.0798,230.8777,582.1470
280.3178,371.7350,233.0474,560.8344
281.9161,353.9180,243.2624,570.9390
289.9034,344.9936,217.5909,553.9443
286.8159,319.1399,213.6449,569.0142
286.1023,313.7211,206.1805,575.8914
264.3714,300.8665,216.8296,581.5432
251.7515,298.4812,209.2795,567.8809
243.3094,289.2512,216.5652,580.8601
229.3591,274.4630,210.9927,571.5542
233.1452,249.5934,206.9362,587.6415
223.1148,244.6076,217.8813,599.1625
222.1553,253.3062,202.5855,598.4362
212.9047,259.3349,210.6498,601.2774
229.8526,264.1778,200.8206,615.3500
238.8248,267.1196,202.3368,601.1327
250.4101,280.0909,204.8510,615.5050
243.3968,308.1020,219.1295,612.7223
257.1791,344.7560,216.1685,592.0649
264.1066,348.7657,208.0295,594.4913
274.1569,380.2899,212.0714,594.8302
268.7920,393.8040,208.8770,599.7032
270.2187,429.5659,208.4915,588.8708
259.0920,442.9476,188.0406,592.1604
251.5333,442.2343,210.1201,587.6987
254.7337,453.4823,212.4234,591.0825
264.2452,433.1006,207.8390,586.8542
254.9425,412.9083,221.3081,582.2085
259.2935,385.1295,211.2290,584.3282
253.4318,381.4501,216.9586,596.1008
245.0174,351.4012,230.5075,586.2128
268.2659,336.0629,211.9685,588.5486
263.7607,332.7072,217.6265,599.2429
266.3342,355.2393,209.6746,588.6088
254.7907,378.5956,214.6526,582.2548
250.8955,386.3025,204.6734,585.7718
234.6904,387.5211,197.5762,601.1049
216.1844,419.6425,195.1505,580.9981
195.3406,414.0670,197.7536,577.1325
177.0602,405.5407,202.6252,577.5330
171.0150,398.4979,208.2002,577.3986
175.4977,388.9109,205.3658,576.8463
180.1185,380.2763,197.7722,575.8573
194.2081,366.7885,192.4742,572.7475
192.3648,360.2509,194.6797,572.1937
213.9825,355.0197,196.9276,566.3478
214.2773,327.6789,206.1683,588.1630
224.2465,322.7286,211.3944,581.2508
228.6400,304.0595,218.2070,586.6652
240.5618,290.4280,210.9989,589.0146
252.2413,279.6894,194.5727,600.3279
243.6360,283.7100,205.9727,591.7015
243.9670,272.5024,214.6362,598.9746
256.7282,260.5414,201.9122,607.8077
244.0538,280.0515,210.0718,596.7587
243.8220,271.3478,207.5675,589.2832
250.7060,241.1336,202.3685,609.2805
246.4958,239.3206,219.2401,602.1446
261.5306,231.8501,215.3160,617.6918
244.1082,232.5503,234.3193,611.4238
272.4757,259.7896,215.4472,596.6339
283.2968,271.1624,216.1887,608.1817
282.4188,270.0174,218.2290,610.0749
286.3169,279.6600,215.7445,621.8817
299.2524,310.6209,215.4557,610.2674
289.5689,304.3559,207.7529,613.9753
283.0862,327.2869,216.1116,601.2258
282.2733,337.7744,219.9744,613.8864
288.8959,334.2830,218.8539,615.3277
288.2792,314.5980,216.1235,611.8349
271.7727,297.3283,240.1409,623.1333
274.8264,293.1651,226.9616,621.4874
255.1496,317.7173,241.0869,628.3583
259.1964,307.1932,219.0324,629.8093
243.2467,309.6345,237.7346,628.8535
237.2924,322.4669,233.6232,636.1876
234.0781,295.2243,215.4931,649.0316
211.1938,314.3817,223.2824,648.9041
185.8080,307.3261,228.4505,657.5103
159.1284,296.7456,217.5403,670.5252
108.8183,304.8683,241.3889,680.1018
74.4650,325.5866,255.6976,677.5449
68.7242,312.9148,225.9525,687.4559
46.1142,322.8235,236.8731,697.9913
49.8692,299.8030,246.0284,694.3474
64.9463,279.3302,241.9595,690.1889
70.9781,276.8033,246.9519,709.6028
105.5438,283.3672,233.5208,720.1058
132.3182,290.2554,230.0108,701.9092
156.6729,303.4047,229.0621,690.5610
178.3559,328.6553,228.1665,683.9135
209.1439,323.5276,218.4970,676.8459
212.0371,299.4646,227.9597,672.5349
230.3514,317.8799,220.9291,663.1587
245.4003,350.7490,223.0926,652.1113
246.6039,339.3906,209.8264,645.2673
259.6047,335.4586,214.5564,645.6424
283.8275,313.5248,212.0624,629.0131
324.9777,312.3878,206.8261,628.4688
351.0710,312.0150,213.2339,613.8236
391.8580,318.9373,238.0774,627.6525
447.6632,288.1071,248.3560,630.2636
486.7799,305.0848,230.3354,607.7744
504.2856,283.4742,218.3632,608.1000
515.3854,266.7710,219.6955,598.8824
502.9643,263.4947,209.8474,601.3701
454.0776,265.2723,231.4578,589.5780
451.1968,297.0225,192.9979,584.8064
430.4444,294.2435,209.6921,566.9698
398.9880,294.7191,200.4745,578.4258
383.9260,299.6754,189.9304,568.7925
372.3473,335.1331,191.6507,549.0213
339.1506,328.5328,193.0228,549.2648
316.0922,344.2748,197.4229,530.1657
312.4632,331.4184,189.8536,538.8378
312.2199,324.2080,187.1869,547.6701
317.5609,306.3672,183.8251,559.6359
334.9989,307.1577,190.8618,550.6874
321.4325,286.6734,183.9417,549.5106
301.7785,277.2270,191.5943,549.4119
306.8311,284.2834,198.4697,567.4291
309.6770,274.6294,194.4312,575.8970
302.7825,265.4568,185.9182,578.6288
283.5006,267.7493,192.9565,586.6165
267.9651,282.9819,202.6201,585.4048
251.0518,296.2613,196.5557,582.5383
239.0347,297.9003,197.6151,597.2557
239.4731,291.4366,199.4286,592.6945
229.1389,295.1052,202.2409,605.4852
210.2507,309.5107,203.2452,615.4560
195.2756,355.4518,210.4752,603.0021
210.9056,363.6741,211.2887,621.3744
194.4385,360.7733,211.7325,614.2037
191.0758,354.4970,236.9752,621.1627
190.6433,322.7064,234.0813,625.1195
199.9492,330.0381,231.0109,648.6469
208.1497,322.5889,229.7659,666.6281
194.4232,323.4409,228.2466,678.4612
190.0350,323.0028,242.5476,673.9637
196.7561,290.5081,241.0083,700.0509
187.9362,292.1297,237.8891,708.0353
183.8141,290.3143,248.4647,691.9435
195.6706,228.7331,251.4706,708.0615
225.2889,212.1597,254.6621,701.7109
247.1777,222.1263,234.2706,676.4207
247.7358,246.6321,218.6608,673.1946
250.6326,250.3586,232.2291,657.1376
253.6487,280.8654,215.9761,626.6863
254.0465,273.8839,213.7287,616.4827
241.5046,243.4234,218.9995,616.5348
252.4893,233.6114,207.0771,604.5576
265.7595,258.8625,203.4265,581.0565
260.2420,246.6385,194.1259,570.5211
270.9027,231.8532,190.6572,567.7595
277.1648,262.6516,191.3421,559.5812
280.6662,266.0032,188.5763,535.3620
289.4230,253.2927,184.9709,538.3451
313.3515,231.5652,186.1295,532.6345
322.2187,211.6448,183.8165,534.3690
312.8053,231.9315,189.6655,524.3645
301.3752,255.5721,193.4494,529.0499
278.7975,279.1703,185.4753,535.5963
268.4861,319.1491,186.9680,517.4668
261.2371,307.4396,183.4083,526.0597
251.0088,275.8996,184.4303,543.3443
252.7050,243.3208,191.8699,557.6923
238.6678,242.5693,192.9343,573.0914
222.7747,235.5757,195.9997,595.2698
245.3726,261.4707,206.2576,596.6993
242.2482,267.3867,205.8679,604.7856
241.1820,253.3774,203.1522,615.4490
233.7702,234.4764,226.0982,638.0199
219.3750,242.2931,233.5177,665.9484
210.1833,228.9044,232.1287,680.3125
215.0624,272.7769,231.0388,683.7001
202.4339,283.6889,237.3179,708.3320
180.4261,301.4208,247.9276,724.6436
170.4598,304.9278,245.3797,738.0610
143.1185,286.3660,265.1924,753.6988
132.8960,309.4031,268.0253,770.9985
139.4943,331.6697,276.7722,781.5695
124.7774,330.3976,270.7083,808.7450
110.8593,322.7398,284.4093,801.4538
116.0609,358.3786,275.7502,788.8208
122.2011,354.1100,271.1145,773.9200
136.3725,354.0105,261.6890,763.7191
155.1718,379.0651,261.6912,738.2697
155.5567,395.0022,246.0810,715.1102
148.4747,393.7166,243.7585,694.1387
153.7346,400.8186,245.3145,681.4990
158.2099,415.8970,226.2337,664.1575
159.7015,400.9396,214.8453,639.3505
171.3921,397.1625,219.6799,614.5219
174.3910,382.2601,214.2777,601.3767
193.0158,368.6606,204.1963,591.3129
206.0514,343.2733,196.2299,597.4522
216.8428,311.2695,196.1341,583.3233
219.4826,266.8761,203.1132,590.3745
225.7477,221.1306,206.6779,591.3628
230.0518,200.6856,205.9686,584.2106
230.4093,175.2749,200.2583,599.0042
217.6424,164.8186,201.5222,581.3961
199.1354,121.9652,213.1501,606.1705
198.6518,63.4057,220.6527,644.3641
204.6852,24.7776,231.5779,662.6656
184.6513,35.1413,228.6070,675.3877
170.2658,48.7964,236.8826,685.3522
194.8316,95.3304,229.7110,675.2406
185.9892,144.2328,224.2677,663.4791
172.3065,190.2925,247.8293,650.3416
202.1663,207.9720,230.4296,654.9140
225.8336,256.9459,202.0354,636.9668
224.5445,334.8688,218.6121,608.6789
236.4318,425.5689,207.7669,570.7443
239.7951,450.1283,196.6056,590.1489
237.0993,478.6697,191.5081,548.2950
240.2634,479.6275,192.1608,534.3117
249.1475,480.1112,181.6636,508.5412
236.2889,486.9675,191.9571,499.4495
255.9814,475.2663,175.9216,474.8010
267.3926,489.7430,169.4554,495.8851
237.7728,525.5681,192.4912,445.2856
254.6998,514.8713,154.0936,411.9639
258.9040,512.4041,158.0467,403.9745
257.5871,501.2291,154.2217,378.3922
273.8872,501.9131,151.6380,377.2403
275.5843,489.0719,144.0012,364.2669
262.0579,471.0783,142.0088,363.1969
274.0695,440.4763,165.2780,369.9201
300.4940,411.6658,142.9429,365.0055
310.9537,389.4866,144.1492,361.7374
290.5618,343.5195,144.9744,382.4033
250.9973,325.5665,154.5277,386.7662
201.1667,336.2690,165.1073,385.6494
174.7202,335.4264,169.0604,391.6777
162.5796,311.3915,169.8199,394.2451
147.4262,313.1384,162.2332,378.9644
143.8401,263.4802,187.7872,417.6790
145.5197,191.5954,184.5955,448.2552
138.5185,192.7910,181.6159,427.3685
130.1818,215.3699,185.4095,430.9867
119.7532,230.5636,186.7093,444.0826
128.5268,254.3295,177.2020,442.6711
147.2078,236.6480,171.2111,436.5059
150.9248,280.7245,173.1378,426.6789
167.4072,313.6050,168.7290,422.3685
177.9480,366.5413,164.5719,410.4248
201.2890,405.2523,155.7591,406.9614
237.9265,436.6999,160.4999,394.1917
246.3018,478.6912,155.6795,382.4466
268.3269,527.3475,143.7978,369.6380
291.3611,549.0843,152.6022,371.8434
297.1999,580.4158,161.3817,365.5089
313.7045,602.2448,153.2771,363.3708
328.8961,608.5051,149.1730,366.6476
321.1909,637.0162,161.4593,358.4738
340.8111,643.2786,141.7355,359.0588
338.0412,648.0917,170.1040,339.4759
339.9023,644.9631,157.0474,333.3287
345.5341,639.2213,160.8857,331.1999
351.2278,617.9532,155.6732,334.9908
354.2071,587.7758,153.5510,320.4828
364.4786,570.0605,131.9807,313.6559
371.6585,560.7579,134.8831,306.4570
368.5001,551.6851,125.6055,305.7392
376.8668,547.6107,124.9925,309.2260
389.6357,531.3506,119.5521,308.7790
387.8622,534.5906,127.7371,297.8807
395.1866,536.0866,127.9619,297.3352
423.7607,516.0134,133.0002,300.5999
439.1793,514.6384,115.4850,290.3677
428.8762,516.3159,112.6104,292.9023
422.4727,524.8277,111.1626,284.9077
417.3764,500.6003,109.1650,292.6733
379.6166,491.9188,118.7798,286.5822
340.7318,485.5847,121.8168,285.1550
324.8455,474.9025,121.5833,292.1408
269.5114,458.2540,137.4621,298.3694
252.8022,455.5562,130.2987,302.0617
257.3603,446.9641,123.2310,305.3323
219.6681,443.5526,133.8718,316.8444
210.1358,446.9850,126.3461,328.3341
202.7374,432.7325,134.7209,321.6601
187.3724,436.3320,124.1104,352.3111
162.0427,467.4059,143.9734,346.5193
167.0191,456.2297,148.1646,365.6884
188.2013,457.1154,149.2748,363.4402
211.2840,463.5791,175.2328,373.8637
234.5004,457.1244,157.8216,384.5526
259.8594,469.7363,165.8750,395.9026
281.6724,478.6909,164.1841,401.1082
321.1597,485.9807,168.3626,413.7578
357.5089,482.3913,174.7817,424.5385
364.1730,490.2681,183.6151,427.5328
374.8139,489.7220,186.8468,442.1793
390.0144,485.3297,203.1480,465.6793
391.6484,487.3797,215.6633,473.0236
393.2646,495.1439,204.2871,491.6607
389.3161,494.0486,205.2352,508.4759
382.0193,494.1879,210.2952,522.6570
366.7013,519.9924,204.7107,521.5461
351.5983,534.2372,208.8329,523.6429
343.8497,535.8163,207.9740,531.4198
321.6244,553.8299,210.6404,529.9694
295.9807,590.7349,216.6356,507.5346
288.0213,566.1379,215.4151,533.8161
270.2391,567.5524,222.6118,525.7969
252.2336,561.7977,223.7302,523.7880
242.8069,540.7556,225.2791,523.9617
239.9037,515.4172,219.7786,536.2996
235.7239,496.5763,220.8464,537.5473
231.6857,495.1698,212.6857,527.2332
222.8568,470.7426,217.4080,521.3123
220.2296,435.1504,205.5699,526.7215
187.7129,418.1054,210.6413,530.5961
193.1721,391.9783,217.5952,537.8833
186.1587,410.2551,209.6503,537.2188
171.5480,391.7456,193.8948,548.4105
189.7994,400.1259,197.3399,535.0297
166.5947,411.4960,192.9790,516.8261
130.5534,399.7114,184.8773,510.6633
154.6343,391.5603,183.2264,510.3967
182.9815,410.5850,181.0462,503.4731
194.1971,430.9094,187.6272,487.8546
213.0545,420.0277,182.5686,476.9994
220.9487,400.6356,179.7565,477.2822
201.5412,405.8094,168.9149,471.8177
222.8266,417.6437,160.8723,456.7571
190.3375,428.5071,166.7834,444.9889
147.6908,431.9260,166.1834,442.4440
145.7352,446.4183,165.5433,445.5745
123.9599,443.1669,160.2234,445.6244
115.9568,451.3074,154.9770,442.1863
121.3994,426.9531,164.2273,453.6377
107.7185,439.9965,157.8146,429.3733
103.7052,463.0551,159.0316,415.9105
93.8034,431.0937,167.1065,428.4301
91.2671,439.0533,166.9240,418.0693
87.1940,453.5203,156.9825,413.5446
71.1460,451.6808,164.8129,399.9291
56.8496,472.1487,159.5141,412.0969
50.5276,477.2220,155.9062,407.6750
22.8949,464.3323,169.8589,416.5473
5.5652,465.6075,169.7975,404.4519
-1.8239,455.3044,169.2733,403.8968
-8.6818,447.8515,159.8753,413.8862
-11.4989,444.9866,143.3395,423.9833
-12.7503,435.1702,132.5192,453.2982
-11.9228,437.3678,125.8685,478.2903
-3.2296,437.7486,110.0948,505.7585
-9.9134,461.5741,116.5671,492.7835
-2.6693,468.0237,108.7268,503.0918
-13.4930,475.3166,133.9127,518.4711
-12.8990,481.2142,149.4237,533.9319
-7.6842,482.4826,156.1461,552.4725
-7.4232,484.7509,165.6328,559.7056
-6.1372,481.5635,177.3954,560.9242
8.7854,496.3016,189.8034,540.6239
39.2506,483.6753,181.3896,526.0531
80.5528,467.2577,200.1761,540.0949
118.0611,462.6175,195.0074,543.8067
139.3997,469.2462,188.9905,532.9243
162.1248,483.4195,174.7455,530.1211
158.3005,463.6506,177.3429,534.2239
151.9576,454.3509,184.3972,565.3428
150.9438,492.5956,185.2077,546.5641
143.0446,483.5897,192.5326,536.0605
143.4989,475.4487,193.8453,552.6040
129.6199,477.1606,209.9172,560.8264
125.1950,485.5485,203.4111,558.9998
122.4786,469.6795,203.8346,577.9573
104.0733,478.3962,210.9951,580.5989
93.1384,461.0586,217.7655,591.0798
108.7977,482.3700,193.8155,600.9802
106.5331,488.6686,200.1741,577.3962
105.2640,462.9800,209.1861,583.8193
118.4328,444.8589,203.3688,562.2316
120.7730,416.3106,212.9953,564.5706
152.4175,429.9078,221.4688,545.1389
201.6226,416.5056,205.1594,521.0859
222.7479,381.9269,188.9936,528.1990
234.9057,377.8874,192.4776,511.9589
254.3860,334.1505,196.1180,525.9398
268.4517,339.5181,207.9720,526.7595
297.1544,302.2874,189.7519,525.1499
311.1669,299.4190,183.4906,520.7164
309.5521,321.6045,182.4308,530.2704
321.1376,334.4517,174.3166,501.6432
333.2000,308.2869,168.9771,507.7920
318.7274,322.7451,185.0080,495.6647
337.7873,335.8995,183.9970,498.2351
358.6203,343.3775,174.0142,480.3891
362.0408,368.7032,172.7071,458.9324
383.2527,367.1547,178.6687,448.7321
401.8802,340.8647,188.8120,463.1429
387.7427,380.4213,172.9191,453.4983
390.3299,401.5718,181.3504,464.0605
400.2263,379.4860,187.2156,459.9607
374.2754,406.4204,175.6928,472.2127
370.0130,446.0519,172.5287,470.0388
360.9952,463.1465,175.8747,448.9753
361.8992,476.2592,177.6728,435.8368
357.9369,487.1732,181.7920,433.5237
334.2881,500.5252,194.9886,425.5380
341.2176,523.0655,176.9743,421.0811
335.2032,506.5959,207.5314,422.7362
324.3615,508.7866,198.5472,416.1421
312.0826,525.7119,205.1377,405.9876
317.2347,490.5703,212.5223,420.7865
308.1953,481.0167,211.4251,429.4210
299.1272,487.5314,208.3985,423.7302
290.4016,477.4243,220.3527,429.8154
283.2414,440.4435,241.8632,450.5286
277.5457,448.5601,238.4419,455.6533
280.0689,463.3690,226.7086,461.6891
275.8569,455.6052,253.6873,462.5912
280.2976,450.3175,252.7373,471.0503
279.7538,458.0605,258.3558,468.6169
285.4341,446.4077,251.6918,471.3538
273.1566,433.7782,276.5792,492.7736
256.4217,417.4152,304.4506,499.6734
254.2371,425.7817,323.2408,487.6501
249.3312,417.5565,335.0227,490.6500
261.9754,427.9651,315.8573,471.5900
256.2459,435.3861,317.0399,474.3577
246.2007,452.8910,334.6467,481.6963
249.7287,445.9669,333.0278,499.3363
242.3056,477.2347,330.3527,470.6697
234.2173,476.2817,344.8446,482.4362
240.5147,491.9714,326.1614,455.9805
241.6790,503.9831,329.6515,449.0858
247.6855,517.4867,314.5973,420.4255
254.9801,539.6892,291.5893,380.4286
245.1381,520.0336,319.1663,403.9524
249.3499,519.6066,305.0958,440.4354
248.7009,534.3268,268.0922,475.9422
237.5207,472.1335,296.2104,513.3386
241.8809,491.0298,296.1230,528.5963
235.6023,499.5208,257.0151,493.6975
238.5768,488.4514,284.0591,509.8999
232.4938,456.5442,314.0388,513.8071
246.3298,438.3927,270.9741,530.5470
256.1285,416.5634,282.1497,517.0277
260.3718,409.6710,278.5423,531.0071
274.2679,427.2957,246.9977,500.6588
281.9547,411.5365,270.9250,497.0447
285.1662,400.9146,260.5526,499.4933
298.0896,433.5994,227.2067,496.2933
297.8921,433.7153,231.9102,498.2527
295.7221,426.2698,224.2473,478.9427
288.4822,442.2592,217.3552,480.5360
283.0592,422.6876,214.7994,492.2978
274.5822,433.6182,202.2877,494.1595
268.9773,423.9082,211.4888,512.2711
259.3211,434.1278,208.4278,518.1473
261.5796,432.3753,199.4887,531.7606
246.6915,426.5403,207.6554,526.7086
240.6031,458.7535,208.3158,513.2417
240.3682,440.6396,208.0681,509.4052
227.1065,441.9730,214.8399,514.9810
234.9211,453.0259,211.4424,528.4421
245.6383,457.7015,210.4835,519.9158
255.9792,444.7583,209.1246,532.8981
266.7954,424.2374,190.1775,548.0622
267.9159,408.1822,215.0243,551.7767
273.6900,403.0975,208.9124,555.2964
283.2972,436.5588,200.1708,545.0150
294.1783,400.6839,197.4162,552.0599
296.5803,386.1898,202.4690,554.4512
290.1483,424.5063,209.7811,550.2928
295.2759,405.4216,202.6306,543.1620
299.3052,429.2956,187.1675,543.5568
284.6746,431.1117,192.9825,535.0263
288.4433,430.1509,185.2484,521.4637
286.5467,423.2540,184.4789,520.3246
272.9792,420.9651,183.0522,509.0315
271.9731,420.0065,182.8385,503.7228
268.2050,450.2985,173.0457,493.0878
263.5220,491.5740,171.5435,475.3470
260.1123,497.6960,179.7148,484.0471
255.7539,497.8646,173.0301,483.1666
259.0544,531.7513,156.8043,463.6505
251.1662,481.7677,173.9914,474.4008
269.0663,445.5331,163.1150,466.2690
263.2917,469.2782,159.5531,464.3155
254.0301,483.7499,163.5369,472.2000
258.2981,441.9501,175.7977,488.2672
256.8342,436.7062,170.3922,500.9813
259.3879,432.8079,166.3304,510.3801
260.3030,401.5630,182.9467,520.0629
269.6878,395.0063,173.9745,516.5403
268.8716,385.8191,185.9070,515.0986
275.4573,372.5882,194.6045,515.2621
271.7233,353.4743,193.2888,522.9217
270.1485,374.5268,204.6177,514.8255
280.9129,356.8804,192.0743,510.9131
280.6565,381.7199,187.6072,507.0676
270.5331,383.2300,189.5006,492.7479
278.0266,413.1965,178.8386,479.8767
274.4125,408.1459,180.9229,470.7616
272.5418,414.8145,186.7602,452.5458
278.8303,440.2815,176.2345,452.7523
265.6799,448.8428,181.9641,438.6333
262.4471,463.7332,174.1197,441.6241
250.6244,483.0992,169.3134,443.5219
235.3715,490.0546,175.2727,439.1073
229.3226,508.9919,169.8291,438.3172
230.7741,537.5425,155.7146,420.1550
217.3311,562.6291,166.6823,416.9534
199.9284,553.2261,210.6878,420.0496
204.6667,538.8956,194.0382,434.0654
233.2199,568.3649,174.9783,385.7834
244.6113,568.8971,187.1532,367.2583
245.3152,532.8119,207.2057,365.4434
263.5775,528.6481,173.4512,370.4855
268.8488,523.1914,189.3329,354.1752
265.8376,513.3730,200.2349,359.2138
270.3531,544.5943,172.8389,346.5313
257.9997,548.6280,190.9466,360.1162
262.0879,556.4575,168.3495,357.1823
252.8764,566.8013,195.9206,356.9402
255.4739,575.3262,167.3891,357.3140
250.3157,567.6769,181.7884,357.2325
250.2085,566.5593,170.2296,367.6171
243.7371,562.4354,201.6251,363.4520
247.9545,569.2017,184.5044,364.5428
242.5651,554.6707,210.7293,369.9097
262.3100,545.2744,156.4044,361.4822
253.4451,535.5942,201.5948,372.9942
266.2352,539.3475,173.7774,378.0022
266.3738,528.4667,201.6552,372.0216
270.8504,524.1556,172.2595,385.3239
267.2491,524.0168,197.9206,389.0342
277.8022,516.5656,162.2921,384.5566
263.1039,521.4200,203.1582,387.6532
268.6187,513.2052,213.5212,394.8420
278.9787,504.6403,201.3442,403.9701
278.2259,505.5488,229.8310,412.6980
297.8298,484.8320,238.4374,404.2433
312.5357,486.2449,228.1183,422.9075
328.1613,495.7604,240.1538,436.5125
351.2570,468.7760,244.5748,445.0435
357.2824,456.5319,258.9991,467.3860
373.5099,453.4742,277.6888,468.7989
391.3228,447.2628,291.0565,474.6927
388.2440,415.5273,313.0660,504.1793
392.4693,386.2189,295.1761,544.3853
376.7959,348.1419,321.7906,586.3428
388.4363,329.6880,306.2854,614.7262
370.3816,356.7130,324.9604,602.0516
372.4832,335.3708,306.7044,623.4843
357.6015,323.1703,321.7451,651.0902
334.4529,314.3528,365.0170,681.4872
319.3461,319.1039,373.4569,699.0295
310.3884,304.0796,392.5971,722.8530
295.8762,275.0015,395.3839,751.5437
301.9285,292.2598,390.3766,752.7206
303.6123,319.0218,389.5588,711.5146
286.8832,302.3977,408.9229,705.4372
283.3209,303.1142,413.8451,700.1561
290.0833,327.2835,409.2497,675.6795
271.5896,317.5125,406.2247,676.9557
280.9348,289.2621,424.5660,706.7911
259.8778,303.1246,420.9595,680.0446
256.4057,318.9417,439.3667,656.6996
232.5696,333.8574,425.3171,625.3376
238.8081,347.5157,447.3873,607.3431
232.0055,335.4383,454.5260,618.9104
226.2277,325.8654,462.5452,638.9857
219.5624,296.0400,459.4650,664.6201
226.7374,321.0653,463.5645,641.6615
224.4971,334.1545,450.5546,644.7024
220.9358,309.7738,467.7784,671.6126
228.4509,327.6939,468.8248,664.1956
217.4444,349.6212,455.2937,648.0309
222.3471,353.6441,452.7980,640.4329
220.2942,330.6928,458.0701,672.3367
207.3745,352.9462,462.8969,664.1479
197.2702,314.0607,481.0502,717.5175
184.5650,343.4170,471.3077,686.2263
187.8127,359.9356,478.6426,688.8030
182.2281,393.0882,495.9704,672.9963
172.8121,399.9771,481.2274,671.9465
163.8821,392.5818,483.0172,677.5117
156.4235,363.4829,474.8036,712.4782
155.9780,387.2168,506.5660,686.8828
153.1392,424.3475,494.8195,661.9229
155.3935,414.4122,471.3300,654.3580
160.6385,347.0929,515.8648,736.7753
144.7528,344.3138,504.6289,734.2987
155.2166,286.4735,522.5729,799.5024
163.5741,252.1995,489.5016,833.8425
180.9398,182.5187,507.5555,893.1466
197.5898,263.2780,492.6640,953.2144
211.3868,213.2008,439.5804,871.2661
227.7132,201.3337,291.3135,877.4319
220.8658,302.9062,291.6359,766.3394
280.8284,261.6922,416.8857,806.4156
223.8445,207.0324,453.8029,871.2159
230.9862,246.2288,443.3658,829.1299
249.6309,348.4049,433.1670,734.0956
246.7701,298.2842,465.4664,772.7441
244.9051,251.9803,420.4990,816.2145
217.6593,300.7020,493.9994,773.8978
243.9610,271.8342,426.4701,798.7857
245.8454,199.5750,382.7590,859.0328
222.3832,212.0435,404.5909,855.0699
241.2417,270.2278,275.5969,775.3774
318.0544,282.7335,321.5050,775.2047
285.9363,197.8362,371.8800,859.5924
259.2996,210.9053,406.5158,849.2342
247.9716,189.9879,415.4661,881.9774
246.0137,237.0838,394.8846,833.9529
221.9266,204.8486,490.5187,867.0367
223.8679,190.3374,450.0742,857.3514
217.6366,190.4113,472.3241,872.7789
232.0679,159.0283,441.0603,882.2996
204.7518,192.5993,504.5320,864.7407
140.3181,239.3345,543.7295,805.7211
114.4193,266.3719,573.2054,780.4841
29.5421,218.2245,666.5899,773.3059
16.0278,172.9375,680.7465,794.8454
194.5571,166.4500,546.3093,763.6505
212.3202,148.3262,487.9816,742.9362
226.6947,154.3236,366.5398,725.8140
204.6035,123.1154,305.3728,740.1603
322.1459,221.9655,397.6044,714.2215
249.5220,185.3384,464.3084,707.5813
134.9426,141.9930,545.4409,775.1419
181.8850,189.2231,498.5781,772.6216
196.2901,200.5026,319.1056,757.9114
240.7042,166.9977,337.3492,789.5777
237.7809,192.4773,233.7399,736.3128
246.7483,191.6131,268.6373,697.6154
246.5820,210.8606,188.9467,668.2402
324.3147,258.1186,196.7072,657.2708
267.1263,210.1459,238.5429,697.0439
227.4975,272.8288,215.8236,706.7800
237.8867,258.0175,244.5625,729.0406
258.8038,193.2463,295.4377,744.1399
245.0943,200.6968,203.0843,686.6429
290.3749,286.1113,252.2672,664.5309
246.5129,254.7536,186.4361,600.8073
222.9604,247.1461,182.7517,647.5135
394.7543,337.4991,273.7997,666.3130
197.9267,305.1597,311.2011,686.2380
170.1266,264.5741,258.0819,751.2119
251.1359,230.5128,253.6039,766.3051
194.0716,225.3720,287.9817,714.7503
182.8810,231.8522,257.0086,677.8077
170.5637,247.9802,229.1282,640.7549
155.2311,264.3474,223.2838,681.6508
136.8114,263.8955,243.4031,743.3043
83.7162,258.4951,317.2798,781.2972
174.8522,250.4810,311.2350,776.2755
113.2769,191.1200,367.2183,796.9011
208.0307,183.9694,378.3494,772.8416
148.3802,196.0459,422.1560,718.2115
145.2936,214.9105,385.9383,711.3011
146.8780,267.9357,294.8372,695.6554
153.7032,256.7249,272.0254,745.3427
231.7630,247.3337,280.2936,776.2213
179.2517,199.4756,368.4036,788.1823
176.5786,181.2240,372.1756,749.2952
211.4324,211.6170,312.5914,676.8161
230.3944,224.9283,245.0424,650.3829
249.3188,245.7176,196.5721,642.5578
246.2828,255.0189,206.0038,667.7069
229.8730,259.2548,237.1902,719.8333
204.7792,241.2422,237.6246,769.0091
310.8723,191.3867,285.2711,819.8979
291.8509,200.4163,395.6011,741.5587
187.8587,192.8417,366.9340,724.0261
205.1636,228.2308,285.2537,664.2656
218.1633,246.3100,214.6517,666.9346
210.4704,265.9198,216.3812,702.2617
198.1936,242.5320,237.4708,793.0746
169.3661,254.0097,272.0903,808.5623
164.4896,258.5651,309.3150,798.3764
155.6614,225.5549,385.1508,798.0630
180.2641,226.9210,345.8116,731.6805
218.3930,227.4917,262.5967,685.3170
224.1742,261.7614,218.3532,665.6098
218.3945,265.6699,222.5390,715.2524
190.5829,256.0258,259.9908,766.6284
168.8960,232.0925,292.8309,807.4513
160.8698,198.3412,346.3137,821.4001
150.0124,183.4891,422.5262,779.7179
179.7749,178.8201,376.2924,728.2676
180.2582,220.1784,268.7528,646.1993
180.7475,242.9447,219.7615,648.1907
177.1494,241.4525,240.0788,702.3559
157.6052,254.7803,289.1927,753.6089
142.0768,225.1746,351.5516,807.8977
150.7413,197.9006,388.2557,838.8434
184.6940,220.3492,364.1624,799.9788
205.3337,234.8369,388.3549,747.3135
219.8617,258.7527,375.2563,717.1908
206.7268,269.0406,502.8092,726.6490
-2.1642,273.5006,480.9845,812.3049
185.6822,272.3721,390.2332,816.5439
183.2638,313.2864,323.4434,788.8944
244.4572,399.1852,246.5764,711.2431
275.6306,417.0407,211.6571,684.6462
299.0634,420.3325,198.7323,676.3623
314.1133,436.9954,183.9328,657.7589
317.3063,437.4332,174.0781,654.5299
321.4517,435.6444,179.0182,650.7474
333.2334,423.4151,163.2710,663.8325
338.6047,426.4550,165.7805,654.9828
336.1063,428.4249,173.3276,650.4097
343.6470,407.1985,159.8901,674.0295
348.3200,391.2784,169.4162,688.5866
341.7957,417.9593,170.6892,655.9152
350.8299,423.4388,174.3093,652.1212
341.5659,414.3780,185.4396,650.3554
349.8786,430.4471,174.9084,638.0255
345.5230,422.0688,180.6826,650.3385
332.3805,421.9027,205.2516,664.8428
315.6511,421.2980,204.3941,659.3309
267.0995,412.8224,262.0381,668.5165
258.5516,417.6553,237.9877,659.9940
248.1145,434.3375,239.6079,642.2491
255.0808,422.6596,245.7441,640.9512
249.3643,433.5285,248.9328,632.2457
248.3786,431.6876,257.9723,623.9664
232.3244,417.9718,266.6105,644.7975
237.2085,419.9925,258.5927,636.9763
235.3534,405.5938,263.0659,658.4665
247.4518,402.0167,249.8380,660.6335
240.4242,379.8974,258.3838,688.2424
229.9702,403.3628,256.5141,664.1388
232.3036,386.7082,266.5033,663.4819
216.4160,407.7327,249.9576,641.5665
202.1576,427.6792,257.9065,650.8829
206.2749,434.5836,257.9316,652.7525
196.3268,455.6101,255.8989,655.0350
194.7341,474.5463,251.2996,649.8439
206.4970,481.4890,248.9618,656.7742
211.7830,481.7954,234.4539,652.3746
220.7745,459.4556,230.0045,677.6798
218.5048,427.0730,240.2310,692.8966
201.3147,395.5144,263.8334,689.8646
203.7648,383.6961,260.6186,686.6522
174.4417,345.0989,276.5714,656.4629
181.2566,313.1198,269.8346,651.5363
210.6715,312.7812,241.7232,639.0035
197.6538,305.8372,234.8442,633.9748
197.8032,274.5432,236.1601,619.3364
201.4940,257.2926,228.8557,618.5281
195.3168,245.1052,214.0743,612.1555
203.6972,228.1377,196.7401,600.4435
194.5514,213.4920,194.7596,595.6617
212.8086,196.0982,195.7624,588.1393
205.0820,183.6305,211.4717,580.4274
212.6065,147.8849,208.7761,586.0484
214.9367,166.2496,206.7967,574.9911
233.3428,145.0554,213.3740,589.6099
234.3342,185.2204,194.6972,587.3976
208.2169,191.7841,218.9549,607.3635
226.2715,240.1400,203.9589,602.3079
222.9274,280.4137,216.4820,589.0327
222.6344,326.9703,221.1844,585.0959
222.2668,394.3716,216.1072,574.7997
224.8346,432.3871,220.8136,588.9249
208.4804,502.8833,239.8014,574.3146
207.0670,533.6207,224.3707,579.9549
219.0185,572.5269,218.1660,583.0909
227.0829,570.4630,212.1505,587.0259
227.3262,580.9659,192.1797,594.5682
222.0133,598.3878,209.6096,575.4334
238.7869,590.9880,200.1645,557.5231
258.4036,569.6913,195.3093,551.5046
284.8213,549.4008,190.9161,541.5272
290.1040,531.0261,184.3837,520.2437
293.5065,491.2521,184.9612,527.6248
299.5788,438.6959,191.2336,534.1322
299.9949,409.8087,182.3611,532.4977
282.1583,395.2605,178.5161,532.2198
260.6391,384.1345,183.8322,528.0901
258.1385,376.2796,171.2432,522.5759
242.5707,370.3791,183.9949,512.5488
238.1894,354.7142,179.1708,514.3896
242.2433,338.3868,177.9534,529.0953
246.1481,336.6380,167.9467,533.7473
237.2937,343.8988,168.5292,528.6371
231.1107,334.1773,171.6043,512.9781
237.4460,302.4092,183.0643,529.3603
220.6768,292.7513,184.7215,528.5535
205.1883,280.6270,178.8410,525.7936
194.3896,263.7740,187.6538,528.4817
182.9631,238.2944,189.3665,537.6818
153.2063,254.3072,186.5006,522.4319
129.5353,240.7417,180.9553,519.7979
105.8115,212.3831,193.5969,537.0443
69.8579,201.1050,195.0144,545.2198
50.6738,222.2860,188.4695,534.7736
36.6439,247.9752,188.6196,548.8565
15.5653,278.5092,199.0585,549.0656
21.0927,306.4022,199.3285,553.9161
52.8570,316.0327,200.4404,566.3173
102.0782,353.4659,196.4621,559.3785
162.5344,354.7175,192.9388,566.6478
235.0503,352.5352,185.3858,570.6524
318.7465,351.8233,210.6032,586.8321
387.7140,333.9825,218.7559,604.5878
418.9786,338.1328,213.7077,622.0779
457.5037,365.3811,240.6936,615.2730
483.0553,345.7711,231.9973,604.1685
465.4839,343.8342,230.6667,602.8455
420.2940,352.1428,234.7475,598.2807
344.7465,347.8396,224.0055,593.6004
236.4678,351.6669,221.1565,583.2288
128.2154,344.2821,232.1048,582.1858
52.8071,314.7936,227.8444,590.8451
0.2540,344.9630,198.7049,566.8215
7.5949,337.1606,211.0808,568.4843
93.3404,313.4411,230.4149,576.6895
190.6599,288.4038,240.3028,575.8552
309.2939,286.8848,225.9288,566.2978
398.1493,275.8800,223.3715,582.0106
443.5885,279.4857,248.5186,590.7433
488.9565,280.2921,237.5524,599.5428
417.4280,323.5797,296.9219,591.1751
354.3616,372.1575,262.2202,554.0487
356.0172,384.9720,209.3294,564.9418
310.2162,384.6447,221.5165,560.8051
243.4691,399.5241,246.1024,557.7551
221.2347,429.7217,216.1124,548.6932
217.5146,415.5638,214.7816,555.8135
214.0332,391.3925,222.6971,567.0449
187.6763,405.8302,216.3375,591.8068
176.7653,419.0459,201.6389,584.0745
164.3555,408.5349,231.7757,590.7885
176.8281,464.4248,226.3367,597.6272
163.5367,532.8972,225.8016,588.5326
160.7928,574.2214,216.5767,580.4922
164.7392,605.2426,232.4070,589.9601
167.1858,663.1929,229.9112,590.0696
169.5949,690.7510,219.4333,594.8035
187.0993,689.4160,216.8400,589.7424
193.7177,659.1859,215.7829,564.8524
211.6714,597.4933,229.5913,560.9973
244.6443,481.5459,226.6213,556.4132
246.1502,349.2221,236.5497,561.7745
247.1006,272.7108,230.3928,566.2438
260.5849,213.8345,226.1648,575.6353
265.1113,173.0108,233.9831,566.7718
279.5905,161.7461,218.6672,569.1191
253.0700,237.6980,222.2362,579.7020
247.3653,359.8481,217.5686,542.0009
248.1648,418.9785,216.3441,549.7346
245.0591,489.9050,205.5838,565.8088
221.0646,585.2477,199.6182,566.4175
228.0115,626.3608,194.5305,589.9578
201.2836,674.7510,232.3648,592.2870
166.8557,705.4642,213.8621,553.4606
172.5340,687.1030,208.6956,586.6698
190.0543,642.6873,213.0531,571.5764
194.7252,585.9636,209.1672,576.2491
171.7551,539.2325,210.6406,569.2845
168.3919,486.5349,205.1658,546.6069
176.8201,426.5588,206.4290,557.9542
169.4431,386.4566,205.2506,552.3116
173.4312,328.3191,201.0236,564.2132
177.8364,268.2922,204.5829,574.4805
190.7608,241.8607,197.1089,567.5485
190.9651,181.1179,203.8529,589.1671
209.1189,153.4449,207.8647,597.8467
210.7164,164.2673,201.6735,606.3962
217.2296,183.2926,208.2173,600.3913
211.6636,251.6491,221.1970,555.6844
199.6437,285.8330,214.9729,561.5850
175.5921,300.7835,215.1120,570.1961
145.8616,320.1142,203.3640,575.1011
79.2820,353.0461,222.1795,580.3130
33.4879,374.9351,217.6893,586.4282
7.4633,369.4988,207.0399,588.1067
-3.3213,349.0226,181.5189,622.3563
-7.7247,347.0941,179.6322,622.5676
17.1411,319.7398,202.2571,630.5601
62.7190,332.4955,225.1009,614.8608
126.2566,329.9506,228.5974,607.0955
203.4217,313.9638,239.5556,620.1714
255.5853,332.4911,241.2440,591.1169
307.4176,319.5704,239.3899,602.8416
359.8575,304.8390,249.1550,618.0538
355.3358,295.8183,236.4047,609.8301
344.5743,300.5020,225.6371,604.8013
337.5057,285.9877,233.8837,610.5648
300.4441,296.5236,227.9822,583.0393
275.2219,285.3711,209.0006,582.2943
254.9942,299.0569,197.5167,580.5933
192.8582,307.8598,224.3633,555.2733
160.7489,318.9148,218.3704,561.8293
146.8327,337.3236,211.0805,546.2256
137.2463,334.0362,200.5084,557.8344
139.1137,360.0999,205.5450,542.0937
166.8267,345.1512,199.7214,562.9615
200.5508,381.7935,185.4158,540.4434
219.3123,379.9093,201.2785,555.4122
251.5960,408.3216,198.5778,550.2770
253.2103,440.6244,195.5779,542.2749
264.6465,435.8438,201.3451,562.1752
280.2688,427.9573,202.9747,573.5327
277.1951,422.0600,208.2529,563.9984
287.3073,367.1897,209.4265,587.5668
310.5031,314.0175,204.5221,595.1821
292.5912,278.6103,206.3216,607.5969
279.0526,255.6397,213.0431,589.6355
284.6478,217.5179,236.3214,610.7203
288.4087,245.0501,226.3746,619.0960
264.6800,280.1134,217.1918,610.0782
274.1693,293.8116,224.4922,627.4647
256.5467,318.2446,226.2736,609.3330
261.0554,327.7155,221.1645,615.7880
256.1953,342.2294,224.2200,605.3519
258.6145,329.6476,215.4964,603.3135
244.8018,335.6345,222.8111,588.5945
260.5361,312.5877,219.3302,601.2320
269.8406,309.2377,203.5875,613.6341
268.7278,331.9587,201.5258,586.7462
277.1905,318.5220,204.3643,580.7898
268.8241,295.9027,216.9721,567.1406
275.1174,278.5056,204.2495,571.4169
298.8290,270.2232,204.2943,566.2182
289.3018,272.0987,183.6852,578.1308
278.3882,253.1020,193.3618,575.8585
281.8775,254.3952,196.7614,569.8531
264.2148,251.1550,196.3615,565.9691
262.0207,247.5979,188.9823,558.3126
250.8963,213.1714,196.1706,575.8546
219.7711,175.1961,203.5904,589.9979
203.5108,179.6855,199.5648,587.2081
193.2726,164.0291,189.3668,599.3312
177.9076,165.4841,208.3507,609.8403
164.1900,201.3909,221.1607,566.2109
192.6370,217.4102,221.2341,590.1243
221.9015,251.0283,241.5797,596.5474
283.9742,267.9630,231.3118,598.7442
316.7183,288.5125,229.8492,608.5146
334.7174,362.5366,253.3456,581.8652
393.2208,350.6653,275.1501,615.4652
437.3806,373.9521,279.0046,610.3257
434.3712,411.2761,282.8550,603.7474
483.1366,430.9339,235.9964,592.5035
483.1295,401.4734,235.0946,599.7672
420.8831,379.3679,246.6895,591.1082
361.9226,365.3737,242.1178,580.0489
316.7272,352.0790,221.9316,564.4402
250.4553,329.7872,200.9806,566.2860
193.5031,312.4133,202.7183,580.1315
161.9641,305.9211,188.0652,566.3438
123.0950,286.6849,191.3435,567.6660
88.8317,305.5652,192.9238,576.5356
83.8902,294.1162,201.4980,582.0355
99.6478,285.8235,201.8430,582.4792
106.9165,271.6651,204.6041,593.4210
115.7072,264.1517,212.4239,588.9485
129.4953,256.2001,211.5057,607.6260
125.7829,264.2366,214.5039,606.9170
131.5717,294.0022,224.4468,615.3079
162.2401,309.3789,220.7155,603.0568
201.3143,295.3218,229.7162,629.9156
197.7893,335.5114,248.4799,622.4642
210.1454,385.1230,206.0489,617.0106
219.4124,409.3580,223.6741,639.4198
242.4310,423.6276,218.6288,645.7307
233.7480,420.2956,215.1401,651.8657
208.2680,428.5111,216.4488,658.7970
196.0889,411.0287,219.0790,667.4144
165.0785,420.4024,229.0926,684.3765
161.3482,437.9706,225.2412,670.9696
159.8322,442.1421,241.3128,686.7520
161.9477,431.4379,231.0563,679.3594
162.2775,453.7466,226.9357,678.0730
177.1622,463.5445,224.6911,640.8828
173.2748,448.2618,235.5902,629.2311
190.6229,451.9859,223.8780,622.7347
212.8281,442.0299,213.8539,616.3000
215.5925,403.6384,217.4197,611.4910
217.1962,373.8766,211.8135,614.9416
229.2684,347.0424,212.4500,601.2780
233.6425,299.3900,209.8560,612.5579
229.0691,277.3455,217.5023,618.6169
241.7048,268.2099,216.7022,591.3853
257.6378,226.8773,219.4213,601.6993
285.4331,174.6189,209.2775,604.6401
296.2993,127.5607,206.4375,611.3885
318.8290,79.9874,205.4132,629.7073
326.7012,51.7846,195.5668,637.2195
313.3904,29.8326,208.5928,628.6033
301.1281,45.6799,215.9483,642.5695
267.5459,46.1657,236.8887,653.2759
245.0697,86.5891,225.2407,658.2740
226.0563,111.8207,224.2208,642.8974
200.5939,164.5005,228.5062,640.2169
195.2002,182.3924,221.1698,673.4693
195.2010,256.3437,220.7610,634.8029
203.0968,296.1958,219.3798,644.9709
198.0352,351.6360,227.2436,636.8958
194.5167,373.0269,225.7391,652.0562
185.5245,413.4458,237.2581,659.3405
176.8473,431.6656,231.4109,667.1267
165.2077,460.2285,259.1600,680.9274
184.4676,452.3442,257.3746,707.8739
192.8197,481.7214,254.6524,714.5721
184.2798,461.8232,277.5633,731.4359
205.1540,438.3685,282.8725,746.6808
221.3971,437.0437,273.3549,732.4921
247.1856,421.3427,252.6035,742.8448
276.9894,406.8788,282.7004,727.7104
293.0060,388.7419,286.4435,737.4527
333.5599,374.6345,278.8156,727.5576
364.4304,362.3583,290.3732,717.0990
380.1312,348.9472,298.0648,724.6486
367.6843,395.4809,306.7742,711.4607
325.6544,402.6965,297.4464,739.4159
313.0074,425.1451,277.6745,734.2623
289.3915,405.5542,296.8545,733.5950
242.1862,358.3994,285.7888,773.9033
242.5555,367.3969,292.8305,780.3869
241.2235,337.1356,297.8916,819.4071
203.8000,351.1502,300.5049,818.5755
222.6767,303.4279,299.6008,830.6925
238.8430,296.6868,300.7786,846.0985
262.1822,281.4966,302.4960,831.3103
289.0238,264.4432,304.8600,839.9034
301.7773,263.7749,303.6261,815.0638
316.9927,285.9760,298.9027,775.8403
353.0237,272.6776,279.7435,740.2199
370.1532,240.9427,261.8903,727.4030
390.1967,256.2682,248.8174,694.6523
393.0527,242.3262,236.1767,670.6042
393.4458,212.0217,214.4211,647.9484
367.9848,234.1314,217.9475,634.9070
319.8732,222.1586,203.8790,595.2164
296.6026,239.4548,187.5665,560.9869
252.1666,210.2710,191.2272,561.4340
219.5925,204.3273,174.0500,557.5120
201.3221,206.4463,180.3405,552.2701
191.0448,220.9283,174.9695,532.1671
164.1229,237.4079,181.8890,526.9756
150.4193,259.3364,183.1244,527.2122
161.8478,269.6516,189.7157,539.4131
97.7689,347.6382,201.4328,525.4661
88.0835,413.6329,190.0752,524.7472
104.9084,403.7736,202.7725,561.4778
98.4254,413.2222,215.3805,591.8670
93.7105,472.2419,220.1158,581.1832
96.7241,453.4056,236.4035,589.4449
100.8196,451.6389,237.5137,613.1543
92.2385,514.2290,220.2723,590.0009
95.9461,512.0344,226.1799,593.8987
101.4544,498.9036,233.3716,596.8065
109.1602,520.0775,237.4293,595.4780
118.4330,486.2424,220.4378,593.4642
143.1096,473.0058,216.4120,600.1337
163.8544,478.5579,224.4532,592.4410
193.2549,498.9262,217.2564,546.8300
230.4830,477.1807,205.9792,537.3682
246.4506,445.4132,213.2779,534.6236
254.6733,412.3565,204.9418,553.0812
265.1473,417.1222,207.9718,521.2837
250.1768,382.0239,279.0138,533.8406
253.8272,338.5077,247.6301,550.4231
259.2193,349.6903,210.4395,526.5390
266.3540,338.4427,231.7491,520.9492
259.3944,341.5268,285.1969,527.3233
245.1877,365.0129,269.4685,507.5476
235.4967,337.4756,225.2535,523.9834
229.0624,332.8854,211.0241,510.0715
228.3884,330.3054,218.9788,506.6209
240.2975,297.4279,217.0125,531.9183
232.5715,246.8273,240.8953,562.6156
232.6508,234.7538,234.9621,595.7919
225.5368,204.4136,250.5160,618.3193
236.0580,151.9485,264.5760,656.5156
233.6473,81.3797,263.2926,716.5328
218.1867,42.3415,264.4147,749.3705
206.3186,4.4234,299.5199,744.8854
216.5143,-28.0206,272.4345,757.8375
194.2058,15.5017,287.1604,735.0590
218.7236,28.9536,257.2073,699.9810
208.0882,1.3664,262.4880,717.2368
189.1515,-11.9702,273.8165,731.4888
210.2317,13.0073,272.9710,727.0300
212.8669,0.6061,263.6963,728.4036
212.8856,49.8944,247.9724,735.2263
209.8846,84.5236,243.0435,737.0734
186.6530,89.1149,266.2545,765.3893
186.5782,179.6672,269.5510,750.9639
203.9493,268.9249,251.8534,722.2498
209.7738,308.8983,263.0761,717.2421
205.1533,390.3007,248.4534,716.7259
202.9961,437.0612,250.9644,718.7670
220.4790,489.2879,251.7958,694.8936
234.4355,520.1332,247.6468,676.8922
232.2462,543.2515,230.7373,665.7100
244.5665,543.1019,225.2608,641.7203
252.6994,566.4503,226.8324,627.3543
241.5223,567.5990,247.1575,617.7328
239.6132,521.6097,306.7530,647.9794
239.8384,462.7135,323.0561,653.3361
231.2095,426.4423,321.7260,683.8247
226.3382,420.4444,340.5570,663.5272
227.4625,415.6794,327.8681,644.5117
227.2879,415.1778,332.0754,624.2385
243.5818,426.2898,337.4885,600.1271
241.0717,453.0977,366.9352,576.1570
227.8514,434.6020,340.4854,584.4476
231.2503,414.1238,351.9312,565.0479
222.4604,415.3437,380.8250,574.6076
209.7425,371.8448,397.4948,556.4162
209.9554,364.4570,372.1155,540.6014
210.0994,400.5453,448.2673,524.8782
189.4404,408.6786,359.8166,509.3493
194.6508,383.2873,285.8982,538.6777
184.6241,393.9621,206.9324,534.1041
186.3323,323.3752,197.2581,553.6299
180.0261,311.9186,200.7423,557.9906
187.6210,378.5425,181.5144,525.0793
198.6588,363.5154,191.5756,535.2717
198.0709,361.8794,181.1555,538.1369
187.9004,371.1064,187.6167,525.1658
216.8592,368.2759,186.5119,523.5488
200.6977,376.9877,182.8604,528.5664
210.6058,387.8546,194.4164,540.8867
222.1409,433.7487,195.6593,526.1187
206.1381,496.4789,210.9582,508.3771
221.8382,476.6309,195.3322,548.2786
223.9869,492.3760,198.6570,561.4183
209.8617,522.5548,185.6819,563.4092
207.4215,563.5527,186.6241,553.5876
189.3956,588.9117,207.1543,544.6469
165.4817,626.2224,194.6699,537.4832
182.6070,605.0359,189.8578,525.8574
185.7254,631.3961,175.3463,495.9515
170.8075,650.1594,173.5032,486.0123
160.4535,658.8212,166.4496,465.6068
145.3652,656.7991,157.2160,443.4623
129.5034,645.5705,157.5986,442.1396
123.6118,590.5282,174.6880,451.8941
112.0409,571.6968,154.3445,457.9265
64.0226,581.3167,149.9198,450.8277
33.6547,575.5969,154.0286,444.9125
-1.3434,565.7747,167.8717,422.8774
-26.4332,603.5569,136.7693,424.9135
-2.9876,593.7031,113.8935,410.9421
-4.9122,547.5568,114.5333,422.9388
-1.5835,555.2227,118.8464,403.7274
-5.3213,540.2177,142.4365,412.0446
-2.2716,522.4407,156.3266,420.7379
8.3459,510.2264,156.2322,452.8646
19.6221,541.9866,154.9057,429.1319
37.7250,548.3322,151.9577,433.4434
44.8437,529.7825,159.8009,435.5266
44.8015,504.4285,169.2925,448.3814
42.0887,492.8499,176.1022,468.6131
56.1800,466.8909,182.4188,485.6170
69.9820,456.2993,191.6423,495.2022
65.4395,505.0310,204.2942,502.4210
74.5276,511.4206,206.5551,521.6111
87.6911,483.7197,210.8215,541.0540
71.5948,500.9793,204.5688,560.4416
89.8657,487.9378,210.1694,549.7536
95.7472,466.3217,212.0552,569.7491
84.9562,448.2778,209.7205,579.2270
113.9554,432.4537,192.6705,585.0150
117.1912,388.8571,209.4135,602.7228
116.7795,358.4979,214.0757,604.8393
136.7653,388.0639,195.2262,580.8607
122.2703,386.2569,203.4985,580.9085
121.7151,375.2456,211.4280,571.9269
138.9644,399.5400,199.3851,585.5688
139.6159,403.4246,199.6143,568.3295
128.5663,427.5753,220.0252,577.7880
150.4063,432.0793,203.0687,595.5555
152.8210,441.7144,201.2302,608.3101
157.7884,510.5521,194.2087,583.1949
171.4330,540.8711,196.3315,571.7658
173.8598,545.2444,201.9729,555.6765
194.7930,608.2538,194.3715,535.1904
225.7355,624.6066,194.0029,546.2251
242.0544,659.0250,189.0223,533.0640
273.0621,687.7368,189.2258,515.5121
294.0866,696.4706,193.5504,532.4344
305.7805,717.7283,190.1246,515.5217
309.3610,747.5977,190.9751,485.0018
319.5098,752.4997,171.0147,470.3799
310.8006,752.7134,170.7002,454.4165
303.8346,746.3179,182.6573,455.1180
316.4402,741.8267,173.4801,455.4319
301.4595,710.8063,169.0391,473.9700
306.4944,698.8440,160.8511,464.1088
308.2971,676.5439,165.1087,477.7219
311.2633,672.3103,159.3198,460.8576
322.4754,662.2964,157.5034,463.9722
315.7100,686.4849,146.8973,436.1090
321.7281,681.6096,146.1766,421.8035
321.7819,678.3035,149.3369,418.2841
325.4236,673.6245,145.0720,414.8713
332.3629,658.7001,136.3762,412.2096
320.4631,620.8523,145.3314,409.5327
314.5850,608.8168,144.8507,409.7484
300.2779,574.2421,147.5743,418.9327
285.2024,536.2612,154.0436,420.3821
257.7982,522.6917,153.6960,415.9210
218.5782,484.5024,159.9636,427.8802
202.6407,459.2120,147.1678,430.0482
177.8902,454.0964,155.6917,428.3143
157.8867,454.1956,150.4152,425.2961
104.8863,454.4892,151.4370,427.2316
101.5726,482.6783,145.2127,427.5249
84.5278,503.2635,144.6873,426.4826
72.4046,520.9624,141.0368,424.6103
81.5700,547.2040,143.2271,412.0603
116.0707,567.7131,148.2675,419.7870
139.0087,582.0895,137.3402,412.8758
151.2560,601.5057,142.1347,423.8094
157.0502,616.6348,155.2343,429.0813
155.0638,634.7676,141.6724,414.4856
162.0276,624.2473,153.1663,439.7704
157.5513,636.8098,145.8424,431.8929
152.4964,623.0294,162.7888,429.8111
161.1054,617.8702,160.3506,425.2192
160.8410,604.0672,162.6317,414.2720
170.2069,580.9958,170.1729,411.2600
217.0099,544.5328,212.4615,402.0548
218.4113,458.6752,247.3854,432.2319
248.5570,376.5182,235.0001,466.1167
297.3290,411.0273,176.3274,424.4767
288.1419,407.3463,201.0808,406.2478
292.8243,465.6815,186.3411,374.4410
280.8781,521.3593,238.9357,360.1196
271.2441,514.1174,256.5266,417.3199
276.9825,561.4955,278.2281,419.5076
297.6273,554.4647,296.1968,477.1040
277.4096,630.6306,293.8601,468.7021
262.2321,680.3099,324.1429,465.6364
270.9993,658.4323,342.9995,500.8531
276.9001,659.8024,394.8010,507.6863
292.2167,656.3831,399.9366,546.6501
306.8490,677.4625,409.3242,514.9596
328.2792,684.6293,356.5068,487.1374
357.7818,677.7227,345.7961,468.7225
410.5219,680.8854,302.0544,462.3228
447.2357,652.6978,282.1557,463.7943
456.5231,627.2777,260.0397,473.5941
478.4331,644.4614,185.3594,449.9303
487.3846,633.3074,176.8662,425.6104
492.7532,610.4415,183.3300,415.5824
503.2237,579.0576,181.8358,431.0097
493.5964,541.7424,182.7715,447.8700
495.2624,534.7691,176.2196,458.3047
485.8853,553.6470,173.7103,466.1385
461.1777,592.8632,178.1394,468.8604
457.5959,612.1248,167.5684,466.0675
421.5074,638.7413,186.2812,473.9015
412.9975,661.3023,181.0383,494.2884
395.3444,686.6888,177.0164,488.6321
369.1284,700.8903,184.3489,488.6406
366.2432,712.3859,175.6531,494.0562
354.9532,716.0558,178.2146,502.2787
339.8548,701.6677,184.3780,504.4389
330.5376,678.8033,189.4034,514.1187
326.9103,647.2475,194.4112,531.2231
328.2781,612.6578,194.4651,540.5565
328.7489,591.8083,202.3031,540.6584
315.4196,532.4727,197.5719,552.7200
288.9816,543.0082,202.3414,498.8431
271.7889,474.7537,198.4333,543.7545
254.8475,393.0589,202.5125,579.0543
232.5499,370.4966,210.8481,576.5361
221.9428,342.1255,201.7364,579.7756
216.5441,329.0295,196.2139,556.8959
212.6408,299.0940,198.9912,565.0282
211.0580,276.4349,198.5821,570.3463
223.0864,269.9038,197.1979,585.2078
207.8603,296.8937,195.4421,578.4932
186.5335,328.0056,193.0724,569.7693
188.0968,352.8834,189.5744,578.7039
175.3094,395.8798,186.9884,572.5963
168.8512,435.5638,185.1261,547.6422
185.0059,491.1152,197.5564,509.4529
217.9959,565.3553,184.1818,484.8800
237.7556,635.0361,189.7390,451.6668
260.7867,692.3861,185.3105,431.4747
267.4461,721.9579,187.3000,432.5518
270.7594,750.3285,182.2274,432.9557
273.7343,758.1152,181.8886,428.1750
273.0792,741.0331,177.4885,421.5518
268.1699,711.5928,179.4474,429.4400
262.9539,678.1009,185.8069,440.5436
224.9306,603.5641,194.6892,465.1313
217.2991,527.0870,195.8542,488.2421
199.9327,421.0299,187.5319,531.5721
170.6649,337.2537,190.5521,549.6205
134.7923,278.6486,194.8121,556.1218
99.0284,212.3970,203.0429,562.5873
71.2209,145.9026,201.3690,570.5989
43.2641,94.6881,211.1436,600.2288
26.1575,58.9038,220.6132,613.7799
25.9384,60.0991,221.9797,646.5323
13.6244,93.4654,216.1535,640.1984
-8.0159,162.0578,209.5274,613.4990
-9.7882,283.5788,202.0328,558.8561
-14.1074,389.1339,189.6080,518.5873
-13.6180,460.5229,152.9769,502.8699
-9.3273,562.8846,157.1767,477.5679
-10.9917,633.6498,158.9728,453.3859
-9.2502,656.4689,129.6968,449.4352
-5.5651,725.9199,144.5792,448.1974
8.9078,792.7726,145.3759,429.8761
29.4372,815.6161,144.4636,426.4148
57.5902,852.3655,145.7818,416.8474
80.7327,884.1407,141.0247,403.6171
130.5701,896.1499,138.7890,392.9699
167.9141,891.0967,130.2246,395.6631
177.1489,886.5394,129.9058,395.1726
204.6998,842.8131,143.3983,416.0183
230.0681,791.9262,154.2921,430.6923
245.4254,776.5203,145.7901,418.1739
258.2074,725.6079,152.5713,433.3367
274.2659,713.0577,150.1176,417.4328
270.1168,654.0938,154.2575,430.3548
267.7783,645.1923,154.4861,398.2261
264.5698,634.3284,141.4126,391.2984
243.8673,622.4466,143.0054,378.4594
241.8608,583.0261,143.2709,382.2797
232.0824,530.2275,145.3019,393.0581
226.7500,509.8848,156.3056,379.5234
230.8880,454.5045,157.9381,387.0471
231.1198,404.1981,165.1607,389.3922
226.5596,368.4832,168.5255,406.7046
226.4810,329.9225,166.1996,415.9514
220.9549,320.8108,164.4738,416.2568
220.9133,314.8768,155.3836,415.4346
223.8668,309.3459,161.8914,414.9585
222.8739,321.5586,169.6968,427.2591
223.2705,384.5689,168.9523,394.2916
216.4086,439.8157,157.7455,390.6048
200.1054,469.6707,156.7634,394.2041
192.2984,529.9731,143.5277,381.9946
155.3495,581.4111,172.9212,398.2046
134.5342,630.3142,208.5174,402.2514
118.1834,669.9384,213.0275,410.5248
81.4614,709.9789,199.2850,432.7901
62.1581,700.7596,230.8641,489.3173
19.4765,658.0533,269.7962,553.6387
15.1494,668.3785,241.3921,569.7206
0.2357,679.2050,231.2275,570.9627
-2.1221,679.0240,191.2910,548.3719
-10.6996,660.9854,162.6551,541.0399
-18.5121,607.2698,187.6286,562.5764
-10.6049,581.9780,136.3310,544.3629
-10.6049,581.9780,136.3310,544.3629
-10.6049,581.9780,136.3310,544.3629
-10.6049,581.9780,136.3310,544.3629
-10.6049,581.9780,136.3310,544.3629
-10.6049,581.9780,136.3310,544.3629
-10.6049,581.9780,136.3310,544.3629
-10.6049,581.9780,136.3310,544.3629
-10.6049,581.9780,136.3310,544.3629
-10.6049,581.9780,136.3310,544.3629
-10.6049,581.9780,136.3310,544.3629
-10.6049,581.9780,136.3310,544.3629
-10.6049,581.9780,136.3310,544.3629
-10.6049,581.9780,136.3310,544.3629
-53.9716,513.3383,150.2624,521.1965
-35.3613,613.2031,180.0116,440.1933
-61.9405,628.9640,153.8171,442.5818
-28.6385,660.1128,126.7186,410.5839
-13.4507,684.3995,93.0389,391.3011
-4.9426,700.5664,73.1203,378.4501
-3.8119,683.4768,85.3460,390.2644
-1.9306,618.9652,92.6367,444.2413
-7.0321,584.3744,122.1335,464.8590
-4.5897,550.4596,144.0819,469.6490
9.4500,506.6593,169.6142,475.1096
62.9999,461.4251,163.5426,478.7037
85.1005,451.9717,170.2698,455.1446
106.8230,422.2324,161.1531,455.0419
146.0366,361.9958,164.5350,472.6107
176.4137,341.2520,192.2287,461.0702
216.3560,331.6246,171.6098,461.8839
270.9731,319.9316,173.6890,456.7364
296.3121,322.5986,174.8793,456.6333
319.7420,317.0098,168.8862,462.7972
342.4218,295.9582,166.1397,477.9920
350.9982,295.0859,164.6359,497.1267
352.7297,306.3477,172.5932,495.6820
353.5978,346.0571,175.4348,469.2009
356.1788,363.0933,177.6575,483.2040
358.7145,379.7317,175.0771,462.1159
357.9322,404.1659,175.2538,458.0244
351.8071,424.6271,169.5672,453.7150
354.2729,432.2762,167.7063,444.0096
351.2587,451.4767,173.5827,440.8303
347.7280,446.7974,164.2183,444.7009
337.8179,468.4267,175.9490,451.3931
330.1652,463.3334,168.3021,441.4312
324.9318,470.1500,162.5307,450.9607
302.7711,460.2768,164.5219,453.3266
291.1408,464.3660,166.2606,444.5371
280.6432,471.7911,156.2629,435.5629
264.8626,471.0988,168.5448,435.7351
252.8615,477.9511,168.2987,429.1601
238.8937,471.2545,166.5419,435.5340
233.6102,473.1492,164.2482,435.7419
221.3174,480.6954,160.5204,435.1398
200.5172,471.1802,182.1114,450.8845
195.5002,494.7474,178.3883,441.0714
195.0500,509.1039,182.0182,424.1199
202.0493,530.0563,162.8888,420.7961
190.6889,521.3378,185.2483,430.5224
205.9214,526.1248,161.8879,415.6396
209.5178,528.2960,157.8814,427.4511
205.1148,523.0551,178.6756,425.4324
226.3271,532.8555,166.1700,439.0793
237.3356,544.7296,165.1872,423.7831
235.8188,542.0676,179.3530,414.4804
253.5498,555.8331,174.5620,419.7687
274.8826,555.2061,153.1633,394.5719
286.8770,557.7363,152.8654,401.8238
292.5498,562.2333,153.1379,389.7851
294.5526,549.3153,165.3457,403.8644
311.1635,544.1873,151.8830,393.6228
304.3322,542.7436,165.4741,394.9058
296.7487,534.9661,154.3682,390.7070
293.8661,527.8246,165.6242,394.0944
293.6374,507.4960,163.4558,401.1439
277.2388,493.3950,180.2552,406.1626
271.3408,468.3974,190.8605,401.6484
278.0544,408.8758,178.7906,423.8411
275.8264,369.7769,166.1758,422.8719
257.6993,286.8255,169.1947,456.0017
251.5997,169.3469,177.9775,482.1317
222.2303,90.8694,185.0560,486.2739
217.5573,3.2340,186.8914,508.1487
227.4923,-30.8290,190.4140,483.8604
230.0161,-13.2237,181.1178,432.9383
245.7288,10.2669,174.4741,432.8108
262.3918,20.4034,177.1028,455.3029
267.8490,16.3335,170.0353,487.1320
273.0423,29.4022,175.3792,497.3695
275.0918,71.9948,182.7757,492.6666
274.6892,130.8925,182.7186,488.2773
276.5215,170.8931,177.5426,481.9518
288.5859,243.1708,163.1635,439.7288
293.4156,299.2672,166.5233,419.7354
297.5543,337.5117,154.3101,417.5620
280.8247,351.8546,169.3055,429.0612
287.5335,389.4465,160.1358,424.6744
276.9407,409.8157,154.4088,423.5828
275.5230,422.3157,165.6495,416.5574
284.9149,430.2903,158.6257,332.5629
284.9149,430.2903,158.6257,332.5629
284.9149,430.2903,158.6257,332.5629
284.9149,430.2903,158.6257,332.5629
284.9149,430.2903,158.6257,332.5629
284.9149,430.2903,158.6257,332.5629
9.7312,-72.6885,174.3966,308.3055
8.5201,-35.8541,201.6098,257.1687
8.5201,-35.8541,201.6098,257.1687
8.5201,-35.8541,201.6098,257.1687
8.5201,-35.8541,201.6098,257.1687
8.5201,-35.8541,201.6098,257.1687
8.5201,-35.8541,201.6098,257.1687
8.5201,-35.8541,201.6098,257.1687
8.5201,-35.8541,201.6098,257.1687
8.5201,-35.8541,201.6098,257.1687
8.5201,-35.8541,201.6098,257.1687
8.5201,-35.8541,201.6098,257.1687
8.5201,-35.8541,201.6098,257.1687
8.5201,-35.8541,201.6098,257.1687
8.5201,-35.8541,201.6098,257.1687
8.5201,-35.8541,201.6098,257.1687
8.5201,-35.8541,201.6098,257.1687
8.5201,-35.8541,201.6098,257.1687
8.5201,-35.8541,201.6098,257.1687
8.5201,-35.8541,201.6098,257.1687
8.5201,-35.8541,201.6098,257.1687
8.5201,-35.8541,201.6098,257.1687
279.8218,456.1079,153.5198,254.0921
285.1873,551.7260,143.3143,287.1323
284.2097,554.7024,140.2687,322.0700
274.3521,478.9758,153.9301,392.5332
269.0641,457.5980,167.3157,404.6888
275.3211,436.7966,157.3269,423.0836
266.0634,448.0128,159.5063,418.5914
267.5247,432.5519,166.1602,423.1106
270.3317,433.0999,158.0683,425.8147
267.7820,423.2000,157.9893,430.1814
262.4086,427.0093,159.1102,425.0794
265.6025,423.2562,160.0303,423.9882
259.8867,423.5684,162.9954,414.8659
265.2740,427.1743,155.3972,415.6625
255.4659,430.8795,160.0515,419.1017
256.4513,425.2209,162.4263,414.8077
255.8367,427.3073,161.3994,417.5054
260.2185,423.2943,157.1727,420.4174
252.9226,427.4617,158.7782,421.2245
256.1165,413.1020,153.9579,422.8596
258.7561,425.1741,152.6940,418.7153
246.2238,432.6381,162.0400,408.7392
248.6706,428.0225,158.0843,415.5591
239.5529,428.8302,165.2182,427.0463
249.3105,430.8839,155.1058,442.5412
255.1294,454.9857,157.6661,420.3255
258.2264,482.2158,155.8808,407.3905
255.1617,478.9432,164.0709,414.2343
257.6736,488.4145,160.7117,413.2042
261.0338,492.0215,152.4148,411.8730
270.6523,502.8239,148.1525,403.6043
268.7693,514.6841,140.2255,403.7040
278.6397,503.2519,131.7351,403.8633
278.6397,503.2519,131.7351,403.8633
278.6397,503.2519,131.7351,403.8633
278.6397,503.2519,131.7351,403.8633
623.1706,530.4795,106.7767,370.9954
623.1706,530.4795,106.7767,370.9954
623.1706,530.4795,106.7767,370.9954
623.1706,530.4795,106.7767,370.9954
623.1706,530.4795,106.7767,370.9954
623.1706,530.4795,106.7767,370.9954
623.1706,530.4795,106.7767,370.9954
623.1706,530.4795,106.7767,370.9954
623.1706,530.4795,106.7767,370.9954
623.1706,530.4795,106.7767,370.9954
623.1706,530.4795,106.7767,370.9954
623.1706,530.4795,106.7767,370.9954
623.1706,530.4795,106.7767,370.9954
623.1706,530.4795,106.7767,370.9954
623.1706,530.4795,106.7767,370.9954
623.1706,530.4795,106.7767,370.9954
623.1706,530.4795,106.7767,370.9954
623.1706,530.4795,106.7767,370.9954
623.1706,530.4795,106.7767,370.9954
623.1706,530.4795,106.7767,370.9954
259.4357,354.0593,140.8682,346.6399
245.9684,452.4180,146.4446,336.5400
245.2787,466.8478,150.9237,373.7005
237.7127,438.0087,160.7598,399.4173
233.9183,405.8938,160.2075,419.4590
227.7926,379.6816,164.5777,426.4289
231.3902,356.9381,163.2965,424.3379
224.4206,341.2282,165.3029,428.0170
212.2856,329.4409,166.9941,425.6372
199.8827,302.4015,166.0530,454.7222
193.4678,290.6029,166.5408,446.0478
187.8289,273.8347,160.9263,453.3917
168.2892,263.5154,160.6726,459.4860
164.7057,268.2334,169.2041,446.0786
155.3871,267.4532,168.5429,455.0277
145.1345,271.3411,161.0241,442.2245
132.6708,263.3986,179.7776,459.0890
126.0103,279.5173,182.3170,449.3227
125.1898,275.5160,166.5571,434.1091
117.7651,279.6835,172.8195,464.2706
112.5320,283.7336,179.7372,451.8513
107.8565,326.9130,167.9596,445.7835
98.3744,320.4882,170.6930,428.0090
84.2292,328.4001,173.6830,438.3499
80.4021,323.6770,167.1211,445.1140
70.1257,319.1658,160.8334,452.8855
55.9703,335.3412,171.2679,467.0762
40.8131,317.4299,170.6407,450.9974
33.8266,332.2111,170.6369,478.0042
18.8975,321.1679,179.1119,459.1103
3.6408,324.9972,174.4332,465.2307
-0.0786,301.7951,156.8260,479.8196
-3.1930,281.8245,146.2328,497.1917
-15.5019,276.9688,143.7724,489.9763
-5.7297,302.9914,103.7871,457.1967
-9.8201,314.1264,92.4724,438.1840
-18.3244,310.2948,90.3122,432.4285
-15.7533,320.2029,81.2485,409.9225
-15.7533,320.2029,81.2485,409.9225
-15.7533,320.2029,81.2485,409.9225
-15.5363,372.4855,78.7511,404.8800
-7.2867,397.9872,79.0302,395.2452
-0.6143,415.8195,88.2104,408.5034
1.1276,450.5705,111.1537,408.1524
-1.2961,490.7549,144.0054,424.5706
19.6241,539.6273,167.1617,430.3478
55.7696,613.0573,167.2915,425.2951
74.0006,684.3551,158.1588,455.7089
101.3488,747.6309,148.3908,454.9052
135.3222,812.4933,141.9919,433.1422
146.2352,857.0322,144.8227,434.6523
162.9977,845.1422,151.7925,405.8833
189.0516,846.9908,149.4869,410.9552
202.3152,820.5934,168.6889,456.7688
219.3561,811.8639,162.0641,468.4777
236.1116,722.2147,166.6383,498.7017
245.4862,667.3191,172.4600,481.1202
225.5772,573.4894,243.0184,518.6498
212.4107,434.1328,326.7144,548.3452
209.2061,323.1588,321.8795,554.6275
225.5498,296.5144,277.2518,512.4704
229.7209,252.5400,266.5464,507.1510
216.2527,190.5000,227.3370,520.8127
245.1618,183.1120,191.2708,488.6977
232.5587,179.3018,216.5274,484.1303
247.2830,233.6633,196.1593,476.5054
226.8282,292.9750,214.0630,468.0980
216.6246,359.6111,215.1544,470.4643
215.6301,410.4617,229.0143,470.9626
202.4727,505.8694,222.4960,434.3362
186.5511,602.7128,223.4041,385.9606
190.8362,627.5159,217.9972,416.2725
198.4055,667.0115,199.4205,441.5060
171.5896,713.6125,228.0141,446.9209
172.1873,751.7639,227.0004,445.0459
191.1145,740.9332,206.9125,448.2213
211.0712,768.4740,194.3654,423.4207
221.2772,748.5485,193.7002,420.7077
236.9961,745.7706,186.9678,404.8089
237.6054,686.3360,202.7311,400.7307
247.7077,622.6379,204.8253,401.5008
263.7601,562.9218,204.3617,401.0287
276.1530,498.7987,204.3188,401.8721
285.1606,358.5557,199.5243,452.0620
281.1483,260.6110,200.7425,497.9704
282.3423,185.8669,213.3799,505.1755
280.3217,87.3047,222.6320,542.8607
278.2014,14.9165,215.1373,565.0683
268.4392,-10.3967,228.0565,528.2486
273.8541,-8.2334,216.7942,461.6901
270.5221,-0.3534,213.8569,434.5963
272.3981,13.3898,217.3182,453.3332
276.8151,6.6053,233.4746,507.6464
270.4521,47.2536,248.6197,519.0446
265.5468,126.9425,244.0352,527.3483
223.7895,211.9972,294.9199,517.1693
234.1290,285.9699,290.0348,501.1238
212.5815,312.9330,342.6530,546.7635
224.1141,352.7312,340.5260,564.7346
232.1067,402.4760,311.0021,568.2412
239.2273,475.7578,334.0760,517.8012
248.4544,574.3493,255.7733,458.7375
256.8450,569.2992,230.8561,470.3732
249.1225,547.4795,257.6966,470.5323
233.9500,569.0862,238.1692,453.5910
227.1786,566.8704,240.6335,460.2734
225.8096,532.6166,257.0109,472.1696
209.4922,469.9585,254.2615,509.0231
196.9552,428.1284,277.1713,527.4312
193.4827,407.0427,283.2839,524.6313
192.8855,370.3498,281.5927,556.4456
190.8091,340.3728,306.0622,566.5366
198.4172,268.3873,309.2920,625.9977
193.4475,162.9964,348.1268,680.5015
192.0118,117.9052,350.3891,675.1810
211.5013,130.0155,387.0996,631.8835
229.0690,121.1346,369.2246,626.2793
241.1223,133.1591,474.1418,567.9830
238.7125,104.2187,470.2043,567.4601
251.9259,126.4930,427.5345,520.1938
263.5865,147.3405,393.0446,476.2399
250.7276,128.4721,466.0472,491.0997
214.5489,142.0572,463.0386,484.9800
239.2220,152.5829,467.8067,497.0012
194.5557,119.6606,389.2554,569.8522
213.8288,157.1016,373.4969,543.7078
217.5564,133.8977,367.3640,585.7474
214.0253,198.8419,355.0441,554.3049
194.3103,240.4528,301.7921,548.8988
217.5422,286.5096,257.3603,546.4622
201.0262,308.6222,282.5670,548.2730
196.6234,363.1860,267.5559,541.8809
196.2043,362.0477,273.8863,537.8872
182.8899,393.6024,264.7231,564.7688
164.8593,364.4188,307.3731,583.6140
162.1642,375.7654,300.6431,580.8262
155.0826,376.5265,301.5156,589.8258
153.1732,324.2192,286.6997,613.5593
148.5008,295.4431,357.2239,651.3796
176.2123,245.7520,302.5703,695.0764
200.8199,246.1724,312.3453,611.8665
239.1486,253.0524,282.8142,609.0067
287.1113,283.6353,293.4920,551.7246
369.2116,215.6637,330.3004,598.4123
411.9363,191.3251,256.8647,566.4089
456.8614,217.3534,228.9832,520.0760
509.6739,181.7272,209.3424,524.3682
508.7839,217.7271,210.4590,527.4048
509.7283,279.9260,203.3232,494.3907
493.9333,310.9532,220.4142,512.4695
482.9818,321.1478,220.8891,521.7733
487.1310,357.6411,209.1396,511.0362
491.0965,423.5686,195.6489,486.8803
488.4771,487.2993,199.5367,473.5640
515.2236,510.1039,187.9215,472.0491
560.9805,506.9911,172.2890,507.4089
549.6734,584.2359,165.7905,475.4048
569.6880,611.7629,164.9644,449.3389
583.6461,612.6067,153.5736,411.7491
521.3142,592.3152,183.3732,415.7894
496.5516,582.6458,186.1953,407.2338
452.9805,508.7587,233.4943,437.1890
362.5735,485.6139,255.6036,433.5275
291.4208,473.9902,232.8180,423.7816
215.6060,448.9846,159.8053,402.6015
159.3079,420.9318,160.6912,410.7744
160.5303,397.8142,150.7637,413.0096
177.0272,392.0586,140.8303,386.1004
209.7412,405.5641,135.6050,375.4617
271.4979,399.4731,144.6335,362.1039
363.2086,398.8760,151.6731,353.6404
470.8357,392.8964,201.6417,382.5738
530.5170,389.6572,176.3590,383.9175
549.3875,383.2925,167.4271,403.8457
567.2238,388.4316,161.5408,402.5123
495.9101,395.8487,216.3904,409.6550
362.9399,452.0695,244.2764,360.2880
268.4811,439.8354,288.6306,361.5229
184.1387,426.4302,361.9593,392.1668
154.3468,420.7040,368.9734,396.0437
204.9583,392.2554,403.4024,422.7028
300.8424,393.6743,404.5740,372.6233
366.1965,360.8799,341.7121,388.9920
407.1595,404.4796,310.9976,356.8432
468.4716,382.2086,270.4883,399.4366
493.3569,390.6646,222.7952,406.8780
457.8351,435.1095,268.2797,395.3111
413.1323,438.8903,303.1779,398.1347
305.4950,462.4549,409.7960,431.2038
251.1087,479.4767,451.1471,410.5394
257.9507,439.8331,444.9957,414.4558
243.9096,425.6086,468.4623,389.0690
287.8243,387.4771,444.2531,425.7455
344.0502,382.3992,367.6862,400.1549
341.0620,422.8792,347.7350,354.1213
338.1460,434.0824,372.0567,371.2511
316.9899,442.8710,353.7600,362.8464
289.8399,467.0660,386.3644,368.6190
273.0665,504.2552,380.5992,354.0766
267.8987,509.2392,352.9233,364.2464
243.3720,532.9939,366.6899,396.4119
211.9440,553.3435,370.9766,403.3631
178.6139,565.7417,393.2699,420.9548
158.7585,591.3116,399.0201,430.7259
129.0118,623.7057,424.3873,415.3192
113.1190,640.9916,389.0248,413.3718
130.6424,601.8386,412.6351,425.5647
154.8660,542.6394,423.9931,415.8715
195.5497,482.7925,491.4122,435.5010
228.1735,477.0868,461.0275,395.4531
276.1494,470.2291,450.7843,407.3903
322.1040,463.4149,392.5503,363.6364
365.8425,434.9744,362.1925,364.1576
377.3425,423.9728,351.4952,386.6859
398.5103,432.3611,325.6241,368.4469
397.6062,424.8311,326.9606,387.8942
394.5221,449.6763,330.2258,379.2691
379.3772,464.5092,341.0451,353.9061
347.4698,447.3547,264.5428,393.9741
332.9343,455.1869,282.3257,397.6691
307.8663,494.8179,358.9983,396.6931
266.1616,538.4260,352.0128,391.4683
255.0068,603.3834,354.9276,362.6382
230.9519,636.0436,413.8627,366.5766
215.2319,649.8954,504.8007,387.5841
207.2858,655.8369,512.8873,390.5504
204.8887,627.3996,518.0630,382.4282
198.8821,597.7710,519.5078,369.7032
199.3058,551.5947,521.3165,378.0291
196.1630,489.1896,525.3126,390.2940
233.6721,431.9311,488.6003,383.8050
248.9971,398.1398,457.3379,380.0536
255.4693,390.1721,457.0774,380.3347
301.6297,378.9081,405.2399,351.9333
304.1683,346.4005,356.1980,353.2399
315.2019,335.1219,384.4683,382.9893
304.3564,329.9492,398.2438,377.9159
294.3214,364.4888,409.7208,356.7557
291.4017,385.5547,411.1613,365.3646
270.2469,417.0566,439.5559,376.0913
255.2692,446.1157,462.2520,375.1998
265.1942,470.1632,440.1375,374.9189
264.3942,508.8771,456.4084,351.6860
261.1537,535.4688,457.2395,357.4361
266.6432,562.6133,456.9071,347.5995
262.4807,587.7121,460.8905,343.8578
280.7571,588.2842,424.5136,357.7726
296.0374,587.3145,397.8538,335.5618
290.1772,553.5555,414.6497,338.5154
278.5173,523.8550,439.6835,336.8610
300.0829,502.6419,414.4107,342.5952
295.6088,478.6003,422.5490,331.2595
310.0804,410.8600,398.0048,335.3704
353.4985,353.9820,374.3572,353.2859
370.9403,366.4547,336.4084,331.6616
374.6700,380.2523,318.8751,343.1366
398.0477,370.1179,316.1522,331.0569
381.2378,350.3497,319.4816,371.8750
373.9424,373.0820,323.2240,377.1312
376.8663,367.4613,320.6404,365.2327
379.6637,395.6964,329.3944,353.9416
364.4848,402.6459,351.0418,358.9702
369.0239,402.5977,333.2196,342.5348
367.6552,413.9938,340.6577,367.3439
363.4904,453.6569,350.4540,363.2779
356.2079,486.4205,347.4044,368.1385
342.6821,510.5707,351.2826,366.2569
346.4664,525.1611,370.4915,351.7366
334.8629,507.5724,370.8615,396.3628
313.4173,505.8293,396.3887,417.3046
288.7034,525.2155,421.4519,401.9922
278.3226,536.9115,388.1537,379.6667
279.1390,552.1926,424.2177,380.6708
258.4588,549.6003,451.0575,390.7853
244.0450,543.9510,466.6018,398.9256
240.2341,543.0416,481.1951,407.9926
223.3805,566.5011,484.6032,397.8558
216.7693,553.7573,488.2729,429.2695
208.6289,586.2448,524.1196,405.7317
208.7452,567.2747,499.7596,450.5585
206.3965,591.0481,504.3960,427.2154
184.6983,587.1504,518.4503,433.9939
170.1579,566.1833,530.8541,457.8037
160.5170,572.9160,522.0989,465.0691
148.9713,603.7006,543.4203,429.7012
141.6201,596.5616,532.1410,455.8085
132.9130,575.2278,507.3390,476.7281
135.3847,583.3110,525.9986,465.1988
123.1846,571.7891,513.6897,491.9701
106.7925,588.3041,515.4383,486.0349
96.6790,595.6683,519.1936,480.0298
91.9167,602.0245,516.7751,495.7362
96.6640,610.6811,503.4323,500.7286
96.6229,611.9237,494.4546,491.6236
91.0702,607.6953,480.2378,492.7916
94.7512,610.2656,494.2502,482.3300
104.5331,636.3162,482.5540,460.2352
110.8519,617.9370,499.0181,491.1308
108.7020,618.2866,493.2967,486.7576
118.4814,571.6786,479.3519,538.1149
120.6378,609.0168,497.6177,499.8300
128.3248,615.7616,483.6575,497.5775
125.4565,614.3636,497.5023,505.5006
124.6166,591.7728,495.0614,521.1447
125.1324,609.6611,514.2142,492.5130
130.0280,603.5284,507.4081,506.9679
138.0444,610.4156,510.0779,504.0553
153.5845,611.7231,478.5046,493.0462
154.1093,583.7312,475.1952,522.5538
148.0751,618.3845,532.4941,480.3761
162.8054,599.6305,491.7678,501.4427
171.2528,621.3224,510.3940,470.1668
173.8704,611.0686,525.6150,468.0089
189.7583,598.9949,491.6452,477.6882
202.1535,585.7094,490.1839,476.2766
193.6189,517.6526,499.3731,526.9174
207.9707,527.6855,498.0312,498.2648
216.6357,524.1643,492.7722,494.5206
227.8981,495.6698,470.4942,515.3293
224.9930,466.5889,476.6484,524.2922
231.7807,483.2523,471.5759,486.3509
239.5229,478.8151,469.4945,473.9036
249.1601,480.6133,462.9711,475.1241
251.0699,479.4184,460.8799,471.9257
245.2163,509.2952,467.5241,438.2084
251.0199,472.1561,461.1626,478.2706
249.5210,481.2963,414.4754,460.0208
253.4169,485.0353,405.3159,459.0662
253.9510,493.1330,412.4863,453.9898
247.7509,482.5930,471.1436,469.9231
245.1541,446.8394,465.4111,503.6042
252.5302,458.2472,456.5187,508.6322
261.5488,480.1776,447.5062,474.0257
257.2244,504.4020,451.4333,445.3846
243.4920,490.4532,468.9103,450.6280
252.0770,490.6706,461.4346,459.4429
250.0441,485.7794,411.9981,464.7610
260.5799,499.4865,316.5049,445.9100
258.6760,486.0905,321.4589,475.8459
253.5281,473.7888,308.4606,479.9767
255.0146,468.8312,321.9643,481.9182
255.6203,489.2291,314.7234,475.3772
259.1566,506.2039,318.2162,451.6216
266.9019,515.3951,289.5553,450.6379
269.7413,505.9414,285.5584,470.3201
271.3557,510.1259,291.2800,459.5532
275.7021,510.7859,293.1222,462.2060
284.7180,526.8397,274.3300,461.6999
282.4189,513.1663,298.6538,454.4230
275.7502,519.1856,298.0703,459.7077
283.5408,531.1230,274.0370,437.4915
284.2255,525.2986,305.6852,439.8903
277.3136,503.8979,293.3259,475.7357
283.1321,526.6475,297.5498,455.5229
281.0802,525.9575,287.6638,449.1530
272.8651,529.4637,275.1425,453.7832
279.6042,498.8797,301.9874,482.9017
278.8329,522.6577,312.3044,454.4543
277.9942,527.9529,297.7085,444.9994
285.2580,520.0340,292.2801,466.9482
278.2073,517.7878,285.5888,469.2422
283.4521,538.3854,276.5773,451.8801
286.4398,551.6056,270.7267,434.2415
279.8196,557.9367,268.0239,417.7064
282.8583,532.1129,277.4114,453.9078
279.3366,518.6941,276.6540,461.2540
270.6173,508.0472,303.0963,474.9373
273.9145,511.6585,289.4398,470.2633
270.5926,544.9550,290.6848,441.2451
273.0858,538.6451,284.4141,436.2069
271.5674,545.3983,257.9098,441.1547
275.1079,560.6270,217.3886,422.9194
281.5960,584.6071,152.5870,392.8118
287.4493,590.2888,143.1704,388.5405
296.7241,590.5170,135.9232,388.9268
296.5638,572.1931,136.3226,396.0684
292.4689,579.1488,142.2936,397.9643
293.5666,579.2134,144.4944,399.8972
289.9489,584.5308,140.9933,394.3804
295.8902,583.2776,137.8814,393.4647
298.4364,584.9645,136.0762,403.5947
299.4380,588.6400,140.6831,398.9026
296.2050,589.2620,140.4410,397.5464
302.5056,595.4646,142.9615,390.8436
303.5621,585.9000,140.4765,393.4759
295.5161,593.0910,145.0853,392.6555
293.3230,592.4057,146.0970,403.8811
296.9167,599.4098,140.0136,389.9162
