500.0000,178.0000,86.0000,131.0000
499.3326,179.6564,81.7761,138.8097
499.5134,181.2929,83.2139,149.8678
503.4775,177.6980,81.3273,162.9037
506.4198,180.1944,80.5923,163.5101
503.2457,182.2358,85.1186,164.9436
502.9326,186.2058,83.5971,163.0422
505.8930,189.7118,82.3903,160.4787
508.0294,188.8211,81.5605,163.5628
503.3636,189.5470,81.8451,157.8109
503.4386,190.2527,81.7358,152.5353
504.7156,191.6877,81.1542,157.3684
502.4216,190.7439,83.0739,162.0449
500.5123,189.5997,80.5722,162.3233
498.9518,191.8663,81.8287,155.9201
499.4649,189.3787,82.2927,158.4861
496.6560,188.9785,83.9349,162.3859
498.3547,190.5040,81.0992,156.1565
495.5622,186.7714,86.1337,167.9962
491.2595,189.0388,83.6220,164.6643
495.6642,190.3014,81.5768,165.2011
499.2490,191.3436,86.2813,162.3491
503.7928,194.9434,87.2950,160.0528
506.4659,193.5681,84.0173,165.3526
504.7098,195.9976,85.1495,167.7777
513.6571,194.2136,88.1003,171.6673
526.4762,197.2114,91.9522,165.6538
534.1239,200.1663,93.7595,165.9283
540.1310,200.3690,88.9460,173.8338
529.0107,200.3721,91.2238,177.6516
517.2098,200.3644,98.0298,179.5844
515.8222,203.0957,94.9451,183.0748
503.6573,210.6178,105.3681,189.3474
491.3798,217.9103,102.4969,192.9869
484.3447,222.8553,106.7389,193.8193
485.9230,225.3419,104.6224,188.9792
475.6211,221.3026,103.5018,190.3387
464.7269,215.4469,105.2840,191.1826
456.6312,215.1227,108.4533,201.1123
461.4253,220.4163,105.4809,195.3015
463.7827,231.0378,101.6175,205.6949
464.9917,247.0376,101.0954,195.3627
465.6211,258.3457,99.3372,189.6723
462.3211,264.2801,104.7743,176.4451
465.7221,266.3518,94.9169,153.9198
455.0745,269.3223,97.9820,129.8726
452.7320,266.6137,104.2048,146.5932
460.6345,258.9673,105.0375,137.4762
466.0740,244.7671,103.7277,135.3864
463.0277,228.8080,101.7344,134.0092
454.8050,209.6215,103.9551,135.0598
450.5691,192.8774,106.8121,142.3922
449.7687,184.1189,105.2276,137.2312
451.1734,180.8964,104.5830,132.6420
446.1921,176.7284,105.5441,138.8801
447.0709,185.1859,104.3020,147.1501
441.3465,173.1575,104.5595,136.2720
439.4781,175.3475,110.8114,146.2450
449.5167,185.4796,111.1493,143.9217
460.0159,193.2875,107.1096,144.0403
465.4751,202.5547,109.7583,144.6514
479.5643,212.5739,105.0289,141.7994
490.7493,226.0127,105.3261,135.7157
503.4923,238.5877,101.2818,136.2506
515.7803,249.8904,107.6398,141.8011
528.6772,264.0196,105.3598,135.7937
544.7632,271.8499,96.8826,138.8707
553.4212,274.2667,99.8694,129.0629
556.1893,270.0517,97.6654,125.4832
548.9291,260.3401,98.0029,131.1632
535.9486,246.8749,99.0458,133.2892
511.8182,233.0317,101.2126,141.9115
488.2175,218.4004,104.8507,143.5867
469.6539,207.6396,106.2626,137.8327
461.1675,204.7924,102.8501,123.2710
467.9651,198.0907,97.5144,122.8634
478.6669,192.4247,95.2358,128.8467
478.9608,194.8117,95.1525,127.6369
478.6566,200.9193,95.7315,123.7365
489.0931,206.1553,93.6385,119.5127
502.1205,210.7210,94.5728,120.0802
514.7847,218.8460,94.0478,113.3173
532.7262,221.7793,91.9178,116.4727
551.4732,220.1179,93.6480,115.7116
570.3881,220.9246,91.3532,116.5947
581.0325,224.3581,93.0246,117.8807
583.8591,225.5413,94.2548,112.4161
578.5919,225.9902,86.0054,115.4880
559.7618,229.7429,94.3986,112.2737
543.2722,226.8954,97.8244,116.0521
528.1670,226.0988,96.2679,118.2237
508.6770,224.7913,97.4618,121.0115
501.6494,226.6922,99.8112,127.7423
508.6871,233.3257,98.1794,119.3460
511.2948,227.5968,102.2855,126.0533
514.0199,223.5220,99.1259,122.0806
527.1851,216.8759,96.5357,121.9162
547.0624,208.8442,99.8406,122.5046
569.4252,203.9028,96.8986,121.3087
587.6514,200.4880,90.9901,120.6343
597.7390,204.7416,96.6495,118.4812
605.1703,209.0873,96.5798,120.0202
614.0017,212.8022,92.8546,115.1956
621.4350,215.0437,94.9101,122.5962
628.5477,220.2623,91.9739,114.8337
630.2965,222.2193,91.9489,117.2759
626.4489,221.4621,92.7089,114.9342
622.2551,216.6101,91.0321,113.5440
617.8533,210.5098,93.0416,112.8082
620.9878,201.2091,94.3007,106.2659
623.2018,188.3713,94.9413,107.9647
620.8388,181.3828,93.3174,107.2596
608.5782,175.9598,95.7309,108.8171
593.2791,169.3652,95.5802,108.3230
583.2509,164.8871,93.6167,110.2352
584.4062,160.9738,94.8740,109.6842
583.2396,165.1540,94.0653,104.4400
563.8404,170.5680,98.4915,110.7151
546.6528,182.1471,98.5003,107.9253
537.7910,205.6476,98.2977,101.6862
517.2205,225.7360,99.9415,101.7228
519.2970,235.5642,96.5733,101.9313
542.8245,226.4889,101.9916,92.3855
574.5191,197.6118,105.6232,98.3369
597.0272,170.4136,99.0373,100.4794
602.8895,152.9840,95.7065,101.0608
595.4987,143.2174,97.3776,96.9023
593.2537,144.2907,98.2253,101.9673
608.4980,156.3937,97.2805,105.5943
623.4965,173.1028,90.1928,96.5898
626.8015,173.8767,85.9265,99.1871
635.0357,172.0270,83.7765,97.2183
646.4980,174.1426,90.3730,94.1099
652.7254,167.4400,79.8662,93.9609
644.5505,158.1085,81.5033,100.9550
630.2267,146.3884,94.2540,96.8837
623.8291,139.7749,103.6479,100.1533
638.5862,134.0661,101.4757,94.8894
658.5303,135.0128,98.1300,97.8257
665.6570,145.1987,107.8168,97.1112
660.3846,151.4967,104.5716,110.9984
647.3040,159.9108,102.4169,107.8137
639.3779,165.6926,103.6578,101.2957
633.5099,163.9259,105.3045,100.2583
612.3293,167.9816,116.7296,101.0428
576.2628,182.2814,109.1590,101.4771
539.4997,199.1250,119.3214,101.4655
535.1976,232.8963,110.5103,103.4083
532.7708,252.3783,112.8674,101.9690
534.3755,246.5300,108.6751,100.1805
541.9835,234.2944,116.7234,102.8861
557.0290,229.5646,114.4211,98.0303
579.7137,227.1477,123.8478,95.6175
606.1364,237.2124,116.0738,105.7079
613.1336,262.2560,120.7777,103.9733
616.2175,294.2423,115.0510,105.9930
607.3818,314.0439,115.6467,102.9175
593.7828,319.0264,111.6557,104.6974
593.7982,318.9207,107.5438,102.3240
607.5820,309.2260,109.1251,103.2203
616.7144,299.9567,107.8716,105.3169
624.9067,298.7498,114.2096,105.9528
635.6338,299.5971,113.7692,107.9232
652.0539,294.0495,110.2447,111.8531
671.0464,294.1814,103.3254,108.0101
686.1015,293.9893,99.3086,109.3355
690.8500,287.1122,104.4122,111.2342
693.4255,280.4758,106.3840,114.2171
707.4399,280.5717,102.0145,110.8790
726.1732,279.4650,101.4855,110.9393
734.6777,279.2566,103.4961,111.1179
729.0590,278.2568,103.4009,113.2291
722.9336,286.3424,105.6342,115.7071
711.2874,293.2061,102.4040,110.7024
689.5298,295.6601,109.0791,110.7504
693.9645,292.0186,103.5629,115.6746
714.8361,286.7079,102.1871,114.7062
727.6985,268.2450,98.5499,121.2216
733.9846,259.3180,105.2020,119.0018
739.7802,251.6255,100.7800,119.4057
737.4210,246.0716,100.9236,118.9700
734.5034,246.2367,98.1407,124.9449
730.5636,258.8797,97.7319,125.1722
730.9879,271.3047,100.0158,126.2070
730.7575,281.7464,96.4988,123.8040
733.6768,280.3895,104.3233,125.1145
752.5485,270.0986,102.4578,122.7920
764.1253,263.8981,95.6398,129.5424
758.7925,262.3956,95.7231,123.4616
766.3962,255.2276,94.4933,125.3657
775.7066,255.1435,96.3285,126.3245
801.3915,254.8800,94.6553,130.5466
815.4185,259.7412,92.4201,128.1012
801.7378,262.8781,92.6426,129.1326
765.2977,268.6556,100.1743,124.3701
742.9690,277.8179,92.8941,126.8650
730.0534,293.2777,92.6554,130.1935
714.5790,298.1532,95.2790,132.8405
695.4183,302.5031,92.6244,132.3798
680.3737,307.7207,89.5276,131.0354
683.6171,300.6533,89.4288,132.2491
688.7590,287.7029,90.3587,139.0437
685.8538,280.6155,86.0270,134.0851
679.4208,275.1850,87.5648,139.2567
673.4597,272.1412,87.1384,139.4149
668.1454,270.4290,88.1901,136.6228
653.9634,273.9282,93.2792,132.7096
643.4935,272.6508,93.3030,139.0614
638.3456,261.6122,89.3251,136.7953
628.8656,260.2716,92.2709,136.6658
622.3452,260.7213,90.5092,138.2937
621.6908,261.2862,89.6555,134.9996
615.6594,261.3020,88.4624,131.7920
609.6748,258.3388,87.4949,134.2337
608.5961,262.3828,93.8038,134.1522
617.0811,273.8321,96.8634,126.8292
638.5037,279.2592,87.9491,128.8142
651.5688,287.4099,93.6558,124.9883
670.3359,294.9911,90.1341,131.9382
687.8380,304.1306,90.3127,129.0208
701.1598,306.7646,91.9169,128.1661
710.6711,307.6259,87.7612,124.2162
707.4889,308.1579,86.3247,128.1651
695.5245,309.8975,89.6476,123.7420
687.0702,306.3459,89.7426,124.6304
672.0526,305.0477,89.4430,122.3669
670.6631,303.6920,91.4352,126.0084
678.7917,296.4429,90.4750,126.1270
683.3632,275.4895,90.2853,126.8081
682.2668,254.6487,92.2279,122.0830
682.1136,237.2802,90.6206,121.6895
693.3872,216.4659,87.6489,123.0547
701.0908,203.1487,91.7371,125.0279
699.9943,196.8893,91.8555,121.5940
692.2641,197.1277,91.8803,119.3496
688.9219,206.8580,93.5199,116.2326
691.8571,216.9839,97.2956,115.1418
696.4986,226.6211,98.4100,115.6301
700.3078,235.5202,97.2699,115.3514
700.3829,244.3036,99.9358,111.2303
698.6126,246.6529,102.7415,114.5577
700.7047,244.8720,103.3466,111.8839
704.3348,239.2566,102.5246,111.6612
711.4485,239.0999,96.5071,112.2494
714.3068,245.6693,96.8952,112.3307
713.6254,248.4776,104.0333,109.5487
715.3674,249.3581,107.5160,115.2940
710.6733,251.2645,113.0657,111.9384
713.9450,244.0586,109.3216,115.7591
718.3790,237.1424,106.0353,117.3392
715.8294,229.5620,107.8465,121.5625
702.2702,232.4622,116.7954,125.3266
697.4606,227.2157,115.3219,128.0033
689.0652,222.6414,111.3693,131.6951
684.4944,233.7437,104.5131,126.3417
683.0385,240.4425,107.8048,134.4950
691.8007,237.2154,113.5199,143.0538
695.6453,238.2051,124.7626,147.3256
693.4172,247.3792,140.4630,147.6888
708.5298,252.5768,130.1563,151.4101
711.4967,269.0634,134.3644,151.8828
714.6240,290.3875,145.3933,154.2870
717.5808,298.8694,146.2125,150.7739
722.9980,309.7802,138.6223,158.9217
714.6862,326.6531,151.1703,154.6702
714.6884,337.9352,144.8859,164.0472
699.2490,358.7101,161.3156,171.2789
692.1871,372.8414,165.9179,168.8109
701.0593,386.9903,164.5253,166.7686
704.8839,395.1526,169.6060,178.7292
709.7307,407.0605,176.8397,169.3501
717.0908,419.8471,179.6549,171.1932
729.5035,428.5527,175.5721,175.7350
723.3018,438.2868,200.8191,184.9328
741.6996,454.4157,193.9359,191.7435
743.2261,470.8581,189.2570,184.3661
746.6106,498.6760,184.5889,165.8402
742.3377,517.4794,180.9269,163.2090
742.1833,535.0571,174.9937,161.3634
741.7077,554.3534,174.7931,148.9973
754.6927,556.2205,165.9503,144.9837
754.6960,546.5521,156.7930,148.4411
748.1815,533.9911,152.8791,146.3514
728.7716,516.5972,150.3347,142.4633
717.6846,486.5678,145.0773,148.4809
693.5686,476.2148,147.8030,149.8054
681.9525,460.6556,140.5413,150.8145
668.8428,445.9177,139.1097,136.9436
663.0319,436.4686,131.2740,138.2145
657.6523,429.6283,130.0061,140.5705
653.0266,421.9348,133.5427,140.0806
646.9139,416.9767,137.0044,142.9954
649.6169,409.3720,138.0726,142.7427
651.4816,408.2584,144.7222,152.5518
657.3300,407.6100,145.6128,144.2289
663.5677,400.2214,151.3286,149.6318
674.9640,394.9932,150.9135,153.3182
670.0851,388.7361,154.3388,168.2969
667.0482,382.9363,161.6792,170.1152
659.6171,372.7169,170.6369,174.3180
669.2396,349.7315,171.7212,181.2794
676.6005,337.2460,166.2357,182.7858
669.1859,322.7680,174.2428,185.7824
670.3589,306.0696,166.8276,180.9930
663.2180,298.9435,159.2502,174.4580
655.1115,290.0809,156.8559,180.4807
647.3046,291.9268,152.4307,177.7179
640.3649,301.1882,146.6468,173.6504
637.9354,306.9074,142.1422,166.7877
645.5282,304.1999,136.1049,163.8295
645.6318,301.3344,127.5929,168.0736
639.4729,304.6464,128.9540,157.8638
629.8013,298.1044,119.7602,153.9360
619.2806,287.9048,117.6542,149.7662
616.2821,275.8538,107.0285,148.9447
610.8128,261.4606,100.6885,146.0579
599.8149,247.7678,106.1601,151.8203
590.2599,239.4715,99.2277,148.3200
571.1764,231.0288,106.1305,146.6789
569.7851,232.1068,96.0144,137.6501
576.5035,228.6561,95.1509,138.9845
576.1627,226.6421,98.5506,133.3174
577.5464,225.0270,98.1877,132.8142
580.2499,221.5455,85.4315,136.1216
582.7435,223.6889,82.8344,131.3230
587.0243,218.4075,91.1666,135.1566
586.8082,219.3098,96.7378,134.0090
592.4291,219.2901,91.9656,134.8988
594.5905,215.0400,90.8720,132.1969
587.9572,203.9540,98.0619,136.9555
582.9651,203.9062,92.0146,140.7969
577.8605,195.5758,97.7556,143.3996
567.7348,179.9103,100.4066,152.4480
559.2913,175.1639,106.9822,147.1319
552.6898,167.3550,108.8251,147.9124
547.2100,155.2946,107.0896,158.7314
539.3043,150.8324,101.3063,161.1950
532.8122,153.6007,100.6106,165.5294
533.7526,156.2592,107.9693,170.4603
530.9271,158.9275,120.3101,174.9328
533.5320,160.3090,129.2036,181.0067
539.8110,164.4090,129.5639,184.4195
545.9385,165.6832,159.3443,190.1354
556.5885,169.9844,145.2187,198.4456
561.5436,173.8122,149.5925,204.5517
565.9338,174.3859,177.6129,206.0520
579.0562,175.6727,187.9669,213.0889
600.2059,175.3546,172.4993,212.7747
605.4711,173.7743,181.6279,228.7265
609.6194,173.7901,175.5192,235.9792
612.5326,182.0470,178.0540,239.4051
623.9238,185.8537,168.6320,240.2972
635.9825,189.3724,175.9623,240.6572
636.9905,200.7776,188.8405,245.4678
641.1138,210.2005,198.1348,242.1429
643.5635,217.5128,191.2943,243.4106
647.6311,224.5638,193.4559,242.4953
654.7627,237.8219,186.9526,239.3615
659.6224,236.2999,190.9082,242.9553
655.8610,240.8291,195.8586,247.6212
652.3614,251.2499,205.7901,238.0808
651.2394,254.2766,207.0168,241.5759
648.0096,251.3961,211.3128,240.4968
647.6844,246.3922,207.7871,240.7796
644.8035,251.6660,213.3072,234.6554
640.7521,240.0691,230.7444,242.6466
636.1270,229.9167,227.2447,240.5773
636.0977,217.4334,237.5529,235.4587
646.2180,211.3709,228.8785,220.7805
657.1240,190.0686,242.5036,226.2440
677.4774,171.5937,235.5879,215.3446
686.6699,166.9253,235.0008,207.1843
675.7097,149.2522,243.5918,196.9330
668.6140,140.0774,235.7601,191.8183
659.9764,120.5041,240.6428,194.2488
651.8062,114.7443,238.0503,186.8620
639.1005,114.5992,249.3304,181.9936
626.6088,111.8228,248.6212,185.5363
615.0114,121.3503,244.8314,175.9253
604.9915,132.9428,252.3128,172.8605
593.5303,135.1136,246.0761,175.9033
585.2792,146.6805,243.8126,175.0566
585.9747,152.5864,237.9294,163.1794
584.0670,164.4118,244.7390,165.4929
589.2889,174.0494,241.6428,167.8886
592.7792,181.9982,243.1298,157.9710
597.7466,192.3734,242.0387,150.6196
602.8411,193.2596,236.5905,151.1624
600.3244,192.5418,235.6406,150.1084
597.9488,187.4939,232.8786,150.1091
603.2332,179.6147,230.2482,146.8601
611.6010,176.0228,226.5990,150.4903
612.5633,168.5225,228.7050,148.8982
600.3596,158.5193,229.8831,142.2964
600.0870,158.2870,223.0168,143.1586
602.1265,154.6307,219.2026,143.4513
599.2993,153.7315,223.1178,136.5314
600.3904,147.4352,211.3403,135.5840
598.3168,140.4754,209.4863,135.8777
590.0259,130.5274,226.3441,134.8897
589.2091,119.7388,210.4927,134.3981
584.4858,110.5666,216.0947,132.1979
574.9031,100.0822,210.9425,133.7522
572.8050,90.9178,207.7047,127.0981
562.2394,59.1370,211.4676,132.2453
551.3335,52.2326,210.5202,129.7189
552.6525,45.4124,212.0897,128.8700
544.6573,46.2229,212.8657,121.3608
514.9744,41.4981,219.2951,124.2181
492.7565,50.4361,210.2699,119.8656
490.3222,59.9087,199.5794,112.3550
499.2155,59.8608,200.1971,114.0949
506.6064,70.8522,196.1907,111.9773
506.2521,80.7328,189.1178,112.0406
502.6028,89.6223,189.7038,105.3176
501.5576,94.5837,187.5732,108.4060
511.4742,103.3431,187.8274,100.0714
524.8169,96.2166,189.5528,109.6456
535.7635,89.7819,189.8687,110.4934
547.5105,87.8134,190.4763,106.7057
553.4019,81.1610,188.7536,109.4509
558.7029,75.6052,187.1375,112.7005
572.6311,78.2316,190.6759,106.7462
596.4523,67.2106,193.7791,115.3375
602.2184,63.9259,189.2036,116.3831
597.0428,65.5125,190.8953,116.2095
588.3200,58.6482,191.8172,122.1786
575.9619,65.8079,187.0966,119.2570
545.2916,71.6254,193.6566,115.4559
528.2318,72.5250,186.6459,116.9097
520.6895,77.9457,183.7841,120.9404
527.6170,84.0790,178.0663,119.1490
532.1680,84.5322,173.5491,119.4197
522.7573,87.8040,173.9471,120.7488
520.9331,90.8271,170.1190,118.5912
514.3826,98.9456,166.0462,118.0639
507.6595,102.8128,164.0404,116.9162
500.6348,107.1776,160.5803,122.2055
483.4923,114.4756,162.1689,118.8467
472.0071,113.8199,159.9920,121.5597
471.1036,117.1750,155.3972,120.5944
468.8445,115.9904,155.3284,120.7262
465.1096,112.5219,149.9619,120.2345
459.4219,119.6092,151.6821,119.1736
459.7815,124.0301,152.1745,128.7238
466.8557,132.0047,148.7035,121.8230
484.0028,138.3692,147.3483,119.5942
502.5115,140.2384,137.3821,119.6680
513.5696,145.3988,139.1161,113.6058
525.0700,143.1809,129.8830,114.8062
535.1024,142.8448,127.1530,106.2225
548.4598,125.7839,125.8463,107.4479
561.0571,112.5752,121.3477,108.9619
568.7509,101.7049,116.6856,112.1265
566.7172,87.9142,111.1585,110.7057
552.9125,80.3267,114.6702,106.5780
544.6309,75.0514,113.6717,110.1125
532.8889,72.8333,111.9949,101.5260
519.2111,68.8556,111.0587,104.3385
513.4889,69.9352,113.3717,107.9728
508.1808,86.5013,114.5931,109.8551
514.2072,79.5850,117.2120,115.1401
516.6036,84.9948,118.8393,117.9183
524.9520,93.8252,119.3414,118.2839
531.2291,102.8066,120.6168,119.2588
540.9170,122.0590,106.8659,115.3851
537.8093,135.9632,100.7126,108.1887
527.5482,145.4476,105.9476,108.2552
528.9594,151.6194,99.3152,101.7933
524.1436,156.9867,95.7915,102.9363
521.2877,164.9415,95.6090,101.8319
522.6610,170.7483,94.5441,104.5485
525.1989,174.4317,92.7609,102.6654
524.4049,178.9774,94.0090,95.9062
521.7859,177.4865,94.0227,95.1206
518.0814,172.8453,89.8705,96.2499
508.4601,173.1299,91.9152,96.1393
497.7437,175.6602,90.1393,92.5590
492.5867,175.6417,90.6638,94.6489
492.0809,180.2815,88.8815,94.1702
499.2422,181.2162,104.9279,95.4217
505.1412,180.7142,86.1161,88.8432
507.5881,179.2445,85.4872,91.5655
508.7688,177.0224,84.5714,93.5332
507.9382,176.9401,85.0723,90.7023
508.9277,180.6460,86.0958,90.5788
512.4771,184.1851,84.5515,89.3561
516.5015,189.5479,80.0998,86.4015
515.4211,192.3700,81.4440,85.9252
510.2134,195.0032,79.2966,85.7713
502.8477,192.6283,76.8267,82.8534
501.8909,187.6103,75.5535,82.4668
504.7666,182.1417,80.6117,85.1264
508.3633,176.1619,81.4703,81.2915
510.4015,170.7430,83.5727,84.0542
508.4197,169.5548,83.5640,85.2905
514.4188,168.4749,87.3367,85.4766
530.1889,174.2394,82.6539,81.3015
548.7051,178.8972,79.9386,81.4592
566.3746,188.5514,78.7448,78.8455
585.4743,195.5988,76.0005,76.9560
598.8987,201.8911,77.0686,76.7897
612.3369,210.1260,83.0182,77.2708
627.2084,219.7477,78.3673,77.5285
647.0190,228.6767,74.9457,77.1319
669.0871,239.4145,75.8617,70.4492
686.0613,246.5200,74.3312,71.8743
690.7690,255.7250,71.5093,66.2091
679.0331,259.1694,74.0964,67.0455
656.6498,251.4137,79.5676,72.9426
637.9793,243.4860,77.1271,70.8270
614.1643,245.7782,78.0386,76.8190
588.8603,243.8220,78.4831,77.6743
556.1611,244.2337,85.0399,78.5045
527.1436,242.0758,82.1626,77.0681
507.1022,234.9458,78.8867,74.2083
483.8401,223.4909,79.7256,73.4151
467.6929,215.4578,74.9323,73.4421
460.3788,212.8845,73.2850,76.1068
456.3602,208.7919,70.4861,76.1574
448.0766,197.3008,74.6372,77.4033
445.0057,191.6228,75.1953,75.2641
446.6195,192.8591,74.6269,75.1251
457.8179,193.2789,74.6706,75.1536
476.1597,195.2836,80.3587,77.7108
496.7524,205.3460,83.5519,77.2963
523.2120,215.9273,83.0900,75.2149
546.1193,231.1048,84.0914,74.0184
562.4927,244.3297,81.3346,74.9172
579.7969,262.6638,83.2860,79.8786
604.6208,285.9663,86.6450,78.9673
627.2137,308.3950,92.6647,79.4797
648.9593,321.2932,92.6814,79.6283
668.1099,337.4594,91.4673,77.5068
684.0840,334.1070,90.6554,78.8831
699.9694,309.4350,89.0641,83.6368
717.7336,295.0546,90.5724,86.7657
726.8313,273.7764,99.6272,87.5563
737.1902,240.1628,96.3836,92.0574
744.3824,217.9960,101.3251,92.7719
744.9670,205.2164,107.2467,90.5624
743.3573,186.0424,109.6864,94.8326
739.8141,172.0461,112.5649,101.1314
728.6637,159.9764,118.1769,98.9942
725.8647,144.4239,107.5499,98.8150
706.2529,120.5285,115.6408,105.4105
701.3287,101.7373,104.1832,108.1480
669.0734,93.1720,103.3210,108.3448
625.5270,95.4546,114.3970,114.7812
602.2336,111.6325,113.8604,114.8559
584.3098,132.8704,105.0038,114.7766
559.3060,158.1244,114.6604,115.6891
539.6011,186.5081,120.1515,117.2590
527.6880,211.9120,112.7268,116.5191
515.4518,238.6720,119.0825,113.5626
515.4669,262.4033,120.7817,111.6662
525.9955,285.9763,116.5779,111.5411
536.3113,300.7067,114.2835,105.1663
547.4705,295.2454,106.1269,112.1307
555.2911,288.0860,111.9634,113.9313
570.6357,267.7448,116.6066,115.5014
595.4225,248.3325,118.6291,114.6221
631.9269,238.5147,118.5134,112.6231
668.3298,243.4969,118.8451,110.2198
688.8064,253.0917,109.0129,114.2581
688.2053,275.1981,109.8870,110.3443
695.7354,287.3642,110.6183,111.4305
706.3163,290.4099,109.2054,107.4747
719.4012,291.8830,98.9011,104.2005
725.5739,295.8798,103.0467,103.4771
716.1796,294.5599,111.0665,102.3880
692.9092,300.7182,116.6078,106.2413
641.1799,299.3506,127.2773,107.5289
611.3633,283.9441,121.9483,111.7586
613.2814,265.0896,118.4050,113.5478
622.1674,240.9768,120.8970,114.7999
613.6707,212.6003,119.3335,118.6862
596.4365,191.6872,119.2706,118.0201
589.1253,188.5531,106.2279,119.5682
596.9542,195.5757,110.9406,119.1586
604.7882,205.7231,114.6258,121.7101
616.6191,224.3790,111.0361,126.1014
620.7194,235.5923,103.5738,124.5086
621.9539,231.4169,105.4050,126.9914
642.4536,242.3361,102.1156,126.0813
651.7346,262.1110,102.4479,129.2884
642.1727,274.7355,104.5806,129.1068
640.9224,282.4304,97.0058,129.0844
661.0452,289.7279,96.0238,131.6006
693.8772,304.9280,103.9530,131.2395
724.1296,318.0020,100.6442,131.4769
736.4991,323.9545,95.5778,127.6474
719.5062,326.4456,99.5426,128.1389
699.4346,325.8712,97.7225,130.8289
691.0590,336.5321,101.9014,129.5986
671.5905,341.3768,104.9803,132.6210
634.5162,336.4896,109.8291,130.8129
622.7916,327.4552,107.0005,130.6075
631.0969,307.7821,101.7087,136.5185
628.0966,299.0380,105.4395,130.7119
625.9031,284.3175,96.1702,137.9131
616.3736,273.2259,98.8949,137.0387
617.1776,271.2418,101.8436,136.9649
626.1333,273.4529,98.0935,141.4411
631.2151,282.4412,97.8497,144.8733
636.6047,285.4853,93.4953,147.0192
632.1974,287.0984,93.1733,143.6271
628.4819,286.6857,102.8806,142.7988
647.2507,286.4452,96.9169,142.2039
656.8149,283.1972,101.2607,142.3069
670.1770,266.5106,95.6084,141.2276
677.6558,259.9911,95.6943,137.3943
678.4738,252.8435,96.6314,135.5235
680.9560,246.4367,95.2516,134.8810
705.0150,250.3580,95.0027,129.9279
735.0303,252.6968,91.6411,130.3360
743.1600,255.5568,90.7169,131.2580
736.9951,256.9993,86.5956,129.5149
723.4301,250.4807,87.2352,123.2831
699.4911,249.5658,92.3632,127.3559
691.5093,246.3294,93.4086,134.5698
673.6864,248.5424,95.2017,129.9148
639.9142,243.1957,101.9881,130.9909
620.3475,220.8733,96.6472,134.5753
628.0419,202.3887,95.8346,132.8143
647.3470,190.4377,96.3382,131.1692
661.7608,202.1761,97.5218,130.0103
686.3314,220.1751,102.4434,131.9976
720.8445,247.4719,106.5376,140.5094
763.4936,282.8599,103.3711,135.0704
791.7403,307.4100,94.8199,132.5467
811.0876,310.4488,97.1378,133.5555
837.2971,284.6213,94.3609,138.0110
832.8123,243.7686,92.8801,140.9600
825.7595,205.3244,92.4860,144.1703
831.4188,166.1710,97.7779,140.5257
836.9445,130.6685,99.3611,143.6980
831.1237,105.1272,95.8654,145.6460
828.2502,85.4476,99.4343,142.4161
830.1883,71.0064,96.0487,145.3774
814.5455,61.4968,103.0295,141.7475
772.6501,84.1268,115.4456,137.3760
721.4144,110.0971,117.3312,144.2829
689.9199,135.7218,111.6640,146.1868
652.0095,183.9716,106.5079,154.6721
605.2566,228.7583,115.0560,150.8618
569.2195,264.5048,115.3828,149.7876
538.4322,302.6807,109.2741,148.9389
519.8857,325.4668,108.3785,141.8633
511.8335,329.8533,99.9347,143.0259
505.4040,335.5724,98.4438,141.8240
500.6094,326.7297,91.3160,140.8634
491.1097,307.1104,95.1334,139.2582
482.8483,295.8728,93.0073,136.3707
484.3855,296.2372,96.7177,132.7239
487.7772,288.9550,95.3630,136.6936
485.4687,293.3365,97.9138,131.3654
484.6459,298.5859,94.1041,132.1637
486.2955,298.8735,99.8148,127.2692
492.6307,302.4073,100.0658,128.4829
486.0707,310.7431,102.1517,125.3642
481.3697,316.6687,101.8704,126.9564
489.4306,326.3680,105.7245,124.2021
506.9380,336.6374,101.4486,128.3756
516.3500,340.1104,99.5344,131.1982
518.4783,338.2710,104.0582,126.3695
524.2031,327.9485,100.6656,134.8342
534.1581,310.8690,105.7365,141.8337
551.3858,304.6258,106.2831,141.2381
555.7042,300.5981,107.9582,146.4932
563.8726,298.2077,108.5773,157.9070
582.3342,299.8998,109.5462,164.0627
597.2117,297.8721,117.8796,167.1004
601.9760,291.8291,120.2635,184.1575
594.3918,298.0109,125.8841,190.5368
591.6510,304.9843,129.8054,198.6138
579.5073,322.5888,136.8440,204.8345
569.6115,355.8668,137.1079,222.9740
581.0912,397.9794,139.2440,220.5336
592.4963,425.1081,142.4303,224.3261
597.7036,439.2751,147.4261,229.7958
607.9653,452.1774,149.1892,222.1144
624.5974,443.5340,149.1191,224.4868
635.7562,423.7109,147.2447,219.1016
640.1190,393.6687,150.6154,226.5896
649.7761,348.6672,153.9182,233.3583
650.1063,292.4745,156.5448,237.5499
631.0870,243.9439,156.6820,241.2723
622.8637,203.5121,154.9105,234.2168
622.3979,183.1631,153.0888,224.0283
615.5255,176.8774,151.4214,227.3890
611.2006,176.4022,143.1024,219.2375
613.1803,179.2674,143.9567,211.4406
624.4102,175.3734,136.8321,203.7551
631.0380,175.7783,135.3324,197.5562
632.9387,180.1118,127.0053,193.8365
628.3082,196.3391,120.0211,181.5530
617.4860,206.6586,117.7863,178.5164
605.5729,221.7114,109.8818,173.4136
585.0970,234.0700,112.0171,168.4760
580.4698,231.8520,105.1947,165.0967
581.9071,226.7451,100.2799,154.7305
582.3280,227.9684,100.1592,152.4379
594.8932,217.7328,102.4893,146.9314
606.9333,213.2609,97.4327,143.2049
612.3365,217.2433,93.1735,140.3319
620.4328,226.6065,92.2537,140.1136
619.8974,229.0240,88.2504,135.3254
609.7368,226.0404,90.2065,130.0151
596.8465,227.6557,92.2767,128.4259
597.0050,222.6187,91.1011,129.0331
610.5498,208.3217,95.1531,125.7983
635.9952,207.1459,96.6552,121.6434
658.9017,214.3217,93.0115,117.5238
658.9169,226.4613,92.8585,118.7125
664.0475,239.1531,90.0935,121.3544
670.8691,247.4749,92.3279,117.3444
683.7496,256.5725,85.8445,117.4673
682.3243,256.9583,92.3967,114.2364
690.7785,263.7763,94.6042,112.8402
701.9972,250.6263,95.5870,112.6191
706.9009,223.7031,96.4497,116.9268
715.6826,203.8039,96.7040,115.1647
714.5204,186.4188,98.7900,117.9566
708.3403,176.6514,100.5419,114.0389
710.2769,171.3209,97.4919,115.0238
706.3262,178.2613,103.3139,115.5403
706.6975,186.2294,111.3448,113.0396
705.0762,191.5531,114.8636,114.9054
696.0970,193.3951,121.2820,117.6398
684.6316,198.8544,126.8283,119.7108
684.4635,212.2446,132.0843,116.9555
694.6094,217.2517,128.0478,116.0392
688.7654,226.1188,138.5689,113.4684
680.7075,240.1725,140.5853,111.4084
658.5023,243.4108,140.0986,112.7389
620.1240,242.5162,146.1126,113.7398
591.4289,243.4739,143.3815,106.7112
566.2366,237.0898,142.2547,109.7013
549.0122,232.2656,136.9178,105.5167
539.0118,228.4121,132.2428,105.1240
538.9012,218.3491,136.7524,101.6606
544.2280,202.8703,145.5059,100.0737
561.4809,199.8434,141.1242,99.1726
571.0186,197.9454,139.1860,102.2478
570.5543,202.7921,138.3539,101.6099
571.0729,207.7217,136.5414,101.1734
561.4492,211.7725,131.5895,99.5832
540.7379,220.4460,138.0839,99.8349
535.3743,230.6062,130.5679,97.4850
530.9483,232.6800,130.7240,99.4071
527.5336,232.4353,128.5284,97.8916
523.9452,232.6133,126.3770,100.9966
518.2397,230.4552,125.0003,103.6189
513.2022,230.4384,125.2762,99.1002
512.8939,224.6056,115.6196,103.5256
518.0524,222.9160,121.8154,108.0598
528.3552,220.1886,120.4733,106.4765
523.3756,214.4203,117.8754,112.0955
518.5490,211.7041,112.5483,107.6969
517.8853,204.1197,115.7655,107.7301
512.5685,202.4396,110.1628,120.0073
512.2925,204.1464,110.9460,109.2087
516.3879,199.9247,106.1047,108.6591
520.8316,197.6841,106.4533,114.3756
532.2102,191.3408,102.6072,113.2307
550.9897,185.2763,103.4757,98.6373
566.1489,173.0639,99.4195,97.9227
573.3660,155.1913,103.9673,104.6174
580.4593,142.5726,102.2822,103.9959
583.6238,133.8420,103.2733,98.0347
589.6343,121.9877,107.1540,104.0898
599.3953,112.6937,105.3437,105.8318
606.2629,106.0591,110.1574,105.0307
611.7903,98.1188,108.5927,102.7863
612.1874,99.9408,104.7101,98.8427
616.1280,100.2225,94.7566,99.9261
617.5929,100.6256,88.8751,93.3426
610.7025,106.0512,82.2365,96.9274
598.6679,117.3896,86.2787,92.0298
593.9510,130.9164,87.2737,91.1185
592.4589,153.6829,83.7022,86.4718
584.5316,171.5996,84.3680,89.8462
574.2317,190.7212,83.9386,88.1776
564.4604,206.9424,78.2833,89.9361
560.8016,212.5493,79.6861,87.5609
568.3022,214.1179,77.3824,89.0818
579.1824,214.8944,74.0363,84.5589
577.2859,207.0612,75.0655,88.9369
569.1586,203.2131,75.8834,88.9480
574.3934,197.9620,73.2922,91.5157
581.6859,187.7119,71.6521,90.6787
579.3057,182.1816,74.8239,80.2493
570.3134,175.6816,73.2673,88.2313
559.2258,174.3265,73.8307,87.6617
545.8229,174.8411,74.5235,90.0119
532.7721,177.1185,75.7032,89.0887
519.2469,180.2106,74.9060,90.7896
504.2935,181.9481,79.0482,92.3141
496.7939,185.4395,76.2072,91.3660
493.4912,189.0510,76.6987,94.3939
494.7390,194.3819,78.6908,98.8084
499.1412,202.2511,79.3962,99.3529
512.7703,206.7121,82.4668,102.5461
539.1527,215.4040,85.2330,94.9350
559.3162,223.0748,84.6227,95.4526
569.3858,229.1624,84.1324,99.4658
572.6469,226.5280,83.9157,99.8420
563.3781,223.1325,84.5115,98.7385
555.2686,216.9366,83.8447,105.2647
553.5687,210.2824,84.4738,111.0165
547.9702,211.5992,85.2804,109.5155
539.4502,213.7146,85.6707,111.8232
534.9343,217.5676,86.7532,107.3682
529.8941,221.1197,83.4843,111.1728
523.0177,226.7564,85.0685,114.7042
524.9141,237.6966,84.3070,116.4635
528.9435,252.8681,87.0810,114.5037
534.1349,266.7045,84.1855,120.0996
539.5683,279.1383,85.2608,117.7910
544.8904,288.0016,88.3384,129.5960
554.5242,288.9794,83.8730,125.5176
550.0430,287.4650,84.9977,119.6505
544.9212,283.8158,86.4510,130.1272
541.7747,280.2497,90.8920,152.1106
540.7955,266.6531,90.7541,163.0781
540.7118,250.3073,89.2990,161.9925
543.3563,236.9538,90.0096,159.5471
551.1221,218.2698,89.0773,155.5796
558.0286,195.4412,85.7889,161.7560
568.0695,180.3559,87.0584,163.2082
592.7003,175.5992,81.1439,157.7246
603.4536,181.6177,80.6344,152.0880
598.4513,185.3210,82.5425,154.9996
590.6716,194.9941,83.2609,158.6382
581.9693,210.4356,82.7330,160.3256
571.5867,207.1084,82.1030,157.5151
566.1390,204.6983,75.8785,147.7569
554.0344,210.4649,75.7193,150.3065
545.6985,213.1409,82.1061,153.3463
549.7532,220.3554,78.1541,150.6505
551.5090,230.3065,80.0992,147.0274
553.9733,236.4605,76.6311,146.2732
548.0865,241.9016,80.6284,147.8542
541.0543,251.7303,81.0921,148.2908
544.9950,257.2631,80.6045,147.2165
549.4224,257.2157,80.8571,150.6438
549.7823,250.0716,80.3889,153.1682
546.7774,244.3590,77.8081,154.6514
551.5754,238.4945,81.2000,155.3190
558.3842,226.0273,80.9235,146.0679
562.1555,215.9969,77.4932,144.7362
567.2836,201.1549,85.3433,124.1002
573.3104,190.8858,79.4707,112.7131
567.5557,187.6041,80.3481,101.2757
567.0552,185.6784,80.5163,103.2114
578.5067,182.1397,78.9764,105.0194
593.1754,185.9884,77.6825,108.2252
601.1250,205.0609,78.3152,105.6114
594.9847,220.2808,75.4728,103.7375
581.9153,229.1269,80.5060,101.1067
570.2437,232.8244,84.1628,106.1039
568.4493,246.5386,83.0568,105.0685
570.8109,245.9335,83.6169,105.0405
567.8784,235.3076,88.4547,104.7431
562.4468,229.9058,89.3510,103.4432
568.3345,224.3085,88.3279,103.3429
578.3639,214.1634,89.7746,110.0176
582.6114,216.6987,88.2766,101.2180
582.9244,220.7871,88.4066,102.2032
586.1960,218.9826,87.4390,107.1239
588.0153,216.1871,86.4026,105.8330
583.0200,219.2355,89.0934,104.1423
584.5436,219.8276,87.2126,102.5110
583.5012,213.7056,87.8684,104.0960
576.1528,205.3052,88.2029,106.8639
577.9259,202.0393,85.7895,104.4147
590.3788,202.0190,84.9235,102.9499
598.6055,198.6096,87.7349,104.0763
606.0540,194.8702,85.5958,102.5200
609.5319,190.3290,90.1199,107.4475
624.6443,187.8956,88.0362,108.4075
648.0446,186.6592,90.4538,105.0140
663.3434,191.8060,87.5557,104.7248
663.7666,194.7429,87.9810,109.5207
657.1895,194.6801,90.2728,105.6415
647.2656,191.5966,88.9196,105.2414
625.4708,187.4037,98.6173,112.4562
595.8355,191.9402,106.1993,110.5943
580.7106,200.1824,104.2050,105.5700
572.2037,204.1848,103.1843,105.0737
566.0955,205.3362,99.4503,107.7703
558.4818,203.7488,105.3413,107.1659
550.3531,193.7229,105.2725,109.2113
548.9128,186.5780,105.0449,109.9657
549.7369,190.3240,105.9497,110.0952
547.0405,191.2189,112.2349,108.4748
547.7078,193.6938,111.0533,105.6304
543.7206,197.4766,112.8336,100.9870
542.9132,196.4939,112.0762,100.2670
548.7734,190.0888,116.8911,100.7639
561.7563,183.6570,120.6140,100.6308
575.5774,175.9434,126.4152,100.9084
586.4615,164.9137,116.9432,103.0313
585.6878,158.6208,120.4584,106.9142
594.2916,155.8577,120.0947,102.3019
606.2111,145.0427,123.7711,111.4279
624.0463,139.2535,123.0844,110.1218
636.7735,132.2115,124.9267,103.7324
640.6938,128.3407,125.4559,100.7864
641.0663,127.9732,127.2182,105.1035
645.4784,128.1084,124.3124,101.9796
653.1523,126.7912,131.7946,102.2385
665.0967,124.9607,131.2522,102.9858
654.7689,119.7603,129.8970,106.9310
647.9694,128.0921,130.4248,104.8610
652.6608,129.0416,136.8283,111.9818
667.8336,132.8786,133.0313,108.0329
671.2816,140.1349,131.4559,110.1308
669.5408,154.5247,132.9837,106.0468
679.8165,161.7421,123.4825,107.8763
693.1041,169.9978,133.0251,106.6642
706.7572,171.8567,133.6634,112.4212
720.6869,177.0871,126.0217,109.4306
734.5026,176.4241,127.7610,109.0037
742.8609,165.0657,113.1621,109.0103
749.9666,154.7390,94.9383,115.4575
754.1929,155.2761,114.4831,110.6579
757.8658,147.6461,94.9377,112.0222
756.5614,144.9348,94.8695,106.3649
759.1967,139.8885,93.7207,113.6161
768.8307,137.2134,93.4307,117.3987
770.2242,138.7726,98.3854,113.8250
766.8399,145.3342,99.5018,119.1264
761.5018,151.5076,115.4800,116.1599
762.8880,155.3938,123.6234,111.0629
762.2855,156.6692,122.2333,114.3361
760.2718,165.0686,123.3282,117.9386
756.9410,176.3253,125.8741,114.6716
752.4877,188.1809,125.0188,116.8786
757.7648,210.3551,113.8358,115.3348
751.1234,225.0099,127.9052,120.2397
735.5509,247.1102,127.1909,118.8224
725.6261,274.0135,123.8489,119.8350
733.1543,291.1241,118.0125,116.0138
742.4061,293.4520,123.4616,114.5814
747.6353,285.8432,122.6493,119.9425
743.4969,278.5532,117.3022,123.9112
726.6995,268.0311,117.3685,127.1778
714.2473,254.7038,116.8798,125.3069
713.5395,250.7885,104.0606,124.1057
716.5796,251.6625,103.0427,123.8283
717.1501,244.6135,107.3054,129.5379
714.5287,235.0824,105.1906,130.8105
719.0347,227.9532,105.5214,132.8288
736.6391,223.5912,106.2772,127.6160
751.1948,211.5059,104.0427,132.9291
749.5579,209.7115,99.2415,132.9240
758.2670,204.6309,102.3041,131.1760
779.4787,197.7538,96.6648,130.2433
788.9003,194.8271,96.0626,136.3715
781.4501,193.5191,93.7133,133.4812
753.1578,185.5205,102.7560,134.9159
717.8826,183.7418,103.8801,131.0557
697.1059,180.7023,103.1538,137.1857
711.9536,175.8308,99.6212,133.2841
730.3660,156.3777,97.3610,139.8509
730.2380,146.0133,103.1966,135.4916
733.3897,136.4762,105.4291,137.2937
746.8091,124.4107,107.2776,140.5095
761.8109,114.8905,118.6810,137.4100
783.0488,110.2559,122.1196,144.0145
808.2827,125.0159,121.3607,138.6535
828.3438,136.8979,113.7693,143.4259
822.1268,149.1967,120.9755,140.3861
808.9713,159.2520,134.0322,140.4822
797.4727,166.5167,136.5941,138.9661
797.1401,161.5553,120.5406,139.7694
796.1046,162.4234,120.1892,136.5484
785.6902,157.2792,127.4917,139.0731
768.5042,152.0848,134.6393,146.0518
750.8369,147.9552,132.2203,144.4833
732.3622,138.1176,137.4505,146.8292
711.3312,131.2891,138.2917,151.8206
685.1965,134.2660,149.1145,149.5050
667.6116,132.0527,133.7846,153.7469
647.7473,134.6352,144.1559,164.3653
631.1757,149.1506,150.5629,162.7471
627.2221,163.7938,146.8828,156.5793
620.5143,178.5797,150.2055,159.7360
611.5378,193.9498,144.7425,166.7287
600.2976,211.4620,153.6606,173.4504
590.4067,227.3386,163.7996,180.1286
588.6780,245.2597,161.0222,175.1645
583.6459,252.2540,161.2638,180.5972
580.1575,253.2720,162.0016,187.0758
581.7315,252.6778,161.9494,183.5717
572.1895,246.0319,164.6449,182.8737
564.9257,236.8870,160.8499,179.8386
550.6191,222.9749,169.5562,179.8418
536.5410,209.2895,174.1742,187.6238
520.3109,196.2516,186.1117,194.4123
516.6390,185.1835,180.8594,198.3861
507.9841,180.7989,181.4664,195.2201
494.9816,178.1923,187.4382,196.4773
486.3553,169.6996,186.8656,206.9207
484.3406,171.5300,182.9084,205.7024
485.2914,167.3772,193.7398,216.1284
494.5591,174.0739,186.1567,203.4490
501.2402,167.7259,199.2138,211.8402
509.3823,175.3553,190.2428,208.0497
506.8404,165.2824,194.2795,217.3819
508.8239,173.9360,176.4458,209.3604
504.0718,164.2801,198.5865,210.7603
504.4056,165.3865,195.5123,210.1547
504.9375,163.2024,189.7207,205.5978
503.8613,163.3332,192.9239,205.8038
510.2571,161.6934,192.7206,203.6667
515.8264,164.6895,193.4089,203.7093
517.5876,169.7275,191.8362,204.4854
517.3399,173.5565,185.8624,201.4163
519.5060,175.4863,185.7057,203.8378
515.0925,170.4433,179.9913,207.1887
508.3895,167.9436,185.6146,207.4189
493.3411,168.6139,186.9354,202.8989
480.1747,172.4942,180.8417,194.6891
477.6950,174.5202,178.0377,190.7178
476.5593,173.4751,171.0791,190.1607
488.1186,175.3813,162.9248,182.5489
492.4971,174.6226,171.3582,180.9749
501.5937,173.3645,167.2522,180.7506
510.9972,170.9651,162.1566,179.2820
520.7454,177.1325,153.4696,171.7525
532.1780,172.6228,144.1194,178.5157
541.1140,174.7284,141.0609,181.7454
546.8641,177.5840,145.5038,171.9802
552.5956,177.1342,141.1029,178.3947
555.4963,175.7078,142.2281,179.9657
555.4839,177.6282,136.2718,172.3398
555.5369,171.1292,134.3079,179.3807
564.9743,161.1727,131.7156,174.3529
574.1902,154.1921,131.1766,169.9254
578.3459,147.4758,130.8414,171.3059
572.7162,138.4174,131.3271,174.0944
567.3975,129.7578,127.3528,172.4032
562.0481,125.0320,129.1047,172.4386
565.4615,119.6117,132.5237,172.5480
569.9221,108.4138,132.0723,178.3955
564.4221,107.6579,134.2694,180.9872
559.3349,107.2858,135.5640,185.6575
549.1282,108.0822,138.9570,180.0877
544.9838,105.6561,140.1556,186.4731
547.9134,109.5318,140.6179,180.3008
553.2626,117.2655,140.1664,179.9470
562.2795,121.7284,139.6090,179.3822
571.4329,123.9138,134.4861,176.7332
572.0247,137.7060,133.9791,170.9768
568.9944,143.1679,130.0791,176.4521
562.9675,157.6645,133.7810,168.8615
560.4994,160.8191,130.2848,172.1249
559.6663,170.8084,130.7028,171.3537
562.9238,177.8687,134.7857,166.3199
561.6121,180.9839,134.6511,170.7988
560.3221,192.1659,125.2784,165.3008
550.1821,198.0112,126.1480,164.8983
547.5210,197.6125,128.7919,166.8662
541.5602,196.9008,131.7222,164.9065
544.7903,195.1919,130.6429,163.0666
545.0627,189.6926,128.3079,165.7327
550.2197,188.2202,128.3396,165.2393
550.7571,184.8063,131.4948,160.8236
560.6586,176.1729,133.2815,162.3735
570.5621,166.4813,132.7634,164.5302
587.4258,164.5239,128.9061,165.3300
597.5605,165.2846,131.2403,167.7261
610.6655,164.2017,131.1616,171.7900
627.1055,163.1722,129.5320,164.3533
637.3584,161.2619,136.3006,167.0693
651.5985,159.3518,138.3846,165.9099
650.6207,152.8211,153.5331,173.1457
671.0392,157.0837,141.1444,170.1986
677.6502,155.5285,137.1318,178.8554
683.5469,159.6936,140.5583,177.4279
683.9835,163.7707,144.7232,175.7177
677.9890,167.4726,144.0618,174.3823
665.8505,171.1774,145.4975,179.5020
658.4192,186.3092,141.3340,174.3186
648.0216,197.5099,140.7252,173.4860
634.7024,210.0122,139.5022,173.1320
622.6703,222.1473,142.8024,170.9907
610.1760,231.9428,146.5563,169.8217
611.8672,236.5039,141.3341,170.9124
624.3163,241.4979,126.2847,170.3480
605.7738,250.1832,150.0296,167.2677
614.4681,252.5149,148.6158,164.9242
628.3922,266.6974,134.5939,155.7855
633.8253,267.3569,127.9354,157.1850
642.4302,270.4708,117.8593,158.4135
631.4928,289.9979,124.3212,152.4771
619.9240,308.6818,124.2026,151.2696
632.7509,314.2794,116.4556,150.1983
651.0286,318.0682,114.6778,151.1561
654.7385,324.7271,115.8400,149.2944
661.4165,308.7528,120.9472,147.4899
670.4769,288.7477,124.4301,146.6616
687.8018,273.8732,126.0987,144.8162
705.3271,256.4089,129.5362,139.3312
715.3377,241.9216,133.1715,138.8235
719.2966,240.6383,129.3292,135.0558
718.5810,240.1566,125.6840,132.5404
717.3397,240.7528,127.6526,133.8043
715.6332,247.5383,132.9019,136.5902
711.4491,249.3441,134.1023,130.7654
708.5555,251.7062,135.2433,125.5236
700.3359,257.5845,144.4271,126.4616
699.1599,269.4595,143.9132,127.1583
710.8222,265.6466,146.7374,118.2833
713.8078,252.2063,142.5865,118.4947
684.7817,248.6937,155.9604,122.2056
665.0331,240.7336,153.9573,122.2865
663.0063,232.7545,149.1850,121.3179
661.1263,231.1217,147.7682,126.0080
653.6193,221.4637,145.9860,128.4286
643.7014,216.6164,146.1772,120.0928
636.8180,219.4882,148.6841,132.4649
631.5637,219.0461,142.5647,128.3815
627.1913,212.6132,142.3132,127.1880
621.7446,213.6691,153.1109,130.6588
618.8999,208.9241,152.8503,128.4536
619.3843,197.8906,151.9380,136.1514
627.7263,190.3343,152.3173,135.4662
636.3013,190.5002,157.3029,130.1307
659.0292,178.3092,148.8860,132.3205
673.6236,174.4459,157.8522,129.1323
690.0363,167.3878,159.7015,130.7549
701.0276,159.5732,158.0866,128.2195
707.6425,154.6660,155.4800,132.4924
713.5626,158.6190,152.3293,138.9059
721.8695,165.8677,165.6743,143.2751
733.6636,181.5311,156.8817,128.8402
732.1792,194.7569,164.6164,125.7315
733.6099,208.7676,156.1852,116.9686
725.5414,218.9814,162.6352,113.6164
714.1143,219.0245,162.5977,127.8995
701.3983,231.0262,157.5810,120.8714
682.9354,229.6769,160.2748,128.4240
673.2146,228.4671,157.2716,125.8310
657.2274,228.3076,158.6480,130.3214
640.6824,229.0294,160.0051,129.0872
628.7476,233.2911,147.5969,128.3336
608.1768,234.9829,150.2489,113.1068
595.4880,230.7673,145.2025,116.4052
583.2399,227.8902,144.4620,120.0280
573.3975,221.8084,143.2489,115.8892
563.7669,213.4940,147.0068,114.0711
560.2455,208.4834,146.4458,120.5173
558.7001,198.2164,152.5890,121.6009
561.6653,188.0114,151.9043,113.2286
563.5677,178.4491,151.0124,116.7919
566.7993,171.9583,158.1362,124.4157
574.8120,164.1540,158.1125,125.0056
590.2478,159.4040,155.3140,124.1157
603.5576,158.5504,149.6751,134.6666
609.6688,158.8779,142.9305,125.9887
606.1122,161.9900,144.7420,124.5527
604.9256,165.0673,134.4028,124.8624
607.7554,174.1183,132.9950,122.0324
624.3127,183.6104,120.2091,119.5265
639.9465,194.9339,129.5708,116.5397
655.8835,212.0915,123.7459,110.2787
663.5911,221.4973,121.7536,112.6286
670.9995,235.5657,124.9778,112.0813
680.4679,247.5838,112.4618,116.3357
688.7035,257.0451,109.5230,110.4326
693.6014,263.0129,105.4141,105.3220
692.5143,264.5291,109.5893,99.9996
693.0334,251.7665,103.2687,95.6547
692.8100,227.9344,102.6525,102.2710
697.1772,204.3746,101.7506,102.2735
709.7823,185.2196,98.7123,98.9569
720.9064,161.1991,100.7247,95.6664
730.8486,150.6191,97.9943,96.9446
742.0604,139.8952,100.2541,97.1819
756.0541,125.8668,99.3219,95.2716
763.1451,122.7140,96.7469,96.3938
773.3224,127.2772,89.2114,91.7710
782.9009,130.4380,88.7586,89.0476
788.7961,134.6898,90.5993,91.0547
784.9796,139.8506,91.5949,91.0950
782.6753,139.4872,90.7894,91.1958
785.7957,132.6780,91.0178,90.6939
796.4764,119.8852,90.7016,89.7905
800.9201,100.0173,96.0843,93.3202
791.0558,80.1798,98.1233,100.0844
769.9230,63.5184,103.0629,102.8669
758.5916,44.2276,103.4864,104.7289
749.7337,25.5283,111.4790,106.6381
733.0567,5.8165,114.2718,113.4077
721.0100,-5.6538,109.6550,107.0040
715.9839,-22.0319,117.1479,107.1335
709.6407,-9.0299,119.4402,110.1667
708.4640,-29.7307,113.7438,98.9276
699.5211,-10.0481,97.4824,84.0922
695.4709,-3.7767,94.5030,72.9894
695.4346,0.6125,85.6462,72.4786
692.4056,-2.2546,91.9906,86.6942
690.4703,2.0122,103.2655,100.5167
681.7767,17.9795,119.1582,112.8660
681.8294,33.5498,126.8658,123.5126
687.4851,32.6298,133.4552,132.6538
691.1462,40.1946,134.7449,122.9130
682.6962,47.8567,134.0725,130.9858
671.4039,46.0838,142.1648,131.9795
660.6616,44.3777,140.8769,135.5919
651.8885,59.2320,143.4796,132.9027
648.4321,69.9279,146.7224,130.1735
646.9286,76.3806,147.6682,134.5963
653.0537,80.5142,139.0972,139.1753
650.0156,84.3959,145.8460,131.2547
646.6339,84.1281,152.5754,137.5352
651.0834,88.0724,145.3116,136.6573
648.8525,91.5823,137.6152,142.0137
639.9801,97.4717,145.3144,140.3896
640.7247,90.9877,140.3595,138.5368
640.0217,86.7544,135.0759,137.1892
636.1304,88.4500,137.0806,136.7590
636.6912,88.3753,127.3517,149.0639
631.1371,95.4963,135.1295,153.3605
627.9771,109.5723,130.3816,152.6214
624.5649,125.7532,154.2659,163.0956
627.0653,142.8035,159.1086,161.0236
634.1336,162.1966,148.4764,160.6515
637.2881,181.2199,162.4312,150.6364
646.6777,185.0463,143.0349,149.1769
649.5062,179.3157,155.8038,155.2495
654.6893,182.2038,165.8751,149.3220
658.9761,180.8885,168.5392,151.8344
668.0369,181.8899,158.5124,153.0749
674.1822,186.1777,157.4184,157.5381
681.5718,194.2273,165.0586,158.4219
687.8238,195.4242,170.2176,160.0382
696.1713,187.1037,161.5950,160.1287
698.6448,175.5830,180.5063,162.1595
701.5337,165.8735,183.0490,157.6757
699.6337,154.9174,185.0065,167.7949
696.6081,150.9435,182.5924,167.6994
691.2079,144.6019,180.4052,167.4952
688.6576,136.4530,179.0063,168.9557
685.1457,137.0231,171.4907,167.8254
675.3538,134.9678,177.7130,174.0846
659.4028,135.2557,175.0705,172.7455
635.2863,132.6613,186.9964,175.2124
600.8339,130.2823,202.1276,175.6064
573.3802,125.1845,204.3733,193.5687
555.2731,128.4528,190.4714,192.1394
529.2068,123.2707,197.2745,168.8679
513.6483,117.9384,194.2069,179.1112
496.5605,112.0585,194.0988,178.8627
478.0791,110.7155,201.8686,164.0610
466.5284,113.5296,206.7712,159.0760
459.4699,107.5949,207.5494,161.9360
453.7915,103.6218,210.2435,157.4430
450.6598,101.7433,212.4199,163.1062
451.8356,99.4650,212.5128,156.0207
462.3252,100.7962,206.2101,152.7042
470.1564,98.3230,206.5318,174.4108
476.0685,89.9204,201.6487,175.5001
472.2225,88.5494,211.0708,165.2239
472.0743,86.0116,212.4188,163.2306
472.8478,76.9420,213.2397,164.3666
469.4233,72.8447,219.7644,165.0779
467.6666,73.2540,219.3302,174.9673
464.9590,70.2840,224.4372,175.5929
478.8437,81.8815,215.0454,180.1949
484.7076,82.7151,210.9904,173.2922
482.4276,85.8966,214.8863,160.3714
491.1960,79.2612,211.9422,175.8658
491.5900,69.3586,212.5515,173.2219
489.9241,64.7921,214.3975,163.0956
485.8900,63.5521,213.9363,172.3474
484.7662,61.6182,215.4809,162.3003
