1
2
0
0
0
0
1
305.5817,468.1415,16.9927,44.7523
2
0
0
0
0
1
332.1243,436.5218,17.4375,42.4258
2
0
0
0
0
1
375.7634,387.1355,18.0969,36.8915
367.9468,402.7122,18.4875,35.4754
371.0721,416.2073,18.9469,35.4913
2
0
0
0
0
1
392.1699,266.1766,21.3660,38.1183
2
0
0
0
0
1
2
0
0
0
0
1
2
0
0
0
0
1
2
0
0
0
0
1
344.6430,311.2025,26.2081,45.1239
2
0
0
0
0
1
2
0
0
0
0
1
2
0
0
0
0
1
2
0
0
0
0
1
297.8720,319.2643,17.3261,60.9655
2
0
0
0
0
1
2
0
0
0
0
1
399.9260,276.4964,17.2022,62.9882
2
0
0
0
0
1
2
0
0
0
0
1
563.4058,255.2954,20.8149,65.2628
2
0
0
0
0
1
564.4384,201.5307,19.7047,72.8131
2
0
0
0
0
1
2
0
0
0
0
1
523.6073,158.7816,31.2604,81.0517
2
0
