1
177.7876,25.1582,43.8809,40.2829
188.7202,25.9018,43.7302,37.7608
192.3360,28.0210,47.6075,36.5773
177.4575,22.5461,46.9530,36.5455
178.8860,31.6885,44.2496,39.0984
178.7901,20.9977,44.1596,39.0375
188.3873,32.0507,43.2538,39.4333
188.1289,27.8662,43.6897,38.8881
187.7637,28.0677,43.2478,37.5500
182.8593,28.0127,41.2602,39.1663
188.5857,37.7466,40.0449,39.2668
186.9518,37.3158,41.1664,38.7070
175.6564,45.3195,45.0136,33.2240
176.8934,46.2380,42.8727,31.8795
173.5580,46.7851,41.4597,31.7327
180.5626,35.5674,37.1515,35.9450
190.2365,31.0201,37.2386,35.4836
188.4253,37.8307,39.4326,33.4904
192.7854,41.4964,38.2496,34.7307
193.2417,45.5737,37.9729,34.8709
191.8853,61.5611,39.4071,32.0877
191.9407,65.8906,39.1291,32.1566
191.2013,61.3036,38.9853,32.2333
195.2751,60.8386,38.7980,32.3734
196.0134,60.5717,38.5536,32.5044
200.9290,55.4894,38.1835,32.8328
190.3300,61.4578,40.2444,31.5152
185.3676,65.6768,40.0172,31.6715
182.4080,51.5029,37.5395,33.9823
186.0136,56.1210,38.2187,33.3345
189.5775,49.0002,40.8677,31.5777
217.9976,44.5789,40.5028,31.6734
2
0
0
0
0
1
175.0630,55.9182,49.9987,33.0083
171.8730,55.8073,48.0316,34.7593
178.5004,54.9388,45.6148,35.8510
174.2713,54.7937,44.8650,36.0228
175.3320,54.3880,44.0596,36.1031
177.3634,52.9590,41.1391,39.4913
179.3539,61.8353,39.2366,41.4185
188.2282,57.9440,40.7865,39.9956
182.8119,62.9727,40.1352,39.6624
182.8558,51.9235,38.2189,41.5154
184.7754,60.2461,36.1664,42.7348
185.5852,61.5348,36.8090,40.6945
181.8555,65.9020,36.2520,41.4085
172.6905,60.4284,35.8246,41.8406
188.8728,51.2611,35.2563,41.8234
189.4721,51.3941,34.6794,42.0720
190.7509,48.2847,35.1508,40.2165
191.6115,61.9176,34.9711,40.1906
199.6755,61.8594,36.3364,38.3573
198.2496,48.8884,37.3880,36.8145
203.0432,44.4552,38.2760,36.9754
202.6833,44.9603,38.2265,36.9930
197.9443,45.0928,37.4190,37.6559
194.7851,54.1357,36.5798,38.5115
207.9093,46.3370,37.8831,37.1587
221.7842,55.3029,37.0611,37.8175
208.1050,36.8234,37.6710,36.4970
198.6708,32.1184,38.9082,35.6178
197.6922,51.7894,38.9472,35.6201
202.4413,55.6261,37.9487,36.2516
202.4413,55.6261,37.9487,36.2516
196.3845,47.5981,39.9813,34.8159
201.9090,42.9435,39.2790,35.4978
207.2992,43.2590,38.5938,35.8751
212.3259,28.2988,38.2409,36.1839
198.3687,18.8315,38.0542,36.2143
2
0
0
0
0
1
208.4325,57.2007,32.1412,34.3372
208.4325,57.2007,32.1412,34.3372
200.9541,61.2387,32.2775,33.6388
213.1854,57.8129,33.7759,32.6003
204.5859,65.9310,33.6162,32.3865
204.4184,91.6274,33.5127,32.0992
205.1480,91.6686,33.4743,31.9576
2
0
0
0
0
1
234.9917,72.1955,32.6648,34.4383
243.2778,75.4241,32.7154,34.3238
2
0
0
0
0
1
201.7827,28.5164,33.7884,35.7797
206.2567,28.9850,33.4091,35.7936
198.3588,25.2290,30.7250,36.0300
184.4575,34.0070,31.5686,35.1474
2
0
0
0
0
1
205.7968,23.1897,16.9241,34.7626
2
0
0
0
0
1
210.0191,24.3887,14.4118,37.1740
2
0
0
0
0
1
229.4998,12.6142,14.5343,37.3288
232.7787,6.5741,14.4209,37.8150
2
0
0
0
0
1
224.7438,6.8616,13.2456,42.5120
2
0
0
0
0
1
244.7826,30.4641,16.3464,45.6359
241.0858,45.5580,15.2378,46.9421
230.5249,45.5979,15.2804,47.6666
2
0
0
0
0
1
261.4215,46.2160,15.4014,65.5476
2
0
0
0
0
1
254.3449,91.6056,14.7697,54.2556
259.0189,91.1379,14.9819,54.1253
2
0
0
0
0
1
254.9573,109.7684,13.8460,53.0755
258.2073,106.0985,14.0975,53.2505
2
0
0
0
0
1
226.0500,133.2835,18.3914,60.8374
226.9585,124.4628,18.9221,60.1970
222.5505,125.3216,19.1385,60.6273
226.3919,125.3809,19.1212,61.7647
231.7219,140.6061,18.2558,62.6827
230.4290,144.7254,17.7329,63.1963
229.0697,140.0748,19.4545,62.1112
213.5102,144.4252,18.6126,63.9202
226.8694,142.6759,18.9792,64.9124
226.0205,138.6826,19.0168,64.9257
230.2012,147.8682,18.5016,65.8745
223.3877,153.2741,19.0746,65.0183
223.6101,143.7358,20.0542,63.5524
227.8653,137.7089,19.1899,65.6942
248.5106,131.9820,19.2327,66.2997
213.6705,165.7890,23.0884,62.3795
217.7585,156.4189,23.8581,61.2860
223.7341,168.6365,24.6147,59.4804
234.3944,179.1396,25.0588,58.3997
248.9895,170.6272,29.1062,54.6628
253.8223,170.8600,29.8541,53.6093
204.0591,179.1232,36.0222,50.5703
208.9464,163.5300,35.4173,51.0083
209.7624,168.9673,34.3590,52.3694
204.3371,159.2099,34.5658,51.4393
210.6887,159.2064,33.5425,52.4537
241.7380,175.8595,34.4062,51.3369
196.5576,177.6325,36.4426,49.3534
202.7425,165.9339,33.4480,52.2108
2
0
0
0
0
1
148.4069,188.5937,75.1954,41.7649
165.0941,192.0703,68.6029,46.6001
160.1990,193.3353,66.7374,46.1633
160.1240,207.9493,63.5384,47.7546
153.7209,214.3492,62.3317,47.8839
142.8090,196.3147,69.0452,42.2560
156.8984,209.1821,66.5749,42.6767
143.7421,200.5263,65.4102,42.9995
158.6161,212.8728,63.0139,45.2845
172.7887,217.0143,59.5520,49.4656
166.2143,215.5105,58.5941,50.4879
135.6633,204.5548,65.3455,43.3598
123.6928,217.5281,63.4559,44.5002
144.7482,215.6344,59.9242,45.8214
151.2109,204.1987,59.3027,44.3792
144.0286,191.2423,58.6416,44.6481
171.4195,157.3783,57.7883,44.8506
2
0
0
0
0
1
142.1733,220.6049,64.9610,58.1530
127.4433,212.3110,63.7958,58.9878
97.4992,195.4217,61.6341,61.5186
2
0
0
0
0
1
118.0116,204.0159,68.4681,65.7802
160.4196,194.1909,65.6170,67.7596
167.9285,190.3481,62.4947,70.8419
166.9510,183.0519,60.3025,72.2184
2
0
0
0
0
1
108.4811,204.8303,68.5120,58.2270
2
0
0
0
0
1
72.5829,219.4921,51.6326,61.9859
85.7014,241.9616,54.3605,59.3094
92.5986,242.7058,55.4386,58.0547
98.7913,243.5968,56.1949,57.2208
124.2804,275.5262,48.5475,63.5485
2
0
0
0
0
1
89.0439,223.3824,31.8056,46.0696
2
0
0
0
0
1
166.9206,208.4167,54.6647,46.3990
194.4895,196.0339,52.6533,45.8256
2
0
0
0
0
1
193.4881,192.7971,44.4665,43.1076
204.9594,192.9696,43.7377,42.9398
171.7617,217.8406,45.1895,39.4775
188.8871,190.5363,46.2375,39.7013
166.0317,218.9948,48.5073,37.7882
186.6831,190.8009,49.6833,37.3661
176.3501,206.5174,47.3146,39.0730
185.6764,189.2032,48.0413,38.5237
174.6854,211.0538,46.5112,40.3083
166.3652,223.3351,50.7961,37.3549
182.1120,189.7982,50.2496,37.0994
2
0
0
0
0
1
184.8729,193.3257,52.0982,56.3046
190.6471,193.0266,51.7489,56.5038
188.7923,188.6146,53.9973,53.2437
202.0267,207.5698,50.9426,56.4362
195.1487,195.2462,48.4722,55.7312
194.7015,189.5708,50.7134,53.4561
207.6539,202.0304,47.9908,53.7914
215.4127,205.2662,44.4808,57.4941
222.7665,204.5490,43.1526,58.7380
223.0387,191.7410,41.7200,59.3097
223.5518,191.9072,41.3667,58.9691
225.9094,196.1162,39.7441,60.7754
225.0424,184.8982,40.4589,59.2425
231.1271,184.4849,38.8380,59.6197
271.9732,154.8174,42.1879,54.8360
224.6613,186.2443,41.9557,54.3171
199.0611,191.0811,40.8679,55.3674
180.1961,174.2934,42.0677,54.0046
232.2295,187.3139,43.2118,52.0245
201.4888,197.9474,41.9943,53.5915
181.7122,175.5646,43.2455,52.2690
239.9725,185.5130,47.8206,46.2681
288.0629,157.0497,47.6189,44.6404
245.1350,186.6955,53.1743,42.3957
204.0718,202.9590,51.6841,43.1433
2
0
0
0
0
1
283.8788,162.7797,62.0883,56.2086
222.4233,194.2254,61.6663,55.6485
2
0
0
0
0
1
244.3495,187.8521,64.2565,61.6482
312.9351,143.6968,71.8671,56.6833
249.4592,188.5613,69.4675,58.8067
326.6063,140.3321,72.3756,55.4942
256.6440,178.8473,70.5978,56.0504
2
0
0
0
0
1
352.8302,115.9462,74.0787,58.3975
306.3724,89.1568,72.4258,60.2619
307.5669,80.1650,72.2250,60.0836
2
0
0
0
0
1
375.1129,110.4512,71.2789,75.6435
376.3631,99.7640,68.6170,76.9189
385.3198,98.8434,66.9464,77.5875
376.3066,107.8148,64.3912,76.7329
382.0775,110.3772,65.0354,72.4741
346.4452,43.2225,68.4948,70.0113
327.8433,36.4036,70.3737,68.0813
