1
293.9865,104.3899,86.3138,195.8943
293.2653,103.9679,80.9685,204.3012
303.9081,156.2342,86.2094,195.7658
301.2123,138.8840,83.2704,198.4298
278.6689,156.2889,87.0066,194.0472
302.7821,129.7589,80.0692,205.4324
281.0430,100.4614,84.0237,198.0595
281.0430,100.4614,84.0237,198.0595
2
0
0
0
0
1
335.7523,142.9652,87.5321,177.7536
333.8397,124.7783,81.1536,187.8794
337.8111,136.4849,79.1749,190.5747
337.8526,132.9276,78.1002,192.0499
354.5728,131.7590,76.7372,194.0065
357.5180,132.3446,75.7120,195.4918
370.4417,131.4339,75.0986,195.4441
370.4417,131.4339,75.0986,195.4441
2
0
0
0
0
1
2
0
0
0
0
1
226.7594,130.9010,80.7839,187.1640
2
0
0
0
0
1
386.5608,71.9647,67.0063,127.2379
384.1573,79.9430,66.3168,131.7694
393.2328,65.9227,69.3759,130.8525
390.0545,65.1747,72.2855,128.2313
2
0
0
0
0
1
2
0
0
0
0
1
2
0
0
0
0
1
2
0
0
0
0
1
356.5708,50.6170,86.1811,139.2961
368.3415,39.0295,89.4958,135.2365
2
0
0
0
0
1
326.2416,117.5783,75.5048,152.4586
2
0
0
0
0
1
309.5103,137.9449,75.3640,151.1028
2
0
0
0
0
1
2
0
0
0
0
1
2
0
0
0
0
1
2
0
0
0
0
1
316.2421,49.4619,84.5612,150.3108
2
0
0
0
0
1
308.3224,36.9042,87.1551,157.1662
2
0
0
0
0
1
307.3297,19.4549,94.0048,172.8779
2
0
0
0
0
1
295.6994,15.9178,95.3053,180.6836
2
0
0
0
0
1
2
0
0
0
0
1
318.6128,138.4827,112.7921,179.3427
2
0
0
0
0
1
311.2988,16.9942,116.6108,159.3249
257.6084,15.3209,115.9644,159.5904
2
0
0
0
0
1
302.4126,117.7070,95.0995,174.5315
2
0
0
0
0
1
326.5606,78.4270,87.0198,120.4488
339.1101,56.6123,91.0923,115.7115
349.6854,41.8241,89.5764,118.1382
2
0
0
0
0
1
362.1843,78.7967,84.2330,117.7296
260.4455,152.5519,81.0383,122.7394
262.1112,149.9027,74.8843,130.0886
2
0
0
0
0
1
316.4650,190.6296,103.1067,148.6365
2
0
0
0
0
1
2
0
0
0
0
1
303.9474,161.8609,82.5106,149.4882
237.2395,148.1532,81.0661,151.1555
239.1228,138.1445,80.9145,151.0731
227.6581,154.0327,80.4166,151.6555
227.7212,155.9381,81.1368,151.0634
227.9088,156.6162,81.2169,151.1280
227.9088,156.6162,81.2169,151.1280
2
0
0
0
0
1
272.5051,149.8553,87.1409,157.0171
339.1326,125.6370,77.5606,169.0652
344.8183,123.0674,72.5253,173.2873
271.4995,137.2520,72.2979,171.1301
257.9254,124.8834,72.2618,170.6651
2
0
0
0
0
1
258.8303,130.4136,87.4880,174.5889
259.8684,132.4951,86.5329,174.4170
2
0
0
0
0
1
2
0
0
0
0
1
2
0
0
0
0
1
348.8496,138.6464,59.0742,191.7504
348.1268,140.4729,59.7288,188.0724
2
0
0
0
0
1
351.3244,139.0127,66.1423,184.0471
2
0
0
0
0
1
323.7665,123.1196,64.6482,191.2793
2
0
0
0
0
1
2
0
0
0
0
1
2
0
0
0
0
1
2
0
0
0
0
1
352.1586,111.0348,82.5973,182.2157
2
0
0
0
0
1
328.6559,13.6110,95.0526,194.8746
2
0
0
0
0
1
2
0
0
0
0
1
294.8640,119.5931,87.0283,194.2425
2
0
0
0
0
1
303.0634,158.6757,90.3730,183.0161
2
0
0
0
0
1
267.6121,98.7472,88.9383,211.5778
2
0
0
0
0
1
259.0591,63.6026,94.5270,250.9136
2
0
0
0
0
1
261.8907,122.0696,118.4378,220.8268
2
0
0
0
0
1
230.9186,85.9967,115.7764,231.0623
2
0
0
0
0
1
213.2252,81.0429,101.8304,251.8381
2
0
0
0
0
1
2
0
0
0
0
1
2
0
0
0
0
1
259.0662,78.6270,93.4879,260.7077
253.8455,103.4525,94.6734,248.5475
2
0
