1
334.4951,24.2681,31.4592,41.6153
2
0
0
0
0
1
346.6012,19.0314,41.5429,71.3504
376.3948,29.7315,45.3656,80.6357
325.0811,29.5855,45.2026,89.5318
339.8913,4.9949,53.5974,93.6391
339.8913,4.9949,53.5974,93.6391
2
0
0
0
0
1
328.1171,28.3468,33.7037,48.4151
337.5143,28.7444,35.6605,50.5655
337.5143,28.7444,35.6605,50.5655
361.2795,19.2587,39.5561,44.3995
2
0
0
0
0
1
354.9148,27.7256,44.8297,41.6244
354.9148,27.7256,44.8297,41.6244
351.0257,22.5327,47.7384,47.6993
351.0257,22.5327,47.7384,47.6993
351.0257,22.5327,47.7384,47.6993
378.8229,47.5872,52.2931,48.2413
2
0
0
0
0
1
392.8996,112.6869,46.5955,41.2668
392.8996,112.6869,46.5955,41.2668
392.8996,112.6869,46.5955,41.2668
376.0165,69.9417,49.2406,47.8606
376.0165,69.9417,49.2406,47.8606
376.0165,69.9417,49.2406,47.8606
331.2362,7.9173,52.4790,52.8357
331.2362,7.9173,52.4790,52.8357
331.2362,7.9173,52.4790,52.8357
2
0
0
0
0
1
307.3394,12.1324,59.8208,79.2321
297.2354,10.5591,60.1118,68.8202
288.5567,8.7435,45.3764,69.9060
285.7963,12.8428,49.2836,67.4264
291.9375,9.7756,48.6094,75.7787
295.8131,7.8515,42.3807,86.2888
295.8131,7.8515,42.3807,86.2888
295.8131,7.8515,42.3807,86.2888
295.8131,7.8515,42.3807,86.2888
295.8131,7.8515,42.3807,86.2888
277.1266,47.6205,47.6930,81.0386
277.1266,47.6205,47.6930,81.0386
277.1266,47.6205,47.6930,81.0386
277.1266,47.6205,47.6930,81.0386
277.1266,47.6205,47.6930,81.0386
2
0
0
0
0
1
279.3500,56.8500,82.2600,101.4400
2
0
0
0
0
1
291.3117,149.0916,106.9552,131.7397
255.8149,119.9305,94.9762,119.3495
242.1547,93.1326,95.5339,116.8031
242.1547,93.1326,95.5339,116.8031
242.1547,93.1326,95.5339,116.8031
242.1547,93.1326,95.5339,116.8031
242.1547,93.1326,95.5339,116.8031
242.1547,93.1326,95.5339,116.8031
2
0
0
0
0
1
156.2618,22.3268,113.8242,134.8479
166.8207,15.3641,117.0431,144.1718
