1
184.7433,357.0911,47.9163,107.9022
168.0923,325.7307,43.3352,115.3035
2
0
0
0
0
1
261.1915,341.1576,46.0254,152.1671
269.6223,338.7465,45.8429,157.3838
284.5392,332.5727,45.1456,163.5685
312.5097,305.3940,47.7068,169.5242
309.6725,334.0685,53.0617,162.4094
338.2418,362.6504,62.3641,151.2124
342.2919,350.4697,64.3537,147.1226
360.8873,330.5943,64.2334,151.2403
376.9165,359.3135,63.9682,149.9741
392.6069,383.2682,63.9641,149.4893
408.2496,404.6201,62.7850,152.4212
435.7836,392.2053,70.1274,143.4560
432.1476,411.5086,74.2803,138.7664
436.5387,421.5658,67.2302,147.3849
466.1207,405.0990,69.2628,145.5696
525.5815,416.6327,70.4541,141.4121
492.8826,378.7932,77.1357,136.1781
492.8427,340.0002,74.5187,141.9377
500.4215,343.8231,74.9420,143.1151
528.7592,343.7453,71.0774,150.8419
548.7269,292.3214,64.4773,166.1109
646.8646,243.3615,69.1190,165.1824
593.6757,311.3080,86.2747,147.1785
622.8136,313.1509,92.8222,142.2980
716.1917,270.6984,85.3062,149.2990
2
0
0
0
0
1
711.9772,286.0727,107.6132,123.3216
691.5822,276.9301,109.4039,120.4524
629.8484,263.4889,113.1591,117.1848
689.8094,263.6187,105.7844,121.8166
710.4285,284.6384,97.2801,131.1454
697.1949,231.8898,90.7881,134.4025
639.2530,175.9376,87.9303,136.1263
711.3088,239.6967,91.5748,129.3645
649.8073,117.3866,81.5650,144.1566
625.1382,149.5545,86.5457,136.8780
2
0
0
0
0
1
614.0290,227.6973,147.7832,215.2945
592.2240,288.9173,138.8788,222.4854
597.7270,256.2863,130.1963,231.2602
599.3073,218.6734,128.4040,236.8422
689.2594,139.5282,124.4017,238.8610
687.5245,161.6557,124.7546,227.6289
707.5515,209.6055,124.8451,217.1979
704.9170,228.8846,133.5712,197.6568
634.9994,234.0414,137.8136,188.0353
660.5829,265.7011,133.7224,185.9308
607.0406,246.6071,136.4423,182.9061
692.9613,179.8720,124.2717,194.9769
711.5854,188.7975,132.9232,185.9737
712.7822,213.4572,132.9233,185.9736
703.4904,218.7665,132.9234,185.9735
695.3931,223.0435,132.9234,185.9735
691.5113,235.4516,132.9234,185.9734
615.0541,327.0945,122.7992,187.9772
555.3218,409.6154,114.0421,189.3543
748.4273,466.4616,107.1020,196.6846
735.7018,442.5988,100.6696,204.3427
736.4348,484.2641,102.9738,193.3539
756.9566,513.6070,98.7175,187.0840
773.9960,542.2730,99.2323,180.0151
854.7776,595.3021,120.8149,155.0302
754.4684,465.9189,108.9503,171.5885
706.1031,395.2599,107.3009,170.5442
708.8042,397.0150,107.3003,170.5433
759.1663,457.0146,101.7428,179.0244
696.0320,353.6142,90.7131,187.5414
763.5092,430.6264,85.4164,198.1052
717.2083,295.7922,81.9050,205.1388
715.8828,307.4344,81.9049,205.1388
717.0785,319.7043,81.9049,205.1388
718.7819,329.0973,81.9049,205.1387
756.0234,413.5512,78.6512,214.0496
754.5254,435.6000,77.3568,211.8738
772.2113,429.9251,73.4009,212.3795
766.4462,428.4854,73.4010,212.3778
749.1465,431.6980,72.8427,212.1621
734.3530,422.1027,73.3716,210.7447
731.9241,424.3053,77.7305,208.4155
695.4891,352.4230,75.9794,208.2132
693.7161,348.9751,75.9787,208.2124
761.5167,414.4520,73.4694,214.1925
763.1581,420.5654,68.6158,217.4055
767.6168,412.5334,66.1557,222.2082
2
0
0
0
0
1
774.3124,316.0116,65.6647,324.2213
773.8248,309.0381,66.0159,324.0341
776.3920,306.8322,67.9998,322.0568
774.5441,306.6186,71.8706,318.3651
771.8043,308.2342,73.5775,316.6488
768.4088,307.7073,76.0393,314.3307
763.0190,308.2730,86.2669,304.9146
758.9354,309.1897,89.3257,302.1774
759.2279,309.2591,91.1269,300.5261
