1
148.8902,19.8405,34.2319,124.4025
146.3387,23.6393,37.5629,120.3620
147.0823,25.8908,39.9140,119.1099
143.7487,14.6718,40.9640,124.0288
149.6455,37.4680,44.9317,114.5615
140.1688,29.6002,46.8934,115.3234
138.9433,54.3320,50.4355,104.1005
136.9239,55.7315,51.3891,97.9985
137.7278,34.6729,48.0698,104.9870
138.0362,55.4235,49.2425,100.6092
138.6279,58.1209,51.2875,96.6539
125.4024,34.1207,45.4663,104.1025
136.0522,33.7943,42.9339,107.0546
134.8072,31.8963,44.2727,110.0312
134.5374,32.1532,45.5733,112.3872
134.0940,32.7328,46.4899,114.2087
133.4680,19.8572,43.8470,121.8661
126.1667,40.9772,42.0662,118.9209
131.3692,46.6367,50.3171,108.1061
137.5821,47.3483,52.4828,104.5566
131.2135,35.5477,47.1453,109.8167
123.8157,34.5844,42.7191,113.9298
124.2048,43.0291,42.1628,113.0735
124.4652,43.6422,41.9613,110.3486
116.9277,60.0427,40.8726,110.6345
115.3818,44.0934,41.0162,109.5521
106.4809,35.7661,38.5695,111.0162
104.8273,45.6846,39.3236,108.5090
102.8082,39.7682,39.6944,106.9582
145.0250,52.9936,43.3730,99.5543
140.9511,44.6885,46.2589,99.6521
141.0421,44.6224,46.5250,101.1275
138.6630,54.5066,49.6121,98.9004
138.5667,55.3686,51.1831,95.0881
135.8602,53.4435,51.8352,95.5214
145.8212,30.8583,47.0021,106.6127
146.5092,27.8789,43.1874,114.9998
141.7649,47.5148,45.6133,109.9330
139.9473,47.7840,46.4077,105.8967
138.4370,60.0865,49.4359,100.6619
136.5638,53.9424,49.5264,97.8175
136.2703,55.0128,49.5393,94.9851
134.9319,67.1898,51.1451,88.7962
135.2314,67.8620,51.2183,86.4662
124.3643,45.5037,44.2424,97.0172
118.9204,58.6933,40.0938,102.7841
118.9215,49.4851,39.7311,103.1675
142.9366,59.5845,41.9131,98.2962
134.6669,59.5584,42.1743,96.7529
135.4870,36.6508,38.9860,107.3578
140.3503,67.5674,43.4656,98.0716
139.0167,59.9507,44.9892,94.7022
137.4490,61.1702,45.7678,93.0955
135.8033,59.5752,48.4128,92.4741
135.5840,61.3342,48.8649,90.8105
133.7017,79.9850,50.4385,87.4951
131.5798,70.8982,53.8371,86.3256
130.2371,74.4106,56.4653,81.5259
129.3115,83.3518,57.2538,79.1770
128.5264,73.3152,58.5574,79.8650
128.7461,73.1621,59.4142,78.8996
127.6963,63.7480,60.2302,80.0428
127.5458,74.9948,62.8423,75.7675
127.4021,76.4527,64.6720,73.2076
112.1163,63.7668,57.8883,79.7611
137.0969,74.0188,57.1666,77.7988
136.5387,63.5518,55.9798,79.8865
134.1673,63.5002,55.9017,80.1952
132.4034,63.5727,54.5410,80.0708
130.3644,88.7664,56.0913,78.5819
124.4695,59.7664,52.4390,82.3313
118.6156,58.1851,47.5205,86.9388
138.4313,46.3147,42.5894,95.7025
137.2861,57.6393,44.7095,92.8666
135.4546,57.6890,46.6310,90.8468
133.3161,57.2520,47.3098,91.1144
119.5593,54.7312,44.9799,93.1004
124.3157,56.3946,47.1226,90.6476
110.2177,54.9652,42.6045,91.8637
116.4326,46.4577,41.1805,94.9751
110.1161,36.8149,39.3278,101.5856
109.0551,37.7134,39.9015,102.0263
100.1744,44.4928,41.0188,101.3070
95.3164,50.3218,38.8105,104.5090
94.8786,59.5039,40.4401,101.9377
101.4446,34.3378,43.9694,99.9459
94.3212,43.6302,43.5802,96.7948
88.1055,36.0852,42.5238,96.3511
87.1739,56.0079,44.3413,88.5174
104.1327,48.4177,43.5325,86.3202
119.5104,47.7960,42.6397,88.6909
79.2275,52.7006,41.5359,84.1524
121.0466,52.5981,39.8959,86.8109
79.3745,49.6815,40.1677,82.3154
73.9607,45.0671,40.1449,80.4032
126.4405,45.5049,42.1602,81.5762
2
0
0
0
0
1
139.3384,38.4678,40.4388,87.2054
97.0695,40.6969,41.4784,86.0735
138.3614,37.6313,37.0431,91.8745
136.9525,37.3211,34.8269,94.4579
113.4529,61.1178,33.0385,95.5779
2
0
0
0
0
1
128.9872,58.3438,44.3159,80.3800
137.0278,64.2329,41.7127,82.9654
129.9576,70.2513,39.5399,86.2562
129.2943,85.3581,39.3931,86.6104
128.1298,94.2865,41.1836,83.9924
126.1479,102.2102,42.4246,77.7898
118.6759,102.9178,42.5109,77.0227
124.0143,110.3701,44.0752,69.6299
123.7918,110.9240,43.9108,68.5854
118.3809,109.8749,42.4386,68.3487
113.4823,110.0962,40.0430,67.9722
141.2571,52.5715,36.9594,73.0578
141.4835,66.1198,37.6002,72.4200
148.3940,41.9581,34.5153,79.4701
140.8015,57.3740,36.5360,75.0773
146.5892,45.8705,37.3940,73.2942
139.6944,73.8667,37.4473,72.2824
139.5012,94.6491,37.5168,69.3400
155.9092,56.6514,44.9038,61.1244
136.3940,102.1841,42.1183,64.3802
150.6791,66.1275,53.6049,54.2807
131.0562,104.1870,48.2961,59.3189
153.6420,69.0452,55.3314,50.1857
123.6481,103.7004,46.3574,60.3009
151.4802,68.2099,56.8673,49.5289
100.0103,96.6881,52.2508,57.4106
93.7283,110.8189,50.3161,59.2409
83.0077,92.6810,44.3737,67.4260
2
0
0
0
0
1
164.8026,6.3073,39.5086,121.9229
136.8320,16.7419,38.8802,121.2679
133.8725,18.0012,38.6496,118.3680
127.5716,18.7215,37.4900,118.8690
117.0332,0.8693,37.2546,117.4280
109.6547,12.8403,37.0949,113.7660
107.7231,6.8026,37.4942,112.5151
106.9870,7.1794,37.7046,112.1747
2
0
0
0
0
1
98.5880,84.1203,50.8333,80.4509
91.6990,91.8072,48.5369,81.6123
90.8415,101.7114,48.9280,78.2886
2
0
0
0
0
1
122.6732,8.2696,39.3285,65.8317
2
0
0
0
0
1
178.6033,85.7807,41.6445,31.1702
192.3500,86.0790,41.2988,31.0974
2
0
0
0
0
1
178.0568,87.8883,24.2747,65.8821
183.2906,72.1105,25.0118,64.9032
177.3873,84.3421,25.3646,63.6206
182.2468,73.6599,25.4792,63.0210
182.2468,73.6599,25.4792,63.0210
186.7443,73.6611,25.2996,63.5927
185.6194,62.6964,25.9987,62.8762
184.6509,63.8746,27.3664,60.6703
188.9205,59.9075,29.5070,58.3784
182.3695,55.9264,30.2492,57.3763
192.7441,63.4206,31.7027,55.4170
193.0554,63.2256,32.0211,54.9639
187.1853,73.9729,31.1041,55.8034
192.4674,73.7338,30.0782,56.4087
192.3474,74.3391,30.3212,55.7283
192.7112,74.8847,29.6446,56.5150
197.5843,69.9270,30.0693,56.0570
187.5464,86.5929,29.7574,56.3665
187.3577,81.0866,29.7188,56.5615
186.3694,76.4895,29.8599,56.2906
186.4510,76.7853,29.5899,56.3542
180.6024,44.8092,29.5714,55.7491
180.5854,37.8945,27.7964,58.2164
181.6698,26.5434,26.9321,59.8681
182.4739,9.9641,26.6285,60.2898
2
0
0
0
0
1
179.9113,60.3826,27.3039,51.3629
175.2757,71.2229,26.1583,51.2755
165.4462,66.4023,25.7899,51.6087
165.1636,66.0273,25.6397,51.7839
169.9622,65.8750,25.5527,51.8035
184.2747,75.3980,24.0738,52.4717
183.3123,79.8346,24.3608,52.2039
191.8830,91.5102,26.0858,48.9630
186.4427,101.8983,28.4394,46.2344
195.2564,98.5584,28.8000,45.0289
204.6253,103.2673,28.2191,45.6002
190.4125,108.8907,28.5946,44.2110
195.0713,108.5636,28.0506,44.7915
189.8379,103.7657,28.7020,43.9335
199.1176,103.4375,27.4594,45.0572
199.1587,100.0449,28.4352,42.8377
194.6891,104.9312,28.4949,42.3959
208.3954,109.1825,27.5487,43.6806
208.4832,105.0741,27.2621,43.8550
198.6674,101.2651,27.3651,42.5324
198.7651,109.6227,26.4713,43.4344
195.4934,127.2682,25.7403,44.4232
195.6376,132.1372,25.5927,44.4781
203.4151,131.8523,25.2124,44.5777
203.2553,131.6369,25.1434,44.7218
203.2286,131.0880,24.8884,44.7939
207.6263,131.2544,24.5574,45.2281
202.7719,131.5973,24.3204,45.3826
206.4008,131.6539,24.0888,45.5421
205.7342,131.2383,23.6830,45.9175
201.8916,132.1205,23.5662,45.8650
202.1257,132.4411,23.4856,45.7438
197.6033,132.9217,23.5127,45.6614
2
0
0
0
0
1
206.7116,79.7761,20.2372,61.9339
196.1415,86.1928,20.1994,60.5741
195.0838,83.3491,21.3188,57.9481
198.8182,98.7674,21.9091,57.5929
198.7405,99.4147,21.9807,57.2384
199.4753,90.8219,21.9410,55.5104
194.6316,101.0349,21.8371,55.2472
200.4487,110.3268,20.9420,57.0617
204.6831,115.0208,20.0430,58.5694
2
0
0
0
0
1
195.3709,70.5917,15.4235,70.7768
188.4154,72.9962,17.9771,65.9546
187.8994,79.9853,19.9828,62.4947
186.1648,81.8305,21.0638,60.3991
189.9315,83.2337,20.9958,57.6200
194.3097,88.4687,21.3598,57.0707
198.1674,89.1856,22.1303,56.0636
187.1191,91.1910,24.3072,53.8992
187.5409,86.5294,23.9027,53.9063
187.3177,87.9330,23.0659,52.2344
191.1390,97.9319,23.1289,51.7320
190.4595,107.9643,23.2692,51.4903
189.1226,103.3228,23.9951,50.5919
189.4338,94.6192,23.9140,49.9163
189.0392,95.5830,24.0193,48.7038
188.4340,96.0697,24.0677,48.1498
188.9428,90.3398,22.6466,49.5465
188.0587,91.7241,23.6970,48.4530
191.7743,96.4257,23.6994,48.0058
190.5995,97.3973,24.0800,47.0030
195.1469,101.3519,22.9415,48.3772
192.3372,90.3477,21.7258,50.2397
188.8406,90.6451,21.5528,50.4810
188.7921,94.4607,21.8928,49.9326
205.7479,94.4643,21.4604,50.3251
200.7737,95.7727,22.3694,49.1618
205.5153,105.2428,21.6793,49.2722
205.2524,105.0186,21.3952,49.4769
210.3459,110.1602,21.3519,49.9430
2
0
0
0
0
1
201.5173,84.5201,18.8974,60.8546
200.2540,74.6117,18.9513,60.4383
199.5709,80.9766,19.1516,58.2752
198.8347,81.5133,18.9638,57.3666
192.9247,81.3737,18.8552,56.3286
192.5881,81.8723,19.3019,56.1183
200.9515,87.9408,19.4947,55.5170
205.9614,89.1812,20.3311,53.8366
205.7354,103.3671,20.5273,53.4544
209.2120,126.8977,20.5487,52.9219
213.4244,127.6734,20.4736,52.3266
2
0
0
0
0
1
194.9540,95.9196,32.7115,50.5430
195.5061,101.0051,33.0460,49.6134
200.3297,101.1371,33.0584,49.1168
205.2920,101.4699,33.2736,48.7858
204.8536,96.6310,33.6476,48.3794
199.3466,97.1298,33.9214,48.0131
198.7188,92.8110,34.4374,47.4970
198.3949,88.1035,34.6351,47.2495
197.9356,88.6345,34.9907,46.8861
2
0
0
0
0
1
143.1332,67.9112,32.5013,40.1941
138.8104,68.1493,32.2724,39.8725
134.4124,68.6419,31.5745,40.5001
129.8236,73.5296,30.8774,41.1609
125.9196,78.0370,30.3180,41.7746
121.7927,77.9841,29.6231,42.5217
125.9092,78.1310,29.8829,42.1662
2
0
0
0
0
1
154.4548,55.3385,22.0461,47.9198
155.1992,47.0247,21.7853,48.1581
150.8237,42.0014,20.8103,49.5278
145.7878,39.1348,22.1850,47.9739
173.4447,64.5302,19.8040,50.7030
168.5691,43.6875,20.4286,49.2455
158.7060,36.7054,22.7260,46.9240
180.3146,66.5886,21.4109,49.1427
179.9261,75.6756,21.6190,47.5345
183.4621,75.6439,21.3332,47.8452
182.9907,80.6198,21.9096,46.7799
186.9877,76.3477,21.4168,46.8558
186.8603,76.7453,20.8150,47.0099
186.5454,80.3748,19.9803,48.3631
190.2854,76.6861,19.7655,47.9846
189.3916,69.6774,20.4839,46.8757
192.7178,75.0827,21.4204,45.3704
197.1074,75.5226,20.8673,45.4002
183.9867,55.2891,20.3397,45.8328
183.3756,43.0235,20.1812,45.9740
2
0
0
0
0
1
201.8053,65.4768,29.6495,45.8376
192.5849,55.3222,28.6621,46.8911
192.3806,60.1257,27.9183,47.7996
186.9091,56.0002,27.9029,47.3849
161.9070,42.4201,28.9647,46.5935
2
0
0
0
0
1
192.0897,64.4730,16.3707,53.6198
190.9814,64.8693,16.8821,53.2652
186.1233,69.1889,17.3601,52.3952
2
0
0
0
0
1
170.5822,59.1250,52.4935,15.0081
170.5822,59.1250,52.4935,15.0081
163.5330,63.5659,51.5374,15.7600
163.8883,67.9775,51.1637,16.0211
164.5531,72.2645,50.8497,16.1773
164.8977,76.2204,50.2735,16.5788
164.8977,76.2204,50.2735,16.5788
2
0
0
0
0
1
158.7952,73.5546,27.2166,15.9632
150.5293,82.6519,27.2343,15.2580
166.7008,68.9024,26.3585,16.0224
170.4285,80.8329,24.5446,17.9074
170.2751,88.8094,24.1196,18.3540
176.5556,72.0264,23.0729,19.6495
171.2713,90.7189,22.7948,19.7144
189.9156,93.1746,22.3011,19.8797
2
0
0
0
0
1
153.0878,70.9495,37.7336,18.0465
170.0137,54.1676,31.1742,25.4698
174.8692,48.9673,28.4846,29.1664
2
0
0
0
0
1
163.3062,80.2939,22.1741,27.5490
2
0
0
0
0
1
136.9632,70.1621,20.6863,34.4445
131.1002,68.6921,19.4699,35.7613
2
0
0
0
0
1
149.1587,79.5618,16.3456,33.6384
148.2005,83.3139,17.4728,32.1304
147.6401,83.2941,17.5878,31.2936
157.1295,85.8289,17.4688,31.1625
2
0
0
0
0
1
156.9372,85.9557,18.5236,31.9217
156.7153,86.1036,18.8963,30.9450
2
0
0
0
0
1
150.6306,70.8359,17.5838,43.2670
165.5389,70.3424,17.8249,43.1686
146.7169,69.3717,17.4392,43.7809
2
0
0
0
0
1
147.5426,65.9930,15.0832,48.7696
2
0
0
0
0
1
169.4206,65.2499,24.3708,45.2016
2
0
0
0
0
1
143.1913,82.0254,33.2985,45.8986
129.6969,90.5111,30.4744,48.9282
2
0
0
0
0
1
161.3385,66.0937,23.5874,58.8965
171.4740,72.5539,23.8602,57.8203
166.7816,83.2868,23.8640,57.4888
165.6633,77.7638,24.4511,56.7672
171.9505,50.9853,23.1184,60.4118
2
0
0
0
0
1
2
0
0
0
0
1
149.3444,82.8816,23.1983,49.9137
149.3371,82.1520,23.5553,49.4271
142.9456,94.5675,29.3914,41.3193
141.2048,96.6327,33.1470,37.2160
140.5572,98.3985,34.8071,34.7126
140.0763,99.8838,35.5718,32.4110
140.7100,99.9316,34.5966,32.3777
138.1014,94.6754,32.2810,34.1892
138.8973,95.0435,31.0235,34.5579
139.6092,94.9817,30.2712,34.7645
149.9870,105.5481,27.3211,38.6740
141.9381,132.6658,25.1351,41.1858
2
0
0
0
0
1
143.1826,90.5899,23.3871,49.5237
139.5933,95.0116,23.2818,49.2612
143.1682,96.3690,25.9534,45.4243
141.1392,98.7893,28.2408,41.7865
141.6326,99.4653,29.0024,39.7149
140.8415,100.4787,29.7509,38.7540
139.8776,101.2255,30.8435,36.6594
144.7435,100.7994,30.0823,36.8041
140.4627,100.7777,31.0414,35.6280
150.2400,103.7078,28.6331,38.0576
150.5431,103.1638,27.1159,39.7685
150.6952,95.6780,26.2002,39.7893
155.2074,98.4924,24.1696,42.4224
156.8129,97.7924,22.5227,43.3029
156.2872,94.0349,22.2336,42.9100
157.2584,94.0612,21.8286,43.0340
157.6939,97.1506,20.7135,44.9094
157.0268,93.8344,20.4475,43.9042
156.1850,90.4741,21.2639,42.3520
156.8568,90.9199,20.7044,42.8711
157.6241,91.0131,19.7805,43.4728
158.1187,95.4759,19.4333,43.4395
158.1183,95.7899,19.0532,42.9704
158.2622,102.1382,18.4081,44.3209
158.6871,101.7135,17.8976,45.6410
159.4489,93.9646,17.7221,45.6026
159.4429,97.6763,17.7454,44.8569
2
0
0
0
0
1
154.4390,64.8536,19.5698,67.5112
149.4115,77.2761,21.3915,63.7810
