1
157.2227,68.8489,54.8862,161.1654
145.2461,61.2638,80.6176,177.1753
158.2047,34.5608,68.8307,198.6136
158.6681,52.6703,53.0155,177.1531
144.1712,65.2172,71.2068,163.6946
145.5483,26.4866,76.5830,238.8078
149.0087,8.5724,76.8381,219.0161
159.6684,58.1483,58.7357,172.6154
118.9763,24.4011,65.3395,177.0656
100.2997,28.1852,88.9155,185.8177
129.6324,28.8496,79.5812,195.6953
135.9177,37.5070,67.5646,187.0699
157.1156,48.0721,45.1638,174.0277
153.9847,53.9103,36.8059,167.3610
154.7710,60.3656,39.3833,136.5924
150.3749,58.8401,35.4571,147.1203
149.6848,57.9023,37.7233,151.4355
147.1604,50.5068,34.5354,156.2350
148.3938,54.1296,33.0229,127.2810
146.2328,58.3174,29.0937,128.8929
144.2213,55.8220,24.5380,142.0518
147.1676,57.9585,22.3006,148.8283
144.3742,61.0367,23.0433,146.5985
146.9300,62.3360,22.4536,154.8743
145.1349,61.0502,23.8834,153.5716
146.8312,63.3347,24.6124,152.1599
144.9735,55.7447,24.4845,163.3005
147.5261,65.9393,24.5132,151.6555
144.9702,68.0081,22.3206,151.6464
146.7117,65.5166,23.5676,152.4000
146.4001,71.4001,23.0364,146.4225
145.0476,77.3007,25.4495,140.5027
144.4520,69.5000,25.3639,149.5137
140.0709,69.1088,26.1025,149.3790
143.1906,72.8183,27.9754,146.3376
137.2612,74.0921,33.6096,143.7144
137.6791,70.7555,33.6875,147.5953
125.2032,74.8056,46.2223,141.1746
127.1651,80.7213,45.6757,135.2721
128.5243,75.9058,46.8394,138.4005
128.7084,83.6176,49.3428,131.2528
128.6995,87.9416,46.6643,127.3517
129.3991,92.0509,49.5850,123.7654
134.0810,106.8109,47.1584,110.1307
133.7016,106.3509,35.7576,111.5205
133.7637,110.6942,34.4835,105.4460
134.6065,111.5962,35.5810,104.8971
136.6700,117.6016,43.9702,96.3289
133.6677,108.3325,39.2555,109.2476
137.9272,121.4414,39.8885,98.4943
139.6874,112.2719,41.3741,105.3296
143.0334,106.5743,42.4384,114.0292
140.4796,101.4990,39.4274,114.3089
144.6541,93.9103,46.3631,127.9377
142.2491,86.4706,49.8146,134.2975
141.7034,92.9008,53.3776,129.8493
140.3833,83.5056,52.3853,138.9790
143.0370,72.8943,61.2891,149.0587
142.3754,44.5790,62.2669,177.8711
136.8822,82.9646,78.8972,126.2434
145.3765,90.9314,113.7166,117.3983
133.5649,80.4321,91.1305,135.5588
131.6019,71.1025,96.2209,113.9513
132.5571,88.6940,131.3287,76.0117
137.7162,83.8371,99.1086,104.7808
173.7409,66.4581,70.5601,163.7147
144.4912,80.2070,153.5755,137.6047
119.9659,83.1442,306.6624,97.4436
154.8730,116.4917,279.2188,150.5602
145.6546,25.5069,295.4349,235.6998
50.6549,0.0000,428.6746,270.0000
0.0000,0.0000,480.0000,270.0000
13.4274,0.0000,466.5726,270.0000
14.5676,0.0000,461.8643,270.0000
150.5140,73.8116,322.9995,190.2588
59.9766,0.0000,365.9839,270.0000
163.6722,28.5593,303.2079,231.1080
58.2053,0.0000,410.4165,270.0000
0.0000,0.0000,480.0000,270.0000
0.8873,0.0000,479.1127,270.0000
0.0000,0.0000,479.8162,270.0000
0.0000,0.0000,480.0000,270.0000
0.0000,0.0000,480.0000,270.0000
0.0000,0.0000,480.0000,270.0000
0.0000,0.0000,480.0000,270.0000
0.0000,0.0000,480.0000,270.0000
0.0000,0.0000,480.0000,270.0000
0.0000,0.0000,480.0000,270.0000
0.0000,0.0000,480.0000,270.0000
0.0000,0.0000,480.0000,270.0000
0.0000,0.0000,480.0000,270.0000
0.0000,0.0000,480.0000,270.0000
0.0000,0.0000,480.0000,270.0000
0.0000,0.0000,480.0000,270.0000
0.0000,0.0000,480.0000,270.0000
30.0712,0.0000,449.9288,270.0000
0.0000,0.0000,480.0000,270.0000
1.4021,0.0000,478.5979,270.0000
0.0000,0.0000,480.0000,270.0000
0.0000,0.0000,480.0000,270.0000
0.0000,0.0000,480.0000,270.0000
0.0000,0.0000,480.0000,270.0000
141.4744,122.9770,337.3206,147.0229
136.2043,17.2981,301.6128,252.7019
20.6755,0.0000,459.3245,270.0000
0.0000,0.0000,480.0000,270.0000
0.0000,0.0000,480.0000,270.0000
0.0000,0.0000,480.0000,270.0000
0.0000,0.0000,480.0000,270.0000
0.0000,0.0000,480.0000,270.0000
0.0000,0.0000,480.0000,270.0000
0.0000,0.0000,480.0000,270.0000
0.0000,0.0000,480.0000,270.0000
0.0000,0.0000,480.0000,270.0000
0.0000,0.0000,480.0000,270.0000
190.7642,0.9525,248.9066,240.2023
60.3853,12.6213,396.0877,257.3787
135.0102,8.1802,321.4866,261.8198
19.7353,0.0000,460.2647,270.0000
132.8617,1.7810,321.9339,268.2190
6.9496,0.0000,473.0504,270.0000
0.0000,0.0000,480.0000,270.0000
0.0000,0.0000,480.0000,270.0000
0.0000,0.0000,480.0000,270.0000
93.3846,40.6036,354.7327,229.3964
203.1728,0.0000,258.3372,270.0000
25.4333,0.0000,445.7221,270.0000
124.9508,0.0000,339.3859,270.0000
131.3449,6.1085,315.7538,261.1490
59.8625,0.0000,420.1375,270.0000
131.1404,33.7541,323.1820,232.0185
154.5853,0.9702,298.2996,269.0298
36.0249,1.7736,411.2751,268.2264
0.0000,0.0000,239.4174,192.7201
183.0127,14.5567,168.8228,237.0818
183.8311,11.1162,211.7672,222.7505
157.7637,76.9434,278.5078,187.7738
149.6902,68.7574,290.1761,201.2426
77.4717,0.0000,390.9326,270.0000
50.3084,82.9204,413.1349,187.0796
16.7722,8.4762,452.1711,261.5238
25.9190,0.0000,444.9324,270.0000
0.0000,0.0000,480.0000,270.0000
0.0000,0.0000,476.8536,270.0000
82.3835,104.9235,397.6165,165.0765
55.8361,4.4975,392.9066,265.5025
117.8903,0.0000,341.6202,270.0000
17.2297,0.0000,462.7703,270.0000
172.1867,71.7156,302.7965,188.5844
65.7395,0.0000,404.5029,254.6389
12.7528,0.0000,467.2472,266.5088
0.0000,0.0000,480.0000,270.0000
38.8668,0.0000,441.1332,270.0000
0.0000,0.0000,479.7177,270.0000
228.6561,19.3055,233.3994,198.3125
142.7385,5.1042,280.2777,259.3156
88.3174,0.0000,377.9126,269.8190
18.6977,0.0000,458.6663,270.0000
237.9027,21.4846,208.9048,204.9275
129.8143,6.5078,310.5868,263.4922
167.6180,4.6503,281.2702,265.3497
77.1776,0.0000,376.8847,270.0000
103.7130,100.6464,363.8901,169.3536
93.2422,124.7366,345.9273,145.2634
59.1769,30.6037,406.5610,216.0898
63.2292,0.0000,415.2637,270.0000
37.1446,0.0000,437.5217,270.0000
22.4008,0.0000,457.5992,270.0000
0.0000,0.0000,461.9302,270.0000
29.6936,0.0000,450.3064,270.0000
88.9190,0.0000,373.7593,270.0000
28.0592,0.0000,451.9409,269.8333
13.0187,0.0000,464.0584,270.0000
0.0000,0.0000,480.0000,270.0000
14.1928,0.0000,465.8072,270.0000
7.1731,0.0000,472.8269,270.0000
0.0000,0.0000,480.0000,270.0000
0.0000,0.0000,480.0000,270.0000
0.0000,0.0000,480.0000,270.0000
0.0000,0.0000,480.0000,270.0000
0.0000,0.0000,480.0000,270.0000
0.0000,0.0000,480.0000,270.0000
0.3757,0.0000,479.6243,270.0000
20.4804,0.0000,459.5196,270.0000
16.2677,0.0000,463.7323,268.6071
46.1953,0.0000,433.8047,270.0000
59.6471,0.0000,420.3529,270.0000
33.5592,0.0000,446.4408,270.0000
0.0000,0.0000,480.0000,270.0000
0.0000,0.0000,479.4447,270.0000
0.0000,0.0000,480.0000,270.0000
0.0000,0.0000,480.0000,270.0000
8.4423,0.0000,471.5577,270.0000
0.0000,0.0000,480.0000,270.0000
1.8263,0.0000,478.1736,270.0000
153.5356,0.2498,291.4067,265.8840
88.2564,0.0000,371.9985,270.0000
21.6854,0.0000,449.8830,270.0000
32.5391,0.0000,447.4609,270.0000
0.0000,0.0000,480.0000,270.0000
21.3250,0.0000,458.6750,270.0000
176.3922,2.7552,226.0689,262.4334
121.6910,2.2071,323.5570,267.7929
40.9624,0.0000,439.0376,270.0000
0.0000,0.0000,480.0000,270.0000
0.0000,0.0000,480.0000,270.0000
0.0000,0.0000,480.0000,270.0000
12.8333,0.0000,467.1667,270.0000
8.5723,0.0000,469.8776,270.0000
10.3226,0.0000,469.6774,270.0000
6.2341,0.0000,473.7659,270.0000
0.3385,0.0000,479.6615,270.0000
0.0000,0.0000,480.0000,270.0000
0.0000,0.0000,480.0000,270.0000
0.0000,0.0000,480.0000,270.0000
0.0000,0.0000,480.0000,270.0000
0.0000,0.0000,480.0000,270.0000
0.0000,0.3548,480.0000,269.6452
30.2369,0.0000,449.7631,270.0000
0.0000,0.0000,478.1923,270.0000
0.2638,0.0000,476.8079,270.0000
20.8990,0.0000,459.1010,270.0000
4.8204,0.0000,464.2126,270.0000
0.0000,0.0000,479.6027,270.0000
0.0000,0.0000,480.0000,270.0000
3.2399,0.0000,476.7601,270.0000
0.0000,0.0000,480.0000,270.0000
6.9131,0.0000,473.0869,270.0000
35.8488,0.9806,444.1512,269.0194
6.5569,0.0000,460.9839,270.0000
0.0000,0.0000,474.3601,270.0000
16.8284,0.0000,463.1715,270.0000
29.1133,0.0000,449.8501,270.0000
32.3830,0.0000,431.2397,270.0000
10.3296,0.0000,469.6704,270.0000
14.2067,0.0000,465.7933,270.0000
0.0000,0.0000,480.0000,269.7823
12.6791,10.3055,467.3209,259.6945
11.4036,0.0000,468.5964,270.0000
17.0527,0.9044,460.0688,269.0956
0.0000,0.0000,480.0000,270.0000
40.7176,0.0000,439.2824,270.0000
0.0000,0.0000,477.0522,270.0000
0.0000,0.0000,480.0000,270.0000
0.0000,0.0000,479.7389,270.0000
0.0000,0.0000,480.0000,270.0000
0.0000,0.0000,480.0000,270.0000
0.0000,0.0000,480.0000,270.0000
177.7737,75.0084,272.8167,180.0954
71.7420,4.4081,395.0821,265.5919
39.0708,0.0000,440.9292,269.6429
4.2076,0.0000,475.7924,270.0000
0.0000,0.0000,480.0000,270.0000
0.0000,0.0000,480.0000,270.0000
0.0000,0.0000,480.0000,270.0000
0.0000,0.0000,480.0000,270.0000
0.0000,0.0000,480.0000,270.0000
0.0000,0.0000,480.0000,270.0000
0.0000,0.0000,480.0000,270.0000
0.0000,0.0000,480.0000,270.0000
0.0000,0.0000,480.0000,270.0000
0.0000,0.0000,480.0000,270.0000
0.0000,0.0000,480.0000,270.0000
0.0000,0.0000,480.0000,270.0000
0.0000,0.0000,480.0000,270.0000
0.0000,0.0000,480.0000,270.0000
0.0000,0.0000,480.0000,270.0000
0.0000,0.0000,480.0000,270.0000
0.0000,0.0000,480.0000,270.0000
0.0000,0.0000,480.0000,270.0000
0.0000,0.0000,480.0000,270.0000
0.0000,0.0000,480.0000,270.0000
162.9862,60.7680,242.6861,200.2667
77.4798,0.0000,391.2951,270.0000
2.4102,0.0000,477.5898,270.0000
0.0000,0.0000,480.0000,270.0000
116.7162,0.0000,337.6569,270.0000
1.3900,0.0000,478.6100,270.0000
0.0000,0.0000,480.0000,270.0000
0.0000,0.0000,480.0000,270.0000
0.0000,0.0000,480.0000,270.0000
0.0000,0.0000,480.0000,270.0000
0.0000,0.0000,480.0000,270.0000
0.0000,0.0000,480.0000,270.0000
0.0000,0.0000,480.0000,270.0000
0.0000,0.0000,480.0000,270.0000
0.0000,0.0000,480.0000,270.0000
0.0000,0.0000,480.0000,270.0000
0.0000,0.0000,480.0000,270.0000
0.0000,0.0000,480.0000,270.0000
0.0000,0.0000,480.0000,270.0000
0.0000,0.0000,480.0000,270.0000
0.0000,0.0000,480.0000,270.0000
0.0000,0.0000,480.0000,270.0000
0.0000,0.0000,480.0000,270.0000
0.0000,0.0000,480.0000,270.0000
0.0000,0.0000,480.0000,270.0000
0.0000,0.0000,480.0000,270.0000
0.0000,0.0000,480.0000,270.0000
0.0000,0.0000,480.0000,270.0000
0.0000,0.0000,480.0000,270.0000
0.0000,0.0000,480.0000,270.0000
0.0000,0.0000,480.0000,270.0000
0.0000,0.0000,480.0000,270.0000
0.0000,0.0000,480.0000,270.0000
0.0000,0.0000,480.0000,270.0000
0.0000,0.0000,480.0000,270.0000
0.0000,0.0000,480.0000,270.0000
0.0000,0.0000,480.0000,270.0000
0.0000,0.0000,457.6367,270.0000
0.0000,0.0000,480.0000,270.0000
0.0000,0.0000,479.0821,270.0000
0.0658,0.0000,479.9342,270.0000
0.0000,0.0000,480.0000,270.0000
0.0000,0.0000,480.0000,270.0000
0.0000,0.0000,480.0000,270.0000
0.0000,0.0000,480.0000,270.0000
20.7893,51.9029,459.2107,218.0970
5.7619,0.0000,471.9617,270.0000
0.0000,0.0000,480.0000,270.0000
0.0000,0.0000,480.0000,270.0000
0.0000,0.0000,480.0000,270.0000
0.0000,0.0000,480.0000,270.0000
0.0000,0.0000,480.0000,270.0000
3.9247,0.0000,474.9698,270.0000
0.0000,0.0000,480.0000,270.0000
0.0000,0.0000,480.0000,270.0000
68.9954,86.3201,411.0046,180.1138
77.7963,3.9456,386.7319,266.0544
15.5363,0.0000,464.4637,270.0000
0.0000,0.0000,275.9712,200.5173
24.7666,0.0000,421.1762,257.7408
23.2975,0.0000,444.5832,270.0000
0.0000,0.0000,472.0346,270.0000
18.9658,0.0000,461.0342,270.0000
14.7672,0.0000,465.2328,270.0000
12.9644,0.0000,467.0356,270.0000
7.0487,0.0000,454.6767,270.0000
28.4200,0.0000,451.5800,270.0000
0.0000,0.0000,452.0160,270.0000
36.5758,0.0000,443.4242,270.0000
41.4139,0.0000,438.5862,270.0000
77.6441,0.0000,402.3559,270.0000
59.6510,2.9665,407.9161,267.0335
59.1719,7.1508,418.6306,262.8492
62.5577,6.9667,407.2437,263.0333
82.5655,2.6321,393.0506,267.3679
118.1705,6.2010,355.6316,263.7990
23.1075,5.5685,408.5402,264.4315
100.9149,1.8460,354.1386,268.1540
49.6760,77.5520,430.3239,192.4480
147.8462,0.0000,313.7053,234.5302
159.5489,0.0000,298.9514,264.8958
98.6818,7.0241,371.4531,262.9759
29.0664,12.3086,450.6002,257.6914
142.5793,6.4043,313.6873,259.1446
32.7989,0.0000,447.2011,270.0000
17.1737,0.0000,449.6553,270.0000
34.3353,0.0000,445.6647,270.0000
2.6734,0.0000,462.5702,211.0828
229.2069,0.7788,160.7728,252.6265
123.5870,129.0966,335.5087,139.1797
156.2891,8.4329,303.7714,191.8169
158.4332,1.0118,171.0566,258.4201
96.5068,42.5933,379.1783,218.8283
40.2164,0.0000,377.5654,264.0334
16.2020,0.0000,454.4299,270.0000
0.0000,0.0000,480.0000,270.0000
19.7108,0.0000,460.2892,270.0000
136.5330,10.3749,184.6632,245.0516
73.9708,0.0000,391.0040,260.1153
18.9961,0.0000,455.7531,270.0000
0.0000,0.0000,480.0000,270.0000
0.0000,0.0000,480.0000,270.0000
0.0000,0.0000,480.0000,270.0000
0.0000,0.0000,480.0000,270.0000
0.0000,0.0000,480.0000,270.0000
0.0000,0.0000,480.0000,270.0000
0.0000,0.0000,480.0000,270.0000
41.4227,0.0000,438.5773,270.0000
0.0000,0.0000,475.6396,270.0000
101.1272,0.0000,373.8287,270.0000
18.3107,0.0000,461.6893,270.0000
43.9063,0.0000,436.0937,270.0000
28.6152,0.0000,421.0514,270.0000
37.7863,0.0000,420.2790,270.0000
8.4927,0.0000,462.1414,193.3834
47.4260,0.0000,415.9412,252.5399
60.2793,0.0000,416.3542,270.0000
10.5222,0.0000,457.2446,270.0000
38.7893,11.4467,441.2107,258.5533
10.0327,0.0000,468.7235,270.0000
38.6559,0.0000,439.5691,270.0000
17.3988,0.0000,447.9669,270.0000
16.4601,0.0000,458.3606,270.0000
129.4114,5.9999,322.5284,264.0001
46.0836,1.8349,423.5379,268.1651
7.4498,0.0000,449.4095,270.0000
24.4444,0.0000,439.9287,270.0000
18.9279,0.0000,447.0852,270.0000
2.4220,0.0000,476.4214,270.0000
0.0000,0.0000,480.0000,270.0000
9.8905,2.9299,434.4049,262.3778
26.0548,0.0000,451.3492,266.1330
4.7060,0.0000,449.7921,270.0000
6.0005,0.0000,473.9995,270.0000
144.0983,4.0939,324.9661,262.9557
10.0426,0.0000,443.8402,270.0000
0.0000,0.0000,480.0000,270.0000
0.0000,0.0000,478.0388,270.0000
4.2637,0.0000,459.9405,270.0000
20.9865,11.1734,211.1640,242.6222
148.4805,115.1104,288.3119,154.6256
101.1631,11.0757,330.7423,258.9243
76.8455,0.0000,380.6125,270.0000
149.6832,0.0000,320.5519,270.0000
12.9852,2.0664,467.0148,256.1940
118.5948,40.9290,134.3905,197.1613
160.3314,56.5937,162.6500,203.0319
141.1227,27.1996,267.7345,114.8842
163.2493,29.7899,216.0064,220.6531
71.1020,17.2379,395.2399,241.5558
146.5102,119.3312,322.6276,141.9043
148.5737,11.7025,260.4128,257.8776
75.3119,2.3445,370.9477,267.6555
14.5705,5.7812,453.5476,262.0844
140.8188,118.4384,339.1812,151.5616
97.6130,4.9534,332.8875,265.0466
28.3317,6.3275,441.9382,263.6725
108.2888,114.0140,360.5118,155.9860
84.9033,52.9032,377.7770,211.7389
141.8634,4.8623,312.7127,257.7913
76.9781,22.9943,372.6642,247.0057
11.5922,0.0000,455.3973,270.0000
122.0896,66.0399,356.2135,199.7328
48.9754,0.0000,410.0350,270.0000
23.9917,0.0000,456.0083,270.0000
158.6470,2.3635,314.9653,247.8079
43.9772,1.9245,427.6870,268.0755
4.5473,15.7733,475.4527,254.1718
148.7109,59.9396,319.2827,205.8047
65.5273,0.0000,408.7800,253.8440
11.7804,0.0000,462.2009,270.0000
0.0000,0.0000,480.0000,270.0000
1.9701,0.0000,478.0299,270.0000
0.0000,0.0000,480.0000,270.0000
0.0000,0.0000,480.0000,270.0000
0.0000,0.0000,472.7323,270.0000
21.1481,0.0000,458.8519,270.0000
0.0000,0.0000,480.0000,270.0000
0.0000,0.0000,480.0000,270.0000
0.0000,0.0000,479.8679,270.0000
0.0000,0.0000,478.1994,270.0000
143.7991,118.4981,335.8492,151.5019
36.2082,10.4116,443.7918,231.3015
21.6474,114.0162,458.3527,155.9838
9.0757,4.5484,454.2038,263.3253
5.5387,0.0000,470.4151,270.0000
8.4915,0.0000,470.2442,270.0000
4.7670,0.0000,475.2330,270.0000
16.0043,0.0000,463.9957,270.0000
51.2630,0.0000,426.0089,270.0000
1.9418,0.0000,478.0582,270.0000
0.0000,0.0815,480.0000,269.9185
0.0000,0.0000,480.0000,270.0000
0.0000,0.0000,480.0000,270.0000
0.0000,0.0000,480.0000,270.0000
47.5828,115.2171,432.4172,154.7829
0.6626,97.2140,479.3374,172.7860
11.4338,0.0000,459.4458,268.5146
0.0000,0.0000,468.7193,270.0000
0.0000,0.0000,480.0000,270.0000
165.8953,8.8129,153.4998,217.2495
14.7256,8.7150,406.0363,254.7697
0.0000,0.0000,480.0000,270.0000
0.0000,0.0000,478.0839,270.0000
157.0251,53.6788,216.3140,179.2311
121.9872,8.7738,352.0513,253.0806
150.0960,71.4839,137.2061,184.1509
79.5588,8.0104,371.9055,261.9896
3.3431,96.0022,476.6569,173.9978
29.9901,0.0000,442.5868,270.0000
132.1403,110.9056,342.8607,159.0944
52.1935,6.6153,422.6604,263.3847
10.9863,0.0000,469.0137,270.0000
133.2608,124.3179,342.4066,145.6821
53.7538,8.2864,416.2253,259.4427
94.1111,64.2125,208.6393,196.3359
125.2313,155.2730,323.2900,114.7270
168.8281,7.6246,261.8786,252.6543
115.3906,132.1620,344.2604,137.8380
29.7178,129.8080,444.9363,132.5814
16.5962,131.1142,455.0695,130.5043
132.6340,140.7065,329.7230,129.2935
58.7083,0.0000,408.7652,270.0000
121.0843,85.3503,358.9157,184.6497
4.0595,109.2427,237.9433,131.0213
39.1573,10.9266,398.7716,244.3609
162.1026,111.0928,264.4120,158.9072
55.7992,0.2970,395.1093,269.7029
114.7641,92.8544,349.6754,177.1456
8.4277,10.8283,466.7002,240.9295
141.7183,116.8374,327.2829,153.1626
2
0
0
0
0
1
208.7078,138.6987,68.7662,81.1271
205.6758,158.5141,67.4931,59.7436
217.4440,123.7166,48.8344,91.6332
205.5872,156.9819,57.3762,60.9618
163.1607,158.5108,105.6710,82.9916
149.2271,116.5239,99.0966,116.2258
141.5913,82.3772,107.5143,129.9451
136.5484,70.1669,123.5686,171.0630
108.2486,75.5383,240.2733,176.8346
14.5331,9.4038,183.3308,165.2061
76.7380,34.7435,247.9641,222.1221
48.8952,6.0328,388.4691,175.8289
73.3908,23.5036,397.6746,242.9367
22.4733,0.1581,426.6734,149.9165
129.9684,118.7579,329.1141,140.7708
2
0
0
0
0
1
196.0904,119.2643,77.8147,90.8126
200.1364,114.6384,77.3295,93.4274
195.3768,85.1674,61.6695,122.1593
207.0142,117.8949,88.8673,82.7334
171.1564,54.8470,93.1452,149.1528
207.9006,94.1370,107.0870,107.4210
188.8896,64.5653,130.7204,136.4993
187.1915,91.1430,239.6052,139.2559
142.4276,22.2855,280.9665,193.6958
146.4317,6.8030,305.1683,240.1432
93.5298,6.2827,346.7871,242.6162
42.7348,0.0000,237.4962,224.2191
75.9425,0.0000,395.1551,252.4813
66.9692,5.4589,408.3489,264.5411
59.5890,17.7497,411.8156,249.0696
74.2247,2.4171,376.5852,223.1074
78.5188,18.6211,385.2141,211.9922
160.8501,118.1607,303.8129,151.8394
148.8406,16.4797,302.1714,234.3233
154.1772,85.4811,309.1788,182.9341
156.9310,4.6953,226.5220,254.6756
152.2058,1.3748,295.0684,251.9199
86.0334,85.6220,380.4232,165.8965
90.0153,71.5691,381.2214,187.8560
72.4603,0.0000,367.7969,244.0251
60.6537,0.0000,372.8572,238.0806
55.8199,2.4431,368.3326,222.6558
163.9755,90.1744,307.2457,153.5416
100.9290,68.2998,379.0710,171.8732
133.9898,47.2354,339.2594,192.8174
41.9604,15.5963,406.7507,187.1428
182.3747,38.2995,256.4462,214.2323
197.8245,7.0499,244.8259,223.5514
71.2017,10.4865,333.8950,233.2393
55.3356,3.6805,363.5605,216.1366
62.6562,13.1824,398.5254,249.8719
124.5331,51.0898,348.6370,218.9102
79.9321,10.5721,377.6220,188.9078
110.0151,5.0800,328.3800,258.2451
213.3821,50.1624,150.0172,216.3001
211.2945,58.9691,126.2602,182.8218
94.3443,17.7042,181.0054,114.2109
191.7059,59.0836,107.0021,194.7595
80.1423,19.1103,154.2459,119.8766
78.3615,24.7446,132.9163,124.9085
32.1922,9.2331,170.0193,68.7216
2
0
0
0
0
1
108.5716,0.5991,139.3255,268.6073
102.7103,5.5553,153.4525,261.9915
91.0083,4.8922,221.2143,260.6146
74.4537,5.3972,100.4807,263.0045
82.0283,0.6594,172.2374,268.6956
68.2595,15.4223,100.5872,251.0002
66.5030,5.3207,176.8471,263.4518
59.7865,41.9411,104.8371,226.4322
54.8265,22.2212,173.3631,247.6290
55.2060,58.0114,110.5626,211.7578
51.6572,61.7314,112.1921,208.2686
43.2708,70.2644,116.8827,199.7356
36.9014,76.9678,124.1621,193.0322
30.7539,84.6186,130.2074,185.3814
31.4955,87.9649,130.2520,181.4274
32.3304,91.8198,131.6519,177.3603
36.6746,93.7888,124.5081,174.5925
43.1032,92.8839,118.3368,175.5077
42.6090,96.3135,119.9890,171.8384
61.9375,104.2266,99.5645,162.2068
63.1329,106.6503,98.0893,160.1221
55.5344,110.9497,106.7477,144.1999
55.8584,110.6759,105.4283,144.9128
54.2886,110.7817,104.9043,137.1696
54.2995,110.7422,108.0550,136.4582
59.1045,108.8851,103.7372,131.8896
59.2828,108.5520,102.1257,131.1838
69.0412,101.2754,95.7454,132.1868
68.7264,106.0723,94.6503,125.9948
85.4679,100.0554,78.0232,127.8200
88.0684,106.8874,75.5188,119.9128
101.0827,99.1127,64.2648,123.8054
100.0852,99.7821,64.7608,121.9668
96.0491,98.5438,69.7144,117.8072
95.1833,101.8692,70.1959,115.7259
90.5697,97.7700,79.0924,115.7565
90.2406,97.6057,79.2683,115.9711
88.6966,94.6865,87.4945,116.2475
89.5184,97.1320,91.9606,113.9742
89.8264,96.6916,85.6536,112.4825
90.2292,95.4107,83.6107,114.0035
92.9221,98.5655,76.5341,109.2583
93.3359,101.4960,76.9723,106.5831
104.0852,100.5484,70.7923,105.2692
103.4196,98.7154,68.8436,107.7224
111.7201,102.8542,61.7338,101.4880
112.0148,102.9909,55.4075,101.8237
117.5172,116.4740,57.0318,87.6128
117.1393,108.9306,48.3195,94.1843
115.5602,114.1627,51.0055,89.5243
114.6185,112.6088,49.8683,91.7163
121.3622,114.6975,45.3894,88.5273
122.3527,118.6722,43.4483,84.1848
133.1820,113.8194,33.3823,90.4722
136.2341,117.7522,29.0539,83.7730
143.5660,128.6034,23.7049,73.2902
144.1580,129.1054,22.2190,72.9223
145.9794,134.5917,21.4126,66.3918
146.1744,129.5455,23.8707,72.3037
120.0896,106.3415,41.9138,71.0322
177.7282,82.0569,36.9608,110.7602
145.0598,128.3655,71.3690,72.1179
144.0455,124.5139,70.6058,77.3714
145.9915,119.3474,43.9086,84.1445
145.9959,161.8376,81.4439,52.4914
140.0116,138.3878,54.9043,66.0218
138.0769,144.1002,56.2345,60.2250
136.5165,168.9314,98.3510,39.3430
134.9644,145.9767,52.5165,56.3562
131.9184,154.9973,51.0913,45.0077
2
0
0
0
0
1
149.2475,140.4819,91.5288,69.2751
161.7646,126.6718,69.7792,83.1226
