1
257.0022,117.9064,135.2546,96.2178
262.3348,116.3875,158.3755,101.0370
262.3348,116.3875,158.3755,101.0370
238.2797,113.0159,189.6463,106.0288
251.8884,115.6843,175.4595,108.4038
218.0858,122.2090,151.1159,115.7874
218.0858,122.2090,151.1159,115.7874
2
0
0
0
0
1
2
0
0
0
0
1
325.7497,148.2353,106.2505,61.3376
307.9675,150.7378,129.2382,63.7504
307.9675,150.7378,129.2382,63.7504
2
0
0
0
0
1
353.2444,141.3139,94.4237,98.8532
370.7493,148.7209,88.7862,108.7526
370.7493,148.7209,88.7862,108.7526
370.7493,148.7209,88.7862,108.7526
331.3514,122.0647,75.6674,99.3583
311.7652,153.3641,57.8491,94.7143
311.7652,153.3641,57.8491,94.7143
311.7652,153.3641,57.8491,94.7143
311.7652,153.3641,57.8491,94.7143
311.7652,153.3641,57.8491,94.7143
311.7652,153.3641,57.8491,94.7143
2
0
0
0
0
1
361.4550,134.1878,106.5789,111.1500
372.0128,141.9447,87.2816,101.8780
355.5907,142.0127,104.3717,112.1950
365.3304,121.4752,127.5435,127.9796
332.9948,143.0953,149.8302,143.4133
322.8660,138.1679,134.1777,174.7760
322.8660,138.1679,134.1777,174.7760
322.8660,138.1679,134.1777,174.7760
322.8660,138.1679,134.1777,174.7760
322.8660,138.1679,134.1777,174.7760
322.8660,138.1679,134.1777,174.7760
322.8660,138.1679,134.1777,174.7760
322.8660,138.1679,134.1777,174.7760
322.8660,138.1679,134.1777,174.7760
322.8660,138.1679,134.1777,174.7760
322.8660,138.1679,134.1777,174.7760
373.4045,119.3265,144.3081,141.7125
373.4045,119.3265,144.3081,141.7125
373.4045,119.3265,144.3081,141.7125
373.4045,119.3265,144.3081,141.7125
373.4045,119.3265,144.3081,141.7125
373.4045,119.3265,144.3081,141.7125
373.4045,119.3265,144.3081,141.7125
373.4045,119.3265,144.3081,141.7125
373.4045,119.3265,144.3081,141.7125
373.4045,119.3265,144.3081,141.7125
373.4045,119.3265,144.3081,141.7125
373.4045,119.3265,144.3081,141.7125
373.4045,119.3265,144.3081,141.7125
373.4045,119.3265,144.3081,141.7125
373.4045,119.3265,144.3081,141.7125
373.4045,119.3265,144.3081,141.7125
2
0
0
0
0
1
351.3600,132.8700,22.9500,51.6600
351.3600,132.8700,22.9500,51.6600
351.3600,132.8700,22.9500,51.6600
351.3600,132.8700,22.9500,51.6600
349.7350,121.4521,30.5085,52.7655
349.7350,121.4521,30.5085,52.7655
349.7350,121.4521,30.5085,52.7655
349.7350,121.4521,30.5085,52.7655
349.7350,121.4521,30.5085,52.7655
349.7350,121.4521,30.5085,52.7655
349.7350,121.4521,30.5085,52.7655
349.7350,121.4521,30.5085,52.7655
2
0
0
0
0
1
353.0104,162.2055,29.3809,37.4727
353.0104,162.2055,29.3809,37.4727
353.0104,162.2055,29.3809,37.4727
2
0
0
0
0
1
326.9039,132.7466,53.2075,50.2818
326.9039,132.7466,53.2075,50.2818
326.9039,132.7466,53.2075,50.2818
326.9039,132.7466,53.2075,50.2818
326.9039,132.7466,53.2075,50.2818
2
0
0
0
0
1
329.7333,127.5557,49.6225,54.1303
329.7333,127.5557,49.6225,54.1303
324.2979,124.4186,60.5568,52.2875
324.2979,124.4186,60.5568,52.2875
324.2979,124.4186,60.5568,52.2875
324.2979,124.4186,60.5568,52.2875
324.2979,124.4186,60.5568,52.2875
324.2979,124.4186,60.5568,52.2875
324.2979,124.4186,60.5568,52.2875
324.2979,124.4186,60.5568,52.2875
324.2979,124.4186,60.5568,52.2875
324.2979,124.4186,60.5568,52.2875
324.2979,124.4186,60.5568,52.2875
324.2979,124.4186,60.5568,52.2875
324.2979,124.4186,60.5568,52.2875
310.5681,136.6786,69.4951,47.1433
310.5681,136.6786,69.4951,47.1433
310.5681,136.6786,69.4951,47.1433
309.5022,149.6696,57.4670,43.8315
309.5022,149.6696,57.4670,43.8315
309.5022,149.6696,57.4670,43.8315
309.5022,149.6696,57.4670,43.8315
309.5022,149.6696,57.4670,43.8315
309.5022,149.6696,57.4670,43.8315
309.5022,149.6696,57.4670,43.8315
309.5022,149.6696,57.4670,43.8315
309.5022,149.6696,57.4670,43.8315
309.5022,149.6696,57.4670,43.8315
309.5022,149.6696,57.4670,43.8315
309.5022,149.6696,57.4670,43.8315
309.5022,149.6696,57.4670,43.8315
309.5022,149.6696,57.4670,43.8315
309.5022,149.6696,57.4670,43.8315
309.5022,149.6696,57.4670,43.8315
2
0
0
0
0
1
298.1168,138.3972,61.4721,40.8397
298.1168,138.3972,61.4721,40.8397
298.1168,138.3972,61.4721,40.8397
298.1168,138.3972,61.4721,40.8397
2
0
0
0
0
1
315.7109,125.1291,56.4698,55.3738
316.4295,122.7477,64.7955,58.2192
328.4382,116.2810,59.7268,57.0521
307.4656,114.4433,76.9484,59.0059
301.4992,116.3474,79.9128,66.1997
304.8313,106.6814,73.4982,56.8011
304.8313,106.6814,73.4982,56.8011
304.8313,106.6814,73.4982,56.8011
304.8313,106.6814,73.4982,56.8011
2
0
0
0
0
1
382.6052,110.2242,77.2635,25.8673
382.6052,110.2242,77.2635,25.8673
392.2317,104.5659,74.1402,27.7340
394.0185,99.2755,67.7858,28.8601
396.3702,103.3115,66.8704,24.5899
378.3784,103.4663,64.6587,20.9922
2
0
0
0
0
1
412.6418,92.1499,66.0173,26.2318
412.6418,92.1499,66.0173,26.2318
412.6418,92.1499,66.0173,26.2318
412.6418,92.1499,66.0173,26.2318
412.6418,92.1499,66.0173,26.2318
412.6418,92.1499,66.0173,26.2318
412.6418,92.1499,66.0173,26.2318
412.6418,92.1499,66.0173,26.2318
412.6418,92.1499,66.0173,26.2318
412.6418,92.1499,66.0173,26.2318
412.6418,92.1499,66.0173,26.2318
412.6418,92.1499,66.0173,26.2318
412.6418,92.1499,66.0173,26.2318
371.7464,100.2390,55.2683,31.7679
371.7464,100.2390,55.2683,31.7679
371.7464,100.2390,55.2683,31.7679
371.7464,100.2390,55.2683,31.7679
2
0
0
0
0
1
2
0
0
0
0
1
2
0
0
0
0
1
422.9627,118.4182,82.1130,36.4233
426.9023,119.6589,80.0686,47.8447
426.9023,119.6589,80.0686,47.8447
435.5033,115.3906,68.5644,56.1891
423.2158,122.5463,78.1072,47.6566
409.4606,119.6541,88.2151,46.1710
409.4606,119.6541,88.2151,46.1710
409.4606,119.6541,88.2151,46.1710
434.4868,121.9856,75.2437,52.1210
434.4868,121.9856,75.2437,52.1210
486.6317,83.6539,86.2032,53.6247
486.6317,83.6539,86.2032,53.6247
486.6317,83.6539,86.2032,53.6247
2
0
0
0
0
1
448.3163,151.7374,44.6025,49.9743
448.3163,151.7374,44.6025,49.9743
448.3163,151.7374,44.6025,49.9743
448.3163,151.7374,44.6025,49.9743
429.5309,188.7991,39.8434,47.1421
429.5309,188.7991,39.8434,47.1421
429.5309,188.7991,39.8434,47.1421
429.5309,188.7991,39.8434,47.1421
429.5309,188.7991,39.8434,47.1421
429.5309,188.7991,39.8434,47.1421
429.5309,188.7991,39.8434,47.1421
429.5309,188.7991,39.8434,47.1421
429.5309,188.7991,39.8434,47.1421
429.5309,188.7991,39.8434,47.1421
429.5309,188.7991,39.8434,47.1421
429.5309,188.7991,39.8434,47.1421
429.5309,188.7991,39.8434,47.1421
429.5309,188.7991,39.8434,47.1421
429.5309,188.7991,39.8434,47.1421
429.5309,188.7991,39.8434,47.1421
429.5309,188.7991,39.8434,47.1421
386.3757,153.9519,48.9167,42.3944
386.3757,153.9519,48.9167,42.3944
386.3757,153.9519,48.9167,42.3944
406.3640,179.6651,43.1638,45.7460
382.3564,152.5724,53.1269,47.2377
410.3817,170.0038,40.7184,45.0264
410.3817,170.0038,40.7184,45.0264
369.4809,148.9082,46.8474,45.1015
369.4809,148.9082,46.8474,45.1015
364.7577,146.3316,51.1318,42.3881
356.2820,148.3743,55.0756,41.0715
350.4233,151.0956,64.2686,40.8688
343.2567,156.5151,66.4061,36.1790
343.2567,156.5151,66.4061,36.1790
345.0440,156.3377,62.1633,34.8178
334.7764,157.5836,66.3268,35.7262
334.7764,157.5836,66.3268,35.7262
329.8141,157.6260,73.8030,42.6681
324.9758,160.1413,80.2678,39.6107
324.9758,160.1413,80.2678,39.6107
325.6853,159.0148,68.0139,34.7441
325.6853,159.0148,68.0139,34.7441
324.3249,161.9679,72.9411,33.6202
324.3249,161.9679,72.9411,33.6202
324.3249,161.9679,72.9411,33.6202
324.3249,161.9679,72.9411,33.6202
324.3249,161.9679,72.9411,33.6202
324.3249,161.9679,72.9411,33.6202
324.3249,161.9679,72.9411,33.6202
324.3249,161.9679,72.9411,33.6202
324.3249,161.9679,72.9411,33.6202
317.6779,147.9357,71.8829,45.8546
317.6779,147.9357,71.8829,45.8546
317.6779,147.9357,71.8829,45.8546
317.6779,147.9357,71.8829,45.8546
317.6779,147.9357,71.8829,45.8546
