1
2
0
0
0
0
1
294.4750,156.6328,74.3052,94.5096
2
0
0
0
0
1
326.1678,90.1340,79.0819,99.7236
361.1230,29.7631,78.9763,100.9987
2
0
0
0
0
1
326.7325,202.4482,91.7137,111.3250
325.4099,230.4902,93.0344,109.5399
2
0
0
0
0
1
427.6114,64.3561,95.2891,110.3402
2
0
0
0
0
1
2
0
0
0
0
1
360.5400,97.7839,96.7332,112.5179
360.1349,80.9089,92.2714,113.4168
388.5118,50.1634,90.4822,116.4942
307.4479,28.5115,93.3195,113.2549
361.9261,131.0483,93.5374,111.5886
2
0
0
0
0
1
369.3419,118.1351,88.3759,116.4762
397.3296,224.9890,89.1782,115.5864
2
0
0
0
0
1
2
0
0
0
0
1
234.0405,109.5963,73.5197,92.6372
2
0
0
0
0
1
214.2823,102.3403,73.2935,98.2640
193.7122,78.7541,72.0443,100.0867
2
0
0
0
0
1
314.6962,121.6320,83.0677,91.3641
2
0
0
0
0
1
226.7533,188.3027,65.1277,88.2055
2
0
0
0
0
1
2
0
0
0
0
1
291.7812,150.0675,64.3029,59.0229
225.5644,145.8506,59.1284,66.8737
2
0
0
0
0
1
2
0
0
0
0
1
293.8357,157.3911,43.2726,54.6945
244.9336,144.6891,41.0126,57.2815
215.9588,136.2832,37.6536,62.6075
235.4408,111.9833,37.8272,62.2293
241.4591,106.8226,38.8122,60.8023
201.4092,139.6001,41.1194,57.8592
2
0
0
0
0
1
214.7737,33.0150,79.4814,110.9693
194.9217,53.8747,76.0649,114.6962
2
0
0
0
0
1
2
0
0
0
0
1
202.6490,135.2913,78.5069,99.4954
184.6287,109.5996,74.7270,103.2456
186.9200,118.8517,74.4684,102.5921
2
0
0
0
0
1
202.1334,119.1827,92.2714,92.9905
133.2225,115.9913,85.6473,100.2494
2
0
0
0
0
1
193.5303,245.9465,97.8251,104.6030
2
0
0
0
0
1
187.9353,142.9393,86.1953,106.7198
175.1600,140.7578,82.0791,110.1454
176.5181,138.1476,78.0945,115.4450
190.1599,138.6213,75.8307,116.2370
187.0345,140.9785,83.2806,108.6842
2
0
0
0
0
1
343.9315,142.4526,82.7391,75.4533
380.3194,136.0144,71.0640,86.9868
2
0
0
0
0
1
378.7794,201.0921,65.7758,57.9382
2
0
0
0
0
1
274.4775,216.5874,80.4823,92.0531
2
0
0
0
0
1
2
0
0
0
0
1
2
0
0
0
0
1
2
0
0
0
0
1
2
0
0
0
0
1
2
0
0
0
0
1
2
0
0
0
0
1
307.6558,200.7050,44.1366,54.2371
341.2295,167.3336,40.7720,58.7310
2
0
0
0
0
1
2
0
0
0
0
1
333.0605,106.5284,44.1669,49.3401
308.7009,159.1354,43.1017,49.9561
2
0
0
0
0
1
295.5026,116.8458,39.2670,44.4620
2
0
0
0
0
1
2
0
0
0
0
1
2
0
0
0
0
1
2
0
0
0
0
1
2
0
0
0
0
1
283.2576,141.0450,36.7724,38.0847
2
0
0
0
0
1
318.2884,179.1648,41.6542,49.9839
2
0
0
0
0
1
339.8294,71.5019,42.4331,52.4247
2
0
0
0
0
1
273.5199,136.4973,41.4301,57.8563
2
0
0
0
0
1
348.9998,97.4140,40.7827,48.2738
2
0
0
0
0
1
350.7434,149.1195,41.6519,45.0770
2
0
0
0
0
1
298.0862,133.9992,36.3875,44.8107
2
0
0
0
0
1
289.6191,151.5921,35.2276,46.8697
278.2146,135.9445,35.4085,46.3975
2
0
0
0
0
1
309.6116,126.7085,31.2856,45.4474
2
0
0
0
0
1
2
0
0
0
0
1
297.4998,136.6003,30.9874,47.1083
2
0
0
0
0
1
295.7034,98.6997,29.4016,48.0607
308.4930,132.4514,31.4136,46.3418
336.6482,122.4969,32.1096,45.3274
336.6482,122.4969,32.1096,45.3274
2
0
0
0
0
1
2
0
0
0
0
1
2
0
0
0
0
1
2
0
0
0
