1
164.6807,163.0382,103.3807,103.2013
193.5553,128.2798,105.7347,100.9962
191.6147,129.9066,105.7334,100.9956
185.0511,138.4910,105.7259,100.9745
196.2928,140.4999,104.2912,97.6796
170.9167,146.1313,103.6075,95.0850
162.1043,179.8383,100.4054,96.8342
247.9254,218.3979,105.1967,90.9338
2
0
0
0
0
1
191.3299,144.3002,91.9554,94.1060
192.0211,145.1366,92.8937,92.8152
188.9773,139.7994,98.0099,86.4658
194.6458,140.7423,98.4485,85.8574
204.7781,140.9341,100.6729,82.4311
181.8498,154.8426,98.1428,86.9446
187.0481,160.0806,92.3696,89.4264
229.0596,127.3159,98.5880,83.7240
230.2288,126.4571,98.5904,83.7205
235.4294,98.8680,100.3703,80.8166
242.1472,98.9139,100.3753,80.8114
243.8223,93.4742,100.3750,80.8117
2
0
0
0
0
1
340.6680,177.5300,80.3123,100.6076
345.7970,170.5360,70.2705,104.7391
346.5128,161.9937,70.0483,98.3471
349.5341,165.2135,65.0076,96.8388
351.6828,167.2745,60.8185,95.7425
352.7424,165.0986,57.2224,93.8658
356.6634,166.7419,53.6172,91.2443
358.7559,153.3307,58.2855,81.8649
355.1368,153.2897,58.2860,81.8643
368.4243,121.2782,61.5836,79.6063
373.8120,116.7161,62.9489,78.5930
370.6413,120.1623,64.4008,77.8004
2
0
0
0
0
1
243.7225,132.7681,90.6118,91.4220
2
0
0
0
0
1
222.2144,116.6683,82.4806,95.9088
2
0
0
0
0
1
114.2569,143.9202,97.3402,80.7515
127.7637,111.1649,98.0275,78.7421
2
0
0
0
0
1
3.0528,253.7148,85.5620,90.2267
3.5529,251.2079,83.5465,89.3095
8.3900,241.2956,77.5342,94.4776
2.3542,233.7945,70.0900,102.0731
2
0
0
0
0
1
2
0
0
0
0
1
2
0
0
0
0
1
265.3904,202.8013,88.0642,98.1447
368.8427,217.8814,82.0382,104.6456
2
0
0
0
0
1
282.8965,173.9993,94.1833,86.8610
2
0
0
0
0
1
2
0
0
0
0
1
186.0928,117.9951,90.0916,82.1096
2
0
0
0
0
1
65.4382,243.8129,107.6951,87.0128
2
0
0
0
0
1
16.6181,230.6598,84.0489,112.5569
2
0
0
0
0
1
74.7871,225.2547,78.7431,107.2363
2
0
0
0
0
1
293.5749,238.3404,90.8537,108.0814
2
0
0
0
0
1
393.6261,218.4373,93.4151,112.0046
296.7615,200.1650,99.4485,105.7295
382.6932,215.7257,96.4051,108.4092
291.1551,192.2094,100.3689,103.4796
354.6100,200.2040,83.8987,121.6681
372.0530,204.8567,75.7429,127.7189
2
0
0
0
0
1
2
0
0
0
0
1
205.0176,103.6784,106.0119,108.8507
192.3160,105.9590,108.7074,106.4636
206.0688,132.1021,108.0288,107.8210
210.2218,123.5594,104.8258,105.0603
170.1684,120.1757,108.3508,102.0994
177.0015,145.8716,109.7489,101.2931
147.7505,129.6356,109.8385,101.2087
167.9266,128.6769,109.5472,98.4815
130.3966,119.2631,110.2664,97.5154
148.4913,122.5092,112.3363,94.9719
150.9089,125.5645,112.3385,94.9689
124.5194,164.2961,114.8599,92.3587
64.8457,131.8989,112.2991,93.2862
2
0
0
0
0
1
139.5508,131.1305,109.0398,112.9920
174.4356,143.7438,107.3701,113.8712
129.9107,130.3897,109.7966,111.9200
174.4754,147.5997,109.4067,109.3595
143.0373,136.0041,115.4239,106.0104
167.7761,147.8107,115.0269,108.6575
150.7303,130.0138,118.1523,105.6720
147.8183,131.3963,126.6173,95.9470
142.3437,133.4760,131.3705,91.3979
170.5586,151.1264,125.4492,97.5700
145.8649,128.6023,131.3759,92.8766
162.0751,149.4287,128.5528,100.3344
128.1093,133.7404,127.8494,101.2828
