1
427.8272,262.7155,21.6754,22.7195
427.1004,260.4924,22.1110,21.5749
419.7426,263.2493,20.6472,22.2993
412.7207,268.8861,19.2938,22.4531
402.3774,273.1751,18.1284,23.8718
399.3106,270.1318,17.5876,24.7216
398.9157,271.8944,17.2417,26.1657
396.8412,268.6279,16.1365,27.3539
396.6357,270.8613,15.9183,27.7399
391.4985,273.9303,15.8583,27.2934
388.8916,284.7555,15.4288,27.1960
386.2471,290.4755,15.9813,26.6450
391.8790,288.1100,15.9106,26.2722
394.3653,285.3401,15.5612,26.8640
396.8311,280.4715,16.8013,26.9446
396.9584,280.9643,17.8181,25.6698
398.9069,283.8257,18.7844,25.6854
392.5182,295.6581,19.8652,25.0480
392.5859,301.4449,19.5783,25.6498
385.7543,295.8404,21.2961,25.8553
383.2677,297.9162,21.1381,27.6396
383.3565,297.5091,20.8636,28.6699
383.3019,295.0406,21.8829,27.3110
386.4461,295.3596,22.7313,26.7255
396.2192,298.2980,22.2645,27.0373
405.2252,288.8864,22.5830,26.9846
414.0958,279.7726,23.0068,26.2401
2
0
0
0
0
1
314.4033,191.1522,37.9735,37.7439
314.9950,189.9085,36.5043,39.3462
316.4410,190.9147,35.0814,39.9381
317.4735,197.0463,34.5300,39.7584
317.6788,213.8213,32.8666,41.2029
316.7697,231.0481,32.0807,41.7361
321.2530,263.0022,31.4503,41.7592
321.8609,282.6178,31.4548,40.4774
322.7347,295.8821,31.3194,39.6243
322.6917,301.2409,31.5192,38.4207
322.3058,298.1419,31.6840,37.0678
322.3684,288.2552,32.1901,36.4634
321.4750,278.6665,32.8909,35.8381
320.2651,268.8589,32.9268,35.5837
310.2653,259.4091,33.2037,36.0582
302.3448,262.1801,32.9635,39.6790
298.5190,259.8983,31.8630,42.1168
297.4695,257.8199,33.8293,38.6489
323.0053,226.2205,37.1089,39.2548
2
0
0
0
0
1
449.1325,211.3227,31.8950,32.3483
2
0
0
0
0
1
392.6906,299.8977,19.5404,31.9122
404.7825,300.8929,21.0634,30.8072
426.2097,282.2976,22.8264,30.0695
425.8880,282.4151,23.6382,29.4951
2
0
0
0
0
1
410.8570,270.6171,16.2081,27.3094
424.6398,254.5355,16.4355,26.8741
2
0
0
0
0
1
414.3145,257.8712,15.9351,23.0255
419.3405,248.0039,15.7034,23.1920
427.5940,252.9231,14.9091,23.5358
425.4595,260.6354,15.3657,22.6880
429.8374,258.2495,15.9958,21.9328
436.6202,255.6189,16.2032,22.6068
439.4592,243.1151,16.3230,23.1357
2
0
0
0
0
1
434.5304,205.1539,21.8240,19.9023
434.9326,207.8905,21.7751,20.0162
438.1682,220.2981,20.9525,20.9770
419.1691,244.4564,21.1457,20.5893
2
0
0
0
0
1
431.9419,216.5374,35.2636,38.5813
2
0
0
0
0
1
409.6437,312.2652,38.0175,45.3754
408.5064,260.0976,40.1411,44.7521
2
0
0
0
0
1
319.8738,269.2265,34.6252,46.2283
319.5801,304.8581,33.2272,47.7995
319.9621,318.8323,32.2720,49.4066
320.7583,317.8032,31.3292,49.4395
312.3015,299.3773,30.4677,49.6611
311.4056,289.2292,30.1783,49.6379
299.3163,280.8565,33.1447,47.6949
289.1884,272.5466,33.7211,47.8114
295.8353,297.3026,41.2485,39.4570
2
0
0
0
0
1
457.6565,191.6310,35.2486,35.5649
462.8867,191.1445,35.0622,35.1111
467.0725,187.2713,33.9749,33.7655
471.6032,179.7845,32.7449,32.0044
475.8758,182.9307,31.8708,31.9850
475.1244,190.5429,32.4409,31.4574
478.3452,190.8397,32.5895,31.2402
470.3823,191.7043,32.3356,30.4196
