1
269.6657,81.6176,34.3877,52.0957
272.2053,81.6797,24.4229,52.0260
2
0
0
0
0
1
2
0
0
0
0
1
256.4000,70.9220,26.9400,59.4080
256.4000,70.9220,26.9400,59.4080
256.4000,70.9220,26.9400,59.4080
256.4000,70.9220,26.9400,59.4080
256.4000,70.9220,26.9400,59.4080
256.4000,70.9220,26.9400,59.4080
256.4000,70.9220,26.9400,59.4080
256.4000,70.9220,26.9400,59.4080
256.4000,70.9220,26.9400,59.4080
256.4000,70.9220,26.9400,59.4080
2
0
0
0
0
1
242.1805,67.2730,42.4064,70.9468
242.1805,67.2730,42.4064,70.9468
242.1805,67.2730,42.4064,70.9468
242.1805,67.2730,42.4064,70.9468
242.1805,67.2730,42.4064,70.9468
242.1805,67.2730,42.4064,70.9468
242.1805,67.2730,42.4064,70.9468
2
0
0
0
0
1
231.3634,82.2724,26.3631,67.9340
2
0
0
0
0
1
240.8881,79.4335,27.1886,84.4136
240.8881,79.4335,27.1886,84.4136
240.8881,79.4335,27.1886,84.4136
240.8881,79.4335,27.1886,84.4136
240.8881,79.4335,27.1886,84.4136
240.8881,79.4335,27.1886,84.4136
240.8881,79.4335,27.1886,84.4136
240.8881,79.4335,27.1886,84.4136
240.8881,79.4335,27.1886,84.4136
2
0
0
0
0
1
227.0700,70.9510,27.1600,66.5290
250.2746,69.7424,35.1770,63.2292
250.2746,69.7424,35.1770,63.2292
2
0
0
0
0
1
228.1100,79.1633,38.3869,69.7637
229.4435,77.8575,37.9570,78.0739
229.4435,77.8575,37.9570,78.0739
229.4435,77.8575,37.9570,78.0739
229.4435,77.8575,37.9570,78.0739
229.4435,77.8575,37.9570,78.0739
229.4435,77.8575,37.9570,78.0739
229.4435,77.8575,37.9570,78.0739
229.4435,77.8575,37.9570,78.0739
229.4435,77.8575,37.9570,78.0739
229.4435,77.8575,37.9570,78.0739
229.4435,77.8575,37.9570,78.0739
229.4435,77.8575,37.9570,78.0739
229.4435,77.8575,37.9570,78.0739
231.8233,72.6990,36.8803,79.2079
231.8233,72.6990,36.8803,79.2079
231.8233,72.6990,36.8803,79.2079
232.4661,70.5343,34.7959,87.9496
232.4661,70.5343,34.7959,87.9496
232.4661,70.5343,34.7959,87.9496
232.4661,70.5343,34.7959,87.9496
232.4661,70.5343,34.7959,87.9496
232.4661,70.5343,34.7959,87.9496
232.4661,70.5343,34.7959,87.9496
232.4661,70.5343,34.7959,87.9496
232.4661,70.5343,34.7959,87.9496
232.4661,70.5343,34.7959,87.9496
232.4661,70.5343,34.7959,87.9496
232.4661,70.5343,34.7959,87.9496
232.4661,70.5343,34.7959,87.9496
232.4661,70.5343,34.7959,87.9496
232.4661,70.5343,34.7959,87.9496
232.4661,70.5343,34.7959,87.9496
232.4661,70.5343,34.7959,87.9496
232.4661,70.5343,34.7959,87.9496
2
0
0
0
0
1
223.1900,59.6450,23.4500,89.6950
223.1900,59.6450,23.4500,89.6950
223.1900,59.6450,23.4500,89.6950
223.1900,59.6450,23.4500,89.6950
223.1900,59.6450,23.4500,89.6950
2
0
0
0
0
1
284.0100,74.0310,22.9100,75.9590
284.0100,74.0310,22.9100,75.9590
284.0100,74.0310,22.9100,75.9590
284.0100,74.0310,22.9100,75.9590
284.0100,74.0310,22.9100,75.9590
2
0
0
0
0
1
308.1220,82.3442,28.3644,73.7391
294.2262,85.6226,37.9095,66.7634
298.1800,78.7867,32.2538,66.5609
294.2538,78.0299,28.2189,58.7056
290.5554,73.4586,31.0017,63.3195
290.5554,73.4586,31.0017,63.3195
290.5554,73.4586,31.0017,63.3195
290.5554,73.4586,31.0017,63.3195
290.5554,73.4586,31.0017,63.3195
290.5554,73.4586,31.0017,63.3195
2
0
0
0
0
1
286.6816,82.3148,29.7563,72.9593
289.9247,73.0279,29.2318,81.9965
291.6305,75.3373,25.7831,79.0107
291.6305,75.3373,25.7831,79.0107
291.6305,75.3373,25.7831,79.0107
291.6305,75.3373,25.7831,79.0107
2
0
0
0
0
1
310.3483,85.0646,24.2151,61.2073
309.0945,83.5192,25.1703,54.6176
306.8839,86.4733,22.3669,47.7701
311.6888,83.3406,28.5828,50.2048
311.6888,83.3406,28.5828,50.2048
314.1291,84.1965,35.7419,50.6508
314.7693,85.5475,33.0941,53.8970
299.8707,84.1717,36.3262,47.8535
299.8707,84.1717,36.3262,47.8535
299.8707,84.1717,36.3262,47.8535
299.8707,84.1717,36.3262,47.8535
299.8707,84.1717,36.3262,47.8535
299.8707,84.1717,36.3262,47.8535
299.8707,84.1717,36.3262,47.8535
299.8707,84.1717,36.3262,47.8535
299.8707,84.1717,36.3262,47.8535
299.8707,84.1717,36.3262,47.8535
299.8707,84.1717,36.3262,47.8535
299.8707,84.1717,36.3262,47.8535
299.8707,84.1717,36.3262,47.8535
2
0
0
0
0
1
341.6837,79.5122,20.9255,50.1732
341.2632,83.6591,23.0570,44.2735
341.4224,84.0452,28.5960,49.6851
347.1653,82.1886,24.0115,49.8168
347.1653,82.1886,24.0115,49.8168
350.9062,78.4372,20.0184,54.4589
350.9062,78.4372,20.0184,54.4589
358.5386,91.7535,25.1516,54.7868
358.2570,82.0793,21.4471,56.2000
358.2570,82.0793,21.4471,56.2000
358.2570,82.0793,21.4471,56.2000
358.2570,82.0793,21.4471,56.2000
358.2570,82.0793,21.4471,56.2000
358.2570,82.0793,21.4471,56.2000
358.2570,82.0793,21.4471,56.2000
358.2570,82.0793,21.4471,56.2000
358.2570,82.0793,21.4471,56.2000
2
0
0
0
0
1
330.6463,93.2213,27.7893,47.6604
336.6991,92.4717,22.8081,49.9107
338.5993,95.9983,22.4320,44.2497
341.3412,97.9212,19.2327,43.3914
341.3412,97.9212,19.2327,43.3914
341.3412,97.9212,19.2327,43.3914
341.3412,97.9212,19.2327,43.3914
341.3412,97.9212,19.2327,43.3914
341.3412,97.9212,19.2327,43.3914
341.3412,97.9212,19.2327,43.3914
341.3412,97.9212,19.2327,43.3914
341.3412,97.9212,19.2327,43.3914
341.3412,97.9212,19.2327,43.3914
341.3412,97.9212,19.2327,43.3914
341.3412,97.9212,19.2327,43.3914
341.3412,97.9212,19.2327,43.3914
341.3412,97.9212,19.2327,43.3914
341.3412,97.9212,19.2327,43.3914
341.3412,97.9212,19.2327,43.3914
341.3412,97.9212,19.2327,43.3914
341.3412,97.9212,19.2327,43.3914
341.3412,97.9212,19.2327,43.3914
341.3412,97.9212,19.2327,43.3914
341.3412,97.9212,19.2327,43.3914
341.3412,97.9212,19.2327,43.3914
341.3412,97.9212,19.2327,43.3914
2
0
0
0
0
1
369.2030,103.9495,22.1119,39.3224
364.4494,100.1439,26.7670,40.9153
364.4494,100.1439,26.7670,40.9153
364.4494,100.1439,26.7670,40.9153
364.4494,100.1439,26.7670,40.9153
364.4494,100.1439,26.7670,40.9153
364.4494,100.1439,26.7670,40.9153
367.1073,98.4821,21.2596,39.1797
367.1073,98.4821,21.2596,39.1797
367.1073,98.4821,21.2596,39.1797
367.1073,98.4821,21.2596,39.1797
367.1073,98.4821,21.2596,39.1797
367.1073,98.4821,21.2596,39.1797
367.1073,98.4821,21.2596,39.1797
367.1073,98.4821,21.2596,39.1797
367.1073,98.4821,21.2596,39.1797
367.1073,98.4821,21.2596,39.1797
367.1073,98.4821,21.2596,39.1797
367.1073,98.4821,21.2596,39.1797
2
0
0
0
0
1
353.5246,103.6931,25.6420,58.0606
354.9960,100.0272,26.9297,53.2807
354.9960,100.0272,26.9297,53.2807
356.1109,105.4774,25.5948,51.1776
357.0214,99.4215,21.8191,47.6159
357.0214,99.4215,21.8191,47.6159
357.0214,99.4215,21.8191,47.6159
357.0214,99.4215,21.8191,47.6159
357.0214,99.4215,21.8191,47.6159
357.0214,99.4215,21.8191,47.6159
357.0214,99.4215,21.8191,47.6159
357.0214,99.4215,21.8191,47.6159
357.0214,99.4215,21.8191,47.6159
357.0214,99.4215,21.8191,47.6159
357.0214,99.4215,21.8191,47.6159
357.0214,99.4215,21.8191,47.6159
357.0214,99.4215,21.8191,47.6159
2
0
0
0
