1
313.1751,230.1932,26.8501,76.0793
324.9292,237.8099,27.2238,75.8137
336.1750,237.4196,27.2578,78.3432
335.6129,239.0210,29.4944,76.3742
341.6440,232.9819,28.2547,78.5422
337.0089,235.6428,28.3013,76.0452
332.7361,240.8681,27.8925,78.5903
320.7481,236.1700,28.7766,76.5399
326.8732,240.9910,28.1621,78.2210
333.4084,232.7226,29.3256,78.8255
332.3365,232.7572,31.4324,78.0965
338.4860,231.8299,31.1095,80.0963
374.6871,239.0415,30.3371,80.0276
400.5323,233.6143,30.4575,79.5903
405.1396,222.1285,33.2681,76.0997
443.6814,224.1585,37.0994,72.1636
471.0635,235.2563,35.7974,73.8849
470.0220,215.9239,37.3487,71.7177
484.2699,224.3547,33.1554,79.3910
455.4420,243.8255,32.5745,81.1266
453.5479,242.3816,32.5654,81.2705
480.5552,228.5197,33.7578,79.5905
478.9738,220.1809,32.3626,82.5297
462.8752,200.6726,34.9224,78.7665
448.6015,196.2341,37.3488,75.1908
428.0096,207.4780,35.6830,79.5366
420.4001,206.9714,35.0536,79.7973
418.5463,194.8374,38.9982,75.1057
411.2927,184.1065,39.8589,70.5334
392.1063,190.8758,40.1469,70.9166
381.8243,196.9514,36.8505,74.3143
381.2841,201.1080,34.1372,78.2703
382.2636,194.0475,33.9408,78.5920
374.9442,191.4375,31.6122,82.4256
374.2379,190.7060,31.8659,82.9337
389.5563,193.0042,32.6009,81.4256
390.3967,202.7452,33.4952,79.0957
397.5906,210.3500,33.7519,79.4573
396.8954,205.7051,35.4050,75.3546
390.0452,207.7771,36.0178,73.8289
364.6408,221.5975,34.2887,74.3481
339.0713,240.9139,32.0554,72.5960
329.2157,239.7078,28.7001,76.0600
300.7661,240.4006,30.8511,75.5009
329.0236,251.9176,29.8300,76.5093
317.7490,245.8409,30.1130,74.5198
312.1533,258.8245,29.7983,73.7984
302.6743,249.4771,35.1990,66.1922
291.5455,245.2792,35.7499,64.2910
286.1430,250.7343,33.9729,64.3107
284.1701,245.5030,37.0168,61.3386
2
0
0
0
0
1
539.3019,268.5045,37.7579,74.7161
541.1589,260.7582,34.7200,77.4377
541.9525,252.3988,34.4210,77.7685
501.1911,275.3410,31.0229,86.2634
506.6728,268.4565,31.2175,87.2496
498.7429,266.0007,30.3522,92.8150
493.1224,264.1997,29.8858,96.9933
494.2552,264.4930,31.0514,97.5635
500.0144,265.8974,33.8618,96.3596
502.3756,259.1805,34.4890,94.6541
509.6330,249.8569,33.9745,99.3401
510.7140,250.6884,34.0948,98.1411
496.0987,260.5369,34.9745,95.9655
488.3290,259.6689,34.1685,100.9832
456.1450,240.0588,44.6325,89.6888
466.9150,253.3780,42.0447,94.8367
458.7596,250.8324,41.1530,97.1714
428.6214,247.7542,52.3550,84.3156
403.9751,270.0093,49.5765,88.0306
361.5648,270.0143,47.0975,87.6330
319.7752,267.5086,44.9391,89.5809
311.5220,266.4736,45.8823,88.2002
276.8599,260.3405,44.7896,84.4415
286.0148,254.1654,44.7487,82.7256
281.7410,259.7218,40.7003,87.5932
266.4078,266.5948,41.0359,87.8475
249.6785,265.7139,40.7284,87.7637
241.9436,271.9881,39.1628,89.6104
241.2057,264.1343,39.0154,88.4282
289.5165,233.1923,40.6782,87.3512
281.2878,215.1025,39.2595,90.7672
289.6597,231.2687,39.1842,91.0869
324.4973,215.4789,38.7464,92.2517
2
0
0
0
0
1
430.4368,235.6721,52.8576,101.8454
438.1992,196.0467,50.9436,106.0541
427.1892,166.8584,52.8937,104.1126
381.0180,234.2062,51.5054,103.6794
360.0795,234.6168,52.2723,99.4761
341.1925,201.4282,54.1637,93.9879
338.0638,172.4361,54.3036,95.6152
348.1673,169.6426,52.6895,99.3375
356.9081,151.5017,53.2582,98.4532
346.2521,131.9556,52.0004,100.3450
336.9805,111.5350,49.9323,104.0985
2
0
0
