1
2
0
0
0
0
1
2
0
0
0
0
1
2
0
0
0
0
1
2
0
0
0
0
1
404.7818,205.4304,66.4752,69.6367
2
0
0
0
0
1
423.6856,183.6712,120.5254,115.9051
423.1065,180.2516,125.7223,160.5003
2
0
0
0
0
1
366.6898,54.7237,198.1659,276.1126
325.8214,22.1708,248.7271,329.3636
348.0504,182.5287,305.0874,294.6839
177.1236,205.3470,251.2011,274.6530
352.0602,10.6724,203.1265,423.2149
314.4204,4.5085,170.2776,446.2941
320.7485,3.4511,204.6817,441.8204
301.7933,3.5675,177.1295,434.8256
241.5372,5.6651,144.2875,447.2552
272.3840,0.0000,112.9443,435.0241
270.7085,0.0000,109.1333,245.8192
124.4896,256.6179,160.1553,147.9699
120.3571,230.9180,199.5207,205.2359
229.9048,0.0000,299.5793,272.4744
200.1687,0.0000,183.3944,308.1592
175.9776,0.0000,200.4598,292.5178
147.4441,0.0000,229.7700,290.2234
122.3949,1.0079,251.0255,282.0789
95.5154,2.3668,267.5140,285.8091
74.3896,0.0000,294.6836,291.7895
55.8339,0.0000,334.9570,293.1627
38.7478,0.0000,332.1285,302.8474
20.8727,0.0000,336.1488,314.4630
14.1050,0.0000,340.4324,324.9188
13.0634,0.3225,342.5034,338.6902
34.3250,0.0000,340.6088,347.5385
53.7218,0.0000,341.0303,360.5760
68.7813,0.0000,302.3604,372.9420
80.4122,0.3604,289.8718,339.0147
98.9007,0.0000,275.5913,346.0552
106.0316,2.7309,266.2522,346.9904
121.5167,2.7558,252.9306,349.1777
332.2086,2.5863,241.6013,459.9318
327.8156,0.0000,242.6796,458.9607
341.9909,1.6893,188.0275,471.4010
371.7123,0.0000,201.3974,468.5234
188.8910,0.5838,199.2889,372.4312
203.2329,0.0000,197.3964,363.7408
214.7484,0.2970,195.6750,360.6218
232.3145,1.3503,175.3861,306.8996
238.4301,0.9007,157.0314,297.0968
251.7936,2.1643,175.3847,307.5357
271.4198,274.7730,219.7053,169.2004
284.7307,3.4055,89.6732,302.7419
306.7631,0.0000,73.2241,306.2707
322.2664,6.1607,75.8704,283.7516
336.7677,0.0000,57.2802,253.8130
346.5753,8.2020,123.7883,192.0817
318.7743,11.2844,193.8705,234.0742
354.2760,13.1632,429.7021,220.9222
265.6510,305.2670,285.0175,174.3300
354.6574,1.2080,439.5771,318.8483
255.7270,262.8880,274.2560,204.3700
340.4985,0.0000,379.9992,280.9709
328.0720,8.9028,369.5326,309.0981
304.4017,1.0007,255.9769,447.4602
300.9930,0.9123,271.5131,277.0016
280.6730,8.6158,192.0961,242.9334
271.5308,21.7803,118.3357,207.2769
260.1968,38.9065,119.8409,168.4561
249.2569,53.0475,126.1914,152.7324
247.1164,66.1876,128.0514,139.2325
241.4497,75.3298,132.7410,120.3099
246.0239,87.7585,124.5173,120.5462
250.0438,90.0567,116.6000,110.1995
257.0749,93.8378,97.5004,96.6256
262.5762,97.6767,90.6985,85.5037
263.5057,99.7827,86.3325,80.1127
264.5118,107.1166,80.8794,77.6656
266.3392,114.8936,73.5090,77.7139
265.8750,122.7440,68.3532,65.5978
266.3085,128.2228,59.4820,58.9845
264.4992,135.1275,58.0818,55.3902
265.1349,140.6369,54.4788,55.7792
268.1227,145.2334,52.5895,53.2989
273.1851,146.3707,49.4655,51.6389
279.6117,148.4066,46.8814,47.3915
286.1435,149.2883,43.5780,44.7236
293.2863,151.8447,41.2612,36.8151
297.5656,154.5919,38.3881,38.7270
301.2325,159.7607,37.4202,38.1430
303.0355,164.7943,36.5822,39.6542
303.7321,170.8184,35.0792,42.9372
304.9562,177.2134,35.0679,40.0648
306.7601,181.6307,34.4354,41.4060
308.3456,186.0146,33.7190,44.3838
310.9524,189.2665,32.5144,36.3332
314.1949,193.8287,32.0875,40.9084
316.8412,194.7146,32.3071,34.3254
321.3488,196.4052,30.5775,31.8869
325.4904,198.3025,29.0194,33.8744
