1
97.0128,57.1638,159.2902,99.6669
132.3848,57.6988,149.0464,118.5876
94.4617,12.0679,135.1707,144.6494
97.2503,10.5580,146.7686,202.1158
103.1387,12.9453,181.1337,166.2465
2
0
0
0
0
1
148.3625,5.2016,110.2178,115.1739
153.7794,12.4266,111.4683,105.0377
158.1142,17.2520,114.4212,106.1758
186.6190,21.7366,88.3491,103.1331
170.0860,32.1586,145.5478,106.3411
183.1928,36.4511,67.3207,129.7426
187.2094,46.4163,74.9543,112.5217
193.2745,55.6216,63.2118,113.9283
195.5093,64.1722,53.6142,105.8285
196.2728,73.6432,84.0518,66.2282
197.5044,79.1405,58.2149,63.6195
277.5419,84.5190,65.3195,59.1208
279.0981,81.6649,73.9858,60.6009
257.6306,77.3711,88.5712,54.7571
254.4869,77.1968,81.5749,77.5589
300.0273,63.6329,103.9646,69.3949
2
0
0
0
0
1
178.5818,148.5067,83.2156,68.9979
179.7603,157.2493,77.3427,59.2742
182.5066,163.5048,76.6807,51.7748
189.2166,125.5410,63.9983,88.8341
191.7461,124.7762,62.6355,88.4442
193.5839,133.9518,55.7253,77.0215
185.1592,137.8044,62.6238,65.9909
187.3969,140.5550,75.2795,75.5072
191.9146,139.2464,55.3897,73.4469
188.7098,138.6104,69.0946,57.8391
189.0006,141.7697,68.7555,52.3673
189.5265,148.1842,65.0685,50.3993
191.4139,152.1217,63.7466,52.5511
191.3803,163.7617,69.4112,59.8073
192.1485,169.8698,78.0074,59.9652
193.3988,171.6925,85.1212,78.1674
198.5516,179.5637,91.5919,75.7851
201.1575,184.3174,90.2462,79.4930
205.7738,192.7095,81.9203,77.8962
207.3986,199.6896,86.5900,76.9094
213.2972,197.6669,99.8351,84.4229
208.2504,213.0305,94.0555,77.1021
225.9866,214.4458,88.0555,83.0253
231.4134,215.0808,89.3992,86.2596
238.2682,217.3200,90.2391,88.0857
243.8724,224.3717,91.6646,84.6522
250.4480,222.7129,89.3001,89.5444
259.1538,225.9413,94.7689,86.1548
273.3436,243.7320,78.0459,68.4576
281.5475,259.8112,83.6605,53.5139
291.3494,248.5994,84.0806,59.6998
304.5518,212.1595,67.1199,92.7427
305.5956,218.6264,89.7876,80.1075
325.3729,204.8391,84.8525,75.0912
329.2814,197.1371,86.1526,65.9605
318.8490,147.0817,70.1344,72.9074
326.2798,164.4275,72.8499,64.0450
352.9438,144.8366,56.4241,71.7733
361.9214,134.4446,58.9829,66.2086
358.9536,144.3696,82.0569,49.2102
2
0
0
0
0
1
385.9778,22.6831,142.1720,114.7003
362.9764,0.0000,164.5812,125.5432
391.2455,0.0000,131.1779,82.2226
381.6817,3.1579,133.0245,150.8142
372.6279,0.0000,131.1420,66.8191
365.6456,1.1757,127.2940,66.7033
391.3959,6.6841,90.7058,159.9903
370.0827,6.2385,95.9029,189.0234
335.1913,21.6858,112.6100,118.7386
356.1266,19.8060,103.7659,133.1008
332.8707,18.2231,89.9353,122.6137
303.2815,22.5330,109.7133,96.4391
280.8531,34.1013,108.2964,78.9818
287.2191,31.8143,88.6198,106.7279
262.2611,57.8835,107.0798,85.6276
250.5662,35.4658,106.7964,125.9584
236.4383,40.7304,121.8254,113.4271
227.7005,39.4699,126.4282,117.0670
225.6088,35.4612,121.7235,122.0015
218.3148,37.9340,129.3373,115.9402
213.9097,36.7176,138.7949,118.1094
210.2633,34.5897,128.9648,116.9694
205.6799,40.4666,125.4940,104.2238
198.2278,36.9735,140.9314,105.1345
196.7128,50.0677,131.4105,96.4437
192.7389,39.2004,136.5391,109.2003
188.1767,41.3304,138.5427,108.8750
179.4554,34.3015,120.6405,119.6435
170.8452,49.1147,129.4326,175.6472
113.6814,29.7062,216.9275,195.2685
120.7602,15.7862,362.3092,304.7599
2
0
0
0
0
1
80.3895,102.1811,122.4794,115.5994
68.3861,87.9869,121.0704,104.1056
59.1683,82.3560,124.6144,110.4817
54.6461,146.3099,114.3368,107.5075
50.4633,167.6691,115.8216,78.1038
49.9628,123.5117,112.4225,123.7921
52.0494,181.6482,108.7795,71.9726
58.8033,152.5674,99.0161,87.3150
63.3254,151.9664,89.8949,89.9567
67.1301,145.4691,78.5695,76.6238
72.9970,130.3203,74.0972,75.0697
82.9623,117.0099,81.3540,82.4030
102.1638,147.1868,88.7792,60.8086
121.5346,119.6389,57.8445,63.4237
137.4542,125.2809,53.8859,47.2858
157.7393,132.9456,56.4657,53.6460
163.8424,96.2624,51.8961,61.5261
173.5952,90.6870,45.8910,60.4784
154.1290,81.6076,47.4410,65.8061
190.1324,124.8053,59.4174,43.9227
196.4639,121.0266,61.1601,49.5176
200.5746,119.5991,57.6540,52.6555
201.5522,124.0790,55.9282,53.2934
202.8208,124.9135,56.7331,58.9346
205.4409,128.6611,52.9641,60.7242
210.3410,116.0888,53.8271,76.7957
213.5585,148.1309,50.8367,50.4725
213.8146,157.9190,49.1521,41.3905
211.5696,146.6398,48.6741,48.7235
209.3833,166.0540,49.2674,37.5369
207.5595,171.4615,49.1249,38.4615
209.4444,171.0486,49.5120,45.7831
208.5298,180.0525,53.0732,43.5137
212.2113,189.4126,49.0537,39.7369
215.5612,186.9919,49.0698,44.9824
215.5567,194.0761,52.4587,42.1437
214.2554,197.1115,51.0386,41.6114
213.3859,195.1363,52.3845,46.5001
212.1859,201.9475,53.3892,41.4131
216.7571,207.4250,53.4792,38.8728
219.0688,209.5997,55.0444,38.4981
222.7383,212.0959,54.5653,37.7494
224.3801,187.6835,55.5243,60.6494
221.0180,198.7187,59.2651,47.3931
221.8526,207.8110,57.6436,37.4185
220.3643,183.3786,60.5438,60.8546
225.8428,204.9338,60.3758,36.0538
