1
665.2217,676.1885,57.2039,40.6533
668.5374,676.2625,62.5121,43.1975
668.5374,676.2625,62.5121,43.1975
668.5374,676.2625,62.5121,43.1975
2
0
0
0
0
1
680.8900,612.2100,43.9000,13.1600
2
0
0
0
0
1
716.5828,525.3090,31.1980,33.0328
713.7899,534.9282,32.1106,42.8326
713.7899,534.9282,32.1106,42.8326
713.7899,534.9282,32.1106,42.8326
2
0
0
0
0
1
747.1885,493.9365,36.2989,18.0413
747.1885,493.9365,36.2989,18.0413
771.4738,485.6376,38.1556,24.4256
771.4738,485.6376,38.1556,24.4256
2
0
0
0
0
1
808.4800,435.5500,18.1000,40.6600
808.4800,435.5500,18.1000,40.6600
808.4800,435.5500,18.1000,40.6600
808.4800,435.5500,18.1000,40.6600
808.4800,435.5500,18.1000,40.6600
2
0
0
0
0
1
825.4111,397.0744,48.7321,52.1085
842.0722,387.8727,53.5877,50.8717
842.0722,387.8727,53.5877,50.8717
2
0
0
0
0
1
866.2468,419.4015,19.0081,29.3075
882.9780,409.3132,22.0122,30.2257
2
0
0
0
0
1
2
0
0
0
0
1
803.6300,476.9500,29.8700,24.9700
803.6300,476.9500,29.8700,24.9700
803.6300,476.9500,29.8700,24.9700
803.6300,476.9500,29.8700,24.9700
2
0
0
0
0
1
2
0
0
0
0
1
2
0
0
0
0
1
2
0
0
0
0
1
649.2100,420.2900,15.7300,16.9400
649.2100,420.2900,15.7300,16.9400
649.2100,420.2900,15.7300,16.9400
649.2100,420.2900,15.7300,16.9400
649.2100,420.2900,15.7300,16.9400
2
0
0
0
0
1
631.3500,388.7200,18.1500,14.5300
631.3500,388.7200,18.1500,14.5300
