1
654.5919,272.5771,28.5872,138.8736
652.9547,289.7544,25.9041,127.6839
656.8219,292.8451,26.2046,121.7239
658.0129,296.2027,37.8072,119.8291
658.0129,296.2027,37.8072,119.8291
658.0129,296.2027,37.8072,119.8291
658.0129,296.2027,37.8072,119.8291
658.0129,296.2027,37.8072,119.8291
658.0129,296.2027,37.8072,119.8291
658.0129,296.2027,37.8072,119.8291
658.0129,296.2027,37.8072,119.8291
658.0129,296.2027,37.8072,119.8291
658.0129,296.2027,37.8072,119.8291
2
0
0
0
0
1
643.8500,304.9300,23.9800,135.5700
640.9723,420.9040,28.4356,140.2963
640.9723,420.9040,28.4356,140.2963
640.9723,420.9040,28.4356,140.2963
640.9723,420.9040,28.4356,140.2963
640.9723,420.9040,28.4356,140.2963
640.9723,420.9040,28.4356,140.2963
640.9723,420.9040,28.4356,140.2963
640.9723,420.9040,28.4356,140.2963
640.9723,420.9040,28.4356,140.2963
640.9723,420.9040,28.4356,140.2963
2
0
0
0
0
1
656.0850,255.7154,42.1733,135.5490
656.0850,255.7154,42.1733,135.5490
656.0850,255.7154,42.1733,135.5490
656.0850,255.7154,42.1733,135.5490
656.0850,255.7154,42.1733,135.5490
656.0850,255.7154,42.1733,135.5490
2
0
0
0
0
1
633.3755,236.4839,56.1136,131.1184
638.6230,240.2316,49.0895,121.2574
638.9122,244.4367,63.6337,121.9682
638.9122,244.4367,63.6337,121.9682
619.3724,242.2182,81.1242,116.2095
620.1865,239.2089,89.2372,120.4424
633.5417,246.6595,79.3060,110.9079
625.5170,251.0593,86.9123,101.7070
619.6981,255.9705,70.0993,103.6678
619.6981,255.9705,70.0993,103.6678
619.6981,255.9705,70.0993,103.6678
619.6981,255.9705,70.0993,103.6678
619.6981,255.9705,70.0993,103.6678
619.6981,255.9705,70.0993,103.6678
619.6981,255.9705,70.0993,103.6678
619.6981,255.9705,70.0993,103.6678
619.6981,255.9705,70.0993,103.6678
619.6981,255.9705,70.0993,103.6678
2
0
0
0
0
1
704.3649,213.4503,24.7429,139.5728
707.2762,203.8836,39.5598,136.7373
707.8388,211.5938,26.5095,133.8769
707.8388,211.5938,26.5095,133.8769
707.8388,211.5938,26.5095,133.8769
707.8388,211.5938,26.5095,133.8769
722.2425,204.5883,31.4180,126.1773
2
0
0
0
0
1
731.6000,198.4100,47.4900,136.1400
731.6000,198.4100,47.4900,136.1400
731.6000,198.4100,47.4900,136.1400
731.6000,198.4100,47.4900,136.1400
731.6000,198.4100,47.4900,136.1400
731.6000,198.4100,47.4900,136.1400
731.6000,198.4100,47.4900,136.1400
731.6000,198.4100,47.4900,136.1400
731.6000,198.4100,47.4900,136.1400
2
0
0
0
0
1
740.7141,202.1741,49.9760,124.0846
740.7141,202.1741,49.9760,124.0846
740.7141,202.1741,49.9760,124.0846
2
0
0
0
0
1
776.5757,191.5904,43.0858,124.0140
776.5757,191.5904,43.0858,124.0140
776.5757,191.5904,43.0858,124.0140
776.5757,191.5904,43.0858,124.0140
776.5757,191.5904,43.0858,124.0140
776.5757,191.5904,43.0858,124.0140
776.5757,191.5904,43.0858,124.0140
776.5757,191.5904,43.0858,124.0140
776.5757,191.5904,43.0858,124.0140
776.5757,191.5904,43.0858,124.0140
776.5757,191.5904,43.0858,124.0140
776.5757,191.5904,43.0858,124.0140
2
0
0
0
0
1
764.6163,212.8616,55.9189,118.2520
760.6514,216.5007,57.3623,113.1534
751.8987,220.2920,60.7976,113.3617
751.8987,220.2920,60.7976,113.3617
751.8987,220.2920,60.7976,113.3617
2
0
0
0
0
1
832.5480,191.1173,88.7948,160.9432
824.9609,187.2834,110.7399,167.7652
855.6458,216.3416,110.8753,136.1315
860.7446,225.6868,138.2122,112.4153
826.2258,146.2307,125.6007,108.2229
826.2258,146.2307,125.6007,108.2229
826.2258,146.2307,125.6007,108.2229
826.2258,146.2307,125.6007,108.2229
826.2258,146.2307,125.6007,108.2229
2
0
0
0
0
1
848.7759,159.0670,66.8003,204.1834
865.2435,196.0985,58.7961,175.1899
876.8060,185.5528,81.3486,184.3999
876.8060,185.5528,81.3486,184.3999
876.8060,185.5528,81.3486,184.3999
876.8060,185.5528,81.3486,184.3999
876.8060,185.5528,81.3486,184.3999
876.8060,185.5528,81.3486,184.3999
876.8060,185.5528,81.3486,184.3999
876.8060,185.5528,81.3486,184.3999
876.8060,185.5528,81.3486,184.3999
876.8060,185.5528,81.3486,184.3999
866.6417,143.2065,95.7755,201.2400
866.6417,143.2065,95.7755,201.2400
866.6417,143.2065,95.7755,201.2400
866.6417,143.2065,95.7755,201.2400
866.6417,143.2065,95.7755,201.2400
866.6417,143.2065,95.7755,201.2400
866.6417,143.2065,95.7755,201.2400
866.6417,143.2065,95.7755,201.2400
2
0
0
0
0
1
854.4178,107.0439,142.1616,293.9445
878.8644,120.9483,139.6790,262.5287
900.6591,113.4144,143.5927,265.3516
900.6591,113.4144,143.5927,265.3516
900.6591,113.4144,143.5927,265.3516
900.6591,113.4144,143.5927,265.3516
2
0
0
0
0
1
740.2481,284.6385,255.0215,136.4436
690.0386,289.8810,267.7348,144.5185
791.8706,290.9719,272.3589,162.0692
791.8706,290.9719,272.3589,162.0692
791.8706,290.9719,272.3589,162.0692
791.8706,290.9719,272.3589,162.0692
576.1563,199.9375,256.1864,149.4710
596.8956,202.5606,257.8072,110.9501
571.0414,208.7543,261.0438,87.4901
571.0414,208.7543,261.0438,87.4901
2
0
0
0
0
1
545.2332,-1.1242,215.9379,410.7014
556.2109,56.0760,284.9934,352.4521
560.8848,83.7182,268.7053,376.0543
549.8267,85.8321,324.1179,366.9907
592.5480,115.6265,379.1781,345.4766
756.1660,104.0833,330.0617,428.8908
756.1660,104.0833,330.0617,428.8908
756.1660,104.0833,330.0617,428.8908
756.1660,104.0833,330.0617,428.8908
756.1660,104.0833,330.0617,428.8908
756.1660,104.0833,330.0617,428.8908
756.1660,104.0833,330.0617,428.8908
756.1660,104.0833,330.0617,428.8908
756.1660,104.0833,330.0617,428.8908
2
0
0
0
0
1
597.5155,144.4319,94.2668,358.6574
597.5155,144.4319,94.2668,358.6574
574.4301,187.1393,98.2879,374.3618
619.5822,188.4966,135.6078,343.4440
619.5822,188.4966,135.6078,343.4440
619.5822,188.4966,135.6078,343.4440
619.5822,188.4966,135.6078,343.4440
619.5822,188.4966,135.6078,343.4440
580.3431,200.5026,188.7853,353.5481
539.1779,205.9294,127.8083,381.8766
547.9413,190.4037,107.2327,386.3156
547.9413,190.4037,107.2327,386.3156
