1
526.6785,205.4411,55.1515,29.9812
2
0
0
0
0
1
417.8987,200.0246,40.6865,28.7817
417.8987,200.0246,40.6865,28.7817
434.5892,199.4075,40.6682,28.8467
446.4373,208.4373,40.5180,28.9033
446.4373,208.4373,40.5180,28.9033
2
0
0
0
0
1
2
0
0
0
0
1
2
0
0
0
0
1
227.7747,186.2490,44.4735,24.2961
223.6208,190.6053,44.7847,24.1443
206.9832,156.4474,44.0006,24.4730
2
0
0
0
0
1
156.6042,187.6587,38.4368,38.9051
112.9208,168.7817,38.1142,39.2115
2
0
0
0
0
1
2
0
0
0
0
1
117.3311,182.8582,36.4089,34.7354
2
0
0
0
0
1
134.2184,145.7325,37.9317,35.8091
2
0
0
0
0
1
187.6037,209.7189,34.8212,33.9905
178.8929,218.4529,34.5135,34.1945
2
0
0
0
0
1
2
0
0
0
0
1
2
0
0
0
0
1
202.6298,194.2099,42.5967,48.1083
251.8880,223.6406,44.5255,46.5769
206.0532,234.8335,44.1535,47.0557
200.4361,187.7926,43.7697,47.7723
2
0
0
0
0
1
254.3569,199.8276,43.9689,39.6328
2
0
0
0
0
1
2
0
0
0
0
1
288.5070,236.5326,45.9227,43.3433
237.6147,247.6644,46.5739,42.6836
2
0
0
0
0
1
304.8923,259.3289,58.2612,47.8044
324.5062,278.7622,57.3218,48.7166
2
0
0
0
0
1
238.4127,271.9924,42.9180,46.0887
2
0
0
0
0
1
254.3244,285.1436,48.6696,34.7530
254.3244,285.1436,48.6696,34.7530
2
0
0
0
0
1
237.3701,365.4293,51.7885,30.7194
2
0
0
0
0
1
213.6926,324.5626,53.1744,29.1760
2
0
0
0
0
1
2
0
