1
198.3259,175.4036,39.6731,58.8123
202.9109,177.8743,31.2940,50.8010
205.7059,176.5951,26.5121,48.6551
205.8643,175.8101,27.5536,47.9026
205.7431,175.4319,27.6955,47.1839
202.7210,176.8627,30.9372,48.2446
202.4375,172.8657,32.8132,46.2852
200.9448,172.7094,32.4994,41.2773
200.7179,161.7662,33.3393,47.2934
197.8102,154.9325,36.3281,52.7128
197.5741,154.7768,37.3638,50.2684
195.7125,102.7989,37.7829,61.3830
196.2759,96.6023,37.1673,66.8099
190.1220,92.8085,42.8211,65.6625
188.4885,91.5023,44.5171,71.7668
188.9607,90.8504,46.0576,76.7830
187.8598,89.0575,48.2885,74.5768
187.5922,88.9675,44.6918,73.3595
187.9497,87.1855,44.6161,70.7787
188.0508,87.1875,45.1733,71.4187
187.6236,87.5044,45.2098,73.2476
188.3997,89.0241,45.0603,72.5976
188.9693,91.6269,45.3396,72.2957
190.2109,96.0198,43.2632,70.9642
191.7074,100.0972,41.5695,71.9273
193.1679,103.9919,41.0255,83.4457
195.1973,109.7018,40.1911,78.8141
195.3720,111.1740,38.4389,91.8849
194.6106,110.5272,40.3837,72.6044
202.1425,110.0218,32.3376,71.7163
202.1992,105.4831,31.8168,75.5227
202.8431,101.1573,30.1302,74.6783
204.3907,93.1354,28.8209,79.2550
202.4532,86.5142,30.9506,78.6918
203.8997,82.3480,29.9038,82.4226
205.8934,77.2120,28.5233,77.4271
207.1436,77.6097,27.7444,74.4276
208.4008,96.9778,25.4033,61.8018
210.1017,105.6831,23.8467,60.0576
211.3183,104.1801,25.1577,61.2711
209.9982,99.5685,25.3530,59.1598
211.4729,101.5581,22.5481,51.4863
210.9345,105.5149,22.1213,45.0842
211.0839,108.3258,22.2475,43.6797
210.6921,114.5034,21.7399,44.5097
212.4792,128.3349,20.9012,46.1332
213.9390,140.4792,20.3661,39.9219
214.1907,146.2684,19.6554,40.6264
215.3964,149.3080,18.1006,34.0256
217.6790,156.4642,15.7810,42.5399
217.3111,156.4624,15.9888,32.6179
220.0259,154.7775,14.0356,30.7125
221.2950,150.3641,14.1869,20.0447
228.6125,158.6116,18.4579,25.4710
229.8280,167.5463,17.9776,27.7351
2
0
0
0
0
1
2
0
0
0
0
1
2
0
0
0
0
1
2
0
0
0
0
1
2
0
0
0
0
1
2
0
0
0
0
1
2
0
0
0
0
1
2
0
0
0
0
1
2
0
0
0
0
1
2
0
0
0
0
1
2
0
0
0
0
1
225.7035,113.4967,81.4495,109.1796
2
0
0
0
0
1
2
0
0
0
0
1
2
0
0
0
0
1
2
0
0
0
0
1
2
0
0
0
0
1
2
0
0
0
0
1
2
0
0
0
0
1
238.2058,110.7856,74.4059,117.7725
2
0
0
0
0
1
226.0302,98.4326,74.5426,108.7722
2
0
0
0
0
1
221.6472,138.5196,97.9769,79.8409
2
0
0
0
0
1
2
0
0
0
0
1
222.4389,103.4615,75.2397,138.8474
218.5814,101.6540,76.2260,146.5494
171.3662,127.2835,78.7515,104.2303
217.8028,101.7511,72.1591,137.0276
216.1994,94.9623,104.9775,137.9040
216.9936,104.1479,97.2378,136.7706
153.1469,156.9034,81.0629,169.2306
2
0
0
0
0
1
214.9536,48.9243,71.9232,119.0027
214.4281,55.7549,60.8729,98.5426
212.6315,64.5431,69.5499,84.2680
214.6280,59.6810,80.1549,131.5585
214.8059,64.2960,79.3472,141.6244
214.3541,68.9579,79.1917,193.6348
155.9408,99.9469,114.3007,149.2202
193.6118,103.0745,110.9667,236.7271
2
0
0
0
0
1
222.6442,103.9820,68.1861,99.2609
222.0293,97.4201,78.7489,112.7189
2
0
0
0
0
1
2
0
0
0
0
1
2
0
0
0
0
1
2
0
0
0
0
1
2
0
0
0
0
1
197.8096,32.7186,48.0355,84.7555
197.1071,33.6913,35.8418,83.3775
192.6648,52.5991,43.3536,67.2408
193.1355,38.4491,40.0519,79.2473
190.1889,42.0616,43.0124,78.1694
183.3436,45.1428,49.8414,88.8124
183.4453,48.7296,50.6853,87.2336
179.8668,52.5947,54.1143,86.0032
176.5659,54.7504,58.8656,85.2310
173.7620,58.2765,63.2671,85.4124
170.5932,62.3327,65.5743,87.4057
165.2327,64.9151,69.0615,86.6296
162.5481,70.6410,70.9877,86.6743
159.5874,74.7517,79.9273,74.6011
159.6307,77.7040,76.6071,84.7973
161.9898,76.3853,76.3859,78.7970
164.7759,71.2726,81.6077,75.7367
168.7430,64.4146,68.4321,88.9430
173.6247,59.7505,62.7664,88.8786
177.4967,47.6165,60.4817,87.8640
180.6873,40.6256,52.8067,89.1673
184.1536,34.5970,48.9602,82.6956
187.4318,30.9730,46.3558,82.7717
190.4989,26.0869,41.9860,82.8942
194.7207,24.4103,38.3861,80.4571
254.7940,28.3009,35.6988,79.2899
198.2783,38.2256,36.1443,59.2072
202.0509,48.7534,32.3336,44.1138
207.2654,48.9686,25.8053,42.4052
215.1631,42.0817,29.8424,48.4208
210.9601,52.1482,22.0380,44.4657
214.4842,56.0930,18.6421,43.5936
216.0342,68.6861,17.3244,36.9482
216.4951,77.7624,16.8256,33.8628
218.8751,80.8211,14.4513,38.1087
219.6958,94.1049,14.8019,37.1524
218.8847,95.5929,14.1761,40.9262
220.0030,90.5062,14.0306,44.2798
218.3529,92.5583,13.8806,48.5550
208.5835,114.6525,22.8081,36.8101
202.8648,105.8589,31.6079,30.1223
180.7383,92.7891,49.1831,44.1525
198.4729,52.7254,35.8375,60.2114
193.9380,36.2316,39.7475,69.4420
191.7854,23.7675,41.9890,66.7200
185.6263,20.8003,48.5246,78.5278
180.6861,19.1485,54.0578,86.1642
178.0742,21.0013,56.8253,85.3000
215.2320,22.4480,44.3762,78.9725
208.8698,31.7579,46.8060,85.3245
170.8865,42.3766,65.4123,70.0804
169.1419,38.6960,65.3171,73.6960
166.4760,39.7074,66.4448,73.4535
163.8150,42.2078,68.1987,74.9639
163.7047,45.5775,71.5979,80.6832
159.9632,51.0253,72.2548,69.4685
156.1432,51.5980,75.1241,77.7641
154.0943,57.7157,71.5952,77.5819
152.6886,64.0018,80.9608,76.6815
152.4190,69.7226,76.0764,76.1418
148.5180,73.8620,74.9092,81.1486
146.2968,79.5365,75.1222,78.9634
148.1820,77.8324,73.0649,75.6964
149.8091,72.9025,72.5756,78.5460
152.3497,62.7652,74.3684,83.5831
155.1783,50.7211,76.2152,80.2572
158.1987,45.5730,72.5506,82.9717
163.0341,28.3469,77.9306,85.0524
168.9440,25.9896,66.1477,82.0427
169.5928,20.7079,64.8474,83.5462
171.9534,17.9597,64.5519,83.2194
174.8366,17.7698,62.6579,80.1741
176.9912,17.0226,61.0981,81.0565
178.5251,17.5037,57.7254,82.2522
181.1038,18.5588,55.3116,82.5639
181.5673,19.3930,53.6797,84.5807
186.2611,19.4187,62.1765,86.4289
186.3124,26.3779,47.5420,83.8244
184.7833,31.6962,48.8038,82.7331
185.1995,34.4163,47.9086,84.4563
186.3809,39.9076,46.9536,86.0358
187.0813,46.4471,48.0413,83.9592
186.3091,55.9187,46.1561,80.6389
187.0335,57.5057,47.7031,86.4498
187.8155,68.6614,45.6206,82.2010
188.2120,71.0037,45.1427,84.1869
187.7138,69.8908,45.4022,86.1047
186.0216,66.2567,47.1658,84.7554
185.1649,62.5035,48.5047,84.1079
185.3855,60.4476,49.4465,78.7224
185.8793,43.9132,49.2251,87.6370
185.3852,35.2097,49.0738,95.6455
185.3752,34.6679,49.8365,94.8669
185.7324,32.6570,48.6010,90.3377
184.2347,31.4558,50.9646,91.4368
182.1387,32.7534,51.2577,91.0826
182.3842,32.9115,50.9776,90.1560
182.2034,32.6531,51.5963,89.1132
181.6503,33.1059,52.8181,88.4188
179.8759,32.7928,54.3644,86.9119
178.7209,33.1364,54.3667,83.9526
176.9178,34.7942,56.5744,83.6865
176.5759,37.2181,57.7896,80.4959
173.6839,40.5927,59.6513,74.3007
169.3462,44.2972,63.1511,74.2389
167.7051,52.3976,64.5647,83.4156
162.4070,62.1514,70.7814,147.3060
150.0934,86.2021,96.2946,135.0129
165.3132,116.4529,121.1678,112.6452
151.7299,59.8566,119.3126,140.8871
157.5155,61.1256,119.1819,139.9301
146.0755,59.5856,117.4482,140.5375
126.8201,105.9237,100.5221,132.9181
140.6159,59.2097,120.4759,150.2851
