1
2
0
0
0
0
1
2
0
0
0
0
1
2
0
0
0
0
1
2
0
0
0
0
1
2
0
0
0
0
1
2
0
0
0
0
1
2
0
0
0
0
1
2
0
0
0
0
1
2
0
0
0
0
1
2
0
0
0
0
1
2
0
0
0
0
1
2
0
0
0
0
1
2
0
0
0
0
1
252.5730,135.6226,47.1404,85.2665
255.8500,147.7349,30.1970,77.6652
256.2010,162.9750,26.1116,72.3014
253.4927,180.7409,32.9336,44.5228
228.9742,189.2267,38.9822,41.9325
226.5686,188.2066,55.2021,58.1001
247.6439,178.9162,33.0663,91.2202
244.4659,175.6423,36.8458,85.0454
240.4997,177.2843,40.8676,79.3498
238.4937,182.0817,41.9093,74.4588
236.4869,189.0688,44.5017,70.9957
235.3758,192.2250,45.8931,78.9859
233.1027,202.4182,47.8402,68.9473
232.9921,207.7874,49.3835,69.7611
231.2747,211.5107,50.1524,64.7951
230.1797,214.6474,51.1243,60.7936
232.4949,214.5973,49.8160,60.8962
225.1543,206.3660,59.9746,67.2813
2
0
0
0
0
1
178.0067,202.9286,69.3984,79.0304
169.9059,141.2888,104.2832,102.5574
220.6733,91.6007,123.1518,138.8168
2
0
0
0
0
1
301.9350,178.3031,57.1965,49.0343
2
0
0
0
0
1
292.8277,148.3598,47.6220,63.5829
241.2125,178.6559,41.0367,97.1636
2
0
0
0
0
1
193.9314,113.8400,85.8718,90.7906
176.3782,86.8500,95.0274,105.0610
141.4599,118.0317,118.4835,131.7069
2
0
0
0
0
1
186.8264,181.9833,87.2635,113.2608
147.5677,192.3291,114.2949,103.0606
2
0
0
0
0
1
204.6930,159.4364,76.6828,87.1718
2
0
0
0
0
1
217.2360,136.8321,66.2393,98.3615
214.6347,134.0149,67.7709,106.9144
242.2429,154.5787,50.8354,74.4524
217.0211,134.9436,69.2005,49.8666
224.8038,137.0561,61.6099,67.2291
175.0470,181.8728,49.0656,54.8939
170.2041,181.5539,42.4202,52.3463
236.7396,170.1679,36.8109,41.5079
183.9341,190.9958,32.3832,55.9454
162.5904,147.2995,56.0372,58.7165
237.1021,138.1568,42.6288,62.7318
238.7648,142.2944,53.4901,54.9354
228.9182,142.5775,62.5050,57.1026
225.8916,145.5571,73.9091,52.4706
237.6267,148.7014,65.2178,52.7641
251.3071,151.6506,45.4803,45.7761
250.5216,167.6616,30.4601,55.4809
238.7011,181.9823,42.4140,84.1244
218.5379,196.3475,63.7984,70.8193
210.0947,207.8570,68.7146,63.9436
2
0
0
0
0
1
2
0
0
0
0
1
2
0
0
0
0
1
2
0
0
0
0
1
2
0
0
0
0
1
2
0
0
0
0
1
277.7344,60.0896,50.6982,194.2904
2
0
0
0
0
1
2
0
0
0
0
1
2
0
0
0
0
1
2
0
0
0
0
1
2
0
0
0
0
1
2
0
0
0
0
1
2
0
0
0
0
1
2
0
0
0
0
1
2
0
0
0
0
1
2
0
0
0
0
1
2
0
0
0
0
1
2
0
0
0
0
1
2
0
0
0
0
1
2
0
0
0
0
1
2
0
0
0
0
1
2
0
0
0
0
1
2
0
0
0
0
1
274.0887,139.7400,44.4351,50.2145
2
0
0
0
0
1
2
0
0
0
0
1
2
0
0
0
0
1
2
0
0
0
0
1
2
0
0
0
0
1
2
0
0
0
0
1
2
0
0
0
0
1
2
0
0
0
0
1
278.5017,113.5737,44.4758,74.9233
2
0
0
0
0
1
274.8535,141.8551,37.0540,36.4416
2
0
0
0
0
1
2
0
0
0
0
1
2
0
0
0
0
1
2
0
0
0
0
1
2
