1
74.7648,73.1860,78.7486,278.8140
75.0214,66.5743,78.9962,278.6446
77.4009,58.9459,80.8866,263.8850
79.7311,71.7768,79.0638,268.8801
82.3776,69.2024,77.1868,264.6115
84.8325,68.6681,78.5802,260.8848
87.5354,67.2206,76.9952,263.8905
90.1107,65.9241,75.1317,278.1463
95.3047,61.4950,74.6383,281.6342
99.4882,62.5789,75.8669,277.3568
100.1407,64.9498,76.0534,270.6951
103.2400,61.2961,74.9942,274.8344
105.3532,64.8977,75.2837,272.4832
107.3655,68.4931,77.4726,265.4252
110.8739,74.1533,78.2035,255.9610
116.7318,73.3140,75.1122,259.1272
118.3567,76.4787,73.5877,266.1697
122.7840,71.0365,73.0143,268.8232
123.6057,77.3210,73.6923,256.5704
124.9997,73.7403,73.9416,258.8655
127.5260,78.8935,76.3357,261.4922
130.3499,73.6693,74.3102,263.3835
135.6036,69.9231,73.4410,265.4604
136.5156,89.0161,74.4022,260.6657
137.0238,83.8173,77.0152,259.6677
140.7012,83.0229,78.4023,254.8323
126.8296,79.5146,77.6018,258.3705
126.5997,76.2331,79.0122,259.4391
131.0727,78.0724,80.8318,261.3691
132.6262,76.2867,84.0530,259.8260
149.4674,72.8897,80.3285,263.1028
152.7464,74.1397,81.7376,253.5562
154.3043,77.3568,79.5713,253.3462
156.1166,79.6835,77.1110,255.7710
158.7854,72.7314,74.8206,260.7448
166.1405,72.4767,73.9077,260.3604
166.4174,73.5082,75.5975,255.8886
164.2516,99.6912,76.6125,252.3088
170.0807,76.2924,74.9198,253.4492
171.8580,79.3928,74.4665,250.2206
174.5837,81.6151,73.1217,245.6772
178.3733,82.6815,70.4825,243.4231
189.9300,84.3856,72.2678,244.8383
188.4793,81.4763,69.5693,243.6845
175.9077,85.1914,69.4379,242.3172
194.7404,85.4951,72.2959,248.3770
199.8519,70.7282,71.7940,247.4266
195.1331,75.6824,71.3449,241.0238
193.8129,79.8331,69.6376,237.3249
196.7457,76.4644,65.7437,244.0262
199.0506,77.6793,64.9801,243.6165
202.9061,79.1565,64.3833,243.4051
204.5971,78.7446,64.1191,246.2218
204.8650,76.5818,63.4492,247.8741
208.6715,78.0299,62.8818,244.8198
193.1875,80.4816,64.4925,243.5350
210.7290,80.7440,64.9512,244.3266
213.5819,78.8358,63.2674,243.0555
197.4925,78.8649,62.8533,242.8080
214.3758,80.3468,65.9449,242.4426
201.0709,83.8980,67.1919,241.2942
219.9713,80.7358,66.5785,238.9095
220.5400,80.8176,65.0822,240.6801
206.1841,80.7575,62.2716,246.0192
204.8814,70.8347,62.0123,237.5830
201.2297,81.7734,61.6993,241.3921
235.9072,79.3082,65.4224,243.2249
231.5506,84.7231,67.8882,238.6941
229.3942,68.7366,63.4827,242.7313
242.8665,71.1917,64.4315,243.9985
241.1200,75.5499,65.6085,240.7172
241.4632,80.6480,65.2593,236.3886
238.8846,77.2284,62.4105,240.7562
237.8729,96.3897,64.5034,232.2998
239.8848,92.9453,64.2677,233.3206
239.2675,97.9728,65.4275,230.7897
220.8238,81.8010,62.0705,232.4544
218.2198,84.6729,60.9951,234.0891
213.6523,83.1788,59.7712,234.9722
215.2508,85.3413,58.1903,233.6629
213.1745,68.3060,56.7623,240.3985
206.9764,86.8514,56.8051,240.4736
204.5360,70.8335,55.1228,243.8713
206.7016,72.3013,55.0625,243.5026
206.8890,91.9702,54.6637,241.5367
205.9381,93.3335,54.4380,239.6933
205.9381,93.3335,54.4380,239.6933
2
0
0
0
0
1
262.7664,104.3538,57.4125,191.0071
259.3761,106.4505,60.8303,187.0341
242.7586,120.4881,59.6159,187.3473
230.1198,147.6027,57.1051,189.6658
233.0977,146.7397,57.6073,188.3722
231.2258,132.2616,57.8430,186.4855
230.3282,131.1937,58.0004,186.1536
241.6582,100.0715,62.1862,185.4496
2
0
0
0
0
1
264.8708,139.7416,62.4898,172.6288
252.6220,150.2317,59.2391,177.3569
240.1220,146.8134,56.5110,183.2479
2
0
0
0
0
1
237.7389,84.5475,61.7986,159.1835
2
0
0
0
0
1
289.0060,80.0923,58.9323,165.1190
284.9215,106.7229,57.9656,168.6815
262.1732,106.5207,57.0259,172.2132
262.1988,116.9322,57.5724,171.5807
264.1084,130.7899,59.6573,166.2925
260.4146,112.1846,58.9934,169.9540
259.7186,106.4096,61.1711,174.0758
256.9377,93.4104,62.9622,175.2070
259.8127,104.7421,63.0300,175.0172
261.8058,107.5102,64.7535,173.2654
261.8647,109.2477,67.1661,169.5565
270.2870,125.3465,72.6135,164.9047
260.2316,106.9864,70.6732,165.9961
258.4793,102.2220,71.4966,169.6302
261.3564,115.6674,72.9892,169.6190
258.8083,97.6152,72.7823,171.0555
255.9733,92.9717,72.4133,173.2131
256.1170,93.4828,72.4988,172.2129
264.4946,101.9983,80.9608,158.0181
254.9781,98.7721,76.0168,161.6035
258.2360,110.5377,75.7170,163.6388
266.7780,109.1222,79.4565,163.0705
291.6652,111.1704,84.6324,157.8265
251.6109,104.6973,78.8751,161.6605
267.2124,118.9677,79.5128,161.7372
270.0436,117.6638,80.5132,158.0002
271.2691,117.6073,80.4679,156.8866
259.5797,111.8968,77.0099,161.1259
271.3473,110.3121,81.2391,158.5749
273.4044,95.8212,81.7208,154.4301
273.9373,109.4196,81.3598,156.0484
274.9666,112.0148,83.3124,153.1441
278.7973,124.7424,80.0185,154.6234
276.3461,107.8132,81.1823,153.6796
276.1156,105.7655,82.0436,154.4249
276.0012,108.7472,82.4026,150.4780
273.2190,105.3728,81.4741,153.0607
275.9933,87.7387,77.7374,161.3916
273.4847,97.1220,77.3463,162.9609
281.9216,110.2120,81.6817,160.0930
2
0
0
0
0
1
314.8666,122.7559,52.2596,133.5864
298.2335,107.1068,64.3692,118.5284
290.7929,114.3647,60.7495,129.3135
291.3989,110.2307,58.8016,139.1229
301.8059,120.7722,61.0266,137.5334
297.2256,106.0275,69.3931,123.9887
283.2215,112.9134,78.1458,111.4610
296.5218,132.5356,73.2213,118.9974
322.3814,115.9545,66.4551,126.1725
297.5778,123.7444,63.5670,131.4207
296.0107,110.9261,63.5189,133.9108
295.5551,102.9011,66.8325,127.3011
309.8746,125.2239,63.2363,130.1697
297.4351,110.4693,61.9536,134.0760
295.6732,108.0933,61.5024,136.4690
305.8357,90.1394,63.0678,129.3658
305.3231,121.4714,61.4527,133.3058
304.4402,118.3314,61.2408,133.8727
303.0701,106.8587,60.2997,136.0904
304.7064,107.0530,60.3827,134.5471
303.5758,108.1077,60.6385,133.9341
301.8562,106.2822,59.9783,135.2861
311.8304,97.1035,58.8682,131.7980
309.9716,107.7289,56.8314,135.0829
311.1588,117.4755,55.4529,134.1429
309.0101,105.7434,57.5586,134.4709
307.4034,102.4597,58.1683,140.3575
306.9231,116.7155,60.8500,137.5724
315.2336,95.7456,64.1304,131.2710
312.0312,99.1934,63.6231,127.5059
309.5528,111.0013,62.0391,129.7119
310.8043,100.5569,62.1506,130.1674
314.4014,111.3200,61.2418,131.1042
316.0721,119.6371,60.1636,132.9776
315.2893,119.8347,62.0292,130.6509
316.2197,118.1045,62.1934,129.1515
318.2515,117.0913,61.8088,127.1356
319.1771,117.2047,59.5663,124.6906
312.4761,113.0286,55.3779,127.1186
322.7969,101.0620,54.9082,130.1584
335.0538,114.1719,55.8837,128.4591
323.0669,116.4683,57.0417,124.7158
321.2636,112.0003,54.0398,128.8185
321.1282,110.7993,52.7157,126.6977
322.1108,112.9113,54.0143,122.5656
323.8599,100.8668,51.7227,128.5482
324.8487,114.1672,55.0368,123.2067
314.1685,116.9510,60.2571,119.3694
316.4162,128.2920,59.9536,115.3178
317.0496,114.2920,57.1377,118.6815
319.1954,113.0906,53.8383,120.9377
317.1713,123.2222,55.7817,116.6592
319.4491,111.8794,54.7611,117.1238
317.2797,110.9333,56.8880,120.9590
320.8519,112.9154,56.0467,120.2382
322.7670,111.0112,53.2955,121.4341
324.0988,120.4680,54.6750,117.6210
325.4911,119.4094,54.4792,116.5878
327.5301,118.0870,53.7230,115.4963
347.3241,113.5767,50.9737,121.1467
325.5302,114.7806,51.2706,117.8983
327.2690,114.5745,50.0141,116.9888
327.2764,123.5151,50.5004,113.3933
329.8719,122.0102,49.4946,111.8228
329.0378,93.6629,49.6517,110.8033
328.8435,122.0499,51.6976,108.7956
329.1076,119.6819,51.8835,109.8799
329.5183,116.6332,51.3532,110.3783
341.7275,115.5361,52.0916,109.8664
322.7031,115.8954,52.2719,110.2519
322.9473,114.7121,50.2599,110.8757
324.5363,113.3437,48.9315,111.4662
327.0670,122.4025,48.5339,108.4089
327.0876,106.2640,50.2285,106.2357
326.7752,116.5822,50.6790,105.5188
327.0034,116.4045,49.6766,106.3900
329.1332,115.3538,48.1649,107.5886
331.5452,123.1935,47.3369,105.7925
341.8816,122.4650,48.2765,105.9329
341.9925,120.9612,47.1608,107.7470
326.3051,111.2884,46.2167,108.9495
344.4255,120.5029,46.6568,108.1663
342.4960,129.4449,48.6657,104.8807
331.9667,118.9495,47.3351,106.7066
331.5128,121.0345,49.3553,100.9174
346.8587,140.3290,52.8574,96.3041
329.6368,122.9898,51.4355,93.6003
340.2920,123.6355,48.9523,95.9918
346.8337,131.4220,50.0213,95.1155
339.9652,122.5166,46.6926,94.8989
341.9776,127.4528,45.3099,96.3946
332.0976,126.8640,45.7201,94.2699
340.3193,124.3672,43.4098,96.8013
329.8793,110.0927,46.8638,90.6711
331.4064,125.0966,45.5520,91.1802
341.1090,124.5336,43.9513,94.7860
348.4207,122.5559,41.7388,98.8142
342.1444,120.8119,39.9346,101.9763
317.3744,112.2675,39.6607,103.5912
345.7070,118.1475,38.2826,106.2693
346.8166,118.7895,38.1411,106.5277
333.1071,108.1079,46.5669,95.1356
331.4514,124.0498,45.8133,95.4960
331.1458,123.8631,46.0798,94.6836
331.3339,122.1148,45.5082,96.5369
347.6763,120.7472,43.4805,98.0929
333.0357,119.6457,43.2103,99.4720
333.2316,120.2495,44.2223,97.0139
342.9934,120.8534,42.3057,95.5075
346.4375,116.9981,39.0091,100.9033
336.6565,124.0932,39.3569,100.7312
330.9992,121.8451,51.6385,89.2668
330.3018,128.2485,50.2056,90.3316
330.3598,126.7540,49.8547,89.7355
331.4465,124.8913,47.9508,89.7896
332.7226,125.9254,48.0381,86.1844
333.4284,125.0835,45.7791,85.9351
332.7076,122.8243,45.3404,88.1689
330.8135,129.6532,47.0027,86.4443
331.5381,127.6964,46.3275,85.4926
331.9167,127.3969,45.3460,85.2380
333.1832,125.8125,45.5615,85.4987
334.3625,125.6861,45.8801,84.0524
336.7387,125.4008,44.8721,85.3176
344.1968,125.3401,44.4386,85.3949
334.3838,125.4218,43.7960,86.2400
336.2478,125.3482,41.8914,85.0597
336.7425,126.4777,42.6524,82.5943
338.0595,133.5137,42.6447,81.0387
346.4680,131.0036,41.2998,81.6822
339.3640,130.0397,41.7558,80.9474
348.6606,128.5502,41.3253,82.5667
333.5268,127.4151,42.6584,82.5030
333.5635,128.4575,44.5772,79.3075
335.2422,128.0981,41.7361,81.3412
337.0301,133.3450,41.6840,81.6201
336.4822,132.8642,42.6682,81.0696
336.2170,132.7503,42.7810,80.3365
337.5315,131.6302,42.7217,79.8348
336.7087,120.6945,45.8240,74.3812
344.5168,132.7921,42.3246,76.6428
337.7541,131.4836,42.6721,77.0384
339.6030,130.4235,41.0807,77.6093
338.1857,128.5107,40.7890,78.4261
345.2279,105.9199,39.1235,81.6441
336.6798,129.0185,42.5776,78.6943
330.2668,121.7035,43.9635,77.7742
346.2904,99.0615,42.5449,80.2574
339.7294,127.8059,41.4052,80.5745
334.0389,127.7458,41.4469,80.3969
333.1248,126.5665,42.1176,79.6049
332.8061,125.0535,42.5825,79.3458
332.9028,131.0080,42.5516,78.2495
334.1261,130.0811,41.5103,76.6080
335.9962,130.6587,41.0660,76.1013
337.4391,130.7930,40.5742,76.3250
346.3968,128.7968,39.3093,76.5645
346.2841,126.4149,38.9388,77.3056
347.1888,126.4714,39.9321,76.5341
348.2866,131.9295,40.4955,75.6082
343.0209,131.1707,39.5420,76.4455
335.2817,131.0202,40.7480,74.4566
333.6826,129.4775,40.6908,74.5933
331.6805,128.9267,41.2512,74.5953
347.6734,128.5768,40.4530,75.3691
333.2955,127.7231,41.4318,74.2123
333.7112,127.6478,41.3571,73.7671
332.5513,127.6989,41.3214,73.0723
326.0428,120.8990,41.9036,73.5222
334.6332,127.7829,41.6691,74.2065
326.4525,128.5856,43.7631,73.2052
342.3967,134.2730,43.4542,72.8203
344.0124,116.1419,39.7813,81.9033
345.9243,123.1008,37.6733,81.0006
345.3344,115.3681,36.9368,83.7566
346.1620,121.2809,34.7111,85.1979
338.3891,121.6868,35.9382,84.4320
335.2986,123.8795,38.0772,81.2212
333.1218,124.2458,40.5413,77.9392
335.1823,123.8536,39.4009,78.5175
333.6328,126.0378,41.0865,76.5531
