1
446.7409,194.0250,41.7948,44.5055
446.7409,194.0250,41.7948,44.5055
447.9311,199.0385,41.6672,44.3506
447.3839,203.4086,41.4477,44.6172
469.1074,213.9809,40.9803,45.1037
468.7852,213.4735,40.5928,45.4641
462.7136,218.2405,39.9979,46.2234
461.9106,212.2455,39.7581,46.4888
456.2069,216.5707,39.3780,47.0138
2
0
0
0
0
1
396.7932,157.6246,47.8657,57.2826
401.6044,162.3203,47.9278,57.2730
401.7328,180.8150,47.1937,56.7954
387.4388,206.7544,46.6892,56.5889
387.4789,206.5645,46.8721,55.7617
387.4896,205.7121,46.8149,55.4441
425.0635,134.2766,51.0047,58.3701
429.8469,146.3257,50.5028,58.7863
431.0212,158.4727,50.2446,59.0644
408.9376,199.3654,50.7781,57.8275
2
0
0
0
0
1
492.2690,68.7315,93.2845,134.2772
506.1254,27.9617,96.9071,125.5521
505.1145,13.1280,97.6331,124.1031
504.0168,2.0835,99.9872,121.2800
490.0645,0.0000,108.7275,103.6355
534.7477,34.1501,99.8069,115.0974
534.7477,34.1501,99.8069,115.0974
534.7477,34.1501,99.8069,115.0974
539.0750,45.1487,97.8320,118.0853
2
0
0
0
0
1
264.0645,35.7716,205.5019,282.8823
261.1602,57.5608,201.0379,287.2870
262.5142,56.2885,196.2956,292.4913
381.0210,19.8336,194.6468,293.5683
369.9459,0.0000,194.8792,277.7595
362.6479,0.0000,194.7006,267.4240
355.2080,28.5622,194.1969,268.0507
352.1154,29.2291,192.9521,269.4205
228.6270,0.0000,198.0717,237.2631
70.5617,45.1112,195.5946,242.1872
0.0000,228.6783,177.0909,243.7031
0.0000,228.6783,177.0909,243.7031
3.5004,250.5815,177.1777,229.4185
3.5004,250.5815,177.1777,229.4185
3.5004,250.5815,177.1777,229.4185
0.0000,266.0341,159.3403,213.9659
0.0000,282.3419,157.4209,197.6581
23.0947,31.0557,158.9334,204.8602
183.9174,137.8955,157.1465,208.7829
213.2921,133.5554,157.2876,208.5638
73.1373,27.5670,146.5633,229.8776
0.0000,90.5546,116.5942,235.9287
2.7836,88.3168,116.5905,235.9989
19.7286,135.9617,118.2052,233.0408
2
0
0
0
0
1
265.2547,15.1983,302.5588,388.4213
290.6295,0.0000,309.8162,356.0087
209.4178,32.7045,296.9761,368.9785
209.3425,21.5610,287.7388,368.6736
213.4675,12.5292,286.2365,366.0929
222.3456,0.0000,286.1420,362.1588
225.8902,36.9919,287.0861,361.5497
273.5732,73.2546,279.4286,370.6093
273.5732,73.2546,279.4286,370.6093
308.5612,64.0225,275.7430,372.2811
374.0795,84.6164,309.8298,340.5350
469.5275,40.6141,299.7471,345.8143
516.5994,32.7251,292.5490,349.8413
522.2493,55.9160,279.2524,368.6636
530.6360,43.9564,269.7584,377.5411
530.6360,43.9564,269.7584,377.5411
536.1227,33.5599,256.4100,396.1488
465.4724,30.6046,247.2913,406.7565
162.2497,146.5734,258.6266,333.4266
230.4361,151.3629,258.6758,328.6371
230.4361,151.3629,258.6758,328.6371
253.1105,35.2866,267.9557,334.4650
250.4839,63.3681,257.6561,356.2035
47.8581,143.3282,259.4208,336.6718
45.6705,178.5015,260.4374,301.4985
45.6705,178.5015,260.4374,301.4985
16.9165,144.6039,259.3865,303.0195
13.3930,141.2487,256.8306,306.3132
13.3930,141.2487,256.8306,306.3132
13.3930,141.2487,256.8306,306.3132
13.3930,141.2487,256.8306,306.3132
13.3930,141.2487,256.8306,306.3132
13.3930,141.2487,256.8306,306.3132
13.3930,141.2487,256.8306,306.3132
13.3930,141.2487,256.8306,306.3132
13.3930,141.2487,256.8306,306.3132
2
0
0
0
0
1
285.3665,151.2224,49.9341,53.9479
286.2047,158.8370,52.5807,51.2479
297.0067,173.9841,48.4030,57.2635
299.3372,190.3275,45.4333,62.9718
304.1212,212.4232,48.4303,59.6277
2
0
0
0
0
1
329.2983,198.7735,30.3298,39.7595
