1
301.6525,148.7689,45.8455,150.3090
301.0479,151.1152,49.8513,151.3365
288.5913,154.5778,55.0992,146.8151
302.3602,151.6685,55.1174,147.4593
287.9094,152.3835,55.5618,146.0295
289.3481,156.4582,57.2103,140.7372
299.5913,155.7387,58.1653,141.7751
288.8640,157.8761,56.7298,141.0099
300.2321,155.7875,54.5495,141.9271
286.1721,152.5430,53.9124,145.5586
286.9050,156.5658,56.5668,143.9177
298.1201,158.3921,56.5707,143.1251
283.0541,157.3872,55.1512,142.0083
279.4655,155.9267,57.4516,139.6835
286.1751,141.5352,52.4879,150.3663
271.9368,144.6037,53.5779,147.4171
272.9909,159.3327,54.5441,143.2450
270.9852,159.2632,55.8311,139.8526
273.2208,144.1343,54.3010,148.2278
277.9215,140.7206,51.2885,153.9297
268.4997,143.2080,52.6584,154.3556
279.6183,156.1684,52.3602,148.9978
278.4597,143.0114,50.0604,154.4045
265.0789,153.3257,54.3816,150.3115
266.1732,142.0761,54.6315,154.2011
278.3159,158.0798,55.6790,150.6178
270.5102,142.2353,54.5403,155.2371
274.0514,143.0040,51.2283,159.6542
261.6466,147.8990,53.3536,157.3842
257.2674,149.0770,54.1016,156.6381
258.0642,166.5376,59.4716,147.1171
250.7274,153.0694,59.2858,148.7628
266.6673,153.8052,55.4160,151.0038
267.1801,151.9615,52.7863,156.3197
269.9745,153.6605,53.8835,158.3049
247.7854,144.9524,54.2755,159.0429
249.4391,157.8578,55.9112,153.6357
264.2388,156.4795,54.8365,152.8242
266.1335,163.0699,57.1588,148.0855
242.8968,160.5541,54.8175,147.3264
218.1945,146.1887,53.7783,152.4124
260.2224,159.7151,52.6077,151.6504
244.9811,177.0240,54.9096,141.3077
247.0586,178.9906,55.1249,136.3634
237.0063,180.9675,57.5856,133.0772
239.5483,179.9708,58.9447,131.3494
240.3525,172.8679,59.5379,130.5869
239.2525,168.1508,58.4471,134.5590
236.9597,156.5125,58.4448,136.2712
236.5741,180.2819,58.9025,133.5457
262.0685,153.0491,55.4039,142.2403
213.1828,130.6789,58.6213,138.2897
2
0
0
0
0
1
270.5819,144.5233,33.0961,151.2715
246.9786,169.9623,39.1178,143.7436
239.3383,148.7521,39.9009,145.7774
281.9153,137.4851,38.8743,151.3281
283.3192,133.7573,37.6466,155.9730
285.4918,129.8082,36.9745,158.8188
2
0
0
0
0
1
269.4064,151.8712,36.6997,136.9666
272.0677,148.6474,36.8414,140.1994
249.1450,135.8895,38.1346,149.5249
280.9169,151.7709,41.2935,144.2304
281.0565,151.1965,42.1235,140.3221
2
0
0
0
0
1
243.7414,155.3462,40.2847,132.1426
235.3411,144.8864,40.4828,134.0910
236.7887,153.3582,40.7054,132.7711
228.0755,145.3737,40.8405,134.5805
271.1638,157.4194,40.3044,135.1236
269.5643,154.8178,40.1205,134.5695
268.3486,153.9029,38.9678,132.8899
246.1643,144.3646,40.2174,136.0755
271.3606,136.3998,37.7900,147.2262
274.3891,147.9498,38.8610,144.8834
267.0490,130.0206,37.0433,154.6864
252.6612,145.6483,44.3847,144.5991
249.0490,146.4821,48.6778,142.9090
247.1763,147.0989,51.6652,140.5672
247.7642,136.6333,50.9743,142.1322
265.2458,146.5429,47.6058,141.2894
250.4959,147.7835,50.6642,140.3197
271.3393,143.9929,47.6749,142.9380
275.0986,141.8465,47.0820,144.0754
278.7071,142.0925,45.8329,143.8009
275.2821,152.3125,45.0759,141.4793
284.3531,139.1113,43.4438,146.9039
2
0
0
0
0
1
289.5058,136.1575,43.9092,156.9486
285.9187,114.4486,44.8227,156.1366
295.3946,103.8898,45.7099,155.6400
318.3442,161.9391,44.6411,159.2441
2
0
0
0
0
1
296.6407,140.2033,37.0823,106.1929
289.6470,161.7275,36.2294,110.7201
295.9170,142.5404,37.8616,109.4934
292.5978,137.2205,40.4360,104.9711
289.2184,138.7713,40.6125,105.2637
289.7852,158.3581,40.9968,101.6677
292.7979,220.4640,40.8797,99.6775
299.7469,234.5488,46.6417,87.8816
2
0
0
0
0
1
2
0
0
0
0
1
267.0406,144.0253,40.0529,162.8262
265.7598,143.2089,44.7255,162.6172
263.9522,152.8648,48.3070,159.7560
261.7127,153.7919,51.4168,157.0173
262.4719,131.2773,52.3958,156.2740
261.2315,144.1286,53.3116,159.8268
259.0614,131.0906,54.7030,161.5326
219.5269,142.5695,57.2657,157.0963
223.8524,132.8979,56.8394,153.6681
235.6591,136.5913,57.7367,151.8395
2
0
0
0
0
1
2
0
0
0
0
1
287.5762,129.8452,51.2034,175.9714
294.4161,149.4278,56.6792,173.2756
308.4671,136.6525,57.5281,176.1091
265.1150,141.4636,60.4239,175.8661
288.1916,161.4674,63.3779,168.7458
258.1678,144.2058,63.2620,171.9899
2
0
0
0
0
1
303.2278,168.3803,42.8746,159.8817
301.3064,156.9359,44.4875,159.7700
264.0379,145.2237,48.7601,161.3703
293.0537,146.4336,48.9151,165.2175
261.8467,145.2221,54.2322,163.1378
291.8770,144.4583,54.2114,167.0629
302.2874,142.3450,52.6000,172.9848
260.3603,144.1657,56.1307,169.6631
272.1551,147.0349,57.7153,170.3317
298.9262,161.9392,62.2933,167.3477
269.6120,164.6097,65.3723,164.0916
270.4090,164.7598,68.9519,159.1501
266.9797,148.0441,68.8021,161.8757
2
0
0
0
0
1
2
0
0
0
0
1
257.3728,160.5248,49.5027,154.9837
2
0
0
0
0
1
325.4221,173.1490,47.0170,148.8884
335.0932,171.6618,46.5512,149.6848
298.2866,145.9128,46.8873,148.9050
331.0239,170.4490,47.2110,149.0949
327.9115,172.6708,48.8040,146.8300
290.4980,147.1848,45.9240,151.1057
287.1090,157.1621,47.2370,148.8731
324.2966,170.1807,47.1406,148.1055
325.3351,184.1112,48.5645,144.9362
278.3047,138.2390,48.3189,148.4164
323.3944,174.4259,49.8340,145.1394
272.8627,137.8788,50.4271,144.9042
318.2165,174.1611,49.7178,143.6382
268.5100,136.5127,48.8709,150.1490
2
0
0
0
0
1
291.9752,164.8288,58.4869,143.5684
297.2534,149.8454,54.6370,154.1886
314.2645,145.9824,52.8880,163.5765
293.2001,167.1798,66.2446,148.0826
295.5674,149.8190,63.1532,162.5437
294.3539,131.7695,62.0346,167.4487
297.1017,144.8399,60.5233,170.9874
2
0
0
0
0
1
344.6758,178.3532,51.8132,154.7917
341.6922,175.7479,53.4836,154.5175
342.9209,162.6006,53.2002,156.6930
323.0865,163.7372,62.5252,151.8745
344.9904,176.8696,62.5704,152.2020
333.4258,186.5120,66.5104,152.8591
335.7213,186.1661,67.4064,153.1481
326.4416,154.3617,64.6276,162.0784
331.0018,134.6992,60.3594,178.7137
331.9585,132.8002,60.0656,185.3298
320.0263,131.9933,60.9346,190.6059
336.0551,128.1315,62.0200,197.7926
333.5318,166.0992,70.1005,181.2379
332.2167,174.7348,76.1064,166.9313
332.7300,162.8249,78.7968,162.9229
329.9314,167.4808,83.6155,157.7352
340.6371,185.0012,85.5098,151.7044
339.8871,184.7919,85.8452,149.2991
340.3555,167.7733,83.5892,155.3540
355.5584,145.2886,75.1813,171.7196
361.7159,126.9638,71.2668,181.7097
376.4697,138.0014,67.2854,187.1169
387.9430,134.4879,65.5126,192.2215
367.7881,139.4225,68.5529,190.3955
352.3018,158.0128,71.8126,185.2565
367.4867,142.3157,70.5847,187.8017
366.2163,145.1189,73.7580,188.6163
367.2725,125.9388,74.3034,197.8728
367.0763,139.5275,74.9593,199.7804
370.6505,138.2043,77.3798,198.2863
369.0088,133.7710,80.5730,201.1360
367.2379,114.2632,79.5894,208.1684
373.4939,135.0080,77.8181,206.8734
376.3350,138.4365,79.6008,201.8158
374.6084,143.7249,82.2927,198.7579
369.5530,143.4287,87.9654,194.8154
389.7196,124.7301,85.6397,199.3613
405.9365,123.2142,83.1893,206.4250
419.5329,121.1647,82.2228,208.8570
381.7327,141.2638,83.3325,205.2175
420.9694,100.8630,80.6782,211.6350
461.9785,99.3542,79.5766,215.5037
461.9785,99.3542,79.5766,215.5037
465.5369,9.0120,79.1566,216.5632
425.9199,93.8535,77.0898,221.9756
424.1873,85.4884,72.3474,237.1229
404.7392,89.6869,73.0323,236.4722
408.1620,108.3043,74.0603,234.1885
411.2782,126.8974,78.2445,225.1505
408.6845,158.9215,89.9463,205.3619
413.1419,116.3006,86.2075,215.1793
410.8238,93.7001,82.9762,221.6155
409.4773,89.9120,79.0834,232.9517
389.0908,86.4043,78.2296,235.1620
369.7612,86.2055,78.4113,235.1184
369.7612,86.2055,78.4113,235.1183
369.5728,63.7034,77.0342,240.1808
422.1549,81.7259,75.7159,243.8537
425.1663,76.7566,73.2471,256.1030
424.9078,98.3710,74.2645,255.3324
424.9078,98.3710,74.2645,255.3324
408.9849,70.1591,77.2693,266.3162
387.3027,95.9752,81.7477,257.4576
386.8693,70.7885,80.4483,262.8602
402.9696,65.6436,78.6838,267.7867
404.3159,69.6506,79.2120,270.1457
404.3159,69.6506,79.2120,270.1457
375.3992,90.5302,81.6082,264.0209
397.9589,63.2636,79.1326,271.3837
400.8629,89.5018,83.7802,264.2673
405.9059,106.1858,86.3223,260.9478
377.3869,148.0443,103.3347,226.2074
363.1176,83.0926,97.0015,235.7241
362.1581,85.0439,99.3538,232.6810
356.5494,84.9762,98.3503,234.2914
363.8086,79.9259,94.1790,246.7143
363.6270,104.5905,95.4104,243.3298
360.0983,77.5340,96.3455,249.3393
362.8343,97.2343,97.7885,247.3161
361.9621,71.7747,93.2498,256.3855
453.2810,26.1522,88.3308,267.2134
2
0
0
0
0
1
410.9413,154.7951,54.5620,178.5406
402.4722,155.0611,51.2037,182.6044
390.1886,157.5288,53.2556,182.6376
391.0844,160.7546,54.9269,178.1449
391.6519,140.2619,52.5220,188.4082
392.6683,154.4445,54.6752,183.6967
390.0013,151.7035,55.3752,184.5803
390.5564,136.0702,54.1956,189.8884
407.2919,133.1342,52.4604,196.1557
395.3102,129.8227,52.1559,199.6657
393.2952,128.5411,52.1131,201.7961
392.3328,143.0103,54.0775,195.1518
387.9768,129.0406,55.8640,196.9630
419.3054,160.8215,59.5881,193.4841
414.1186,162.7178,61.8446,186.7000
394.0797,133.4947,64.3724,189.6928
387.9712,147.2277,71.9823,187.3785
372.5356,133.3325,74.4327,186.2755
388.5143,136.5370,77.5199,185.7007
383.1583,141.8348,79.6720,184.8765
379.3466,141.1071,80.9576,186.0607
376.6655,141.9495,82.2231,185.4144
411.5861,134.3117,74.0837,196.6640
413.1731,130.0504,70.6433,202.2397
410.2688,128.7895,69.0124,205.1597
406.7344,137.0520,72.9601,196.3284
387.5307,134.0772,75.3216,194.2338
376.5972,129.3911,69.5510,198.0527
394.2357,122.9386,65.2708,206.7032
377.1802,124.5059,62.1334,208.6379
373.9366,122.1357,65.0853,209.8562
394.0915,122.3682,66.5978,207.6524
364.7619,123.7379,66.1890,206.8856
368.9983,135.9640,65.7705,205.3383
384.5658,121.6968,66.4225,204.3419
363.4863,123.0043,65.8913,202.2783
373.1111,135.5539,67.3544,199.9079
358.6159,118.2832,64.9664,202.0149
358.3201,130.3912,63.7056,201.0409
359.0068,117.8537,65.4374,199.0297
371.6388,117.6292,67.1415,201.1811
354.1744,114.9303,65.5640,201.9314
367.3153,111.3681,64.4395,203.0596
350.4875,111.2339,64.9275,200.9152
352.5894,111.4255,65.4151,199.9915
350.6203,115.5244,64.1841,194.1945
352.8320,109.6335,62.9163,200.5124
349.7884,113.5055,63.4687,201.7596
348.0005,111.1202,63.8688,198.7349
347.6047,112.4823,66.5574,192.5537
348.8463,113.0066,66.6334,195.4459
361.4448,110.1430,65.9063,194.3812
347.7751,109.0095,63.7330,197.9264
360.0939,111.3417,62.0188,195.8365
345.0997,118.2892,66.4763,190.6999
344.2535,125.0247,67.7596,184.9594
357.7152,109.9703,69.0052,188.2273
354.7798,107.5175,63.7904,194.6987
343.3429,120.9037,63.8928,193.1017
357.5418,103.4460,61.7353,199.4608
339.1444,116.6709,62.6010,197.2159
339.3648,118.0547,64.5367,196.1073
354.7739,104.3994,63.8060,198.5965
338.9914,105.9795,61.8414,202.1416
351.8156,105.5399,61.5064,204.4099
349.7321,103.4087,57.8815,209.0940
330.5705,124.3166,63.5515,197.5769
329.2605,103.7672,64.0034,202.5397
328.7120,103.2632,65.1529,204.5103
328.0278,83.2978,61.7889,213.3236
323.7885,80.0111,59.7606,221.8346
322.5107,59.4082,58.8143,229.3758
333.1260,95.8568,61.0396,222.8096
330.7210,113.3542,63.7266,215.3016
313.0916,74.9624,60.3740,225.6848
310.2931,69.0358,56.9030,237.2144
326.8734,108.4041,56.5225,223.4892
305.2159,112.3019,61.6182,213.1220
300.8747,136.3648,67.2411,195.9590
307.5226,113.8472,62.3894,207.0968
306.5633,111.2438,58.0348,214.6505
289.0308,130.8279,63.8881,203.9209
301.1651,115.6711,66.9087,197.3654
302.7775,112.6252,65.0320,204.2168
281.0276,129.5258,69.8757,195.0717
292.3834,117.9096,68.0031,192.3166
278.6465,113.7056,68.2361,198.6500
280.5117,134.1016,72.2161,187.1111
292.9266,133.7369,74.3086,186.0202
277.8739,117.1916,74.9055,188.3397
281.9517,114.2470,70.0604,197.8971
269.4700,116.8188,68.2800,200.0315
268.4796,136.6306,72.0465,187.8970
287.8969,147.2662,70.3538,194.0618
269.9918,122.7444,74.6533,186.9222
268.3728,126.6560,75.5161,183.0623
269.8718,141.7208,71.1920,187.2984
270.0884,143.1082,72.1275,184.5287
270.4755,88.4084,68.4892,199.7459
267.9875,132.6137,67.4161,203.2619
266.3065,115.7813,68.3291,206.5110
264.8582,116.0817,67.0529,206.8787
248.9516,134.3513,68.2044,205.9399
262.1508,146.2907,67.0601,209.8334
263.5379,102.5161,68.4362,200.3808
192.9839,153.4616,70.8881,197.6438
249.5138,135.5098,68.7853,202.0723
262.0835,78.6510,69.1648,210.1956
258.8055,36.9221,67.4017,220.0585
257.8238,28.2161,65.7113,231.5045
269.8903,38.7007,65.7345,241.9030
267.7056,36.2007,65.6910,243.6109
263.2803,35.7498,66.0261,246.0135
247.7199,19.0443,66.9762,248.0806
280.4660,36.6969,68.4822,250.7248
245.0245,18.9910,66.9383,253.5076
241.7814,14.5688,67.1918,258.3948
278.5121,29.9890,65.5605,266.3730
271.4485,29.9218,67.1452,264.6424
293.7978,89.1296,67.3692,267.2682
250.9617,24.5383,69.1007,267.0943
266.2258,24.4330,69.9705,265.9236
281.4924,21.0471,70.3113,269.4364
226.4223,0.0000,88.0358,195.4513
222.4187,0.0000,90.8933,175.3236
218.2006,0.0000,92.7367,158.6863
2
0
0
0
0
1
280.3176,145.1756,57.2640,182.5771
281.7393,141.6346,55.7106,189.2841
277.5700,140.9288,58.5880,191.8324
278.7568,139.9597,59.2870,196.0576
278.4118,136.5818,58.6543,202.6556
276.9147,135.7529,61.2317,203.9462
272.8701,130.5576,60.2083,212.5473
271.8223,134.9940,63.8154,206.5590
265.7707,120.8858,67.7759,202.8738
255.5183,116.7956,65.3481,210.7947
265.3020,122.5357,69.1921,203.5787
266.4688,124.3415,71.5612,201.6369
264.5283,129.2605,75.7366,195.7622
236.9711,126.2498,71.8999,202.3707
240.6820,120.1085,69.4161,210.2779
260.8883,120.0655,70.0474,212.4279
248.2713,117.9927,68.1429,216.6475
261.4345,117.8335,72.4302,213.5914
257.8574,120.8555,74.6868,210.5891
246.7851,117.7963,70.8332,217.0228
267.9502,133.2079,69.7191,220.9385
264.9169,136.1184,71.9410,217.2839
208.4762,152.4999,74.8132,213.2702
264.0323,134.9003,75.0590,213.0906
265.1822,133.0938,73.6138,217.2936
268.1268,129.6129,71.8943,223.9677
266.0810,134.8220,74.0519,215.9270
252.4472,112.6926,68.8916,225.9574
253.2541,112.4675,69.2957,229.7248
250.1095,113.9093,72.3012,226.6319
253.1671,112.7074,71.5932,228.9037
256.6802,112.0006,70.1900,233.6183
253.6599,118.8918,76.7546,224.3039
252.3916,100.9022,79.4041,220.4974
250.0308,97.7473,76.0082,227.9247
246.2385,98.6704,77.1100,225.4013
244.3090,102.6010,81.3775,216.2565
242.6404,107.7074,85.9684,209.0559
243.4254,106.0435,83.8146,210.1196
240.8288,107.6828,84.6218,206.6706
239.8153,87.0905,82.5170,212.4272
219.9545,111.0642,85.5110,207.8017
190.1279,145.1647,112.9970,179.1433
225.8350,105.9493,106.9522,183.6621
186.4463,138.0453,103.0044,189.4052
203.3842,126.2807,108.4497,180.5661
226.3021,104.0247,101.4336,188.6496
227.3572,99.2687,98.8871,193.9129
209.8317,43.4941,99.3392,192.6434
229.9744,91.7819,94.7880,201.2910
245.7648,107.1763,91.9181,202.7433
244.7253,87.0262,91.7292,202.6561
204.5499,126.1585,92.7729,199.2668
246.7267,89.6630,88.1315,203.4323
231.2354,82.3906,81.9731,216.1344
229.3792,65.3969,85.2876,212.7353
226.5410,101.0988,90.8343,208.0125
226.1740,82.6827,90.1021,209.4428
228.9916,78.7412,88.2460,213.6857
226.5270,76.9332,87.3443,217.6738
227.5322,58.7324,88.4460,215.6827
227.5509,59.6024,89.2133,213.6085
226.9149,23.4684,90.6665,213.2753
183.2546,0.0000,97.9674,193.7914
166.3368,0.0000,100.2117,190.0862
2
0
0
0
0
1
255.4314,109.8626,57.5340,173.6723
257.7713,108.5259,58.1901,170.8491
257.0649,110.3914,60.2922,169.7347
239.8945,90.4650,61.6378,178.8453
256.1310,103.0629,61.4544,177.7783
257.4999,103.3921,62.7068,175.6798
255.5047,90.5017,64.3180,170.7917
255.1313,104.4750,64.9143,166.3667
228.2627,72.6270,66.2095,166.7817
230.8818,70.9178,64.9468,174.2628
230.4695,70.1175,67.3381,178.8224
247.8236,97.7039,67.7961,176.6277
242.8753,89.4468,69.7984,167.5242
241.4990,91.1669,70.1642,158.2839
238.9778,96.7729,70.9896,149.7671
236.3352,96.4648,72.3810,146.6888
236.4322,95.7440,69.4816,145.6708
238.1304,95.9018,69.4225,144.2685
236.2098,106.0607,66.8354,148.4519
239.2753,92.7454,64.1020,151.6619
239.4673,90.4874,63.1600,152.1353
239.7183,100.9804,62.4033,153.1551
240.2626,98.1032,63.2327,152.0898
216.9471,68.9175,63.1003,159.8815
217.6320,66.4822,63.4679,165.5251
213.5821,42.7622,72.1068,157.2727
214.6601,56.0554,71.4094,160.5556
231.2946,70.4354,68.4474,158.7570
230.1034,66.5786,65.0917,158.6094
218.2042,37.2504,64.0027,162.9734
234.7314,47.2769,61.9144,165.4275
237.2137,47.3241,60.8268,167.7914
234.9008,50.1754,62.2158,162.4250
236.6276,47.4815,61.5655,163.0048
212.6341,35.6441,61.1664,166.9244
211.4063,35.9877,64.0240,168.5540
210.4706,45.7910,63.7765,168.8066
208.9871,35.2935,63.7017,169.4427
206.3712,32.6860,63.6602,172.6045
190.6302,34.2695,63.5169,175.5372
234.1701,50.7029,64.0877,169.7567
202.9940,36.7307,62.7828,173.8859
185.6533,21.9048,61.0603,181.8864
196.9239,26.2030,67.2846,173.0289
201.8530,24.5410,65.9203,177.2939
188.1767,24.0903,64.0876,179.8869
191.2243,24.0944,63.1925,183.2449
221.1829,13.3185,64.7454,181.1544
192.7077,15.9417,63.4043,185.0188
190.8526,16.4551,64.4698,186.0831
233.9434,33.1142,66.2769,178.8363
243.8242,33.2995,72.3637,172.0111
232.0871,31.5597,73.1971,169.5491
229.8915,36.3139,76.3628,160.0760
230.2501,35.9582,74.6070,160.5541
218.5464,32.5743,69.8605,159.8323
221.6758,32.6746,68.5295,157.0524
193.8303,18.5000,70.0515,157.1016
196.2039,32.1206,68.8403,159.9616
215.6512,29.9444,63.6162,159.9468
220.5722,28.7589,61.5618,160.5688
207.5286,16.6679,63.1233,159.7255
207.8161,15.6269,64.3926,160.4060
224.6246,30.7444,59.7564,164.8439
228.3685,30.7287,57.5546,169.0206
228.9593,35.5465,58.1168,165.3073
226.7667,23.0176,57.7019,167.7357
237.5131,36.1059,58.2947,166.7276
206.7491,21.8214,61.4132,166.9280
183.7355,29.2332,77.0964,151.1196
196.0478,33.3492,80.7983,146.5224
199.7071,49.7691,79.1922,145.4188
182.4456,49.2595,83.3417,142.6751
142.4484,6.4418,81.7413,144.4396
139.5767,3.4499,81.4918,144.6089
2
0
0
0
0
1
241.6463,43.6327,62.1761,130.8616
180.5893,27.9486,60.7083,133.4342
157.1852,12.6071,61.8304,136.5222
157.2336,12.1733,64.8466,140.9579
156.7205,8.0375,64.9791,145.8366
159.0660,8.9474,65.7849,147.3514
160.7240,7.2958,65.1748,150.0970
162.4308,5.8567,66.0467,149.8184
171.8642,0.0000,69.1132,142.9805
169.9392,1.9015,70.6208,143.1948
182.7210,14.0509,68.9368,150.3044
179.9515,14.5574,68.2651,155.8389
177.5238,23.3547,66.9923,160.3772
190.5216,10.8624,67.2052,162.5061
200.9047,11.6322,67.1053,168.9797
198.5267,14.3705,69.1176,171.9785
193.5223,31.5532,72.8619,166.8015
189.6266,32.3530,73.0228,164.6037
202.4909,21.3812,72.3824,166.2894
288.6074,13.4997,68.6826,174.8284
300.9835,32.0135,70.1729,166.4568
313.6362,16.4356,69.8651,170.5091
309.8684,31.3461,67.8763,177.1947
295.6430,18.6958,68.2496,174.7796
306.9190,11.6635,68.0250,182.5575
306.4975,14.3001,68.0926,183.8304
271.3003,49.4339,75.1384,172.7082
304.4630,47.2153,72.9784,168.6063
2
0
0
0
0
1
227.6666,60.6342,42.9650,132.2107
230.3544,58.7312,41.0754,133.5665
232.1199,57.4426,39.8446,134.8427
232.4661,55.5852,39.2965,135.4787
233.4734,54.0321,39.5727,136.1065
231.4712,45.1624,39.8386,135.4126
239.8786,55.2618,39.8302,135.5052
246.4456,57.9649,39.8978,134.5018
243.0953,56.9656,39.9470,133.9143
243.3556,47.9539,39.0927,135.4060
2
0
0
0
0
1
263.5986,51.5766,38.8876,139.7517
2
0
0
0
0
1
2
0
0
0
0
1
2
0
0
0
0
1
302.2990,63.3968,60.9777,129.2821
305.0511,52.2695,60.8413,132.9712
305.1708,62.8294,61.1750,132.3345
306.6992,60.7750,59.7682,130.4826
323.6219,45.5752,55.8625,140.4492
313.1784,58.1311,57.4946,134.8286
325.1303,50.7701,54.2346,143.7146
334.9211,5.8473,58.3057,137.3387
311.7871,54.5791,60.0556,135.7747
322.3359,41.7604,58.7819,140.4633
312.9035,42.0234,59.3627,144.9203
325.2419,34.3526,56.9683,156.5769
335.8781,63.8526,60.9372,149.4762
359.8381,71.2882,66.4301,142.7283
342.8780,72.4269,68.5847,139.0992
317.9594,74.4074,69.8887,136.5091
278.2479,72.2590,69.3391,134.0956
263.4813,57.7717,67.5395,135.2492
2
0
0
0
0
1
332.0258,39.2161,60.7634,145.1932
333.4138,32.3644,59.8490,157.4628
344.7684,43.6852,55.4460,155.1243
339.5153,31.8443,57.2509,160.3521
348.6637,46.5810,59.4514,155.7822
333.6378,42.4570,59.1436,159.7560
332.1100,27.6565,60.3103,163.2875
332.0796,17.3249,62.4055,165.0223
330.6373,16.0293,61.9379,171.8670
328.9083,13.9898,63.1668,178.2341
329.1867,16.4616,67.3704,175.5956
327.8812,6.9397,68.6939,172.5834
330.2573,25.7108,70.4430,168.1251
327.6780,14.8542,72.7004,166.1208
331.6885,17.0032,72.3841,166.3971
357.7186,37.1285,75.3716,155.4709
366.7239,52.0231,77.6248,147.6627
357.4550,33.7041,70.1349,149.9564
358.1501,30.6139,68.2355,151.3601
340.2455,19.9889,68.6890,153.4017
339.4265,17.7843,64.9650,153.2414
336.9827,19.8566,65.0499,152.3464
340.9625,16.3347,63.0084,155.6221
339.5778,16.0727,62.5044,156.2643
341.0184,18.8314,61.8718,155.3781
339.1380,7.9826,62.4413,152.5576
339.5461,11.1565,62.5281,155.1205
340.0354,12.4218,62.0504,156.8647
339.8004,12.7443,65.6019,153.9133
337.5582,17.6248,66.5123,153.1508
346.9084,9.2968,66.4448,150.2082
362.8739,22.3572,61.4171,149.1375
345.8296,11.7567,61.2376,150.9202
344.3917,14.6284,61.8168,153.6108
341.2474,17.1948,62.3979,152.1385
345.2500,18.0636,61.2761,152.5574
343.7942,19.9636,60.6477,152.4370
344.2723,17.9159,60.9675,151.9130
343.0030,21.0365,62.0040,152.0188
343.9885,10.6005,61.4556,153.8043
345.1996,12.1446,60.7231,152.3523
347.1578,28.3314,60.4091,148.5161
345.9709,29.6320,60.3795,146.8073
350.6074,15.4055,58.3942,150.7849
354.2595,16.3031,56.3849,155.4463
366.9099,28.7176,56.6410,153.1811
367.1683,27.3410,54.8572,155.0971
352.4857,18.0934,56.0327,155.4292
350.4022,17.9616,57.3868,155.7499
349.9213,30.5912,58.4921,152.2949
350.3526,20.3469,59.0364,150.5383
368.1235,29.2468,54.9902,150.4169
353.5196,25.1835,55.0750,152.7437
374.6964,21.3167,58.4460,156.8115
372.3800,22.1247,61.2586,154.6813
369.7706,20.1570,60.5010,154.2602
354.8284,20.6157,59.1014,153.5865
370.4515,30.9694,54.9003,152.1020
356.9224,31.6944,54.9673,153.2839
369.7904,20.5035,55.6745,151.5017
354.6345,34.3448,57.9367,149.5180
378.4467,19.6491,57.1485,155.8978
373.8228,10.6586,59.3842,151.5513
375.0077,21.8530,57.7269,154.3935
349.4628,23.5216,57.8246,156.5612
353.4933,22.4830,58.3039,153.6252
352.6826,35.1328,58.1570,147.2746
350.5199,44.5854,58.3057,144.6466
350.5887,39.8243,55.8029,145.4298
389.7447,21.9529,54.4626,153.5291
370.7765,37.0799,62.7392,144.1502
385.2637,22.7185,61.2078,149.6888
2
0
0
0
0
1
354.3418,45.2783,34.0557,125.5081
354.7955,47.4347,34.5723,125.6862
356.5889,49.7427,37.0947,122.3445
335.3567,52.4796,37.7814,121.0862
353.3698,52.1506,40.3613,117.6926
346.2910,46.9586,40.9557,115.2946
338.2449,48.2664,37.1738,117.1860
340.6296,40.6607,36.2438,119.4365
340.4448,41.2045,36.3560,122.6824
339.1525,44.2540,37.5983,120.7771
339.0946,48.1666,39.1569,118.2822
325.5404,47.2524,39.6149,117.8864
317.8337,48.2009,40.5555,116.8245
316.4682,47.9804,41.7964,114.2029
315.1640,30.6967,41.9753,116.2720
330.9749,49.5272,42.2834,114.2414
313.4529,33.1655,42.9718,113.6723
313.9818,52.0730,43.0744,112.8850
326.5708,41.8129,43.2068,114.4860
343.7545,43.3519,42.8713,115.0576
324.6358,47.5315,43.4230,113.6711
304.4371,47.9926,43.2847,113.4148
303.8038,46.9664,42.6362,114.7754
304.9727,47.3701,42.5638,114.4038
2
0
0
0
0
1
293.9064,37.4574,37.6343,125.5197
264.8147,28.5412,38.5795,125.6305
263.6890,34.5268,40.8712,127.4863
266.2436,31.0608,41.2484,129.1098
268.0453,32.8642,42.3624,130.7619
267.3607,24.4695,43.1453,132.6558
273.6624,37.9533,47.5604,129.5460
264.8784,29.5483,48.6876,130.5358
290.6601,36.9423,46.9745,132.3301
275.5437,37.1780,47.6252,133.2292
288.5848,37.9806,49.2368,133.9963
290.8656,29.5931,48.8381,135.7177
2
0
0
0
0
1
292.3344,53.2444,34.8801,116.5930
293.7857,49.3943,35.9257,122.1988
295.2668,49.9036,37.4139,123.0628
296.7365,49.0051,38.0875,125.2696
297.5771,50.0730,39.6597,124.8319
308.4934,50.2308,40.4994,124.6616
298.6559,47.4837,40.9918,127.5842
309.8773,45.7938,41.3514,127.9755
307.0939,47.6655,42.9670,126.8378
307.2743,47.7654,43.3960,126.8529
308.1594,47.3688,43.7675,127.5171
308.7893,49.6067,45.0009,126.2082
309.1256,49.3201,45.1493,125.5769
308.2770,40.8545,46.2133,124.6659
307.3802,43.0392,46.3051,125.5173
309.6242,44.1224,46.0875,126.3703
311.8173,44.3490,46.0046,126.1023
312.2378,43.7041,45.3077,126.9520
314.5356,40.5080,44.5298,128.9939
316.2292,41.2750,45.2153,129.2757
317.9653,38.3702,44.9720,131.3176
317.3308,36.8377,45.1262,131.8730
317.2551,37.7172,46.2554,131.9822
318.4698,39.8389,46.8443,131.9144
320.0713,38.7165,47.0974,132.1823
322.4714,36.8837,47.2413,132.6341
323.3234,38.0401,47.2606,132.6358
325.0915,37.9701,47.8693,132.9814
324.7684,38.3652,47.6738,133.1182
324.1614,39.3346,48.1120,132.5324
324.0901,36.4688,47.9623,133.0795
325.7225,36.3658,48.8978,133.5875
325.8842,34.9003,48.3253,136.0110
327.1501,35.4859,48.7190,135.9821
302.3342,37.8029,48.6251,131.1444
327.3317,39.3531,49.1335,131.2599
301.8247,50.4245,48.6412,127.9505
326.3450,41.2272,49.2894,129.5322
334.9864,42.2663,49.2075,128.5221
335.3491,44.7767,49.6287,127.2563
301.3867,42.5300,48.9286,125.1852
309.1915,50.6533,47.2932,124.7554
332.7081,49.4547,46.1792,123.6020
333.6776,50.4995,45.8818,123.6777
336.1359,48.4768,45.0878,124.0827
336.7638,51.5660,45.2452,121.6842
307.3738,40.3415,42.7522,124.1620
306.5522,39.0356,42.3864,126.2444
307.0995,46.6638,41.5317,125.4297
297.2313,43.0928,41.1387,125.8698
297.2195,41.2889,40.4468,126.8221
339.9813,55.3560,41.7047,123.3052
2
0
0
0
0
1
360.9849,72.2488,31.5438,106.0491
367.8191,82.6793,32.6348,101.0316
367.7803,84.3267,33.0414,94.9056
366.6068,94.0726,34.9810,91.5053
375.6080,93.7080,34.9610,90.0678
2
0
0
0
0
1
339.2268,85.7037,31.2629,95.2958
2
0
0
0
0
1
362.0235,65.6926,28.6277,107.4243
375.4824,73.1863,32.7539,104.5465
359.9269,54.1042,32.4478,110.1714
396.2802,69.5957,32.8700,109.5991
398.1505,70.8595,32.9357,108.3746
373.1108,63.2946,33.7542,110.0077
2
0
0
0
0
1
388.5505,56.7518,39.8963,108.9555
389.2441,71.0380,42.0778,103.4224
385.7455,74.7699,43.8917,101.8388
382.7545,75.2531,44.7793,99.4070
374.5236,75.8009,44.7198,99.5002
364.1438,78.3177,44.8979,97.4537
357.5589,77.3157,43.6675,98.0650
358.2050,80.1885,43.5167,96.9888
2
0
0
0
0
1
387.4000,88.0565,28.1867,94.8633
387.0446,92.2494,30.4133,89.0893
386.5362,94.8298,32.1733,85.2295
401.1320,99.3083,30.5244,86.9822
400.9715,105.7049,30.1109,86.2548
402.2677,96.3728,29.4984,88.5351
388.6248,90.1148,29.1964,90.4725
411.8567,97.0969,28.9296,92.8806
411.3921,93.8730,28.2630,96.0532
2
0
0
0
0
1
384.0739,83.4527,34.8022,89.8521
360.7508,74.2131,32.5939,92.1587
361.9763,64.2256,31.6701,94.4271
353.3730,72.8351,31.7313,94.1336
2
0
0
0
0
1
397.7727,110.4196,29.8226,98.8514
399.1471,116.4070,29.6750,99.2252
387.9189,108.3600,30.7658,100.3437
386.6540,105.7630,30.8123,102.3994
382.8079,74.2063,34.7550,100.8055
372.7023,75.9203,39.5156,97.7685
364.5926,77.4657,42.4266,95.4611
363.8083,84.5006,44.5319,95.0772
362.8259,77.7496,47.7377,91.8272
362.5494,79.3551,48.3470,91.3132
361.4356,82.4906,50.0280,89.6861
353.8323,90.7414,51.3878,90.0897
351.9957,92.7363,54.8544,87.3437
352.1433,93.9464,56.2729,84.7239
344.4774,94.6822,58.1699,83.5080
330.5740,64.5185,53.5583,90.7289
2
0
0
0
0
1
369.7726,154.1311,35.1190,88.9972
366.9115,152.4815,36.8269,89.1883
365.9293,151.5337,38.8950,88.6720
364.0134,153.3235,40.4174,86.1861
349.2422,118.9730,38.1459,94.3361
342.0319,109.6438,40.1632,98.3167
321.9201,105.0659,48.4216,90.9733
326.2148,100.7220,54.2853,84.2336
2
0
0
0
0
1
356.4677,144.8532,36.4179,95.7121
371.1472,142.9996,34.9427,97.0669
377.3272,143.7834,35.1489,96.0361
360.4761,122.3775,36.8157,90.3734
348.0570,93.1433,41.4777,85.7015
338.6853,80.8556,45.1051,82.1411
336.6081,84.6688,49.6932,77.0943
320.4406,99.5751,47.3511,81.2043
322.9921,97.3223,44.5509,85.2442
330.4478,83.7829,48.7695,81.1171
323.4537,91.0060,46.6280,84.0912
2
0
0
0
0
1
357.0746,99.0539,45.0173,92.9146
354.7784,92.4765,47.5887,89.9576
330.6960,106.6477,42.9102,96.9037
329.6752,107.0629,42.0419,98.3663
2
0
0
0
0
1
355.6006,87.4580,54.0801,109.6126
351.7704,90.5625,57.3672,106.8403
351.1020,92.1467,58.3473,107.9216
342.3656,91.1855,60.1934,107.8841
345.1832,97.6144,59.9462,113.7326
350.8097,89.0389,64.6907,110.7037
348.4139,87.8453,64.0682,115.1769
345.4772,89.0422,67.6436,112.3142
348.4676,88.0053,65.8948,116.8880
348.9532,87.8214,66.1376,118.6368
339.2047,88.2609,68.2381,118.5247
340.5554,68.1138,70.9844,115.8406
2
0
0
0
0
1
408.7447,130.2375,57.4217,145.2887
399.9787,113.5503,50.5790,158.6743
383.7284,114.9494,51.6715,160.2984
366.4208,65.7724,57.4673,152.8578
354.7168,57.5790,62.1350,147.7089
355.5493,61.0415,65.3837,145.4793
364.8971,62.1013,66.8212,145.0250
376.8990,121.0072,63.4411,155.4105
379.2658,117.3593,63.7675,158.0956
382.9105,117.8768,62.9628,160.2327
379.4595,119.8317,63.0986,160.9325
359.1052,54.3760,71.3779,153.7562
360.2226,56.1892,71.6959,153.5572
359.9742,54.5857,71.7875,155.7935
404.1335,125.5982,66.7106,151.3208
389.0112,122.2974,63.4540,155.3021
413.6465,121.5451,62.4561,159.0717
395.5951,122.1865,63.0206,159.8423
392.2954,124.9859,63.5454,158.4495
396.6404,122.1199,63.3964,160.6630
395.8483,109.3430,63.9946,165.0178
396.2381,124.7778,65.3109,161.8893
395.6687,124.8670,66.1636,160.5129
396.2832,123.8111,65.9776,162.2103
410.4099,119.9696,60.9772,163.1702
395.8010,119.6438,61.4321,164.6668
394.2051,106.4435,63.3061,165.2457
376.4001,51.4295,69.3129,159.0930
391.0363,122.6421,67.0573,162.0290
390.5391,118.9238,65.8186,166.9695
422.8604,121.0825,63.9141,169.0832
423.3359,121.4111,64.1852,168.2417
405.5032,102.2049,62.8194,180.0018
403.9581,97.0802,62.0304,187.3433
424.4489,109.9071,59.2303,192.3071
408.1359,105.9433,59.8720,191.5156
427.0209,127.7588,60.8289,175.3228
411.1451,83.1839,60.4708,179.5096
408.3191,111.4586,61.4778,183.5724
407.6280,113.2372,63.5578,180.3915
407.5909,84.7381,64.3238,183.8211
432.8446,116.5327,68.1701,172.3448
433.6447,116.6011,65.6078,167.1832
435.3600,118.0481,62.2178,160.8335
434.7039,102.9494,59.7954,168.5665
408.3671,100.5790,57.9984,171.4946
436.7563,97.5850,57.2237,179.3673
436.8246,135.1221,63.0578,162.4399
436.7627,125.7355,61.9293,159.2262
448.5497,122.1780,60.4919,163.4225
443.9122,138.7981,62.3224,156.2421
435.0116,134.9075,60.5199,157.3381
410.6826,116.8490,58.1935,165.6985
439.6295,132.6623,58.0527,163.3094
410.6610,114.9942,56.6373,174.6479
407.2224,50.9593,71.7338,162.1222
416.1486,40.5698,76.1963,157.8829
401.5148,56.7824,83.1619,153.1698
400.9490,47.0684,90.1646,146.1554
403.2257,51.4264,91.6696,143.1620
401.1295,56.7305,95.4014,138.2572
413.0258,29.8693,95.1512,139.2649
414.3166,33.4111,95.0967,139.2414
414.5557,36.1354,94.7765,140.0135
427.4736,51.6728,93.0718,142.3129
427.9123,38.8278,91.9028,143.9582
429.0032,41.3635,91.7369,144.2696
428.4588,43.5329,92.2448,143.6314
439.3640,45.0287,91.7924,144.0264
438.3467,46.0203,91.1008,144.8085
436.1094,33.4887,90.9928,145.3054
446.4504,50.8717,90.5821,146.3153
446.9428,50.8563,88.4514,151.0408
448.2815,52.9560,87.9191,151.4958
446.2838,39.8772,87.8969,152.5183
445.5551,42.3886,88.2029,151.7773
446.7903,45.7424,88.4354,151.3451
458.4514,61.6522,86.7646,152.9780
443.6687,51.4971,88.1741,148.8485
455.0811,53.6421,87.3429,150.4510
453.8926,42.2235,86.9653,150.2564
452.9664,43.7564,87.2009,150.2828
454.7847,44.5857,86.3577,151.5897
456.2998,46.7598,85.2482,152.4418
457.2276,49.3940,85.4505,151.7928
458.0426,52.8384,84.8531,152.2734
468.9711,80.1248,82.4316,159.5529
465.0919,66.6734,81.4468,162.6527
463.8887,68.3901,80.9584,163.7578
463.6089,69.9431,79.8418,167.0993
2
0
0
0
0
1
413.8406,138.7403,45.9969,155.7808
416.2072,139.0007,47.3919,152.1426
415.6221,129.2120,46.9222,153.5282
416.9340,126.8085,46.0239,155.1573
413.6646,129.0762,48.2181,153.2080
417.2216,115.0247,47.2398,159.0417
418.8778,115.1467,47.5446,158.6980
418.7714,117.3815,47.8423,155.1367
406.6942,115.9740,47.4129,155.9043
410.0611,104.8415,49.2692,157.2028
424.8808,115.4688,50.0889,157.3939
424.4421,99.3442,47.6314,165.2491
425.3917,99.2821,48.8851,165.8550
424.8157,95.8176,47.5542,168.0921
426.9734,100.0968,50.1508,163.3069
424.8542,88.7663,49.2578,164.5534
396.4973,117.3060,55.6177,158.1543
407.0819,121.3351,59.5773,154.0077
394.8016,125.0220,58.9822,148.3094
396.6231,125.4589,59.6315,148.1089
398.0110,116.9101,60.7409,145.0330
399.9836,116.5397,59.6093,150.4754
400.7665,117.6545,60.6302,148.2274
400.6307,108.8366,62.4708,144.3939
398.9273,109.1911,61.2635,144.2278
398.8470,124.5025,64.1194,137.7446
388.2421,121.7127,60.9968,139.6649
389.2222,122.5316,60.8996,139.7694
388.5191,135.6167,63.5405,135.6922
389.7124,123.4085,63.4780,136.8946
403.0367,112.5256,61.4166,135.9435
412.7244,120.2968,66.8800,123.3602
405.8497,119.0653,65.4621,125.1535
405.6497,113.5545,61.6101,130.9438
408.0245,128.5873,62.3439,126.5561
409.2561,126.7971,60.6027,126.6006
401.4094,122.0091,57.4429,132.5852
405.6244,111.1599,55.1876,136.3257
416.5532,122.9892,54.1755,132.1169
409.8632,121.5642,51.7400,131.9821
400.0312,134.8391,54.6548,128.0855
412.2167,123.6704,53.9138,130.1089
410.9376,135.1359,58.1914,127.9600
410.5423,146.2017,56.3231,129.5209
410.1781,121.6812,55.3979,130.1042
419.9639,131.9399,55.0166,129.4242
400.5057,141.6008,54.7950,128.1765
412.0664,140.3262,54.4998,127.6028
411.8176,142.8303,55.8584,124.6492
402.6561,151.2374,55.0616,125.1013
404.3129,148.5186,53.3876,128.2956
429.8198,123.0199,50.0218,137.7971
429.9076,119.2100,46.7291,149.9806
431.1842,115.1758,46.0012,159.0201
406.1761,147.9038,48.2285,152.1045
428.5814,122.2296,47.2885,158.6740
429.6560,122.0647,47.4495,164.2798
427.4836,121.0291,45.9183,166.2950
400.3408,140.3684,51.1633,159.4997
426.0714,149.2221,55.9347,151.6170
423.9018,151.8312,55.6530,151.6509
408.2844,164.8058,56.3910,146.1291
406.8998,156.8287,57.6262,141.7371
406.4658,169.4223,60.5905,137.3123
404.7613,174.0412,61.4929,131.9061
396.0000,173.9137,60.0070,132.1289
420.7413,146.0088,54.3707,145.6963
397.6451,171.0292,56.2737,142.6993
423.2689,143.4487,51.8123,153.8018
409.6351,160.5962,53.5740,149.0622
407.7732,163.4478,54.3798,145.4917
408.8506,167.4565,57.3420,139.8345
395.2578,181.5340,60.4185,135.9624
422.4711,149.6410,52.4331,150.6924
410.5316,163.4306,54.0209,146.3345
411.5327,165.5201,57.5762,139.5788
428.7193,147.7210,52.4125,150.4510
417.2880,164.3440,50.6581,145.1113
430.4939,135.8879,46.5671,159.1296
432.9424,143.4725,46.7489,161.9281
417.9798,159.5804,49.8929,151.1815
408.4267,171.1734,51.3596,149.3405
412.4307,161.0576,50.6550,148.6258
433.1686,163.2901,53.5220,144.5509
420.9875,141.2362,49.8240,157.3576
432.2232,156.8812,48.8094,152.4111
433.2756,148.4673,49.5423,150.9571
429.1827,151.9900,50.9080,150.1053
428.2060,134.2940,46.6896,165.0107
430.5639,147.1979,46.7708,162.1959
418.9814,146.3676,47.7959,159.4357
433.6898,134.3539,48.6045,164.4183
431.7758,134.4743,47.8362,166.0352
433.0414,146.3993,50.3997,162.5421
431.9456,146.5080,51.6159,160.1699
418.8774,133.5669,48.4889,167.3565
432.3757,146.3486,49.3982,164.5241
415.2286,162.9260,55.7427,151.8041
424.8095,167.9993,62.1862,143.6848
402.2017,151.3450,59.3068,147.4024
390.8735,153.2246,59.3130,147.3635
364.3406,157.7563,59.1386,145.6334
378.2757,160.8239,58.8314,144.5308
377.8496,172.6489,58.1271,145.3711
460.2261,74.1521,62.8409,141.4242
461.1431,75.3688,62.4067,143.8394
458.1172,62.3737,62.9394,143.8363
456.0809,64.1326,63.2461,143.2898
451.5819,66.1261,63.9063,142.4986
448.5948,54.0048,64.3232,142.4584
443.6826,69.3950,66.2317,140.4206
440.1171,71.1693,66.6118,140.5931
439.7398,71.6912,66.7362,139.8706
449.2079,73.7021,67.0110,139.5434
449.2079,73.7021,67.0110,139.5434
435.3595,75.6393,69.6071,137.0563
443.1910,65.4153,72.0980,134.2256
428.0301,65.4619,72.5909,134.5808
437.8227,79.7700,73.4194,133.8761
434.9633,79.9020,73.5300,133.8718
432.4702,69.5632,76.4496,130.8208
431.4006,72.5202,78.1176,128.2599
427.9530,48.9097,80.7407,125.6192
456.8556,25.7372,78.8428,127.3231
2
0
0
0
0
1
428.0133,155.8053,49.0074,126.0070
427.2437,100.5671,48.4797,131.0180
410.5841,82.5069,53.6657,125.0994
406.5839,86.0683,57.5991,119.5428
405.5656,89.3710,59.5112,116.1585
401.2584,80.6238,62.9930,114.4897
399.8453,80.7272,63.1025,117.1495
368.3703,76.4055,58.1396,122.9400
371.5702,66.6857,57.4164,122.4727
371.4247,65.8428,57.0107,123.2154
373.4960,42.3328,54.3611,128.8217
351.9062,77.1112,53.2982,130.3294
2
0
0
0
0
1
414.6467,154.5783,56.5503,145.0346
389.8163,141.7613,55.9705,147.5167
391.8891,155.2366,55.5989,146.8771
375.6480,105.8487,59.9985,144.5429
373.3514,106.9786,61.7492,143.4409
364.5824,115.6754,58.8694,153.6465
407.1321,123.2167,52.8376,163.8791
407.4404,137.3880,50.9023,157.6316
408.9622,137.8082,51.1757,154.1868
343.6741,120.0326,52.2412,160.7431
2
0
0
0
0
1
372.9393,143.6943,71.6371,140.4094
372.3153,145.8451,76.3483,131.6367
370.9143,188.9003,83.6661,123.4201
359.0991,152.0636,83.6421,123.0162
356.3930,154.6845,87.6525,122.9473
423.3486,114.8673,79.9100,131.7740
2
0
0
0
0
1
355.3981,134.4097,72.9090,152.5587
350.9540,134.2901,75.8118,145.4415
355.9940,112.9210,67.1467,164.1165
344.5544,123.4936,70.3549,161.7000
358.6860,128.1072,66.0855,158.3740
339.9609,131.1178,72.8216,155.0721
337.8857,129.6945,77.8828,153.9531
339.1317,140.8440,77.5806,155.7330
333.8804,140.0407,82.5731,153.2214
330.6226,140.3106,85.5788,152.5871
329.5457,142.2429,86.8746,152.3806
327.9483,144.7468,92.6727,150.6468
326.8447,144.7217,95.1953,151.1027
341.9758,146.3112,93.7761,152.2966
340.9442,146.8409,92.8049,151.4853
336.2558,159.3073,93.7800,148.8170
349.9795,154.2966,93.0846,148.5271
351.8297,156.5467,91.3639,146.4566
353.7260,158.2024,88.0673,146.4145
356.5688,160.8358,86.8271,146.0273
356.7144,162.7405,84.7440,144.2763
357.4181,162.2218,84.5164,144.5728
374.5899,158.7013,72.2239,148.5276
362.4609,160.7892,76.6458,144.9751
378.8181,160.7561,67.8414,148.5625
382.3105,163.0735,67.2583,148.2039
381.3554,165.6580,63.4709,146.0763
385.5469,165.7780,58.6900,145.3848
370.4744,168.1454,64.6271,143.5122
367.6165,178.1715,69.7563,141.9156
367.6663,175.7975,72.3372,143.1887
394.4900,175.4374,68.5028,143.6562
395.2570,176.3139,62.1936,140.8219
395.1519,185.8926,57.8939,141.0500
396.2108,185.9769,58.6507,135.6140
382.6526,185.4325,62.0011,135.1335
377.0726,189.9892,69.9417,133.3970
395.3395,175.2117,65.3248,137.4604
383.5423,191.0902,68.7739,134.6378
399.5772,196.0689,61.1470,127.6010
401.5927,196.3963,58.1248,123.8320
403.0680,197.4329,57.8856,124.5798
369.0521,142.1446,63.1006,122.0956
380.0516,196.3842,65.4722,121.7715
394.2343,175.8019,59.0276,135.6031
392.7367,176.4517,58.1040,141.9274
376.5728,195.3192,67.0123,131.4968
375.2900,195.2580,70.0950,127.1715
372.0813,197.4091,73.3882,126.7215
374.2912,194.5426,73.4625,125.7371
372.4036,197.8664,74.7051,126.3783
372.9990,194.2730,74.1792,128.7278
373.5649,195.7458,75.5616,124.5473
388.3267,195.9191,65.8446,126.5639
376.5510,195.1060,67.8842,125.5042
387.5115,192.5937,64.8049,128.2153
373.3938,189.6600,66.6487,131.2708
386.5082,186.8614,65.8228,131.0387
382.6706,187.5430,68.2276,127.0567
381.9007,185.1844,68.3178,125.1712
382.6865,182.1059,67.2112,123.5876
379.9603,181.1996,67.3707,123.3372
379.7147,177.7720,66.0260,123.5320
379.3788,175.1669,63.4888,122.6964
379.6797,171.5763,60.0264,126.5667
378.8431,169.8175,56.6470,124.3642
378.9056,168.7842,55.7382,121.6524
378.5458,165.4016,51.1299,121.5084
367.5304,166.1905,55.7722,120.2650
377.9732,162.3308,52.7687,122.8583
377.1825,156.5574,51.3602,127.1204
377.2039,155.4948,49.5793,125.7110
383.2419,154.3875,52.1978,124.1228
379.3993,151.9656,53.3228,123.1295
365.4861,154.7567,62.0176,117.8461
364.6272,145.4368,62.7294,120.0196
339.6150,147.6605,67.4672,121.0683
2
0
0
0
0
1
399.2487,141.9203,52.7551,128.4948
409.6682,130.8710,52.1877,128.6606
423.5522,128.6201,52.2910,128.9765
376.0680,138.1874,51.6348,128.4158
421.6760,128.1571,53.9487,128.2280
2
0
0
0
0
1
378.1062,139.5992,42.7137,112.8420
366.1160,137.2848,53.3531,95.8110
374.4210,141.0884,48.7776,106.2981
373.6001,131.3830,47.4500,110.3795
373.4324,146.2849,45.8135,113.1102
371.1618,130.6659,48.8165,111.0204
370.8952,130.1815,48.9357,115.6044
368.1655,142.1123,48.7610,114.5909
366.4878,142.6474,49.1923,114.0592
358.3757,148.1856,50.2330,118.3897
365.5418,144.3083,50.1071,119.3389
363.2346,143.3874,48.4825,121.0791
354.2784,144.8085,51.7593,120.6449
362.3608,146.4360,50.7299,120.3919
352.4206,146.7154,53.8999,115.5585
359.9062,153.0716,54.0242,117.1212
366.8477,143.8468,55.8820,113.1061
356.6743,158.8555,51.6185,117.3365
353.9802,156.7543,51.7788,115.7055
360.5193,154.6462,51.2892,116.0729
352.4910,145.1414,53.5565,118.6291
359.5832,157.3469,53.0372,120.6332
359.9828,154.8687,53.1401,120.3895
360.2369,156.8522,52.5145,118.3319
358.6556,165.1235,53.3845,119.1106
356.9007,164.9341,51.2202,119.4851
349.7763,164.5720,51.3851,118.9198
361.4568,163.0411,53.9138,118.7068
357.3292,171.3096,54.2648,118.0196
354.8806,170.7054,52.6786,120.1906
353.5350,171.8921,51.9319,119.3213
354.1249,172.3912,50.6315,118.3427
354.8292,170.8434,49.4323,122.0081
347.3119,173.1733,49.9059,119.8150
355.1472,172.4404,51.4671,121.3186
352.7577,173.2925,52.0330,120.0042
352.3095,163.0226,50.7690,124.3385
344.5723,173.3599,50.3710,122.4600
352.1818,179.1384,49.9251,125.1526
351.4641,161.8082,49.9707,122.7520
350.4026,173.3884,50.3258,119.1668
347.8454,162.3553,50.0770,124.5620
339.6730,174.8623,50.5361,117.7958
346.8482,166.3187,50.6132,118.4774
344.5429,182.8359,49.6899,119.5456
343.9563,163.6123,50.4977,117.0010
341.5470,183.8156,50.1556,116.2391
330.9155,180.9615,50.8668,117.2739
338.7945,170.8535,50.4061,121.2103
335.6424,183.2706,49.7814,119.7167
334.9998,183.0433,49.6166,116.9956
325.0430,181.4597,49.7906,119.8829
332.4406,171.9848,50.5807,122.3100
331.9620,184.5450,51.5933,116.6138
330.0124,175.4459,53.4392,118.4946
329.4763,188.0282,54.5014,115.9987
327.1359,191.4138,57.6507,111.9657
321.6476,177.4901,51.7745,120.4186
323.9429,190.3703,51.1802,118.8280
322.1734,190.6336,53.2361,116.0137
319.9215,192.3961,53.4457,115.2279
318.0574,193.9389,55.6060,113.4156
315.4962,193.5471,56.0976,114.0650
313.1534,193.9975,55.1655,112.5974
307.6557,180.8401,49.7793,122.1910
300.5984,198.6631,49.3771,121.2416
303.9485,197.5477,47.7170,116.5408
293.7770,196.0231,48.7952,114.9102
302.1387,195.8324,48.9227,112.5183
294.9471,201.6168,46.0056,113.5471
295.2414,198.8538,44.8687,112.3148
293.9520,196.8948,44.0919,115.4573
290.8016,197.7501,44.4086,114.5085
289.1956,197.2728,44.8822,113.6501
288.2766,195.0575,46.5997,114.1094
285.2398,195.0764,46.6862,113.5518
282.7839,195.9630,49.6177,110.6612
279.8912,196.3925,49.6389,111.7957
279.0092,194.9621,49.3545,112.3782
275.5964,195.6976,50.9742,107.8146
272.8965,196.1884,49.5109,110.2280
269.2556,202.6090,49.7087,111.4463
269.4788,200.4539,49.0595,109.2817
262.2936,199.9641,46.7651,112.4249
251.6782,198.8991,48.3950,109.9733
260.9777,198.7309,46.0517,111.0756
261.0420,198.5727,46.7711,110.9334
259.4105,198.0898,48.4404,111.3855
252.4001,198.1715,47.2151,111.0434
254.9318,197.1342,45.7872,112.6222
252.6396,208.8583,49.2695,104.7874
245.4911,208.1537,48.3431,105.8444
247.6577,207.3161,49.8064,103.1142
246.3085,207.2188,49.6372,104.0217
228.1569,195.4204,49.8469,108.9468
237.3647,196.1199,49.1545,110.6135
236.3609,207.2556,52.6985,104.8280
