1
491.2973,414.2937,52.2922,48.2314
2
0
0
0
0
1
492.0252,367.7231,51.2134,51.6484
2
0
0
0
0
1
2
0
0
0
0
1
518.8259,281.5125,37.5254,35.2389
497.8156,289.8482,48.4605,35.5333
498.8014,303.0159,55.6874,42.5105
493.1221,345.8508,52.6560,40.8029
482.7555,344.8906,36.1559,36.1627
2
0
0
0
0
1
2
0
0
0
0
1
2
0
0
0
0
1
541.0471,348.4074,54.6275,55.3036
2
0
0
0
0
1
503.2382,286.9029,38.6020,47.2083
487.7729,258.8233,42.9816,50.0525
2
0
0
0
0
1
472.8160,240.5099,46.0794,48.6056
464.9659,246.5780,57.5463,55.9279
457.3933,256.1408,59.2274,53.6351
449.6862,269.9042,47.4675,48.5755
442.9402,287.1080,49.0428,48.3314
437.2025,306.4437,48.0557,45.9755
427.7330,329.5830,49.6191,49.9845
420.2614,356.1007,51.7188,52.2480
413.5709,389.9843,51.7043,53.7488
407.3019,378.3824,51.7781,48.6265
406.1010,363.6044,52.1243,51.0967
404.3850,353.6166,49.8778,48.1984
395.6419,334.4057,55.2597,58.9515
392.0545,331.5258,56.9231,59.1369
391.3394,330.5288,55.1134,54.4707
391.0039,330.5591,53.7357,55.1723
391.3918,331.2563,52.6130,59.7906
393.9599,352.2427,45.9023,39.2801
391.7557,363.5695,43.3442,40.6801
389.4414,377.2173,43.9006,40.6942
386.7980,393.6411,45.3341,46.1478
385.7853,413.6195,43.3543,44.1754
385.8541,434.9077,42.1307,44.0106
383.3521,459.8267,45.3350,48.4814
385.3252,444.0348,42.8179,43.5501
385.0150,424.6906,44.1336,45.3764
386.4820,408.8380,42.5229,42.3856
387.1973,393.6994,42.8476,42.3534
387.7995,382.8060,43.2320,38.0148
387.2867,375.7759,44.4427,43.1049
387.6802,371.0476,44.2678,42.5638
389.4150,369.4449,43.4921,42.7691
389.3263,370.5363,43.3708,42.3791
396.9107,376.4076,37.6932,38.4835
393.2765,381.5345,42.7656,42.1457
392.1776,388.1900,44.6694,47.9105
396.8662,406.9491,42.0716,41.0969
394.1092,422.6982,46.0782,40.9463
399.4221,443.0073,42.7416,45.6165
402.6314,459.6166,42.9091,43.5864
405.9124,434.1705,43.4007,45.4775
412.4024,410.5332,42.9178,45.0033
419.8244,389.6515,45.2553,39.5496
423.2665,373.7729,44.4154,42.0180
426.8011,359.0813,48.4392,45.6728
433.0598,347.8424,47.4859,47.4150
