1
2
0
0
0
0
1
2
0
0
0
0
1
350.9994,425.9944,16.5730,42.9900
2
0
0
0
0
1
361.3076,369.9145,20.4847,40.4394
355.9619,363.0784,21.5180,39.4061
2
0
0
0
0
1
2
0
0
0
0
1
2
0
0
0
0
1
2
0
0
0
0
1
2
0
0
0
0
1
2
0
0
0
0
1
2
0
0
0
0
1
282.5966,360.4185,25.8538,66.1765
282.5471,352.9973,25.7364,65.7734
288.3851,330.5851,25.9003,65.8563
295.8758,310.4245,26.3940,65.2722
2
0
0
0
0
1
314.3177,316.8683,17.9729,59.8889
2
0
0
0
0
1
2
0
0
0
0
1
2
0
0
0
0
1
403.1617,262.1930,18.7633,62.7890
2
0
0
0
0
1
2
0
0
0
0
1
563.5049,247.1827,20.4622,65.8668
2
0
0
0
0
1
2
0
0
0
0
1
2
0
0
0
0
1
522.8021,178.7200,16.7462,65.6577
502.2761,194.7727,17.0489,65.5789
2
0
