1
167.4079,28.1032,33.4742,98.0994
164.2861,23.0667,36.0711,105.4982
168.6384,39.1294,37.6888,47.1946
175.1507,17.2449,30.6884,66.7877
171.5697,18.0832,32.2625,64.0252
166.6024,41.0791,36.0390,41.0951
161.4424,34.7500,33.6613,91.6584
159.8670,42.6305,35.7668,46.8800
157.8067,45.9736,33.6686,44.4892
158.2005,39.5845,32.1363,37.8448
153.4698,27.0885,33.0904,96.6406
151.5331,21.3991,32.6458,76.8754
150.0878,41.8151,35.2659,45.1256
149.6770,32.5938,32.7401,104.9884
148.0786,45.6934,38.3018,49.3250
151.3378,33.4338,34.6986,118.0444
153.0339,49.8215,39.5159,49.7492
144.3624,38.5116,45.5442,112.2759
140.7782,50.9942,54.2345,57.9907
146.3973,53.9366,49.0566,52.3756
145.5134,53.7293,49.3256,51.0854
142.6104,58.7293,50.2127,49.8803
140.9596,62.7024,48.8213,50.9351
134.0548,65.8750,52.2996,52.4164
129.8682,63.8111,54.5626,56.4590
125.8512,64.2696,53.2195,53.7208
115.4853,66.6979,58.7215,55.6182
118.3974,73.1117,59.3052,51.9323
83.8931,22.3312,130.3934,104.2546
91.3704,9.1961,154.7966,227.2128
2
0
0
0
0
1
2
0
0
0
0
1
139.9652,139.2931,36.3504,38.1732
2
0
0
0
0
1
152.8746,158.2215,38.0713,30.4416
149.3758,155.0271,41.3197,31.7823
2
0
0
0
0
1
143.4093,98.9906,48.8441,40.5470
2
0
0
0
0
1
155.4450,114.7634,37.1322,34.9355
165.8500,83.0958,47.6272,44.0470
154.0844,92.2523,50.5120,47.4124
184.2172,67.7024,50.7094,50.8546
2
0
0
0
0
1
155.7167,89.2850,62.1350,52.2034
86.7371,112.1963,77.1993,71.0750
113.4295,111.8377,101.9325,88.6845
83.0650,139.7210,145.8992,93.9029
71.6758,140.8144,161.4605,99.1856
73.9838,137.6025,142.0353,96.5997
2
0
0
0
0
1
134.7899,77.0986,76.1543,84.2521
160.9304,79.3493,35.6176,68.0532
136.2246,93.4952,73.3837,60.0579
131.9291,71.5246,83.7561,125.6051
138.5411,81.2882,70.8275,74.5084
125.3899,71.1741,91.7540,126.3601
146.9927,68.4167,62.3701,85.0059
136.0211,71.0911,80.1840,124.8424
136.9470,81.1991,74.8318,76.8515
141.6530,59.6499,60.0331,91.9843
122.2157,72.6042,93.6032,125.0711
145.4492,72.8551,66.0565,82.1969
134.2219,66.3002,83.8580,131.1543
140.1368,85.7446,73.6221,71.3012
130.1557,71.6902,85.4273,126.0464
143.5177,64.3294,63.1638,89.8230
133.4522,65.1381,81.7916,132.7135
82.1805,9.3880,111.2529,179.0265
136.9875,65.9465,73.2075,91.8873
159.5296,79.7187,38.7905,71.6655
138.8082,75.3830,69.0335,95.5534
159.3070,81.0975,36.4307,68.3679
137.6002,73.5006,68.6499,110.8844
159.5443,81.8624,37.7329,69.9635
137.8490,76.9789,70.0864,110.1276
158.8845,79.9467,42.2293,78.3061
138.1071,75.6015,73.2217,119.4739
160.0542,79.4156,44.0794,93.7489
138.4224,69.9426,73.4618,128.7811
159.5785,79.4590,42.8714,81.2178
143.4543,73.3654,64.9625,111.4814
125.6483,74.0726,91.0750,124.7916
157.5434,80.4765,47.3924,77.6133
125.0371,70.3660,88.9322,125.5883
142.0305,68.6914,68.8634,90.5764
124.7712,77.3109,92.0045,124.4643
139.3006,83.5932,71.7436,75.1130
147.9202,93.8314,49.8312,60.4243
129.6015,72.1894,85.7192,106.4302
145.6939,75.0055,58.0090,79.5700
115.1143,70.7080,80.8811,77.7253
148.9723,81.8961,53.3096,64.5905
126.5371,63.7822,90.4822,92.9411
131.9351,8.2163,98.7626,107.7162
131.9478,0.0000,102.2268,86.2149
132.7846,4.4229,98.9528,83.5859
134.0000,0.5452,98.1124,80.1984
130.3125,9.0233,98.3991,102.5669
132.7488,5.1966,97.0146,103.6709
133.9258,4.6424,98.2098,129.1086
128.3857,16.0598,99.3455,125.8780
145.0607,58.3257,58.8985,98.3331
125.3932,70.9769,86.9930,131.8713
143.7919,89.3724,62.4365,74.8549
139.1166,74.1820,64.8531,122.8876
150.6011,75.9176,45.7852,93.0439
138.3638,71.5699,65.3932,121.4948
154.6551,79.8821,41.1088,84.9951
139.0198,72.2242,61.7218,112.4831
140.4328,93.7200,62.3822,70.3573
132.4583,76.6363,76.1483,120.9582
140.4613,93.2471,60.2988,72.9858
134.0375,79.9702,76.8120,120.6305
148.4367,78.4283,47.7083,94.5337
134.6893,82.2761,61.4066,115.7799
133.9726,99.5963,61.3696,70.2384
129.4627,88.0260,64.0483,116.7520
139.5829,88.3186,46.2651,86.7457
125.1217,90.3914,65.1073,108.4063
118.8359,80.1333,90.5643,130.4625
77.0654,46.5289,159.5070,147.6802
96.2146,8.1064,176.0718,185.8585
71.5136,0.0000,248.4864,240.0000
2
0
0
0
0
1
129.2066,80.5495,61.4971,77.8858
131.9751,73.1140,61.0918,118.0823
128.5080,75.0019,75.1688,135.5784
147.3381,77.4579,35.9147,80.6350
133.6285,73.3646,58.5624,80.4303
112.4861,76.1381,94.3367,131.4865
2
0
0
0
0
1
133.0421,90.6557,58.6252,48.5959
132.7178,82.9258,58.4298,57.9920
132.7477,65.3396,57.6310,76.1675
141.8212,61.4131,53.0193,123.1528
107.0529,85.7231,98.6289,100.9909
147.4394,65.2431,42.9039,64.9488
129.1268,55.5645,71.8846,81.9713
151.6050,69.6310,42.3329,65.9200
133.9356,59.9355,63.8655,86.0908
150.8909,69.2166,39.3463,67.6449
123.9079,57.9215,88.4155,67.8945
126.9260,88.4741,57.9603,45.5873
115.4566,66.5859,83.9229,64.8704
127.6436,95.3290,51.4202,46.3620
132.3147,113.5751,46.6489,35.4746
119.4747,73.1336,77.9735,50.8178
109.7398,68.4851,89.3756,113.4930
133.5217,62.8832,58.7589,79.8624
136.0006,77.5017,44.1731,61.1010
120.0521,61.3827,72.3443,66.7271
127.9552,79.7314,52.0213,62.4951
2
0
0
0
0
1
117.4135,73.3667,60.9015,93.5276
117.9261,66.2862,56.4625,111.4373
92.2325,69.4302,100.4034,102.2788
97.9868,68.3932,94.6465,127.1686
126.2157,73.7720,45.9333,66.9574
117.3307,81.7173,57.6828,57.2415
116.5258,86.5414,59.0540,55.1256
115.6613,80.5236,58.3892,51.9227
116.1051,80.3562,58.9041,57.0301
116.8198,75.6447,57.3874,53.7754
117.4067,79.6968,58.8387,63.1859
115.8989,81.0949,59.8805,56.9713
116.5452,82.1739,58.7470,53.2798
116.1332,80.8653,59.4641,55.6588
115.9051,79.6079,59.8983,55.5402
116.1935,81.7888,60.6338,54.9621
118.4564,77.8999,57.0267,48.8647
116.2262,78.6168,58.6265,56.6929
116.6696,80.0381,59.5242,53.1540
121.7766,76.7547,53.7579,50.1551
