1
156.2390,47.0734,50.9805,164.9361
153.8751,96.6478,52.7569,161.5618
166.6993,61.2097,55.0866,156.7511
186.4815,145.3940,65.4461,145.1397
159.4711,56.4791,61.1797,157.8221
145.8343,50.7403,63.6612,150.9362
2
0
0
0
0
1
2
0
0
0
0
1
147.3817,58.7308,40.7195,163.9516
144.2890,59.8127,41.7444,159.5231
143.5294,63.8618,42.5648,161.3225
143.6781,60.8257,42.5415,161.9869
144.5115,56.9612,41.0466,160.0762
142.9501,68.1615,40.5421,155.8053
142.1381,65.2134,39.4385,159.7646
142.6557,65.7431,39.4937,152.5296
141.1676,70.2624,40.5642,150.1189
152.9161,63.6938,41.8054,151.1982
141.8208,65.7459,40.6754,150.5730
139.8520,63.4085,40.2707,155.7234
135.1039,71.7821,41.3760,154.1458
153.8151,56.8075,41.7722,152.1633
151.4831,64.9488,42.4473,150.7494
151.6846,63.9528,40.8869,148.7470
150.5148,70.6095,40.5341,146.9185
149.5779,70.1433,40.0588,146.7630
149.2857,56.8311,40.7304,153.5813
147.8608,56.4920,40.9710,155.4466
151.6656,63.5679,40.5679,155.2914
133.0035,69.0225,44.0962,151.8923
147.6467,64.9646,43.6266,151.0490
122.3604,97.7019,43.6995,148.0899
117.0894,89.1178,43.6989,148.0923
173.5529,29.0411,45.3773,142.8634
184.9941,31.0629,45.3455,142.8818
188.8746,29.8028,45.3466,142.8804
190.8833,30.6061,45.3465,142.8802
195.7760,33.5086,45.3483,142.8781
200.8215,37.1466,45.3501,142.8759
2
0
0
0
0
1
146.2332,108.4020,40.0831,115.9358
154.7376,108.7630,43.2974,112.7150
158.6975,76.9976,50.7104,104.4422
150.8702,125.0746,51.8061,104.3722
2
0
0
0
0
1
158.6690,82.9720,54.6691,151.4038
177.4636,79.9218,56.2735,148.3232
2
0
0
0
0
1
204.6062,82.5219,52.7113,152.3633
189.4952,79.0972,53.4183,152.3229
206.7314,71.5367,52.4053,152.2363
155.3317,105.4611,51.8377,156.9646
213.4891,83.5889,50.1999,151.3661
210.6817,61.8824,49.6456,160.0624
210.1330,67.8015,49.6156,165.8011
208.4303,65.3967,50.1971,167.1739
208.3873,73.3977,51.6436,167.0591
209.4861,68.5212,50.6876,167.7179
224.3331,81.1998,49.4307,160.8652
208.1293,86.3275,54.5239,148.3087
223.1125,82.4500,51.1005,148.0730
221.6086,97.1881,49.4036,143.1212
222.7631,97.2278,47.2299,138.5025
224.0779,102.1887,45.8859,132.6514
225.0927,101.9745,44.0837,128.0963
213.8974,75.5650,43.0186,138.3488
223.1741,87.5894,43.6611,139.7433
223.5650,96.8671,43.6832,136.7002
207.5855,92.1200,44.4500,138.2605
221.8499,76.4224,43.4411,141.8427
206.5237,95.4287,46.3133,137.7113
220.6510,90.4366,46.6421,132.2434
270.4093,49.9493,49.2318,127.0717
268.5715,44.1962,48.5823,123.4625
283.5510,1.5970,56.4800,113.4843
288.4131,-0.4029,60.7787,108.0801
2
0
0
0
0
1
183.2922,156.7122,91.0150,89.2730
235.3181,133.0083,78.7136,102.3600
213.7362,137.5650,72.4122,110.5601
217.9168,142.3496,65.2125,116.5328
179.4826,102.6884,68.3878,111.1194
228.1601,107.9452,59.8708,117.6363
197.2572,92.1883,60.3932,117.1698
252.5651,103.0236,55.9427,119.9442
253.5112,117.0820,50.8593,121.5277
253.5966,122.2761,45.7206,124.5802
262.6540,112.5927,44.0252,125.2229
263.6029,132.1755,43.6874,124.7118
188.1852,73.6056,46.2419,123.5493
229.7863,122.3773,45.4192,126.2455
232.4333,138.0035,43.0136,127.0445
235.0201,129.0359,41.0803,131.4856
227.5214,132.0813,41.1442,133.5343
228.2913,126.0980,41.1469,133.5531
228.9738,125.8702,40.7872,135.1726
228.8078,123.2164,40.7910,135.1715
2
0
0
0
0
1
192.0366,104.6261,68.3639,100.2966
207.0777,112.3033,62.7661,101.9307
209.5432,92.6586,59.6781,101.1271
213.5490,87.7784,55.1113,101.7987
225.3471,66.0903,48.7009,106.5957
228.1430,65.8011,43.9894,111.9626
231.5803,66.7370,40.9001,116.1960
234.9148,52.1449,37.2667,121.8908
234.8385,28.8252,36.6390,124.2766
180.0831,95.3381,45.5988,112.3252
170.0269,94.9352,45.6265,112.3006
2
0
0
0
0
1
259.5662,96.6060,46.2262,97.7651
262.9127,100.3149,45.5278,94.6745
264.7750,101.7001,44.3480,93.2111
266.5633,101.6922,42.2701,93.5546
266.6355,97.5273,40.1722,96.0031
266.9697,85.2492,40.2203,96.9785
272.9378,82.3395,40.2622,96.7066
271.5440,83.3010,39.1753,96.5223
269.9115,82.8252,37.4098,96.7577
268.7091,86.8446,35.0762,98.8207
268.8290,88.0986,34.3745,101.6205
269.3996,79.8817,33.3891,101.5720
267.3202,120.2028,33.0908,100.6267
267.5371,128.6905,32.9048,97.3781
266.5745,130.5452,32.3479,94.9124
264.8971,143.9891,30.6952,94.4523
255.9757,157.0001,31.2645,90.8893
2
0
0
0
0
1
232.3780,40.2660,52.8500,140.9051
175.1599,60.4319,50.4563,144.5009
173.1372,65.2982,48.8157,141.7932
163.0118,70.9870,46.5934,139.8045
192.8589,62.5517,49.3358,134.4872
134.6475,51.1552,47.5478,137.4143
169.1779,104.8139,53.2290,130.1711
204.0700,69.9680,53.4310,126.2232
160.4172,100.1978,52.9905,126.9848
218.1232,71.4965,51.8809,124.4374
162.0463,103.0805,52.9708,122.2443
141.4384,65.8500,49.3228,128.5884
141.9645,56.5808,49.3198,128.5958
139.6661,54.4018,49.3195,128.5963
135.9646,56.7601,49.3194,128.5966
133.0453,59.1628,49.3194,128.5966
132.9314,57.9987,49.3194,128.5967
129.8067,60.6104,49.3206,128.5956
126.2521,63.8594,49.3239,128.5926
123.0332,65.6410,49.3256,128.5911
122.4923,68.5386,49.3293,128.5880
2
0
0
0
0
1
184.5344,121.5580,69.4300,125.2696
218.4609,91.9441,73.8306,119.9714
176.6709,162.7189,79.3001,114.2050
240.8012,138.7641,75.8802,117.7932
174.2955,167.5317,83.4926,110.0838
240.9708,133.0726,77.5842,116.9253
250.8581,90.5034,67.7178,125.5239
259.0216,93.3399,59.5118,136.1332
264.2156,89.3622,53.4625,140.8809
265.5227,89.8930,49.3621,143.2636
266.6495,83.7609,46.3160,146.6640
266.7405,82.8334,45.1542,148.9078
242.5631,72.7073,46.3878,146.7294
260.5243,72.7154,46.8099,152.5645
263.7448,71.6938,48.0458,156.3461
265.7704,70.7128,48.0043,159.9085
268.7745,71.6512,46.9516,161.0976
268.8891,68.3963,46.0789,163.3437
268.7739,66.8854,45.3030,164.8147
269.0258,70.8036,44.9185,164.5292
182.0385,69.2688,59.1764,150.9099
175.9112,74.5947,59.2295,150.8565
169.3362,77.8639,59.2945,150.7865
2
0
0
0
0
1
243.4841,94.2952,68.6454,126.0203
257.1501,101.8885,63.5655,125.4436
259.7417,99.8288,60.4025,124.5281
260.9654,98.7328,58.1823,122.7916
261.5276,105.6778,56.0563,122.0370
262.9524,114.7858,56.5166,117.9844
274.9713,117.0246,68.5559,106.9958
271.4003,121.6018,75.5885,99.0781
265.5296,123.6575,76.1799,95.8633
262.0335,125.5042,73.6543,96.3825
257.5286,123.8523,70.2927,98.7545
255.5940,122.7346,67.9971,100.1049
254.5429,132.8592,67.4445,99.9433
253.2814,139.5044,67.7090,96.2653
251.7861,146.0232,68.3007,91.1345
247.1911,161.0942,69.6699,85.7011
183.5149,112.1790,71.9516,85.3944
251.1900,127.5363,63.3810,98.4633
250.6160,132.0451,64.0762,100.5548
253.6240,120.6460,56.6471,110.1468
257.8011,115.6713,52.9836,115.9691
261.8265,110.6410,51.7564,117.5680
276.9182,105.2825,53.5866,115.4984
2
0
0
0
0
1
212.7082,161.9066,71.9603,105.5268
181.2448,85.4039,62.5795,113.8380
247.5108,111.9473,57.2320,116.9993
260.8565,104.6346,52.0645,120.9648
271.5971,106.5673,51.3699,121.1171
282.1817,101.0129,51.4179,120.8350
282.0303,100.4534,57.0423,115.0411
2
0
0
0
0
1
239.3334,89.0029,64.6362,122.7688
167.4174,71.1650,60.0363,130.0171
171.8977,76.9111,58.9631,128.5157
172.9799,73.0708,56.3206,131.6180
171.7278,75.4708,56.7517,130.6872
171.6372,69.8558,56.7534,130.6858
148.1185,63.1814,56.9464,130.9257
172.3766,68.6303,53.2174,137.4986
220.9529,97.8369,51.4583,137.4056
181.2328,74.9311,52.9228,136.3690
2
0
0
0
0
1
255.8480,79.6474,63.5764,124.8116
254.6907,69.3815,63.2387,125.2435
255.8694,97.2276,58.6353,129.2049
269.6651,84.4433,59.0713,130.1009
279.8473,69.1122,59.1859,130.1061
2
0
0
0
0
1
126.1769,62.6084,65.3885,128.7407
2
0
0
0
0
1
232.1863,106.5330,38.1637,160.3915
212.3133,147.0628,43.9267,153.1385
213.5250,63.6153,43.9432,153.1499
2
0
0
0
0
1
242.4810,59.0078,32.8205,166.6232
230.4308,102.6747,34.9359,163.7497
227.5348,53.1188,37.5833,162.5695
230.6261,48.4952,37.3015,162.9690
231.2204,41.5864,37.4750,166.2354
229.8845,61.8869,38.8524,161.1299
230.5989,52.3509,38.4783,163.9426
240.8165,64.0244,38.6852,160.0287
238.5282,62.1744,38.6415,159.6880
248.8626,35.7362,39.6855,158.1707
214.2468,62.6505,41.3849,154.8175
246.0455,23.9267,41.1268,157.7422
217.9405,65.6375,42.6842,153.5587
262.7431,18.9672,44.1093,151.1708
2
0
0
0
0
1
184.3124,118.9721,59.9319,131.3808
228.5670,81.5651,57.9529,133.7274
192.9796,128.4533,61.3654,127.6712
191.2120,156.8485,66.5099,117.5694
193.1913,156.2820,64.3962,114.2214
194.4219,154.8677,63.0040,111.1509
199.2779,158.0605,61.8888,106.7555
201.5651,165.7181,60.4630,102.9404
204.3770,164.1159,60.5066,102.8645
209.9048,165.0348,60.5148,102.8500
212.1902,161.5074,58.1551,99.9143
214.9380,150.9725,58.1186,99.9400
222.7890,164.0232,57.2785,99.2858
224.3186,148.8196,53.1452,103.0781
228.0695,148.0423,52.1465,101.5568
231.4909,155.6873,52.5349,97.3162
280.4405,85.0845,51.4106,100.6047
272.9308,77.8837,53.9639,102.1753
251.9944,130.5312,51.4200,103.3260
251.6376,145.8868,48.1164,103.9470
279.0884,98.2160,47.7060,105.3747
261.6624,141.3519,45.2829,106.5518
263.6171,146.2215,43.7508,106.7612
266.3610,144.8077,40.0884,109.6236
282.8299,118.4688,39.2826,111.9970
274.6046,123.2968,38.6830,111.4208
273.9837,140.9343,37.4954,114.3444
273.7878,141.8844,36.2377,116.2678
274.5315,135.5794,34.9661,117.9564
272.1197,131.6206,34.6528,117.2420
264.2754,126.8149,34.3729,114.8180
270.4599,119.0913,33.2677,119.3319
268.4585,130.9904,32.2541,121.4982
268.0294,117.3162,31.3771,122.5510
267.1295,56.6223,31.5836,124.4308
256.0563,58.3885,32.7080,130.7487
278.1016,39.2885,36.6174,123.6369
276.5208,52.4038,39.9285,115.9893
272.6939,56.5125,41.9521,109.1485
272.0779,62.1890,42.9726,103.4747
2
0
0
0
0
1
214.5822,62.5646,51.2177,156.7576
218.3355,77.9042,50.9503,153.5568
2
0
0
0
0
1
2
0
0
0
0
1
219.2073,87.6923,51.0889,150.8938
2
0
0
0
0
1
2
0
0
0
0
1
217.9848,87.9866,50.2343,158.5332
222.0815,41.0795,49.0452,157.5627
222.6363,41.2270,48.5851,154.4501
2
0
0
0
0
1
197.2701,144.8109,58.0989,133.9448
209.7603,142.0450,57.9556,130.1402
2
0
0
0
0
1
177.7559,106.3096,46.2265,103.1177
2
0
0
0
0
1
2
0
0
0
0
1
169.0759,104.2559,49.2199,144.5931
184.8379,104.2917,47.1967,146.5320
222.0901,101.4778,47.3358,143.7214
227.6285,89.4510,45.9717,145.0836
179.8797,123.0880,45.7013,142.0420
168.8410,109.9911,45.2615,141.3032
227.9467,113.7409,43.5007,145.5654
2
0
0
0
0
1
210.2813,107.7432,53.3322,136.0718
215.3423,106.6690,51.1108,139.4543
213.3878,106.8180,50.6977,142.8648
225.5491,105.5978,48.0933,151.2755
214.1317,108.5033,50.0615,153.4897
225.8350,112.8897,48.0549,154.9511
224.6655,105.6935,48.5386,155.5528
261.4887,86.8541,46.2110,149.5603
237.8728,88.5066,50.3450,142.7950
251.7347,99.4646,48.2527,137.6117
254.5290,102.3455,47.5011,132.1279
257.1309,104.4958,45.9415,127.2749
258.0776,108.5014,44.7978,122.2105
259.5424,111.3030,42.4365,118.4261
259.0313,111.7745,40.0594,114.7891
265.1971,107.6331,37.6989,115.1682
246.7343,126.5425,35.0958,119.7670
229.4183,71.2066,35.9276,116.8570
232.3155,102.6883,35.2628,113.6164
232.5191,121.9533,35.8442,111.2838
233.5669,122.9098,35.4709,112.6170
235.6159,122.8526,34.6570,114.2453
206.5077,113.7878,36.5124,110.1706
232.2263,121.9008,36.2184,112.4775
235.0832,148.9244,35.0971,113.2830
197.3090,101.7950,36.6798,113.6480
189.1712,101.6808,38.7568,114.1590
200.6122,112.1322,42.6099,108.5904
229.5275,130.7288,41.4016,109.1626
2
0
0
0
0
1
193.7979,120.0294,41.4240,84.8486
208.5998,120.4148,48.4177,77.3431
231.0469,129.0461,44.7354,80.2334
232.0013,126.6400,42.6077,81.4424
232.5241,123.6784,40.9390,81.0462
2
0
0
0
0
1
234.4867,156.8365,41.9246,96.3513
2
0
0
0
0
1
240.5369,129.6393,53.9275,78.3282
241.8294,131.5293,53.9275,78.3282
240.0076,133.4673,53.9273,78.3283
236.2664,134.5377,53.9269,78.3286
218.4844,168.6372,58.1402,70.1403
183.0997,114.6918,59.2368,68.6146
214.8368,165.7072,60.2618,65.3774
233.2222,185.6654,59.0882,65.6811
231.0298,187.1226,59.0871,65.6825
229.4310,187.5065,59.0875,65.6824
226.8275,189.3369,59.0841,65.6860
227.1768,189.8277,59.0743,65.6966
225.1435,190.3986,59.0742,65.6968
204.1437,178.7716,54.7410,70.9300
2
0
0
0
0
1
201.7953,74.0394,30.3006,142.7906
221.9008,76.7556,31.0782,140.8433
232.0644,109.4900,33.0162,139.9102
234.6603,115.0318,34.2425,137.9470
237.3109,110.1048,33.4480,137.6894
237.8112,108.9609,33.5321,143.1071
205.6665,113.9378,34.8013,144.6666
238.6011,75.7841,35.1395,145.7489
206.9377,68.1921,38.2051,143.3823
254.0305,75.9939,38.1378,139.6133
260.5703,73.7459,37.4388,135.6699
266.7495,77.2132,37.0227,130.6648
256.3048,72.1755,37.0563,130.5908
271.9312,74.6310,37.9570,128.2448
273.6469,75.0263,40.8911,126.8394
274.1670,76.1052,43.8038,125.6345
276.2294,77.0512,43.8030,125.6336
277.5228,71.3670,45.3276,127.0660
273.7563,69.5609,48.8977,127.2336
273.5944,66.7091,50.9816,129.8165
255.4269,65.4339,48.2795,130.2157
269.8636,64.2980,48.7630,131.1057
261.6985,61.6972,47.1393,128.2471
268.6575,65.3267,47.6355,130.3370
273.0961,61.9532,46.7740,131.2914
275.8418,61.1050,46.7428,129.7993
277.9657,63.5615,47.0167,128.5197
280.1081,59.4440,46.2458,126.8545
281.0567,65.3199,45.2112,125.5550
280.4402,59.7765,45.1981,125.2131
281.0467,48.4197,44.7967,125.5628
279.0901,46.9549,45.7626,125.1800
280.5421,47.9137,46.0244,124.8017
279.6005,43.7472,46.5229,128.4692
271.5101,38.9794,44.8263,131.0690
275.2892,50.0280,44.2747,133.3503
270.5877,44.0366,42.4360,137.7240
273.7637,50.6774,42.8535,140.0758
267.5263,45.9290,43.4479,143.9575
269.1374,48.2884,45.5102,148.6218
269.5007,54.0130,47.3170,152.1534
269.7343,56.6855,47.9764,156.8638
271.0441,60.7922,48.7010,159.3093
273.1776,70.4464,49.4182,157.6563
272.9065,73.3842,51.7978,157.2816
275.0020,72.9832,51.7973,157.2791
277.9784,75.7196,51.7973,157.2790
281.6315,93.7026,59.7524,150.9697
277.4034,94.8841,63.5281,150.9023
282.6645,121.7595,68.3225,145.3550
278.6293,121.8420,69.9871,143.7168
273.0549,130.4127,71.7651,140.4570
265.6539,129.9121,72.1065,140.0389
2
0
0
0
0
1
2
0
0
0
0
1
140.4527,41.4723,114.8486,232.9120
2
0
0
0
0
1
122.1395,79.1378,120.8429,211.6953
131.1837,53.5489,128.8069,212.0679
2
0
0
0
0
1
29.6130,141.6334,83.4252,113.3033
41.5895,148.6750,84.2576,109.5033
-3.2253,144.9172,81.1559,111.9898
-15.4508,120.5281,80.3372,112.6939
2
0
0
0
0
1
2
0
0
0
0
1
104.7473,119.3502,70.6348,96.9976
96.4593,130.0867,78.1294,88.1101
77.4985,148.7510,70.8863,94.8671
77.9218,135.2028,71.7023,91.1554
71.8987,134.4809,74.5922,87.9868
84.0044,130.0642,74.0249,85.5676
129.1298,85.5073,72.3806,87.5932
120.0634,104.7883,65.4516,91.2046
114.0245,100.6377,61.9255,93.2441
126.0898,87.9306,63.9281,93.5997
115.9021,101.6243,61.7286,93.5916
107.8294,129.5705,59.5399,94.5908
110.9024,117.8199,58.1180,93.9604
140.7769,91.0795,58.9112,93.0687
188.1788,86.7457,62.7574,85.4819
2
0
0
0
0
1
155.4828,93.6111,51.1168,102.5789
145.7031,101.2315,52.4574,100.7573
161.8388,89.1875,50.0520,103.8777
136.2733,100.1851,51.2363,102.3888
137.6966,95.4522,49.9757,103.7463
187.6748,82.8701,46.6365,108.8111
144.6939,104.6125,53.8707,102.7176
141.2925,104.3845,53.7127,102.2523
130.6531,106.6855,57.9623,97.2951
128.5736,95.0045,55.8121,101.5564
121.1919,93.9027,55.8346,101.5341
120.2769,105.5823,55.7338,101.3564
2
0
0
0
0
1
188.4436,97.3002,35.7392,104.4624
222.6642,112.3841,37.7367,103.3737
