1
614.7979,226.8531,43.4871,37.9083
592.4126,249.2470,46.1544,35.7593
586.4200,198.1712,46.7136,34.9260
591.3328,207.3092,46.8088,35.3533
596.7366,216.7287,44.1206,38.3867
596.2990,237.2885,44.4767,38.6285
595.9778,247.7912,44.5740,38.4878
578.9091,194.9502,43.5756,39.0068
557.8013,188.6152,42.8132,39.8362
557.1711,157.2935,42.7196,40.2384
562.3159,152.4791,43.6210,39.0790
574.6204,197.5076,41.5756,41.0794
562.6902,187.2813,42.9374,40.1608
557.2383,154.1754,41.9802,41.2888
2
0
0
0
0
1
573.4553,198.7920,29.9225,36.5578
567.1959,197.7590,27.9142,38.3118
567.5486,203.8070,25.9816,41.9999
567.6919,198.4064,25.4313,43.4138
568.6120,200.9101,24.9512,45.6456
568.0198,203.9564,24.0553,47.7842
569.0908,202.9583,23.7544,48.5947
565.8907,198.0647,23.5884,48.8422
564.3018,177.5112,27.7397,43.9106
563.2889,184.1758,30.4205,40.3709
564.5558,191.1436,28.2517,43.2023
562.7995,183.2234,29.5754,40.3741
563.6987,198.8708,26.1857,43.7845
564.6255,192.6750,24.5472,45.6028
563.9773,205.6027,25.5924,45.5291
568.8530,203.6184,23.9336,49.0226
569.3914,212.7329,23.9883,49.0068
2
0
0
0
0
1
550.3953,195.0553,42.2334,49.4638
549.5226,177.8951,42.2130,48.8350
549.8218,188.8288,39.7622,50.0631
555.3719,188.1953,38.6136,51.0569
555.3972,192.5079,37.7706,52.1397
555.3647,196.7429,37.4087,53.0868
560.1580,196.5406,37.7859,52.6721
559.3436,205.7980,36.0120,55.6434
564.3444,198.6388,34.9708,56.7078
573.3929,198.8697,38.0083,54.6805
560.6158,197.3235,36.9041,55.7537
559.2669,196.5288,36.9839,55.9398
568.5280,190.7016,40.8682,52.8312
2
0
0
0
0
1
577.4859,183.8748,46.7974,38.6897
596.2024,185.9724,49.7656,37.0877
584.7910,180.4884,48.6913,37.4503
584.7426,191.8397,47.7400,37.3277
569.5627,202.2591,47.0785,37.1867
558.7131,191.5987,47.3325,37.4135
555.0027,174.7767,46.6886,37.8109
2
0
0
0
0
1
579.3745,193.8443,46.1062,46.0719
589.5012,171.4774,49.2343,43.9432
589.4474,160.3358,49.3479,43.6404
599.7474,154.3569,52.3286,41.7955
599.7248,153.3221,52.2758,42.0003
601.0645,151.9978,51.2695,43.1490
606.7303,158.1825,51.5508,43.1689
2
0
0
0
0
1
602.8916,216.5493,43.8342,50.1943
603.6359,220.3572,42.2463,51.9572
603.3929,225.5583,41.4366,53.2167
600.6064,229.7505,38.4923,57.0188
606.1191,229.0657,37.5109,58.8440
606.9763,234.1728,36.7317,60.3083
608.1074,239.5858,36.1202,61.1420
2
0
0
0
0
1
601.1502,212.1456,54.3979,44.5884
602.0677,216.7772,54.7119,45.1535
583.5233,194.4118,49.8397,50.0348
2
0
0
0
0
1
613.9365,199.6718,39.6826,39.3676
605.9888,204.8352,38.1104,39.3544
606.2197,188.7695,37.7740,40.2614
600.9290,188.5571,37.8401,40.3621
601.4601,199.7474,37.2948,39.4618
601.2923,196.4158,36.8678,37.6894
596.5084,202.2920,36.6616,36.9657
597.3961,202.3351,36.5060,36.7352
592.5274,203.5286,36.0685,36.4117
593.0043,194.3621,35.8475,36.3262
591.8961,199.1767,35.7175,36.2289
597.4824,211.6548,31.8929,39.3270
598.2197,219.6396,30.1997,41.2739
597.7617,222.3906,28.2870,43.5722
605.9256,219.2431,29.4059,42.4996
596.4568,221.6259,27.4537,45.7318
595.2603,220.9812,27.1788,46.3096
587.7952,204.9410,25.8966,49.8425
598.3782,199.4000,25.4945,50.2770
609.7121,197.2934,31.7488,45.1741
604.7399,197.7017,31.2866,45.0726
612.4131,190.0439,33.5962,41.4705
616.7739,171.4358,34.2184,40.8445
2
0
0
0
0
1
567.7296,202.6775,44.0364,44.0624
567.4912,212.1516,42.9648,45.0419
568.1857,216.1142,41.6812,46.2268
569.2437,224.3784,39.1766,49.5988
562.5781,228.8558,39.0854,50.2024
563.7752,240.0083,39.5776,49.6907
2
0
0
0
0
1
558.6263,203.3048,43.3966,52.9485
558.0303,209.5978,43.8148,52.3770
552.6063,189.5828,42.2058,54.8576
548.1129,159.2612,40.3688,56.2821
541.3346,165.9659,39.4562,56.6609
2
0
0
0
0
1
604.1448,192.7748,57.2498,48.7126
601.9887,188.4352,59.8921,45.8147
594.6435,190.9286,63.6290,43.0100
586.4603,183.7854,65.1427,42.5940
635.0114,171.4503,63.9226,42.7892
601.6649,198.9964,64.8239,41.9883
616.0605,171.1102,62.0374,44.0654
603.8760,198.9023,62.3912,41.6776
599.1893,210.9710,61.2803,43.1346
593.8632,215.9001,60.1361,44.7716
589.8789,225.8021,57.9283,47.6942
2
0
0
0
0
1
622.2337,178.3117,55.7480,47.7585
622.7381,192.0415,55.5924,47.4237
623.5251,180.4472,55.5327,46.5034
629.1393,181.6188,55.2252,45.6245
622.3992,183.3569,55.8462,44.2505
628.1765,184.8254,55.1979,43.6464
621.7178,172.5131,53.9935,44.3959
611.0518,202.9828,52.6072,44.5403
611.9648,181.3635,47.3312,50.6277
2
0
0
0
0
1
598.5623,189.2911,39.1125,42.7989
607.6796,190.8513,39.7888,41.2645
610.6204,190.4529,42.0851,40.5389
600.9817,179.1367,40.8201,41.6519
590.4217,173.0517,40.0902,42.5542
570.4224,172.3618,39.2141,43.4076
2
0
0
0
0
1
594.4858,193.0590,32.7601,44.0240
594.7684,194.1249,33.1466,42.5858
594.2697,190.9102,33.9575,40.8918
593.7827,191.6083,34.3300,39.4815
589.0715,192.3573,34.7512,38.7616
585.5895,200.4327,32.8423,40.1849
590.8294,196.0228,32.7378,39.8021
590.7717,196.7048,32.6561,39.4836
586.1888,182.6828,31.8612,40.4452
584.5968,178.9305,33.0114,38.7791
580.0192,156.1326,33.3708,38.5170
571.3620,159.7165,32.9165,38.7697
2
0
0
0
0
1
594.7322,213.2481,35.3666,48.9248
571.9231,219.3201,36.3239,47.7467
567.1439,228.8425,35.6664,48.9838
555.4416,233.2622,35.0769,49.9521
2
0
0
0
0
1
561.7628,214.5293,62.6533,53.6624
560.4867,220.1455,61.2583,55.0007
554.1675,229.7315,57.5345,61.9465
560.7283,221.2271,56.1967,63.7286
559.0686,227.2288,54.5383,65.2583
531.8860,199.5773,60.2820,59.5806
536.6026,194.3124,64.0791,55.8608
511.2906,197.8196,68.3860,50.6739
505.1869,197.0536,68.1443,50.8254
503.0216,189.3309,67.7536,52.4725
502.6830,199.4943,70.3116,49.0704
508.9211,199.5519,71.1556,48.7383
501.2856,227.1167,67.2016,53.0112
485.0536,199.0980,69.0802,49.9276
497.1515,208.5315,71.2404,48.0136
489.7639,222.7685,68.3376,49.6266
472.8255,210.9919,72.0525,44.7565
473.7093,223.8270,68.3693,46.4057
461.4520,243.8239,65.2645,48.4587
460.9723,210.3693,68.8425,45.1913
459.3913,212.1839,69.3990,44.0889
450.7221,214.3809,70.5269,42.0852
443.7798,208.7444,71.0858,42.2270
438.2815,206.8043,70.0072,43.9077
453.3650,233.9245,64.2413,47.9654
437.5942,215.4354,66.9592,44.2712
443.0907,216.2728,66.7005,43.5562
435.0408,217.7185,67.1871,42.5202
440.2457,211.9231,67.4396,42.3119
429.6620,203.9280,62.3432,46.2418
2
0
0
0
0
1
438.7758,238.8619,38.1547,39.9053
438.1665,242.3275,36.9239,41.4744
433.1588,221.2966,37.7167,42.0028
429.7481,221.8747,37.6954,41.5950
428.7931,217.1449,37.5309,41.5399
429.4484,228.0477,37.7220,40.3636
430.2449,217.0771,37.0315,41.9733
431.1562,215.5197,36.3492,43.5134
438.6801,211.7229,41.2977,39.1526
438.1153,212.8862,41.0552,39.0341
431.8077,221.5546,40.7133,40.3576
2
0
0
0
0
1
412.9614,235.1296,67.7830,44.6873
406.4216,229.1903,67.8758,43.9848
405.5867,230.3181,67.9894,43.3311
397.2686,222.0371,66.4340,45.0881
385.7053,202.8457,58.9844,54.4459
2
0
0
0
0
1
390.8810,230.7369,53.5786,47.5381
413.0030,196.3555,49.1744,52.9468
2
0
0
0
0
1
427.2681,250.3256,46.1703,37.0089
418.0832,250.5470,45.3190,37.1271
427.4187,254.9172,45.1722,37.0802
423.2903,249.9974,45.5839,37.4954
422.3669,270.6394,44.7781,39.5118
427.1622,269.0135,43.3788,42.8510
423.1314,246.7233,44.2187,43.0306
416.7655,248.0528,45.1234,41.6522
401.9653,235.6062,41.7188,44.5482
405.1630,215.3574,43.7130,42.5792
2
0
0
0
0
1
412.2805,233.0272,53.4867,47.5242
419.2895,207.1510,52.3433,49.1598
2
0
0
0
0
1
444.5847,267.7965,49.0988,47.0015
444.3403,266.1492,47.3687,48.5063
450.4424,265.3584,47.8305,48.5199
454.9167,265.1034,48.5698,47.4440
433.6056,243.7459,52.8408,42.6598
438.8987,244.7121,53.3732,41.3806
435.1476,237.5553,51.4452,42.7137
424.6051,235.3732,45.6954,47.6041
2
0
0
0
0
1
486.0188,239.3247,24.0261,37.8787
499.8700,240.4823,26.8968,34.5757
499.8273,247.6538,25.6564,36.2355
499.8966,255.0962,25.5992,36.3218
507.2211,254.0151,25.1605,36.9560
512.8837,238.3247,27.5212,35.1982
512.2073,252.8846,26.2826,37.0427
519.5346,256.0865,25.5529,38.0798
522.9897,255.5607,25.5762,37.7801
530.3577,251.1986,27.4182,36.2489
529.5998,250.6078,27.8671,35.8783
529.0451,249.0669,26.8889,36.8195
536.6354,255.3987,25.0289,39.0994
540.4536,259.1441,25.0453,39.0357
540.2619,266.8356,24.8971,39.2352
544.1696,279.1689,25.3417,38.8740
575.1924,251.1594,26.5486,38.0641
2
0
0
0
0
1
560.1118,227.2492,39.3580,38.7291
560.3230,231.4374,38.7634,39.7356
534.5688,213.6100,40.1130,36.1042
530.7264,200.4126,37.6937,35.8413
526.7917,193.5724,35.8287,37.4141
523.4221,189.5632,33.9290,37.8843
522.7196,170.9828,34.2496,36.5386
2
0
0
0
0
1
565.2151,206.5953,54.2094,48.0231
558.7870,194.5423,53.7964,46.0957
544.4916,182.5567,55.6021,45.2582
543.9908,177.0727,56.8522,43.8150
543.4995,169.9382,56.0457,44.8119
542.6461,170.2295,55.8715,44.8430
541.7585,156.9824,55.2440,45.7508
547.1472,136.6033,54.2397,46.8224
567.2673,134.5406,51.4136,50.6203
560.2513,134.4827,51.1537,50.7636
572.9265,139.8682,51.1290,50.8122
571.8739,139.6411,51.0232,50.6219
564.5956,131.5797,50.5569,50.8645
2
0
0
0
0
1
588.4327,158.5621,21.5444,43.8872
587.3184,154.3372,22.8339,42.3540
586.9243,154.4154,23.5475,41.4276
585.8466,150.1935,24.8379,39.9876
584.1140,155.1222,27.5999,37.6627
579.7768,147.4212,27.7031,37.0474
578.9489,148.9577,28.4711,35.9811
565.4294,145.2201,29.8575,34.9304
561.9142,149.1685,30.3893,34.3592
562.2427,137.6631,31.1051,33.4923
567.2288,129.1868,30.7830,33.8302
562.8237,120.5911,30.9271,33.7129
2
0
0
0
0
1
566.5643,160.7017,24.1688,58.5814
566.3284,160.1109,23.9734,59.3861
565.7681,155.3314,25.8234,56.8514
561.6826,153.7773,25.6981,57.5677
566.7488,138.6906,26.3055,56.2371
562.2836,157.7182,25.9417,57.3147
558.5236,156.4606,25.4922,58.1360
553.9235,150.6425,25.1038,58.8930
564.9509,149.0647,24.3671,61.2934
565.2133,123.5396,25.2128,61.2049
565.0825,143.6457,24.1566,63.1374
565.9183,141.8010,23.9529,66.4655
566.1766,138.9999,22.7090,71.0404
564.4062,123.2704,23.3864,69.2775
565.3509,134.6333,23.3990,69.8048
564.2939,129.7769,25.0334,67.4526
567.3154,136.8846,28.3789,64.2669
561.6243,131.1248,28.2635,64.4950
561.8814,140.1467,26.0985,68.8399
557.0326,129.0694,25.6271,68.1411
561.9601,145.8192,26.7426,67.0919
566.5038,155.8413,26.0728,68.6931
571.1013,148.7593,25.4625,70.1445
569.7710,147.4299,25.2374,70.3566
567.9376,140.7199,25.7672,69.7992
566.3104,140.2149,26.3656,68.6924
564.7644,139.8077,27.2126,67.3213
564.5058,139.7764,27.9686,65.5280
564.6691,139.6030,28.2670,64.7133
564.3661,150.1669,28.2825,65.5201
563.1391,148.5171,27.8014,67.0114
562.3956,141.1689,27.6544,67.1544
561.3140,135.1214,27.5249,66.2206
560.6663,140.1587,27.6256,65.6785
559.4531,144.7166,26.8374,66.4847
558.6724,144.0990,26.8036,67.2094
558.0676,148.0589,26.1434,69.7893
559.2298,146.2222,25.3474,72.2050
560.0260,139.6157,25.7401,71.2452
558.6637,138.7787,25.4587,70.6912
557.1809,138.0188,25.4711,70.3021
561.1060,136.9764,25.4923,69.6525
559.6012,141.7571,25.1069,70.2345
558.1461,145.5886,25.0074,72.2995
558.5515,143.8526,24.1270,75.1519
558.2925,143.3824,24.9447,73.3434
552.8331,141.0834,23.3396,76.8935
552.2125,145.5445,23.5417,76.6659
555.7467,127.7429,26.4001,73.5514
549.9727,132.5274,25.2421,75.3047
548.3835,122.0298,26.7450,71.2097
547.4114,116.0189,26.6082,70.2523
547.2278,128.2366,26.6746,69.3310
551.9507,127.9721,26.4967,68.7364
545.9712,122.6432,25.4756,67.0798
545.8077,122.8830,24.5330,65.6073
545.9368,122.5899,24.0460,64.2381
545.3963,117.1369,22.8735,63.4646
549.8436,123.3030,24.5524,62.2698
547.4470,125.2789,27.2520,59.3888
542.4007,125.3836,26.2565,60.0366
543.7355,125.0258,25.7377,59.1285
540.2460,133.4691,23.6432,63.4990
541.6130,147.4933,22.8462,65.9463
546.5228,135.2768,22.4268,68.1191
550.5626,124.7451,25.3319,64.7905
544.2261,125.5090,24.3893,63.5966
547.6198,122.7838,26.8475,60.7385
545.8755,128.0365,27.0120,60.8071
544.8472,127.2201,26.2913,61.1284
544.8981,130.6949,25.4763,64.2788
544.1229,124.6726,25.1392,63.5284
544.5593,124.2342,24.7446,61.6461
543.6055,124.0933,24.2844,62.0137
544.5223,124.3000,24.9783,59.6174
544.2236,123.9736,25.0143,58.6779
544.0244,120.2635,24.9188,57.5528
543.4057,133.3149,22.8654,62.6683
540.5180,123.3162,21.6797,62.3704
539.5475,119.0138,21.4990,61.9406
544.4155,124.4025,22.6423,60.9122
542.6017,119.5421,23.1194,59.8474
542.3033,119.8419,23.5956,58.5098
542.9557,120.9623,24.0654,57.2471
542.2086,134.0023,23.3896,60.4097
541.0608,113.1579,22.9131,61.2356
541.3918,119.0501,22.7332,58.8354
540.7991,119.2821,22.5797,58.1556
540.8672,119.8984,23.3195,57.7441
541.1008,120.3548,23.8981,56.7948
541.1478,120.6902,23.7822,56.8875
545.7858,120.5134,25.6416,55.5501
536.9467,120.4556,25.1149,55.5669
536.9477,116.2070,25.2363,55.5555
540.1952,120.3520,25.6658,55.2228
538.5309,115.8865,25.9917,54.2939
542.9332,115.4093,27.4855,52.6815
551.3007,111.0547,30.1392,50.3762
555.6815,112.4828,34.0148,46.3660
549.5519,117.6457,34.8018,44.9877
527.4706,130.4727,30.5911,48.2930
527.0109,139.7481,29.7506,50.1179
532.2812,163.9354,28.8380,51.6279
2
0
0
0
0
1
540.9362,120.2980,40.1840,43.7367
540.3254,116.3192,41.5574,42.2234
535.2786,117.7045,40.8826,40.1301
531.1361,105.2672,38.4509,43.6123
556.8842,88.6920,38.7518,43.9592
2
0
0
0
0
1
510.2331,109.8054,56.2301,43.3268
522.6927,109.1157,55.2072,43.5223
507.7929,99.1933,57.5821,40.4610
521.9984,116.1344,52.6812,43.1797
527.4079,114.9277,51.6849,44.2500
507.3386,99.2218,55.0282,40.1005
522.8044,115.2423,49.5891,42.9309
522.8292,114.9924,48.5709,43.4809
522.1435,120.1112,46.9427,44.9816
526.8604,115.2916,47.9222,43.1549
525.8825,119.7810,47.0184,44.1664
532.4219,123.6657,45.4797,45.8622
526.2954,117.1756,43.4271,47.6383
525.6498,116.9542,42.3951,48.3042
530.9347,126.7379,40.3252,50.8304
529.5931,115.4107,40.5840,49.7054
528.3358,115.0673,40.6692,49.2014
523.3554,114.5516,39.1176,50.1962
523.4983,114.0075,38.9990,50.3459
523.6169,124.1783,37.7877,52.2147
534.3380,112.9379,38.6792,51.1423
518.6550,116.4508,36.8286,53.5287
517.8063,115.6286,36.6541,53.7504
512.1920,103.7668,35.7589,54.1579
516.3038,88.6011,39.6276,50.0260
522.1940,76.5861,39.8519,49.9885
543.5056,88.3806,41.4094,46.3054
542.6808,88.7294,41.0366,46.3374
547.9280,88.8568,42.0779,45.0490
547.0408,77.2847,41.5614,45.1244
557.4052,76.7547,41.2955,45.4056
2
0
0
0
0
1
515.1185,106.2004,41.1177,49.4121
518.2808,84.3667,42.5837,47.4806
524.7476,110.6885,40.4474,50.5207
519.7475,109.5548,39.6748,51.6313
512.9711,98.8187,40.1683,50.7674
517.5776,94.5041,40.9869,49.3560
518.1889,77.1151,41.2092,49.5323
518.0827,83.8873,41.9656,48.4727
511.9123,100.6428,41.6387,49.1995
516.5872,84.1228,42.3446,48.4040
521.6345,85.2753,43.6868,46.1208
519.6171,59.6860,40.0541,49.4333
518.7496,53.8639,39.6807,50.1228
2
0
0
0
0
1
505.4968,105.6652,54.7889,43.9470
511.6625,117.4949,51.7097,44.9369
511.0344,123.1171,50.6950,45.4677
516.0750,116.4253,50.2626,45.5183
515.0687,116.3226,49.2697,44.8725
514.7950,116.6731,48.4718,43.8159
514.4105,121.7460,47.1331,44.1481
518.3209,116.6927,47.1630,43.6212
517.4514,117.0899,44.9374,43.3774
521.9175,117.6515,44.9728,42.2440
521.6517,123.2467,42.8870,42.0109
522.0880,118.3977,40.9451,41.1776
525.9600,118.5665,41.1462,40.0200
530.3932,127.7889,40.7180,40.5990
526.9644,131.2349,38.2490,43.0725
531.4720,122.0074,39.5553,40.6366
526.6599,126.2713,37.6923,41.3791
526.5762,125.7801,37.1465,41.7834
530.9210,122.2874,39.1234,39.8145
530.3502,131.2446,38.1036,40.4422
529.5995,126.4901,38.0983,39.7368
505.7872,110.7860,46.8904,33.3708
501.5039,111.3767,47.0420,32.3747
501.1610,107.0207,47.5774,31.4054
497.6072,101.2644,45.2384,33.0554
494.8773,98.2216,41.3719,36.2833
489.9681,81.6957,39.2076,38.3466
489.3596,76.4566,39.3104,38.7896
489.3435,70.8754,38.7683,39.5806
485.3743,74.5690,38.5093,40.0576
2
0
0
0
0
1
525.4716,126.8998,56.8662,55.4923
527.2483,125.4830,53.0980,55.8150
532.7255,126.5184,52.2589,53.9093
532.1663,126.9493,49.4423,53.1235
531.2178,127.6208,48.5276,51.7793
532.3287,127.4563,46.8047,51.2552
537.1601,127.5956,46.4011,50.1383
536.7362,133.4487,44.8425,50.9154
536.4208,128.4264,44.3477,49.5231
540.5168,129.3775,45.5601,47.5770
539.2676,129.5759,44.1461,47.1020
540.1174,129.7937,43.3009,46.2910
540.4208,129.7962,41.3795,45.9253
545.6717,134.2656,41.4690,45.0786
545.3816,134.0838,40.8860,45.1614
545.8682,134.3039,38.9703,44.9977
545.6132,134.7410,39.0551,44.1868
549.2840,135.0231,39.8263,42.8881
554.2917,139.8866,37.8960,44.6086
553.7111,139.0877,36.2792,45.8915
553.7648,143.4702,35.9293,46.6593
553.9476,137.5298,35.2922,46.8096
558.0370,136.7959,33.8602,47.6593
557.9424,135.8027,34.0592,47.8074
557.4807,139.8949,33.6216,48.1538
561.5568,139.0510,33.1865,48.9941
569.2015,120.1447,37.8967,44.1944
571.5729,111.8816,42.5338,39.9230
575.9263,100.0881,42.0908,40.3886
576.3843,88.7102,41.3892,41.2912
2
0
0
0
0
1
558.4608,136.6485,32.0479,38.6749
567.5051,122.6716,31.7877,38.8459
561.1411,105.0467,33.3046,37.4914
578.0533,119.3596,35.0173,35.2471
577.0048,119.0901,35.2145,35.1576
582.5607,118.5309,34.5880,35.7886
582.5349,118.9066,36.8375,33.4580
582.0585,114.7479,37.4236,33.0137
581.2579,114.8548,37.3132,32.8906
2
0
0
0
0
1
556.4354,131.5371,53.0746,40.3419
560.0693,121.5811,54.5779,38.5334
563.4493,127.4265,57.1967,36.3137
559.6661,126.7620,52.7136,36.3910
561.5146,126.0863,50.2843,36.8663
562.8417,125.9478,46.4901,36.5409
567.4698,130.2188,45.5319,37.2415
566.1818,125.3962,45.7892,36.4156
570.2976,130.2614,45.2902,36.2687
568.9939,125.7316,44.5183,36.3124
567.7529,126.3585,45.5767,35.2657
566.7318,129.9034,44.8136,36.6868
565.3990,129.7581,45.3623,36.4157
569.6534,129.3898,43.9750,36.8294
569.2498,118.6030,41.7566,37.6709
567.9146,124.4628,42.5321,36.7100
567.1035,128.9738,43.0397,36.5292
566.6037,128.6813,42.5271,37.4938
566.1501,128.6067,41.8928,38.1625
574.8643,113.9968,43.8748,36.2924
556.4152,86.2598,40.5990,39.7963
2
0
0
0
0
1
566.1365,112.0514,46.9344,43.3946
571.1333,112.7724,47.1562,42.7943
560.8956,112.7784,47.7014,42.8869
565.8262,113.4407,48.1462,41.9421
565.8369,115.0402,48.8190,41.4616
565.1385,110.3100,48.9857,40.7883
560.3500,111.2401,49.2008,39.9226
571.6312,117.0987,49.4513,39.6483
565.5784,101.0569,48.8250,39.3985
565.5972,94.8256,48.2310,40.5031
570.6770,93.3915,47.6797,41.6344
565.3514,99.5858,47.5685,41.3895
564.3310,94.8547,47.7550,41.4676
564.2137,107.9283,49.0123,39.6729
558.8327,113.8420,48.0160,40.5620
559.6871,109.8329,48.6255,39.5830
566.1102,92.2952,48.6783,40.4507
560.3276,91.7957,48.3802,40.9798
555.3942,72.3364,46.0681,44.6033
2
0
0
0
0
1
575.4824,105.9725,51.5024,40.2938
559.9425,122.9962,48.9515,39.9967
560.2694,128.8431,47.6063,39.0092
561.0635,132.6810,46.6810,39.8791
560.8737,132.0497,45.9446,40.1656
561.6669,135.7589,44.6168,41.5667
561.9186,134.7877,43.5759,41.8943
562.1509,133.9151,42.5613,42.4833
563.6752,132.9836,40.8755,43.8668
563.4991,127.2979,40.5062,43.6015
553.0499,120.5135,39.3500,45.2503
553.4407,131.4322,39.7192,44.5600
548.3514,119.3750,38.7766,45.6612
548.7341,108.4175,38.9426,45.4795
2
0
0
0
0
1
569.6281,128.0596,42.7686,44.8947
559.4494,120.6527,43.0171,45.3663
565.5786,119.6711,40.5509,48.3411
575.7577,118.2621,41.2776,48.1157
581.3605,123.2663,39.5255,50.0380
586.9071,122.9267,39.4575,48.9970
581.3816,127.6100,39.5288,48.9410
588.6541,131.0192,38.5281,49.8546
593.5796,125.6329,38.1414,50.4445
588.9506,129.1435,37.0679,52.0235
593.6116,128.0725,36.6609,52.3805
593.7675,138.4485,36.2041,53.0795
582.7648,154.5800,35.5049,53.6004
577.5060,160.2589,35.9795,53.2214
2
0
0
0
0
1
569.7429,120.1068,55.5677,45.1105
569.7455,119.0370,54.2543,45.4731
575.1918,112.7190,54.1903,45.4553
577.7889,115.0193,60.3545,40.8125
571.2772,120.9417,58.5146,41.5899
564.8328,120.3378,56.5807,42.5784
563.6632,120.1842,56.1544,42.6382
568.8656,119.7370,54.5450,43.2035
568.1307,119.0439,53.1548,43.0393
572.7612,118.6636,53.7410,42.2417
571.4263,118.0271,54.1017,42.2693
570.2170,118.3226,54.6931,39.7282
570.0578,123.2245,53.1339,40.3750
570.2568,121.8842,51.4712,41.5335
568.9459,120.6579,50.3680,42.7437
575.7831,124.2965,47.6445,45.8734
580.9556,105.3403,47.8256,46.1967
561.4183,84.5289,50.1895,42.1151
552.3015,69.8527,44.2390,47.9319
2
0
0
0
0
1
567.8983,117.1500,36.1127,43.1865
569.1355,130.0917,34.4945,44.7958
564.7833,134.6503,34.6407,44.5266
573.6133,144.1924,34.9087,44.3178
569.3843,154.1375,34.2209,45.4270
565.1285,164.3526,35.5378,44.3531
567.2663,115.4344,39.4933,42.6288
570.6770,115.1819,40.2772,41.7931
569.7598,119.5100,40.3961,41.9197
576.0504,124.1252,39.8142,42.4761
575.7709,118.3746,39.8063,42.4492
570.5450,117.6243,40.0710,41.8777
575.6635,117.5733,39.8822,41.7603
570.5256,117.3328,39.6018,42.1002
570.9111,117.4105,39.3094,42.3239
570.1766,117.6956,39.1766,42.2594
576.0298,121.7185,37.8792,42.9723
576.0478,121.1545,36.9219,43.6675
586.0039,121.7877,37.5146,43.4828
580.8692,126.2365,36.8580,44.1550
577.3342,130.0743,36.1868,45.0635
578.4308,129.3828,35.6638,45.5843
578.8785,133.0096,35.1241,46.3981
578.3387,127.8622,35.8220,45.4753
572.5807,118.0596,37.9150,44.1632
582.2360,107.0833,37.9481,43.7931
580.9851,102.5467,37.5992,43.5518
575.0261,88.2036,38.2294,42.5394
578.8414,94.6774,39.0320,41.5739
577.7587,89.9559,39.7007,40.8192
576.5546,90.0205,40.6381,39.3738
585.1079,99.9017,42.3724,37.7754
583.7729,100.6441,43.5579,36.8423
583.5659,100.4020,44.1116,35.9695
582.7719,99.8431,45.3077,34.9075
581.5598,100.2021,45.7716,34.4440
580.4059,101.1583,46.3600,33.7694
574.4756,97.1245,46.5555,33.2859
569.7590,86.7759,45.3646,34.6088
570.6115,86.4892,45.2601,35.2700
578.6354,98.5263,47.9717,33.6473
572.9293,99.0073,47.9462,33.3932
563.2153,94.6114,48.7462,32.7153
568.1914,94.7634,47.9630,32.8408
567.8844,89.5313,46.6366,33.7815
568.7146,78.5065,45.5125,35.1050
568.4656,87.1670,44.8975,36.2851
568.0125,85.6731,44.6437,36.7840
2
0
0
0
0
1
569.7488,114.3902,53.4598,43.0096
568.5690,108.4759,53.5751,42.2569
567.8056,113.9646,52.1725,42.7369
568.1410,113.0026,51.0833,42.7188
567.9130,112.9194,49.4340,42.2496
549.1030,98.9640,52.2490,38.1003
548.6078,101.1640,53.4369,36.3538
571.7459,117.0179,49.1799,38.0263
547.6547,98.3801,52.3999,34.6782
541.9634,92.8176,50.6709,35.6762
537.2675,84.7335,47.4902,38.8994
527.8745,77.6416,43.1643,42.9429
518.1634,75.7201,39.3152,45.8354
524.9002,57.6007,38.3229,47.5966
2
0
0
0
0
1
562.0673,104.8517,37.3019,39.2340
561.5211,89.5320,36.0475,41.9505
560.6950,66.3273,36.7433,39.5386
2
0
0
0
0
1
578.2894,96.6788,19.3636,45.3770
577.7293,100.7346,19.9814,44.5890
577.1306,93.3598,20.4855,44.1685
575.9990,89.3567,20.7703,44.2982
566.9459,94.1984,23.2863,41.9742
578.3372,98.4397,24.6445,40.2747
564.4731,94.9621,26.0579,38.8817
564.7491,98.7240,26.5570,38.6430
565.2886,98.3828,27.2513,38.1590
564.4351,98.5164,27.9565,37.2422
555.8066,97.2636,27.0820,38.0605
551.8395,92.9176,26.7952,38.2823
548.2154,96.4713,26.3219,38.2296
547.3702,101.1773,26.3959,37.7030
543.5296,91.8119,25.2489,39.0276
542.3944,100.1206,25.2430,38.9115
2
0
0
0
0
1
566.9409,117.9048,46.1458,44.0544
566.1465,112.0058,47.6405,41.8689
566.0998,113.1965,48.5950,38.7149
566.9425,122.1956,45.7717,41.7296
566.6235,126.1630,44.9747,42.5687
572.2591,124.3754,44.3608,43.6069
594.1209,108.2524,42.8558,44.4356
592.5987,93.2644,43.6270,42.7725
591.5854,100.0502,44.6267,40.6478
591.3569,96.4126,45.2950,39.5449
595.8503,97.4086,45.3671,38.7038
594.8143,98.7683,45.5013,38.0233
593.6973,95.1984,45.4971,37.1877
592.7062,96.1058,45.4960,36.6363
588.0607,96.7998,45.3533,35.9217
561.7051,97.1828,46.4197,34.1000
2
0
0
0
0
1
576.0323,100.7271,56.0005,48.6550
561.6545,81.3343,56.5383,48.4511
560.3445,82.0354,57.9147,48.2117
560.5533,96.8155,58.9133,46.5602
574.0721,104.5397,58.9849,44.5735
560.9047,99.1647,60.4429,42.7810
555.9250,99.4306,59.5610,42.6337
577.1854,111.3779,56.4509,42.2766
577.5019,122.1733,55.0187,43.6752
577.1074,119.8373,53.9653,45.4484
577.1157,124.3329,53.2738,46.8910
582.4224,111.7403,51.8800,46.8450
581.8000,111.5203,50.3162,47.4547
580.3833,116.4735,49.8165,48.0825
581.0833,109.9153,48.0753,47.5401
582.0041,109.6995,47.2147,45.6298
586.8473,110.0407,46.0999,44.9856
590.6759,109.4491,46.4653,44.5585
570.4308,86.2763,49.7122,43.6707
557.7063,80.0712,49.0453,43.5121
557.5522,67.1855,49.4038,43.1314
2
0
0
0
0
1
597.3016,101.3719,45.3397,44.0302
596.2432,96.8570,47.0134,42.6316
600.3364,92.3807,48.1825,41.4028
594.1514,93.4152,48.5343,40.8113
587.4560,95.3891,50.3998,39.1592
597.9618,97.1258,50.5148,37.5051
602.5104,103.3423,50.1173,37.1618
601.3839,93.8468,50.0867,36.4944
605.5820,95.0030,50.2433,36.1798
609.6425,96.0349,51.0763,35.4976
603.3354,91.4658,50.7975,35.4513
604.7043,96.8028,51.1580,34.8275
605.7400,97.5320,51.5092,33.8624
610.2173,98.7461,51.4792,33.5001
608.5223,95.8875,53.1466,31.9993
612.6941,96.5871,52.9126,31.6775
611.8967,97.8732,52.7828,31.0553
617.1171,98.1460,51.9368,31.2059
616.1976,98.5501,51.6475,31.1913
621.2056,98.4589,50.6305,31.2884
616.2389,98.4523,50.1802,31.1346
622.0196,98.3139,49.6973,31.2744
622.1112,93.8435,49.3866,31.2808
623.1416,98.7794,48.2412,31.3894
618.4119,98.3368,48.8051,31.6261
624.1149,93.4643,47.6410,31.6847
624.0691,94.1341,47.0193,31.7382
628.4001,99.8777,47.6527,30.7826
632.8667,94.6399,46.6902,31.2698
632.5614,88.9028,46.0790,31.3905
2
0
0
0
0
1
606.1325,109.9825,51.6226,47.3991
611.5364,109.6088,49.4020,48.0831
611.7328,97.1996,49.3002,47.9395
612.3355,108.5423,47.2900,50.0834
612.5091,108.6073,46.2498,49.9210
612.6144,107.3362,43.8564,50.7064
616.8546,112.4676,43.9559,50.3048
621.5171,100.7935,44.7211,49.6913
619.6650,101.4743,45.9712,48.4929
624.7316,117.9730,44.2784,50.1769
629.7202,111.8756,44.8459,49.5926
652.7426,101.0231,43.7150,50.0972
658.0555,95.3729,44.1199,49.6295
663.2411,95.0690,42.5562,50.0497
2
0
0
0
0
1
613.7773,103.0172,55.2853,50.3546
619.5683,103.4645,56.6818,49.3076
624.8447,76.9161,56.9142,48.6548
607.2142,48.7153,53.6625,51.5195
607.3905,42.4635,53.8156,51.3405
621.2952,42.5369,53.6490,51.4526
629.7659,40.4137,51.7361,54.1576
614.1136,41.8026,53.8713,52.9546
635.8461,41.5942,52.4484,55.0731
2
0
0
0
0
1
616.8713,82.8910,48.0852,43.0015
610.8553,76.7357,47.9230,43.0662
2
0
0
0
0
1
606.7255,105.1098,52.6067,45.0150
607.7692,104.2504,49.8506,44.8145
613.6767,108.9794,48.0918,46.4059
613.8436,102.5246,45.1432,47.0622
594.6211,87.8195,49.0996,43.2235
592.0229,90.2820,53.2036,39.9035
605.8917,102.1695,50.2800,39.9307
611.0002,106.4381,48.9713,40.6151
610.7769,107.0015,48.9929,39.5341
616.6815,105.8986,47.0558,40.2297
626.2079,101.0340,48.5803,39.3744
625.2089,89.6151,48.8275,39.2178
619.0301,89.8487,48.6409,39.5156
613.1386,107.1271,48.3054,39.1999
613.8571,116.1175,46.1580,41.8177
616.3588,125.6091,43.9556,44.5960
622.7045,125.3496,44.5211,43.9557
645.7737,125.1664,44.8459,43.7831
2
0
0
0
0
1
627.9687,88.3622,53.1549,43.9716
610.3702,105.9604,52.5883,43.3063
585.7869,97.6677,51.7567,45.1890
578.3319,103.1575,52.1742,44.8991
559.6618,106.8664,51.4550,47.0015
560.0793,120.3699,51.4021,46.7047
2
0
0
0
0
1
610.9391,89.3541,52.5549,47.2381
635.7162,51.7588,51.9128,46.6538
2
0
0
0
0
1
637.9762,90.7759,57.4451,52.1772
643.7686,90.3906,58.0951,51.8145
642.5844,90.7648,58.7543,51.3773
678.6065,103.2350,55.7129,55.1002
692.6559,96.8076,56.6340,54.2088
2
0
0
0
0
1
637.3453,103.0909,53.0988,50.5686
636.4575,108.6171,52.9613,50.9388
643.1551,107.2293,49.7672,53.2053
641.6415,101.2468,49.9994,51.6596
647.8747,107.2402,48.5720,52.4545
647.4473,106.2255,48.3634,52.6017
646.3312,99.5864,48.2931,51.8071
651.5553,100.0726,48.3064,51.8086
643.7702,105.7131,47.7844,51.6641
643.3476,104.7958,48.0378,51.4976
648.8934,91.6487,47.2766,52.8087
627.2768,88.6596,52.1876,47.2717
645.4876,88.9572,55.1990,45.0998
662.7675,59.3691,55.4642,43.7821
2
0
0
0
0
1
638.3998,105.6180,50.6025,51.0481
632.5579,110.3663,48.5466,52.6261
638.7092,108.5402,47.2960,54.1461
626.3426,82.5678,47.8458,53.5941
626.3694,87.9854,48.0632,53.6057
640.2067,100.2815,48.4907,52.5712
639.4780,105.3135,48.3713,52.6942
640.2751,104.4207,47.0337,52.1868
641.3436,109.8234,46.0620,52.8143
665.7695,97.0486,46.1200,53.1134
670.4700,110.1526,46.8798,52.6441
645.7374,102.5050,46.9948,52.3739
646.1076,108.1699,46.0812,53.2768
632.6266,96.4064,48.4194,51.6287
632.5129,89.9893,49.1597,51.0677
650.2535,64.5746,51.0182,50.0242
669.2542,63.9740,50.6437,50.3916
680.1702,43.6749,50.5792,50.4295
668.0403,36.9289,49.9072,51.7433
2
0
0
0
0
1
664.6187,102.5466,57.4409,47.7158
663.1564,103.1694,55.8311,47.6480
661.9815,108.8897,55.2740,48.0248
665.9089,90.9297,58.7827,45.1074
670.2383,104.7074,60.7357,44.9584
669.3817,117.0331,59.4902,46.3157
668.0573,104.1182,57.4727,46.7903
666.5345,103.5493,56.9786,46.9858
678.5110,102.1860,57.5037,46.6482
677.4172,108.3971,57.0392,47.0774
675.8945,108.7005,56.5253,47.5224
675.8545,120.3184,55.2981,48.9975
668.9302,118.8050,54.3846,50.4174
675.1287,117.6912,52.5546,52.3719
681.6959,90.5319,53.2715,51.7854
2
0
0
0
0
1
688.0262,94.6952,47.4445,38.7279
658.6488,87.0687,44.0352,41.5196
659.7419,92.8472,42.8417,41.9389
638.2322,86.8203,42.9706,42.0675
637.8325,81.1916,43.1986,42.3250
2
0
0
0
0
1
669.5527,110.7521,47.6719,45.8473
669.5781,115.2515,46.4160,47.5136
669.5759,113.4689,45.7926,48.4060
669.6257,118.2849,45.1073,49.5710
664.6636,123.2034,44.5078,50.2773
671.0165,104.3604,44.2238,50.3120
2
0
0
0
0
1
680.8611,99.3985,54.2228,51.9901
686.5129,111.4052,53.1171,52.8781
686.9890,108.7563,50.2769,55.3747
690.6140,89.8712,53.5192,53.3731
683.0068,96.4974,52.5208,53.8177
682.3813,103.2031,50.8320,53.0180
687.2758,108.6139,51.0380,52.2810
685.6052,96.4644,51.1481,50.9350
696.9882,96.3263,52.6724,50.3886
701.5637,78.4667,54.8745,49.0041
714.6004,71.1526,55.3496,48.3521
728.9025,95.9616,53.9983,49.6624
2
0
0
0
0
1
694.8414,96.0622,50.2820,41.4166
695.0663,85.6482,49.9871,40.6797
702.4006,79.9344,47.0186,40.9757
711.7276,90.8714,48.1390,39.9081
710.2435,91.7244,48.9998,39.0535
698.9127,81.7825,48.0950,38.8630
698.9996,83.0031,47.9272,38.3469
709.0355,98.2455,47.8372,38.4439
713.5345,93.0701,48.0889,38.1640
729.5995,99.5770,48.0806,38.3051
2
0
0
0
0
1
686.9784,95.8754,56.7322,47.1168
686.7914,95.1461,55.5476,48.9508
685.2134,95.7075,55.4089,48.9783
677.3174,89.2470,55.2516,49.4448
662.8685,84.0978,55.5226,48.6135
676.5929,89.4678,54.2550,50.4868
683.7838,95.5666,52.4574,52.1912
687.7984,103.0778,53.5138,49.8298
665.8543,85.1916,55.5215,47.7082
664.8341,78.9981,55.6729,47.7796
660.0247,70.8032,54.9573,48.9984
654.7324,68.5135,53.3746,50.6821
662.4239,41.1412,51.6981,51.4706
2
0
0
0
0
1
694.9158,91.9289,46.7590,38.6574
699.4669,96.8488,47.1460,38.1103
694.2961,92.3373,47.1324,37.1064
692.8203,88.1234,48.0543,35.4810
697.1075,89.3722,47.7809,35.0586
698.0936,89.6661,46.8851,34.4654
697.9172,85.2684,46.3381,34.2730
702.4962,85.3697,46.0813,34.4062
702.7314,85.6904,44.8944,34.8453
704.1343,81.0151,42.6926,36.0931
702.9290,79.6614,41.7177,37.1723
702.5018,80.1209,41.6188,37.2507
707.0660,86.5166,42.0989,36.3497
711.8879,80.5333,41.0094,37.3154
707.0748,81.3844,40.9586,37.3212
704.8996,61.3356,42.4832,37.0263
2
0
0
0
0
1
676.1929,105.6830,50.5652,51.6408
669.6298,97.9306,49.8779,52.7518
669.0721,89.9344,49.4059,53.5514
702.3104,84.7546,50.7748,52.2076
708.5150,93.2522,52.0511,50.8698
714.3027,94.9627,52.8357,49.7282
721.3177,87.6205,52.2866,50.1526
722.7395,86.2777,51.5513,50.9208
724.3773,85.6875,51.1445,51.3802
729.8178,86.9297,51.5004,51.0602
742.7776,80.2075,51.5039,51.3056
727.8046,56.6052,53.3315,49.0896
2
0
0
0
0
1
726.1315,129.5673,62.8740,50.4376
714.5473,124.1296,68.5571,46.4227
720.9482,124.9507,70.9205,44.8271
707.8122,131.4941,69.7136,45.2192
708.8983,130.1297,68.9871,45.6125
717.9594,127.6751,65.1162,49.5629
718.9721,127.9991,65.0065,49.1529
734.5879,128.2808,64.9761,49.3876
755.6612,135.4913,64.4730,50.0109
734.2435,134.8491,66.1824,49.5427
736.1793,127.9650,66.5558,49.0640
743.7040,128.6745,66.3737,49.1763
723.7372,138.9290,75.5614,42.7799
723.6016,139.1739,77.5657,41.7869
709.2028,145.4646,77.5013,41.8515
705.5807,129.1566,72.5106,44.7565
698.2592,129.5349,72.3123,44.8976
2
0
0
0
0
1
757.4133,144.1472,44.5872,38.8397
771.1242,150.4327,47.1487,35.9796
2
0
0
0
0
1
717.9850,193.2735,54.6246,34.3040
718.1611,188.8876,52.9973,34.9312
722.2365,191.2286,54.7024,33.6891
727.2698,191.5550,52.8370,33.5379
745.2001,185.0770,50.4558,35.2611
756.2341,180.7130,49.4197,35.3377
723.3969,190.5302,49.4515,34.9996
738.3594,186.4641,49.4995,35.5145
738.1084,175.9914,48.5189,36.6595
734.6948,184.2798,45.6466,38.9021
747.3231,181.9793,41.2682,42.2365
721.7531,198.4793,41.1642,41.2576
758.3452,166.2371,40.5439,42.1265
732.4886,175.9033,37.8336,44.9673
2
0
0
0
0
1
738.9503,180.0481,27.2266,31.0205
750.5557,182.5335,25.9628,32.4979
753.8917,190.4263,26.0312,32.2112
749.4214,190.1090,25.6781,32.5659
2
0
0
0
0
1
718.8739,198.4413,31.8628,34.4369
732.6920,210.4936,31.0535,34.4061
743.5770,219.8214,32.9004,32.8599
743.0837,241.8739,33.0470,31.2139
744.3197,249.8573,32.2004,32.4119
2
0
0
0
0
1
2
0
0
0
0
1
748.1786,188.6842,16.9706,58.3112
748.7068,192.7895,17.2125,58.3484
746.9330,215.5594,17.8646,57.8226
2
0
0
0
0
1
714.8912,163.1129,30.6859,51.8475
714.0428,167.9130,30.6238,51.9418
712.7096,162.4170,31.7920,51.1347
707.6058,160.9024,30.1372,53.8069
707.9570,159.7163,30.0984,54.3446
695.8242,154.6548,30.7980,52.8917
699.8069,163.6353,30.1384,54.2644
689.5621,153.3757,31.6194,52.8335
685.6273,152.5897,32.2811,52.1645
686.9048,162.4699,32.1176,52.1859
683.1381,166.3275,32.0809,52.2340
692.9504,161.7901,33.8632,51.0992
678.1353,176.9347,33.7566,50.8907
674.8499,191.5350,33.0339,51.9708
662.0433,196.7728,34.5476,51.0617
677.9843,212.9679,35.6866,50.8283
2
0
0
0
0
1
