1
2
0
0
0
0
1
539.4229,568.3142,78.2079,79.3380
2
0
0
0
0
1
523.4646,482.7672,76.8899,82.9346
514.8833,481.7353,76.6882,83.1117
505.4072,479.2704,75.4396,84.3003
2
0
0
0
0
1
552.9622,472.6648,77.1948,84.6704
525.1737,492.1561,76.1528,85.5286
517.1219,480.2374,76.8497,85.4047
508.4694,480.2049,76.6130,85.5490
2
0
0
0
0
1
565.4886,481.8341,77.9000,83.3701
2
0
0
0
0
1
2
0
0
0
0
1
624.6434,540.3228,79.7878,86.3014
634.5681,557.0867,73.9591,92.9561
645.0740,545.0578,73.8019,93.6311
635.0634,564.4244,70.2760,98.2981
677.2291,563.7007,70.6189,98.1694
603.6640,533.7087,72.9659,93.4003
569.2604,631.9537,76.7230,88.0463
2
0
0
0
0
1
540.9662,546.2795,87.9817,96.6112
517.3267,519.9470,82.8933,103.7061
2
0
0
0
0
1
639.2205,566.3514,82.7760,109.7131
2
0
0
0
0
1
679.3271,539.7378,89.0011,98.6405
702.7795,561.6893,88.3077,99.3728
644.1308,547.3369,86.6799,105.0502
679.3926,524.3627,84.6125,106.4635
679.6602,573.7646,87.5494,102.8888
752.5706,574.4497,85.9178,104.0139
679.5913,535.6434,84.0981,104.7913
654.4517,512.0735,87.4080,102.6306
642.1011,524.0834,85.8615,101.2146
602.6531,583.8310,91.3593,96.6470
2
0
0
0
0
1
683.8579,531.3202,90.3575,98.1597
2
0
0
0
0
1
741.7365,533.0292,82.5621,100.4767
2
0
0
0
0
1
817.2623,533.4287,78.4398,85.9971
815.1332,563.7893,82.6368,83.3682
807.7368,556.9725,93.2516,76.4314
816.5615,557.3220,95.4435,74.5056
830.1915,577.9753,94.2823,76.1990
815.0577,544.4540,98.6478,75.1626
815.7079,521.1581,97.5439,76.5852
816.5190,532.1415,95.8325,78.8197
828.7824,508.8181,95.0024,79.7772
2
0
0
0
0
1
762.1702,517.8226,94.5886,97.4519
736.8879,553.0414,93.8424,98.0497
2
0
0
0
0
1
731.3053,497.9094,113.3690,104.0275
713.7829,497.2923,117.2844,101.9119
688.6257,509.4915,113.9103,105.4636
2
0
0
0
0
1
683.1951,415.8166,136.0763,109.3744
670.3021,418.2214,153.5310,99.7964
