1
714.6049,232.1717,24.1815,20.8183
711.8502,233.6440,26.0490,18.1631
715.6377,234.9490,26.7461,16.5081
716.6592,233.0789,24.5118,18.4957
716.9122,234.2733,25.9861,17.1223
717.9699,235.5016,26.5325,15.5108
718.6526,236.2094,26.8760,14.0580
718.8303,236.6203,27.0891,12.8128
719.5739,236.7976,26.7229,12.1575
719.5129,234.9808,24.1262,14.5300
721.8192,235.9338,25.3032,13.5053
721.2321,236.0235,26.0612,12.2664
719.8040,236.3638,26.6683,11.5673
721.1094,235.8926,24.4889,13.5665
720.4469,236.1260,25.4662,12.3123
723.0146,234.5938,23.4514,14.1290
720.6546,235.2342,24.3136,13.2959
720.0491,235.3765,24.5746,13.0442
720.3439,233.4792,23.2289,14.2510
718.6627,234.3385,23.5899,13.1052
719.2227,235.0830,23.6074,12.4674
717.1013,235.5876,23.4549,11.9379
717.6675,236.0771,23.0189,11.6609
716.0356,236.2462,22.7637,11.3762
711.4109,235.6704,20.5095,13.5085
713.9424,236.5905,21.9749,11.8027
712.5126,239.2891,23.3194,10.3921
711.0550,237.7131,24.4465,10.0000
714.2524,238.1144,25.0858,10.0000
716.5077,238.7079,25.4434,10.0000
718.9229,239.0298,25.6863,10.0000
2
0
0
0
0
1
673.2343,228.6378,31.0267,25.0026
684.8215,230.5609,34.6994,20.6199
2
0
0
0
0
1
636.8842,211.1746,27.4421,30.1188
612.1044,227.8834,31.9417,25.6087
636.3334,244.1430,28.8643,29.4317
2
0
0
0
0
1
667.2430,227.0166,25.2151,29.6969
691.2260,230.3845,23.8101,30.0937
695.0837,229.4088,23.0128,30.1720
2
0
0
0
0
1
723.9866,236.8677,30.4086,24.5194
722.2470,238.9606,34.5540,20.8103
723.0087,240.9416,37.9761,17.8376
723.4663,242.4016,39.6408,16.0541
724.3487,243.2872,40.5483,14.8584
725.0223,243.7253,41.4748,13.5102
724.9435,243.7871,41.4698,13.3370
725.7796,244.0021,42.0750,12.2234
725.1174,243.5974,41.2476,12.5136
724.4946,243.4524,41.4105,12.4814
723.2388,243.7961,41.9614,11.6680
724.1440,243.5750,42.1216,11.2230
722.3165,243.4258,41.0772,11.7453
720.1163,243.5014,41.3634,10.9243
719.4515,243.8519,41.1086,11.2374
716.4999,244.2448,41.1794,10.6358
715.8489,244.1805,40.8612,10.1099
711.3772,244.5072,40.5894,10.0000
713.3429,244.5859,39.3268,10.0000
712.6215,244.9785,38.5093,10.0000
708.5549,245.5652,38.3929,10.0000
703.5185,245.6129,38.3198,10.0000
716.9227,246.3486,37.6826,10.0119
709.3036,246.9427,38.2341,10.0000
699.9839,246.9722,38.5990,10.0000
684.1057,246.8884,37.5136,10.2339
696.8618,246.7664,38.7880,10.0000
2
0
0
0
0
1
626.5681,239.9134,30.4820,26.3296
652.5103,240.4875,28.9639,26.8490
643.3553,239.7962,24.2967,30.8025
669.6563,238.8515,24.0171,30.6573
656.7593,238.8270,20.7843,33.1721
2
0
0
0
0
1
714.1201,242.0805,29.3876,24.4955
717.5237,243.6728,32.5591,21.4533
719.3901,245.5228,34.1590,18.9753
721.6261,246.5268,35.8152,16.7987
723.0829,247.8622,37.3606,15.3429
725.1152,248.0707,38.3156,14.2715
727.8053,248.4658,38.5988,13.9023
730.1921,248.7200,38.5780,13.6140
732.6731,248.9986,38.3188,13.4680
734.5636,249.0398,37.9225,13.4372
737.4207,249.9595,38.4853,12.7096
736.4605,249.8223,37.6859,13.1288
738.3696,249.8249,36.8961,13.6336
738.7970,249.9305,37.0567,13.4829
737.2642,250.1722,37.4963,13.0036
736.2698,250.8566,37.8878,12.5420
736.2226,251.1397,38.0966,12.3094
733.9528,251.2307,38.1938,12.1509
730.6831,251.5421,38.3808,11.8168
728.6489,251.9016,38.8952,11.2364
727.7698,250.8797,37.7478,11.8009
724.4272,250.6913,37.4389,12.0146
721.4548,250.9011,37.9437,11.4312
718.7159,250.5162,36.8096,11.7116
715.8736,249.9455,35.3602,12.0509
713.8455,250.6000,35.7465,11.2394
726.5533,251.0543,36.3242,11.2980
2
0
0
0
0
1
686.9788,238.0596,31.6922,26.4512
655.8047,235.1405,27.8532,30.2567
643.5909,237.7200,32.1029,25.7228
649.1543,214.5442,28.4432,29.7107
2
0
0
0
0
1
672.3118,243.7188,28.2845,22.3922
695.5201,243.3260,26.2858,23.8617
684.2452,239.4431,23.1170,26.6428
690.6696,244.1412,26.4624,22.5923
712.1653,248.7143,30.6180,18.5677
714.4284,250.0033,31.6941,16.5330
719.8701,250.9517,33.0231,14.5446
726.1913,252.2998,34.0799,13.1746
728.4990,253.0410,34.7368,12.4107
732.3351,253.6497,35.1183,12.1732
736.7806,254.7197,35.5402,11.7051
737.9622,255.1856,35.8722,11.3346
739.6531,255.8971,36.9776,10.4245
741.6235,256.2219,36.9796,10.3633
743.1170,256.5307,36.9715,10.3104
745.0411,256.7979,37.4560,10.0000
746.7360,257.2683,37.4648,10.0000
749.0802,259.6126,37.5633,10.0000
748.8794,259.0211,37.6217,10.0000
746.6807,258.6170,37.6557,10.0000
746.8059,258.8728,37.7385,10.0000
744.3817,259.1321,37.6733,10.0000
741.2736,258.2602,37.6765,10.0000
738.3622,258.0013,37.6914,10.0000
736.1624,257.6153,37.8242,10.0000
732.8929,257.7649,38.3569,10.0000
731.2450,257.5501,38.6014,10.0000
726.2584,257.1196,39.0547,10.0000
725.4482,257.0703,38.9670,10.0000
720.3201,256.4825,39.6082,10.0000
715.8569,256.6179,39.6562,10.0000
713.6458,256.1855,38.4089,10.0000
726.7189,257.1731,39.1348,10.0000
2
0
0
0
0
1
685.2964,243.6863,37.3375,29.1119
2
0
0
0
0
1
656.4916,232.8983,29.9639,42.8254
2
0
0
0
0
1
715.5317,240.0726,28.8102,34.3446
719.7056,241.2705,29.2697,34.1082
718.7990,241.6995,28.9398,33.7645
709.3932,244.9975,35.2229,27.8872
711.0863,246.9562,39.1630,24.1540
709.6926,248.0263,42.7259,21.0090
710.5010,249.9526,46.0670,18.1664
710.2601,250.7584,47.6892,16.4078
711.2083,251.7410,49.3865,14.6082
714.6235,251.6645,46.9296,15.0199
715.0171,252.0089,46.6380,13.8396
715.4697,252.2945,47.0407,12.8490
715.2675,252.2765,46.9836,12.7334
715.6441,252.3976,47.1844,12.1121
715.5093,252.5946,46.1624,12.0840
715.2328,252.4945,45.7910,11.8734
716.1073,252.5292,44.1445,12.0165
716.2278,252.9832,44.1023,12.0122
714.7579,253.5613,44.0185,11.6405
704.8416,251.1133,44.8179,11.0925
709.8310,251.5332,44.4847,11.0358
708.7531,251.7610,44.1531,11.0311
712.6705,251.9896,43.3165,11.0816
702.3791,251.6712,43.9219,10.8171
712.1450,235.7296,39.2842,14.7484
714.2621,223.1040,35.3811,18.1315
2
0
0
0
0
1
687.5704,218.4018,31.2162,31.9629
666.9772,243.2162,30.4322,32.3321
690.1089,224.8544,30.0820,32.6171
659.9142,241.7977,29.9313,32.6244
636.6115,242.5342,29.4782,32.3413
653.1586,251.8691,31.3884,30.9311
2
0
0
0
0
1
625.1089,234.8263,34.6359,28.3577
2
0
0
0
0
1
643.6448,239.5941,26.5209,34.4241
660.4440,255.9854,24.9276,35.1301
2
0
0
0
0
1
664.9319,257.1096,28.4408,30.0789
687.8550,227.4143,28.0883,30.7824
696.5648,212.5773,26.3101,32.8590
2
0
0
0
0
1
680.1735,256.9056,29.4978,35.4255
662.5630,262.4953,33.5416,32.2230
682.4797,236.2011,32.1211,34.0384
670.9534,254.5736,29.3819,38.0377
2
0
0
0
0
1
713.7722,238.2599,36.7629,27.9045
2
0
0
0
0
1
674.5253,243.9998,30.1389,33.0477
2
0
0
0
0
1
2
0
0
0
0
1
2
0
0
0
0
1
2
0
0
0
0
1
677.8583,261.7296,35.7227,38.4122
2
0
0
0
0
1
678.6292,205.9089,38.2708,37.5612
2
0
0
0
0
1
686.3970,233.6360,39.0664,30.1599
686.0690,235.5733,43.5262,26.1148
681.3590,232.1364,36.9527,32.4226
685.8674,252.4619,35.9349,33.7383
680.2615,232.2103,33.9742,36.2691
676.3596,234.6797,39.3134,31.5496
677.1696,248.1849,38.2421,31.9269
2
0
0
0
0
1
662.1487,237.4081,25.3693,35.5400
666.6830,233.2837,23.3368,38.1583
675.6617,212.4127,22.9341,38.7071
676.0495,206.4539,22.5143,39.6276
