1
702.8884,241.1183,32.6567,72.0115
700.4822,241.7861,32.6120,70.6039
697.1624,238.6289,31.6871,71.0097
693.4080,238.8274,31.6288,69.0879
690.0202,237.4290,31.6679,67.0797
687.2609,239.2004,31.8739,65.7349
685.3230,237.9806,31.1012,63.9726
682.8355,238.9452,30.7707,63.0538
680.7583,238.6142,29.3318,64.6585
681.7191,240.9623,28.3031,64.5943
672.5894,240.3863,28.6827,63.4668
674.6430,245.0600,28.8178,62.6503
664.9573,244.8416,29.2131,62.2069
653.3607,238.2366,29.7564,61.5650
654.7615,239.3523,29.7471,61.1750
649.2510,240.3413,30.1538,60.3905
651.3501,245.3468,29.4003,60.3358
641.5947,246.0560,29.4828,60.1773
637.5692,246.9874,30.2511,58.8789
638.8654,246.6723,29.5205,56.8981
634.5695,242.1836,29.4812,55.4942
631.4827,244.2814,29.3879,54.5979
628.2589,246.0609,29.3592,54.2799
625.1360,246.5249,29.4256,52.7725
621.2786,246.8851,29.4012,51.8189
618.0170,248.2150,29.3115,50.1959
615.3441,249.6693,28.8803,49.8362
611.3575,246.5269,28.6587,49.5271
608.2933,243.2933,28.6093,49.2909
604.5867,244.4063,30.1631,49.4678
601.0807,247.7005,29.9693,49.1283
597.7867,247.7377,29.9989,48.9390
597.7115,244.9962,29.9133,49.0302
594.8417,247.5978,29.6043,48.6184
591.5367,245.9352,28.7192,48.2646
591.8480,243.3105,28.0706,48.4719
588.4282,244.7737,27.2284,48.6163
585.3926,242.8079,26.8107,48.2795
581.5466,245.5757,27.3863,48.1085
577.7274,249.0757,26.8741,47.6594
574.1017,248.7417,27.2865,48.2945
571.1341,243.1391,26.2967,48.9960
572.7994,247.6718,23.9234,51.0199
568.2745,254.5292,23.4276,51.6301
554.1774,244.0366,23.1760,50.5322
573.5981,259.7395,20.6666,52.4183
2
0
0
0
0
1
524.8841,237.0472,27.2815,44.0670
2
0
0
0
0
1
531.7472,241.3525,26.5542,49.8101
532.7451,246.6232,25.1591,51.9322
536.7684,257.7572,29.5452,48.6774
512.0034,248.3057,26.5841,54.5216
2
0
0
0
0
1
543.6185,231.2922,26.1939,43.8855
552.9630,226.4992,24.5464,44.8034
527.4852,241.0026,24.6091,45.8136
545.6409,234.7965,23.7735,47.5151
519.2657,231.9005,21.7709,50.8633
550.2348,226.8502,22.3083,50.2392
526.0202,235.1250,23.6222,48.4090
545.8099,227.3869,26.9313,45.0867
528.6599,242.8382,25.8373,46.5657
2
0
0
0
0
1
524.9852,241.2465,21.7848,47.8397
2
0
0
0
0
1
570.9290,243.5223,27.2881,40.9454
570.6061,244.8807,27.2819,39.3764
572.5515,245.2663,27.4622,38.1383
574.1483,246.1323,27.4235,37.8675
575.9122,245.5224,28.3294,37.2465
576.4125,243.8380,28.3285,37.2479
577.8430,242.6844,28.2755,37.3161
581.4249,242.8241,28.2513,37.3620
581.9814,242.4046,28.5356,37.9038
586.3436,244.0104,28.5064,37.9569
585.0864,243.1044,28.5266,37.9297
588.7814,244.0677,28.4969,37.9675
588.6694,245.3344,28.4764,37.9935
589.2225,245.9410,28.4416,38.0166
592.9163,246.6162,28.4099,38.0485
597.8290,244.0847,27.4724,39.4732
594.7652,243.9899,26.7090,39.7752
598.4724,244.7003,26.7847,39.6966
598.4653,245.1089,26.7022,39.7387
598.1987,245.6741,27.8131,38.3416
598.4546,244.6338,27.6850,38.5011
597.7338,243.7667,27.5263,38.8644
597.5246,242.9419,27.3138,39.2001
593.3513,243.1413,27.2898,39.2549
592.2861,243.6302,27.2750,39.2695
589.7760,242.8347,27.2768,39.2671
587.5498,241.8446,27.2844,39.2603
589.1451,241.8955,27.2858,39.2590
590.1916,243.2982,27.2866,39.2583
2
0
0
0
0
1
2
0
0
0
0
1
472.1936,217.5461,28.9932,42.0956
2
0
0
0
0
1
396.2480,228.8139,27.2424,42.8523
2
0
0
0
0
1
2
0
0
0
0
1
2
0
0
0
0
1
86.9508,268.4994,33.2261,45.1249
83.7979,265.6320,34.2665,45.1008
89.5604,267.1659,30.8338,49.5522
80.4265,252.2538,28.8260,52.1790
95.9577,266.7870,27.1339,54.4546
87.0365,254.5823,27.3893,53.7144
66.8039,241.5225,27.6105,53.4605
2
0
0
0
0
1
85.3955,254.0837,36.7696,51.2616
2
0
0
0
0
1
143.0470,296.2267,43.2013,47.2081
154.0819,292.2217,43.9332,46.6818
135.4084,287.6844,44.2571,46.5110
2
0
0
0
0
1
191.5566,242.1857,33.6621,39.8490
223.0366,269.3527,33.6304,39.4998
215.3858,271.9220,34.7816,38.7572
2
0
0
0
0
1
272.0876,296.7639,28.7004,44.8976
2
0
0
0
0
1
2
0
0
0
0
1
2
0
0
0
0
1
2
0
0
0
0
1
482.8036,253.8335,23.7271,47.4771
2
0
0
0
0
1
476.0388,261.1804,21.0070,47.9067
2
0
0
0
0
1
477.5719,249.1276,25.8631,50.4301
2
0
0
0
0
1
2
0
0
0
0
1
2
0
0
0
0
1
325.2042,278.6040,30.7535,51.0424
2
0
0
0
0
1
242.5547,271.5102,42.5169,47.2300
224.3091,264.2350,43.7720,47.1431
205.3678,262.5365,45.7984,45.7182
190.5806,269.2721,46.5382,45.5952
189.2900,267.0974,46.1294,46.2726
177.3624,268.2697,46.8661,46.5244
208.3777,293.0336,44.2230,49.9871
238.5101,318.1244,46.6270,49.5445
181.9462,300.4300,47.1739,52.6940
2
0
0
0
0
1
204.6164,315.6792,24.4568,43.1604
219.9811,321.3635,24.9457,44.1579
2
0
0
0
0
1
2
0
0
0
0
1
267.4689,315.0019,37.9491,40.5609
284.5262,315.3981,36.4114,43.2042
2
0
0
0
0
1
292.7802,284.0234,28.1275,44.9713
2
0
0
0
0
1
306.0892,309.0371,26.8168,42.2375
339.0093,296.4266,29.5306,40.0696
327.5039,275.1593,27.6775,42.8816
308.9197,304.6652,30.5068,40.9393
351.9081,299.6622,32.1361,39.8022
324.1465,319.8229,32.5157,40.3844
2
0
0
0
0
1
2
0
0
0
0
1
364.4811,307.5849,22.5977,39.6918
359.4133,302.8183,22.4104,40.7599
2
0
0
0
0
1
2
0
0
0
0
1
2
0
0
0
0
1
357.7609,298.0257,23.5553,32.6496
378.8428,293.3706,24.0624,33.2392
350.7496,275.0277,25.5421,32.3364
341.9793,274.0683,27.6289,31.1788
369.1855,296.2475,27.6527,32.7363
349.4043,300.3858,28.0345,32.2899
333.7991,302.9683,28.8378,31.6866
325.7633,300.4826,29.3184,31.4147
348.6359,299.7920,29.8033,32.0653
319.5974,295.2545,29.9525,32.7190
348.6469,295.3078,30.4128,32.9504
2
0
0
0
0
1
255.1422,283.5869,23.6370,21.5258
2
0
0
0
0
1
228.4857,308.5616,35.1112,37.2269
2
0
0
0
0
1
171.9179,295.7972,34.8326,35.2722
2
0
0
0
0
1
157.6113,296.8114,23.5496,40.4930
136.6759,298.2704,22.9996,40.6606
160.0087,298.0208,22.9561,41.0639
2
0
0
0
0
1
2
0
0
0
0
1
2
0
0
0
0
