1
359.5377,161.3156,26.3471,39.8500
358.8466,158.7095,25.5435,41.5985
354.7380,158.4241,24.9966,42.2159
349.1411,153.0150,25.2631,43.3506
339.4618,145.3084,27.4468,40.1645
338.3821,138.6670,26.1602,40.5170
338.8620,139.3935,24.7387,39.7230
338.9928,125.7604,23.8490,40.3165
333.7652,128.1833,26.1296,37.7961
328.5700,132.4610,28.1259,35.9346
318.6520,137.3239,28.3421,35.2862
312.6141,134.1329,29.1078,33.7295
2
0
0
0
0
1
2
0
0
0
0
1
2
0
0
0
0
1
2
0
0
0
0
1
2
0
0
0
0
1
2
0
0
0
0
1
336.5335,157.5571,26.2853,73.3952
330.2568,157.6150,26.3404,75.5552
2
0
0
0
0
1
336.0961,152.5383,25.1055,73.5200
340.4445,157.7702,25.1836,76.3315
339.6171,165.4080,23.9323,81.8068
337.9889,171.0049,24.0089,80.6630
2
0
0
0
0
1
2
0
0
0
0
1
2
0
0
0
0
1
334.5443,140.0190,26.9806,74.5831
348.8636,142.8557,27.9577,71.0661
323.5030,144.7466,28.0609,69.7116
2
0
0
0
0
1
2
0
0
0
0
1
335.8551,149.7050,33.7909,61.5554
351.9050,148.3479,30.8059,62.9986
357.7346,147.1637,28.5638,64.3185
357.6806,143.1579,27.4028,62.6960
358.8165,145.6636,25.8011,63.9703
359.5517,147.2316,24.9899,65.5232
360.0101,145.8991,24.6571,66.1410
360.5054,143.2450,24.0366,67.3881
360.6668,141.4290,23.3926,68.3337
360.5417,142.6092,22.7103,71.3478
360.7706,141.6888,22.2187,74.1282
359.7496,139.3867,22.0701,73.1399
341.2480,145.8295,22.2324,73.7962
354.5228,140.4876,22.6026,72.7791
359.1934,140.4075,23.0580,73.7332
359.8492,143.8323,22.7034,77.1343
359.5704,141.2677,23.1690,77.7621
358.7428,139.9496,23.3809,76.0421
358.6048,138.8303,24.2194,75.5646
352.7243,150.2382,25.7440,72.9654
358.6544,142.6124,27.1137,73.4883
356.8033,151.3475,27.2011,72.8572
357.4068,148.4491,26.4154,70.8267
363.8991,145.5031,25.9227,71.9294
363.5736,155.6453,26.1796,71.8314
365.6983,146.8777,26.1786,72.1484
364.6449,148.9452,26.1587,72.0260
364.1640,152.0388,26.1163,72.0460
366.1786,145.8829,26.5861,71.9947
365.4158,144.0488,26.9622,71.0331
366.5758,141.4060,27.1151,71.8632
359.6140,141.5315,27.3357,71.1085
360.6535,140.2047,26.9693,73.3216
367.2780,139.9908,25.9746,73.6770
366.9097,163.4935,25.8455,75.2655
364.4154,135.0604,27.2567,72.0488
363.5221,134.9960,27.1522,71.6884
361.7274,136.4163,27.3977,70.1995
360.6214,139.5561,26.9967,70.2708
355.4432,146.0273,27.0595,69.0908
360.2147,140.3718,26.7251,69.7859
358.4028,145.5535,27.5512,67.2076
2
0
0
0
0
1
391.9290,158.5525,28.8109,87.4196
394.2170,159.9994,29.4527,86.3052
394.0434,158.1502,30.7849,82.3862
394.9804,165.4769,30.7106,82.3340
401.8227,165.7849,32.9721,78.8268
401.9442,164.5348,33.1418,78.8326
402.2774,164.2616,32.3463,78.8066
408.0737,165.5857,32.4977,78.8165
408.7104,162.0488,31.5206,78.1589
410.0738,166.5441,31.0429,76.7318
410.3780,169.2614,31.5366,75.2388
411.9979,164.4490,31.3847,75.4901
412.4546,166.6520,31.0018,73.8519
411.7327,167.2879,31.2996,71.6761
412.0066,166.9897,31.1819,69.6427
407.5617,169.9102,31.4070,67.6665
409.4411,163.2965,30.7742,70.8930
411.1635,160.4526,29.8837,72.6426
412.8015,163.4589,29.2524,74.3901
412.8095,160.1654,30.5085,75.8023
414.4471,164.0161,30.1407,74.5285
415.4608,163.9874,29.7459,73.4408
418.8826,165.8229,28.7171,73.9364
424.8635,167.0204,28.4117,74.2530
425.2057,163.2942,28.9734,72.2295
427.1457,166.9439,28.4948,72.4221
441.3484,168.5373,28.7802,73.1009
443.1410,168.5415,28.8871,75.2208
446.9094,166.9272,28.4070,76.5957
449.4312,166.1973,29.5363,78.3118
453.2587,165.8256,29.9559,77.2950
455.7290,164.3729,30.4497,78.2255
458.6352,165.0974,29.7460,79.7765
461.1894,163.8014,29.7156,80.3157
460.6748,159.4970,29.5769,80.6182
467.3267,156.6161,30.8071,77.8466
461.8581,152.0674,31.9607,75.0208
464.0834,155.0515,31.1842,75.5829
465.6997,157.1195,31.4930,74.7638
466.4183,158.6391,31.4016,74.3845
466.6527,160.2225,31.3787,74.6850
467.3357,161.8967,31.6419,70.5782
468.6660,162.8296,30.9058,71.4745
470.6402,163.9103,30.8026,70.1443
470.9340,162.8456,30.8915,69.3484
470.3819,168.0511,31.7220,65.3097
470.1555,167.2870,30.7839,65.8238
470.6488,168.9210,31.8329,64.1905
467.0031,167.5837,30.1216,65.5988
466.8863,168.9603,29.0551,64.5508
464.8479,171.3070,28.8658,64.6061
463.5131,168.0307,29.1151,65.3661
461.3261,171.1444,29.0415,65.3788
457.4238,173.4581,29.3006,64.7692
455.8046,172.9778,30.0618,64.2782
457.4345,171.4197,29.1907,65.2720
454.4176,169.9764,30.3321,63.5856
454.6212,169.2364,29.6950,63.4546
453.8461,168.1260,29.5904,62.8839
454.6896,166.1068,29.4372,62.4808
455.8820,169.0054,28.5051,63.9922
456.2964,165.6274,28.2340,65.6522
457.3595,164.8540,27.6783,66.5058
457.9277,162.5305,27.6248,67.1945
456.2974,160.7039,27.8697,66.9075
456.6822,159.6689,27.6211,67.3154
455.4264,161.7238,28.8999,65.7994
454.2938,159.5727,29.5026,64.2517
453.8692,159.4788,29.2153,62.9038
453.8602,158.2178,28.4315,62.4105
449.5986,159.2884,28.1462,62.1040
450.9666,160.8071,27.6256,63.4641
451.5062,158.2315,27.6130,64.6319
450.3327,157.9629,27.8845,65.2553
449.7234,152.3557,28.6351,63.8793
450.3807,158.7166,28.7022,63.8727
450.6602,156.9819,29.4278,62.8779
445.7206,155.5392,28.6795,63.9089
447.0454,159.8432,27.4030,63.6907
449.5779,159.6295,26.7173,63.8541
449.2825,156.7528,27.3754,62.5752
450.1723,156.1080,27.6465,61.7945
451.5193,155.3148,27.3596,62.1320
453.3237,154.4489,26.8598,63.2191
454.3476,159.9216,26.7209,62.5789
453.8799,157.2275,27.2816,63.5212
455.6283,146.8567,27.5937,62.9133
456.0779,146.7000,28.1219,61.9550
456.2090,150.3167,28.5896,60.4665
455.5769,151.0778,27.9141,60.2576
455.2136,150.5053,28.3974,59.9459
460.0766,150.6559,28.5162,58.2500
464.7767,148.0418,28.4663,57.8982
466.1436,150.4912,26.9862,58.7001
472.3222,148.8539,26.5721,57.4711
476.8715,149.7830,26.4367,58.2028
483.4526,144.8340,25.5456,59.7176
494.4706,131.9600,25.9091,58.5838
500.9821,137.2256,26.5343,55.7639
506.8307,144.5813,26.6255,55.3594
512.9648,143.4048,26.8951,55.6214
520.5642,138.8369,26.2031,58.4560
527.0804,135.6240,25.8525,60.5713
528.4962,128.9136,25.7937,60.2592
533.7166,126.2811,25.5740,60.1777
533.9044,125.8599,25.5731,58.1095
535.6011,129.5878,25.2865,56.8733
536.3009,131.2519,25.4135,57.7781
536.8495,126.0299,25.3817,57.1579
537.3659,122.6458,24.5805,59.5357
536.4451,124.7200,25.5315,57.5225
535.8847,123.5592,26.1254,57.8750
531.7821,122.9087,25.2798,59.5296
530.6320,123.1611,24.5368,61.2041
528.1149,123.5780,24.1547,61.7795
526.2505,122.0299,23.9372,62.8085
523.6149,119.7975,24.1545,63.9569
521.6239,119.0152,23.8051,63.7634
517.8269,119.0616,24.0918,63.0516
516.2760,121.4516,23.8432,62.6276
514.9802,120.4626,24.8057,61.9164
512.9249,120.4478,25.7384,61.0513
511.3729,122.6088,26.6298,59.0079
506.1820,124.0007,25.7723,60.3027
505.4340,119.3770,26.3741,61.5474
502.3454,117.9551,26.2104,61.4299
501.3470,117.6993,26.3317,61.1703
500.8035,115.9694,26.3756,61.0396
496.7942,111.5010,26.1368,62.1310
492.4732,108.4715,26.5268,62.5760
491.8616,106.0267,26.1680,64.4279
489.9818,105.1240,26.7553,64.4197
488.8705,101.7471,27.0219,65.3725
488.0271,98.8282,27.2713,66.8223
487.3242,98.5024,27.3380,66.5677
487.5218,92.8786,28.4873,65.6697
485.4834,94.6789,29.2025,66.8360
486.1495,92.0810,28.4098,68.5095
486.5070,92.2643,27.9754,69.9253
486.7123,89.6456,28.1389,67.9720
486.3597,90.5800,27.8675,67.6600
487.7657,88.6665,27.5652,68.6853
487.1873,90.5262,27.4862,68.8641
487.9241,89.7121,28.1401,70.5642
488.8557,87.8840,28.1475,69.6316
489.9612,90.3170,28.1299,69.6778
492.1569,89.4975,27.7584,71.2199
493.4053,84.0690,28.1038,71.6569
495.0346,83.2692,27.8283,73.4740
495.7349,77.9658,28.0847,73.9303
494.1327,84.1208,28.0549,71.6906
492.6298,85.0151,27.8268,71.7836
491.5300,83.9658,27.8816,72.1655
491.1717,84.1896,27.9349,71.9869
490.0743,86.3900,28.9026,71.2167
487.4195,88.6068,29.8347,70.5457
485.2204,89.3233,30.2551,71.1069
478.8016,89.2993,30.8123,70.4114
476.4150,86.1345,30.7298,71.0808
469.7799,86.8160,31.3668,70.3479
462.9174,86.4044,31.7804,70.0865
463.5145,87.7866,30.9912,72.1212
462.1230,88.5606,31.0786,72.2407
460.8739,90.0933,31.2570,72.6470
453.7970,92.9788,31.1551,73.4678
448.1044,94.9190,30.0931,73.2048
441.8825,97.0569,29.0565,75.8689
437.2240,95.8600,28.7499,75.8983
436.3068,95.7544,28.4629,76.6749
435.3581,96.3591,29.6060,73.8780
2
0
0
0
0
1
432.6477,100.5995,23.3093,45.6122
433.8796,101.6488,22.3341,43.9346
432.9103,99.8763,21.4973,42.8482
431.9324,98.5987,20.9467,41.1856
431.4948,98.8813,20.5818,40.2751
430.4572,101.0751,20.3714,39.1866
431.1259,101.2152,19.7571,38.0763
430.7310,100.6450,19.0380,37.9241
429.8615,97.2623,18.7949,37.2593
428.9021,94.8632,18.9553,36.2641
426.5232,98.1727,18.2984,36.0531
425.6721,101.2962,18.5350,35.7611
424.2576,98.7325,18.7797,34.6573
417.3493,95.3104,18.5054,34.4943
416.0687,95.4484,18.2364,34.3079
415.0088,95.2731,18.1504,34.2292
412.0813,98.1293,18.0620,34.1649
408.9402,93.9672,17.9189,34.1100
409.0005,95.0740,17.7318,33.7437
409.5439,97.0312,17.5903,33.6290
404.7376,97.6692,17.4289,33.7372
404.1928,95.1621,17.2973,33.8830
400.6049,97.7785,16.7175,34.1998
397.8000,95.1820,16.1792,34.2411
397.7147,96.4217,15.9632,34.7132
394.1413,96.4487,16.0693,34.8305
388.3042,96.7929,16.0885,34.1000
385.0070,97.3321,16.1465,33.8597
382.2056,98.0817,16.2070,33.7917
376.2323,94.8321,16.3236,33.5092
378.2247,95.2999,16.4582,33.4197
377.6088,96.2373,16.2787,33.7354
