1
119.6893,313.1483,96.6786,103.3006
109.0562,337.3842,95.4333,103.7738
109.1471,362.9632,95.0411,104.0606
107.7795,362.7232,95.0242,104.1541
87.0729,374.2104,93.7363,105.5032
2
0
0
0
0
1
209.5947,333.8799,135.5512,89.7756
171.0243,332.4510,132.6732,92.7161
2
0
0
0
0
1
267.3165,267.6345,112.4387,93.2507
231.6696,315.1325,108.4879,97.9799
206.8549,314.2139,106.6045,99.8927
194.4258,314.9033,106.2833,100.1550
2
0
0
0
0
1
359.6953,294.8856,90.8669,84.9518
2
0
0
0
0
1
388.8058,277.6377,105.5283,84.2287
2
0
0
0
0
1
452.4583,237.0247,79.9404,76.8712
2
0
0
0
0
1
526.6837,251.5729,75.6074,76.0848
488.5002,250.4653,75.6240,76.1290
458.3111,239.2864,75.6685,76.0881
535.7438,237.9998,74.3409,76.9941
575.3409,277.1195,73.7578,77.4747
575.3409,277.1195,73.7578,77.4747
607.6540,295.3206,72.4548,79.6589
2
0
0
0
0
1
569.3112,257.2964,51.9603,63.9937
2
0
0
0
0
1
600.1978,276.2339,49.5455,68.6965
2
0
0
0
0
1
557.9900,218.7953,76.0585,57.9115
560.2488,218.8742,74.4919,59.7227
560.2488,218.8742,74.4919,59.7227
560.2488,218.8742,74.4919,59.7227
568.4854,217.7154,74.7859,59.3996
578.5837,225.6290,74.7787,59.3547
578.5837,225.6290,74.7787,59.3547
578.8405,224.4322,74.7762,59.3385
2
0
0
0
0
1
2
0
0
0
0
1
464.7694,205.2551,70.0771,62.3691
413.2841,229.3349,69.3967,62.3214
2
