1
284.7840,133.6515,105.4841,181.1207
284.7840,133.6515,105.4841,181.1207
298.7903,140.0024,86.8310,178.0848
301.8964,143.6441,88.4763,165.0912
300.3520,140.1482,96.9076,150.4048
300.3520,140.1482,96.9076,150.4048
356.5739,174.1680,90.8102,177.3297
339.0779,132.6292,116.1047,209.8574
339.0779,132.6292,116.1047,209.8574
266.6625,140.3219,81.9562,211.0370
266.6625,140.3219,81.9562,211.0370
275.4412,123.9796,57.7897,225.0582
275.4412,123.9796,57.7897,225.0582
273.6135,123.7751,50.1918,230.5603
273.6135,123.7751,50.1918,230.5603
278.7796,123.5994,43.3307,226.3696
278.7796,123.5994,43.3307,226.3696
278.7796,123.5994,43.3307,226.3696
278.7796,123.5994,43.3307,226.3696
278.7796,123.5994,43.3307,226.3696
278.7796,123.5994,43.3307,226.3696
278.7796,123.5994,43.3307,226.3696
278.7796,123.5994,43.3307,226.3696
278.7796,123.5994,43.3307,226.3696
278.7796,123.5994,43.3307,226.3696
278.7796,123.5994,43.3307,226.3696
259.3734,124.4776,44.2200,215.1996
2
0
0
0
0
1
279.2532,131.9782,113.1907,169.0721
300.9602,102.9824,122.5850,166.9553
300.9602,102.9824,122.5850,166.9553
213.8453,156.1941,143.5572,155.0028
212.0855,179.3985,149.1620,126.5203
212.0855,179.3985,149.1620,126.5203
212.0855,179.3985,149.1620,126.5203
198.6231,193.4870,128.3880,116.5797
2
0
0
0
0
1
310.6233,133.7140,113.4798,171.5330
320.7410,142.9758,114.1109,150.6885
270.2003,139.2673,120.1925,153.2685
270.2003,139.2673,120.1925,153.2685
256.0226,135.9677,109.3727,160.2601
256.0226,135.9677,109.3727,160.2601
256.0226,135.9677,109.3727,160.2601
258.8249,128.9711,80.6519,170.0607
258.8249,128.9711,80.6519,170.0607
258.8249,128.9711,80.6519,170.0607
258.8249,128.9711,80.6519,170.0607
258.8249,128.9711,80.6519,170.0607
258.8249,128.9711,80.6519,170.0607
258.8249,128.9711,80.6519,170.0607
258.8249,128.9711,80.6519,170.0607
258.8249,128.9711,80.6519,170.0607
258.8249,128.9711,80.6519,170.0607
2
0
0
0
0
1
362.1663,143.1327,83.4066,149.8864
366.5404,131.8773,85.9818,156.5624
366.5404,131.8773,85.9818,156.5624
377.5348,149.0550,73.5338,144.4204
350.9405,120.3683,68.5816,156.8813
350.9405,120.3683,68.5816,156.8813
350.9405,120.3683,68.5816,156.8813
350.9405,120.3683,68.5816,156.8813
350.9405,120.3683,68.5816,156.8813
350.9405,120.3683,68.5816,156.8813
350.9405,120.3683,68.5816,156.8813
350.9405,120.3683,68.5816,156.8813
2
0
0
0
0
1
357.2629,147.9032,76.5473,133.4145
357.2629,147.9032,76.5473,133.4145
357.2629,147.9032,76.5473,133.4145
357.2629,147.9032,76.5473,133.4145
357.2629,147.9032,76.5473,133.4145
357.2629,147.9032,76.5473,133.4145
357.2629,147.9032,76.5473,133.4145
357.2629,147.9032,76.5473,133.4145
357.2629,147.9032,76.5473,133.4145
357.2629,147.9032,76.5473,133.4145
357.2629,147.9032,76.5473,133.4145
357.2629,147.9032,76.5473,133.4145
357.2629,147.9032,76.5473,133.4145
357.2629,147.9032,76.5473,133.4145
357.2629,147.9032,76.5473,133.4145
357.2629,147.9032,76.5473,133.4145
357.2629,147.9032,76.5473,133.4145
340.5476,115.1877,65.5961,152.0113
340.5476,115.1877,65.5961,152.0113
340.5476,115.1877,65.5961,152.0113
340.5476,115.1877,65.5961,152.0113
340.5476,115.1877,65.5961,152.0113
340.5476,115.1877,65.5961,152.0113
340.5476,115.1877,65.5961,152.0113
340.5476,115.1877,65.5961,152.0113
342.9461,129.3634,55.8785,170.0696
342.9461,129.3634,55.8785,170.0696
342.9461,129.3634,55.8785,170.0696
342.9461,129.3634,55.8785,170.0696
342.9461,129.3634,55.8785,170.0696
346.5897,176.4346,56.0983,156.1667
346.5897,176.4346,56.0983,156.1667
346.5897,176.4346,56.0983,156.1667
346.5897,176.4346,56.0983,156.1667
347.7705,169.9087,50.4509,136.4224
347.7705,169.9087,50.4509,136.4224
347.7705,169.9087,50.4509,136.4224
347.7705,169.9087,50.4509,136.4224
347.7705,169.9087,50.4509,136.4224
347.7705,169.9087,50.4509,136.4224
347.7705,169.9087,50.4509,136.4224
429.0104,202.0988,41.3288,132.3476
429.0104,202.0988,41.3288,132.3476
429.0104,202.0988,41.3288,132.3476
452.9902,227.2867,39.0352,113.7891
452.9902,227.2867,39.0352,113.7891
452.9902,227.2867,39.0352,113.7891
451.6509,232.6027,42.5545,107.2995
451.6509,232.6027,42.5545,107.2995
451.6509,232.6027,42.5545,107.2995
451.6509,232.6027,42.5545,107.2995
451.6509,232.6027,42.5545,107.2995
451.6509,232.6027,42.5545,107.2995
451.6509,232.6027,42.5545,107.2995
451.6509,232.6027,42.5545,107.2995
451.6509,232.6027,42.5545,107.2995
451.6509,232.6027,42.5545,107.2995
451.6509,232.6027,42.5545,107.2995
451.6509,232.6027,42.5545,107.2995
451.6509,232.6027,42.5545,107.2995
451.6509,232.6027,42.5545,107.2995
451.6509,232.6027,42.5545,107.2995
451.6509,232.6027,42.5545,107.2995
451.6509,232.6027,42.5545,107.2995
451.6509,232.6027,42.5545,107.2995
451.6509,232.6027,42.5545,107.2995
451.6509,232.6027,42.5545,107.2995
451.6509,232.6027,42.5545,107.2995
451.6509,232.6027,42.5545,107.2995
451.6509,232.6027,42.5545,107.2995
451.6509,232.6027,42.5545,107.2995
2
0
0
0
0
1
347.9989,125.0462,94.3623,169.2056
347.3419,109.9426,74.6606,176.5466
359.3372,103.4323,68.6890,187.7908
359.3372,103.4323,68.6890,187.7908
376.3078,99.1989,86.8847,172.5559
376.3078,99.1989,86.8847,172.5559
376.3078,99.1989,86.8847,172.5559
376.3078,99.1989,86.8847,172.5559
376.3078,99.1989,86.8847,172.5559
376.3078,99.1989,86.8847,172.5559
376.3078,99.1989,86.8847,172.5559
376.3078,99.1989,86.8847,172.5559
376.3078,99.1989,86.8847,172.5559
376.3078,99.1989,86.8847,172.5559
376.3078,99.1989,86.8847,172.5559
376.3078,99.1989,86.8847,172.5559
423.8175,172.3199,63.3409,137.3382
423.8175,172.3199,63.3409,137.3382
423.2632,142.2554,61.9975,142.6485
423.2632,142.2554,61.9975,142.6485
423.2632,142.2554,61.9975,142.6485
423.2632,142.2554,61.9975,142.6485
2
0
0
0
0
1
317.2510,118.8426,155.6841,185.4471
245.3957,135.0056,175.4754,177.4065
298.1617,124.1050,207.3075,181.6064
209.5494,152.9435,191.2073,160.0753
220.0774,158.2869,145.1950,154.4067
305.2383,117.8369,181.6241,192.7487
299.6920,112.2897,229.2233,193.5142
2
0
0
0
0
1
305.7964,109.3107,113.6631,188.6919
328.3141,118.7418,84.6604,193.7781
308.7230,121.5797,83.2535,182.7645
316.2619,114.4683,80.1986,190.4957
275.9537,126.4213,103.9462,182.3745
275.9537,126.4213,103.9462,182.3745
275.9537,126.4213,103.9462,182.3745
325.8671,125.2579,90.5052,176.7335
2
0
0
0
0
1
329.7244,115.7241,85.4706,189.8276
329.7244,115.7241,85.4706,189.8276
329.7244,115.7241,85.4706,189.8276
329.7244,115.7241,85.4706,189.8276
329.7244,115.7241,85.4706,189.8276
329.7244,115.7241,85.4706,189.8276
329.7244,115.7241,85.4706,189.8276
329.7244,115.7241,85.4706,189.8276
329.7244,115.7241,85.4706,189.8276
329.7244,115.7241,85.4706,189.8276
329.7244,115.7241,85.4706,189.8276
2
0
0
0
0
1
361.5873,105.5345,93.6913,221.9911
316.0078,106.6382,81.5445,196.8749
316.0078,106.6382,81.5445,196.8749
316.0078,106.6382,81.5445,196.8749
316.0078,106.6382,81.5445,196.8749
316.0078,106.6382,81.5445,196.8749
316.0078,106.6382,81.5445,196.8749
316.0078,106.6382,81.5445,196.8749
316.0078,106.6382,81.5445,196.8749
316.0078,106.6382,81.5445,196.8749
316.0078,106.6382,81.5445,196.8749
316.0078,106.6382,81.5445,196.8749
316.0078,106.6382,81.5445,196.8749
2
0
0
0
0
1
402.1882,84.4528,107.6060,226.7560
260.0559,110.3919,132.0448,199.8528
260.0559,110.3919,132.0448,199.8528
260.0559,110.3919,132.0448,199.8528
260.0559,110.3919,132.0448,199.8528
254.6192,97.5107,115.8805,214.7027
2
0
0
0
0
1
401.2567,97.8364,73.6756,206.2700
359.0548,122.7613,58.6749,201.3899
447.6085,183.6474,61.3024,182.6794
447.6085,183.6474,61.3024,182.6794
447.6085,183.6474,61.3024,182.6794
447.6085,183.6474,61.3024,182.6794
471.9753,135.7062,45.1022,186.1623
471.9753,135.7062,45.1022,186.1623
471.9753,135.7062,45.1022,186.1623
471.9753,135.7062,45.1022,186.1623
471.9753,135.7062,45.1022,186.1623
471.9753,135.7062,45.1022,186.1623
466.3994,158.8933,33.1432,166.4631
466.9079,171.5763,30.2040,161.0636
466.9079,171.5763,30.2040,161.0636
2
0
0
0
0
1
329.7346,73.4950,108.1469,211.0410
329.7346,73.4950,108.1469,211.0410
329.7346,73.4950,108.1469,211.0410
275.6716,96.7741,138.2733,227.6143
2
0
0
0
0
1
2
0
0
0
0
1
295.2482,97.3124,130.5893,233.7521
247.9032,99.2565,117.9723,230.3212
247.9032,99.2565,117.9723,230.3212
254.5568,83.0905,102.9143,238.8508
249.9197,83.1308,93.9103,254.0975
249.9197,83.1308,93.9103,254.0975
249.9197,83.1308,93.9103,254.0975
249.9197,83.1308,93.9103,254.0975
249.9197,83.1308,93.9103,254.0975
249.9197,83.1308,93.9103,254.0975
249.9197,83.1308,93.9103,254.0975
249.9197,83.1308,93.9103,254.0975
249.9197,83.1308,93.9103,254.0975
249.9197,83.1308,93.9103,254.0975
249.9197,83.1308,93.9103,254.0975
249.9197,83.1308,93.9103,254.0975
249.9197,83.1308,93.9103,254.0975
249.9197,83.1308,93.9103,254.0975
249.9197,83.1308,93.9103,254.0975
249.9197,83.1308,93.9103,254.0975
249.9197,83.1308,93.9103,254.0975
229.7281,56.4507,96.6286,245.5295
229.7281,56.4507,96.6286,245.5295
171.8969,125.4916,107.1532,210.3763
171.8969,125.4916,107.1532,210.3763
171.8969,125.4916,107.1532,210.3763
171.8969,125.4916,107.1532,210.3763
171.8969,125.4916,107.1532,210.3763
171.8969,125.4916,107.1532,210.3763
171.8969,125.4916,107.1532,210.3763
171.8969,125.4916,107.1532,210.3763
171.8969,125.4916,107.1532,210.3763
171.8969,125.4916,107.1532,210.3763
171.8969,125.4916,107.1532,210.3763
171.8969,125.4916,107.1532,210.3763
171.8969,125.4916,107.1532,210.3763
171.8969,125.4916,107.1532,210.3763
171.8969,125.4916,107.1532,210.3763
171.8969,125.4916,107.1532,210.3763
171.8969,125.4916,107.1532,210.3763
171.8969,125.4916,107.1532,210.3763
2
0
0
0
0
1
2
0
0
0
0
1
385.9306,51.9635,110.0345,268.4279
2
0
0
0
0
1
