1
184.4868,16.9617,49.0283,36.9944
185.7615,21.1291,49.0032,36.5407
184.6586,17.0663,48.0798,37.1691
185.9991,19.8245,47.5991,36.2702
180.4363,22.7739,47.1354,36.1755
180.0213,22.8610,45.4156,37.6982
186.8726,21.8620,45.5559,37.3712
187.1584,19.0815,44.6369,38.3959
183.8242,27.1311,47.7609,35.4713
178.4211,37.7433,46.5832,35.1872
176.9788,36.0588,46.2900,34.4350
174.8924,32.6830,45.6630,34.2588
172.1040,44.0515,43.2362,35.0724
172.2114,42.8408,41.6372,35.7810
174.1245,39.0021,44.1025,34.1911
173.0143,48.7034,42.6556,35.1647
164.7919,39.0986,41.4055,36.0294
159.2937,21.1775,41.1456,36.2598
2
0
0
0
0
1
172.0758,50.3996,45.2685,38.4147
171.9714,51.1819,44.1694,39.0261
172.5584,53.1610,42.8695,38.1044
171.7591,60.8561,42.5079,37.0272
169.6454,54.8681,39.5833,38.2091
183.6104,52.3089,39.9407,37.7935
182.7342,54.9656,43.5858,35.1173
173.3883,60.5170,42.9886,35.5191
172.6000,56.0687,40.8476,36.0946
171.2856,53.0002,40.3368,35.8825
184.3558,57.7409,40.1471,36.3600
187.6612,63.1238,40.5978,35.9071
172.5237,56.0059,40.3270,35.7905
185.6730,51.5600,39.8051,36.4845
161.0984,30.3394,38.8851,36.2843
155.2113,23.4066,38.4934,35.5241
2
0
0
0
0
1
176.5475,59.3983,38.9570,39.9214
175.1902,60.5715,38.9593,39.8933
180.2082,57.4584,38.0850,38.6952
185.9594,57.8994,40.1825,37.4229
185.8257,58.6554,41.8378,35.8185
182.3194,59.8793,40.8476,35.8739
183.6661,58.5151,38.8940,35.9885
185.1215,54.1296,38.8237,34.5621
182.3138,55.8913,38.2960,33.0183
196.6253,62.7290,37.1048,33.5458
197.0604,58.3640,37.0354,34.3791
190.8679,50.5433,35.9996,36.0247
191.1563,46.9832,35.7355,35.6948
195.6765,21.4953,35.6144,36.0156
199.3219,9.2936,35.6045,35.2242
2
0
0
0
0
1
208.6726,56.4491,32.2232,33.9753
200.2119,48.0629,32.0255,34.1456
200.9509,54.9844,31.8714,34.1280
211.4638,55.5778,30.8810,33.4688
211.5283,48.3356,30.7638,33.4917
223.2060,44.0408,30.8351,33.5416
227.0192,40.5933,30.2247,33.1144
232.9268,25.8488,29.0376,33.3238
2
0
0
0
0
1
215.8537,52.8781,29.6006,33.2848
222.5626,59.8460,29.3638,32.9441
220.7405,58.3822,28.6813,32.7100
221.9102,57.2186,28.6506,32.6352
221.0524,55.9237,28.3565,32.6470
217.9147,47.0003,27.2075,33.1193
228.0656,55.6158,27.5837,32.6917
213.0193,44.6229,27.5034,32.3713
212.1975,36.7004,27.5058,32.2791
212.2257,36.9160,26.9837,31.6791
208.4488,25.5639,26.4785,31.6097
224.0421,11.2215,24.6066,32.9218
2
0
0
0
0
1
219.2072,38.8777,34.6254,35.9421
215.8672,38.9963,33.8068,36.1025
217.7252,40.6102,30.5589,39.8712
208.4134,28.3673,30.6464,39.3996
210.3759,33.1069,31.0504,38.7010
222.6931,33.6022,31.2919,38.0607
2
0
0
0
0
1
212.7881,30.7232,19.4019,31.9282
207.0515,18.6511,18.2957,33.7803
220.2069,19.8321,17.7715,34.4402
214.0109,23.8888,15.4237,37.4616
217.7106,29.1961,17.7540,34.5297
205.6010,19.3594,17.1119,34.4260
202.8151,12.8805,16.4463,34.3830
203.4583,8.3828,15.9467,34.5686
217.6509,19.3267,14.3468,36.8085
211.4690,5.4709,13.6209,37.4606
208.2117,2.7063,13.0518,36.6453
221.2037,7.1747,11.8145,38.2438
224.3492,3.1587,11.9328,38.3106
226.5006,5.8499,12.1931,37.5248
231.8433,3.6228,12.2170,37.6856
223.1299,3.2547,11.5392,38.4956
216.8904,3.1333,11.4255,38.3510
216.7292,-3.5986,11.7241,37.4389
215.9341,-2.6168,12.3215,36.0821
2
0
0
0
0
1
238.8915,2.3289,13.6673,40.6831
230.2274,-0.5934,14.8505,38.2289
222.2834,0.0715,16.0360,35.4818
2
0
0
0
0
1
247.5121,26.9485,13.4644,49.2024
251.5972,14.4205,13.5309,48.6715
236.7927,17.8510,13.8578,47.8949
231.8893,42.1715,15.8528,44.9985
2
0
0
0
0
1
248.5219,93.0627,12.6710,62.5057
261.4345,91.2842,13.4264,61.6606
2
0
0
0
0
1
243.4544,105.3092,15.8212,49.2501
2
0
0
0
0
1
235.8581,124.9357,18.6464,56.1454
231.5957,121.9592,18.7199,56.5595
232.5598,126.1592,19.4821,55.2848
228.0328,131.4704,18.2339,57.0179
245.4718,119.3220,17.8198,57.0516
2
0
0
0
0
1
212.8880,145.2941,31.9880,51.3977
213.9033,143.5306,28.2907,54.4396
214.5272,158.9104,26.7946,54.9793
210.6062,151.1467,25.0298,56.0831
220.1132,156.0757,25.0063,55.6199
235.3641,140.7163,25.6849,53.4321
2
0
0
0
0
1
192.2456,182.7613,53.1903,50.8620
189.7196,176.1997,53.6154,50.6663
189.4423,173.9867,53.6498,51.1519
192.1877,174.9807,53.6871,50.3299
191.5691,175.5668,53.2310,48.8813
190.1820,172.0937,52.4146,48.5008
188.6391,171.1497,51.1922,49.4939
2
0
0
0
0
1
156.2847,194.2068,61.8917,56.1530
150.7396,191.3721,67.5418,53.7002
218.2040,165.3473,65.5838,56.1033
151.3099,195.4755,65.1041,56.5337
2
0
0
0
0
1
147.6817,198.3101,66.7559,50.6644
134.5932,210.6997,63.0307,52.4384
2
0
0
0
0
1
196.9043,175.8897,61.1073,60.0604
132.9894,214.2072,63.4059,58.1615
189.1578,180.5919,62.5590,58.0550
129.2522,217.5721,63.3438,57.4026
195.3107,184.5426,60.0563,60.8688
128.7799,217.4190,62.7602,58.6577
184.8283,189.2725,61.9498,58.8512
118.3176,226.2454,63.0825,57.0865
2
0
0
0
0
1
166.2277,186.2231,61.4335,66.0531
151.4347,178.4478,68.6136,59.5793
100.9835,223.5316,69.2682,60.2075
160.3282,187.7453,65.5632,61.3275
2
0
0
0
0
1
153.5210,186.9974,61.5062,62.7253
2
0
0
0
0
1
130.9079,196.6584,57.2721,51.9086
2
0
0
0
0
1
55.5330,279.8924,45.7623,47.0927
55.8555,278.8435,45.7522,47.0901
2
0
0
0
0
1
106.2982,218.2867,51.8786,37.9916
2
0
0
0
0
1
2
0
0
0
0
1
192.4323,188.2365,46.6696,46.5533
162.5868,207.4879,46.9659,47.1227
184.5688,190.2890,48.3244,45.5901
168.4294,208.9330,49.7181,47.4494
185.5388,185.4557,50.1309,46.4834
174.5024,207.7229,48.2149,49.3638
182.0539,190.1392,49.5854,47.4419
164.9998,208.8120,49.7601,48.9447
179.6001,190.4272,49.9111,47.7463
185.0165,179.6520,52.1149,44.7428
184.2225,180.6971,51.5001,43.7264
179.5399,161.3246,50.3094,44.5465
2
0
0
0
0
1
185.2006,191.6582,57.3971,48.0239
184.2547,195.1552,56.1670,48.1353
185.1824,193.7467,54.9556,46.9238
185.3224,193.9020,54.4408,46.3380
181.2046,190.1426,53.2550,44.5669
183.0328,170.3610,52.7261,44.7045
158.2699,177.6894,50.9521,44.8088
204.0423,203.7007,51.9485,45.4216
187.2703,197.2836,48.7983,45.9975
161.1285,179.1143,47.9209,46.0945
214.6943,198.6399,47.4981,46.6718
195.1752,192.3762,47.0220,45.9347
176.9709,179.1375,46.2559,46.7691
224.2973,189.3992,44.9154,48.1048
196.3005,194.9393,42.0748,48.3179
2
0
0
0
0
1
291.5239,166.5355,50.1567,52.6174
244.5298,182.7357,51.0217,53.1299
288.7443,160.8268,51.2039,52.8824
242.1126,188.1375,56.3121,47.6319
209.4268,205.7341,54.8579,48.0675
248.5910,180.8707,56.3383,47.3507
210.3018,203.5343,54.9755,47.8230
247.5894,174.9227,53.0237,48.7111
215.9300,202.6852,51.9416,49.0887
257.8689,172.7901,48.4171,51.6015
222.4664,195.7119,48.8815,50.6160
265.1998,163.4180,46.0235,54.3536
228.6559,189.1122,47.2768,51.6726
2
0
0
0
0
1
251.2520,177.9863,69.0836,60.6827
327.6838,136.9954,74.2372,57.1069
338.5208,134.5134,73.7609,57.6485
343.3667,133.6662,73.1793,57.4701
344.9084,131.1761,74.1212,57.3059
346.3551,130.1187,75.8665,57.3992
347.4757,129.7803,77.8123,57.7629
348.4312,129.5128,78.9708,58.5590
350.1563,129.5765,80.2982,58.9553
357.1200,128.4171,79.6136,59.8082
356.4507,128.7931,80.2851,59.9116
360.2965,127.2775,79.7672,60.9831
360.0504,128.7207,79.8141,61.2201
357.7135,125.7344,81.4206,62.5466
353.8677,124.8795,84.1093,63.6298
352.2588,125.8231,85.9142,63.8134
357.4257,124.5406,85.8116,63.9350
357.5954,121.9031,85.2453,64.0180
358.6549,121.7530,84.0046,63.1665
358.1769,121.2271,82.7121,64.0947
358.8096,118.6393,82.4385,64.2290
356.3482,122.4087,82.1254,64.5895
354.3029,120.8694,81.8101,65.8443
356.0172,119.0192,80.8044,66.7870
