520.0,260.0,45.0,110.0
525.5372676849365,259.1430244445801,33.3698616027832,105.8255844116211
525.1029214859009,259.06591415405273,31.375288009643555,103.01143646240234
524.835132598877,261.18891525268555,30.10413360595703,103.96125030517578
520.8097076416016,266.9263496398926,31.770904541015625,100.7107925415039
520.9492263793945,269.62911224365234,29.26910400390625,99.43428039550781
519.4452838897705,267.9829444885254,26.30581283569336,102.8923110961914
518.5634164810181,270.8991889953613,26.314069747924805,99.52397918701172
521.5872316360474,273.49178314208984,27.382802963256836,98.54264831542969
518.4455852508545,300.58740615844727,27.98996353149414,71.96350860595703
517.435751914978,292.30699920654297,27.141511917114258,85.08009338378906
517.4426040649414,314.1280097961426,30.023223876953125,57.08977508544922
514.8744087219238,277.0359115600586,24.624900817871094,95.60049438476562
512.403736114502,284.54108810424805,25.97515106201172,96.7266616821289
513.7695188522339,283.92267990112305,23.34429359436035,84.44649505615234
514.8940916061401,284.78814697265625,22.47165870666504,84.53913879394531
512.5816125869751,285.93969345092773,25.68287467956543,75.05431365966797
529.5713176727295,281.66961669921875,39.86526870727539,47.04222106933594
513.9035921096802,307.04052734375,26.5867977142334,64.9425048828125
530.8733215332031,275.39784049987793,33.780792236328125,59.61458969116211
510.8704824447632,281.01307678222656,27.82640266418457,85.50725555419922
509.6392459869385,281.8527412414551,29.15169906616211,85.08697509765625
501.347412109375,282.24850845336914,32.102203369140625,81.15097045898438
543.7907381057739,280.44751739501953,28.68732261657715,91.60846710205078
546.5192184448242,270.6414794921875,33.52430725097656,76.84822845458984
513.0770931243896,298.550235748291,32.896732330322266,85.84693908691406
518.8342237472534,281.77091217041016,29.73758888244629,78.69867706298828
508.7571678161621,307.91790199279785,34.894325256347656,59.87881851196289
504.96051025390625,298.7716255187988,43.37739562988281,68.03578186035156
499.9217472076416,308.7991638183594,47.04378890991211,72.44646453857422
537.4932327270508,346.22448539733887,58.33270263671875,62.65401840209961
516.1992149353027,302.93614196777344,39.325782775878906,87.57743072509766
501.19499588012695,277.69460678100586,38.950843811035156,84.07835388183594
516.251443862915,276.00353240966797,30.073345184326172,90.45003509521484
517.5402202606201,331.10464096069336,50.161991119384766,62.27915954589844
518.5562782287598,335.5067558288574,47.845481872558594,87.88914489746094
519.2253532409668,347.2477340698242,46.124855041503906,126.5598373413086
518.0964946746826,355.68530654907227,52.60190200805664,138.58380126953125
517.2108840942383,343.68584060668945,47.33421325683594,166.67849731445312
512.4444561004639,372.1246147155762,46.489017486572266,201.30979919433594
430.22755432128906,534.9004974365234,115.64718627929688,106.11856842041016
310.2376022338867,552.9421806335449,139.02073669433594,152.9973602294922
430.79109954833984,580.729549407959,139.7045135498047,138.7150421142578
420.1380844116211,561.7396125793457,137.76597595214844,158.00051879882812
418.16963958740234,575.6720237731934,132.6969451904297,141.6214141845703
432.37999725341797,571.5913963317871,118.91868591308594,148.30348205566406
421.78488540649414,569.3287239074707,123.7447738647461,147.90438842773438
401.3454284667969,572.1296424865723,149.19021606445312,147.87035751342773
414.72266387939453,559.5656604766846,129.1416778564453,154.95608520507812
400.75374603271484,578.0749225616455,129.61997985839844,138.15020751953125
262.55492401123047,553.1614856719971,149.00318908691406,153.3331298828125
390.0792694091797,571.1278553009033,125.60061645507812,147.26141357421875
508.84651947021484,561.6466464996338,172.39723205566406,148.73487854003906
675.4593124389648,563.2544040679932,167.7019805908203,153.8163604736328
798.4477081298828,574.3291568756104,160.06326293945312,115.80259704589844
667.7099914550781,567.7305011749268,137.7001953125,152.26949882507324
529.7361526489258,566.9470071792603,105.42723083496094,151.07757568359375
362.7899856567383,582.7009744644165,133.8407440185547,132.85272216796875
226.80065155029297,558.5120325088501,147.6100311279297,149.5925750732422
332.7384262084961,568.2518625259399,147.29026794433594,148.46173095703125
209.1655044555664,560.6615381240845,138.65647888183594,152.1276092529297
336.28812408447266,582.1831827163696,129.88670349121094,136.33523559570312
210.1341323852539,573.4542627334595,140.7554168701172,146.54573726654053
143.14168548583984,560.3439679145813,210.23793029785156,159.00051879882812
285.6793670654297,577.5147442817688,159.50778198242188,139.73623657226562
317.2979431152344,578.9745984077454,132.688720703125,140.39031982421875
169.8739013671875,562.4618344306946,140.28829956054688,145.9916534423828
287.30069732666016,579.6153607368469,145.89552307128906,138.40512084960938
278.05272674560547,563.1867566108704,145.0206756591797,153.2568359375
289.29853439331055,572.1535840034485,125.06214141845703,146.28082275390625
141.89291381835938,567.5531125068665,156.33416748046875,150.27687072753906
276.2991485595703,584.6203579902649,131.70046997070312,133.4253387451172
269.4305419921875,580.9706311225891,131.1201171875,139.0293688774109
234.5693817138672,590.0761740207672,166.65615844726562,129.9238259792328
268.3015937805176,582.7161265611649,127.5799789428711,134.92486572265625
249.13150024414062,597.5145999193192,126.49066162109375,119.7941665649414
247.34154510498047,577.7760554552078,127.11549377441406,139.34629821777344
228.63627243041992,581.4931117296219,125.5330581665039,136.7146759033203
217.01943588256836,597.7797900438309,118.23346710205078,122.1205062866211
190.19927978515625,577.8434382677078,141.5103759765625,140.6124725341797
190.9492950439453,573.5067912340164,142.04684448242188,144.0113525390625
190.6180191040039,581.7214289903641,136.98838806152344,138.27857100963593
201.55052947998047,577.9257627129555,127.11158752441406,138.31710815429688
184.1831512451172,581.6499753594398,134.41409301757812,136.38253784179688
163.02115631103516,600.4977956414223,154.6565399169922,118.70526885986328
141.0866470336914,572.6521726250648,153.1202850341797,145.35171508789062
146.70702362060547,587.4421582818031,145.9063262939453,129.2614288330078
158.44267654418945,573.5070157647133,121.0753402709961,144.3583984375
141.30567932128906,575.0386090874672,136.85275268554688,144.2170867919922
137.2396697998047,577.4433255791664,135.24240112304688,141.027587890625
131.87810516357422,573.3952069878578,129.9247589111328,145.30455017089844
120.53652954101562,578.931385576725,135.0970458984375,139.57325744628906
107.64948272705078,587.8083005547523,147.07322692871094,132.19169944524765
123.38355255126953,578.9924757778645,122.20024108886719,138.9219207763672
100.98080444335938,577.5294249355793,139.412841796875,141.0843505859375
82.88385772705078,592.9706709682941,140.8794403076172,123.97657775878906
76.03357696533203,603.4947111904621,141.8992156982422,116.50528880953789
72.02401733398438,627.7127562910318,141.96832275390625,88.84086608886719
43.170921325683594,608.5751868635416,142.3247833251953,109.52115631103516
52.892333984375,581.8219024091959,123.27239990234375,136.99607849121094
39.520606994628906,593.6161528974771,131.2709503173828,124.25901794433594
38.15656280517578,585.3689681440592,133.7909698486328,134.63103185594082
29.655040740966797,593.1534972861409,123.41089630126953,125.80550384521484
4.34917449951169,592.1922965720296,139.91539001464844,125.33697509765625
2.5064888000487997,590.6472755149007,127.74224090576172,128.84828186035156
1.9663200378417685,595.4688392356038,125.35456085205078,124.00068664550781
0.8445968627929119,575.7584205344319,130.3500518798828,139.1999969482422
0.3128395080565838,589.6332755759358,108.68224334716797,129.05233764648438
0,626.9048362448812,109.91558074951163,91.05584716796875
1.165702819824162,633.8565192893147,126.37024688720703,83.73805236816406
0,632.5473571494222,104.5890579223632,87.44930267333984
4.361167907714787,636.0609298422933,116.81017303466797,80.61856842041016
1.1250190734862713,632.7565665915608,99.92236328125,84.60348510742188
0,646.9934783652425,95.18439865112299,72.0634994506836
0,634.0021033957601,88.00393867492673,84.27751159667969
0,647.7551055625081,79.04255771636963,71.00933074951172
0,632.6130805686116,93.94084596633911,85.09269714355469
0,629.8574233725667,64.20752549171448,89.31488800048828
0.07628166675567627,650.0098586753011,62.5111083984375,69.98017120361328
41.66689217090607,665.9681812003255,57.21782684326172,53.15571975708008
13.231989979743972,664.9319396689534,60.90098571777344,52.06340789794922
25.306035161018386,670.9447704032063,54.17806625366211,46.0306510925293
21.979909062385573,670.960828371346,52.38877487182617,47.56221008300781
17.8375998735428,674.3690601065755,53.84532928466797,44.427982330322266
2.4036303758621216,678.3512035086751,44.06888961791992,40.1489372253418
7.75074303150177,680.0761123374104,32.529541015625,38.18291473388672
1.211049199104309,682.2172218039632,32.42802047729492,35.28123474121094
2.6006470918655396,681.3935371115804,30.10829734802246,35.40058898925781
1.3627177476882935,683.672046251595,34.4839973449707,30.940174102783203
5.292864918708801,682.8908162787557,41.26496887207031,31.61509132385254
0.6376239061355591,668.9076038077474,30.46670150756836,41.26114273071289
2.1498366594314575,669.5925536826253,29.234130859375,42.053016662597656
0,663.9044357016683,36.87043869495392,46.09058380126953
3.810772478580475,652.6545768454671,44.294883728027344,58.78462219238281
0.09620529413223267,636.8255286887288,48.98781204223633,78.22808837890625
4.621887743473053,628.3316436484456,65.67347717285156,82.22357940673828
37.717625200748444,587.9607635214925,67.56595611572266,81.0462417602539
27.91557365655899,583.6290298178792,77.15739440917969,86.60616302490234
15.815594255924225,578.7056098654866,80.67180633544922,78.28143310546875
21.847862780094147,590.3580184653401,111.662109375,94.7127914428711
5.551994860172243,571.2241798117757,140.06808471679688,128.611083984375
137.00058799982068,576.1855750754476,161.92596435546878,141.0509033203125
132.09925895929337,568.0265250876546,169.54124450683594,150.7689666748047
122.69070488214493,569.7415748313069,170.1050567626953,143.01123046875
118.67881065607071,563.4696937277913,178.302490234375,153.67889404296875
113.60149437189102,562.6880241110921,181.41818237304688,152.57261657714844
0,563.230733461678,147.98109489679337,152.7705841064453
122.70536831021309,558.8521476462483,166.10923767089844,159.1934051513672
115.75737789273262,556.6676231101155,204.75765991210938,159.70448303222656
113.19989040493965,554.8936134055257,177.0396270751953,158.16790771484375
93.63019588589668,554.2338844016194,188.89666748046875,160.89764404296875
83.70227840542793,556.6683021262288,195.517578125,157.8082275390625
66.44001796841621,557.9448981955647,203.1394500732422,141.71524047851562
90.77835872769356,558.1264396384358,170.8056640625,158.20408630371094
85.54418209195137,556.926290102303,190.23104858398438,158.74757385253906
88.17086055874825,556.5063605979085,171.54629516601562,162.21566772460938
69.7950442135334,556.4651313498616,187.1460723876953,160.44296264648438
58.83134487271309,558.9747138693929,191.62010192871094,157.06790161132812
44.03134182095528,558.4485831931233,192.3296661376953,157.37461853027344
37.640030175447464,556.3797279074788,198.42198181152344,158.98028564453125
22.641212731599808,557.7263465598226,209.60272216796875,154.49566650390625
44.36161068081856,556.0979743674397,180.34716796875,159.59963989257812
21.770637780427933,560.5067725852132,206.8968505859375,151.70672607421875
19.69212368130684,559.2326331809163,189.0846405029297,157.12799072265625
15.638283044099808,559.0001807883382,186.97894287109375,157.23638916015625
7.338272362947464,560.2886253073812,191.43431091308594,155.0581817626953
3.0110705196857452,559.3128486350179,193.65414428710938,157.53781127929688
1.4342730343341827,555.3498283103108,179.7012939453125,157.44969177246094
8.634910851716995,551.8756499961019,199.47622680664062,120.23636627197266
0.3219912350177765,554.1869559958577,179.39125061035156,162.07005310058594
10.363540917634964,564.0638404563069,194.4521942138672,138.53668212890625
10.061226159334183,551.9933906272054,193.9400634765625,166.53555297851562
25.084442406892776,548.988099642098,241.8100128173828,98.05864715576172
5.401077538728714,549.8409133628011,225.32566833496094,102.24962615966797
135.4853289425373,548.5780540183187,136.5313720703125,164.8396759033203
127.06432369351387,555.6429954245687,141.70492553710938,151.8223419189453
119.75382259488106,569.052136965096,144.119384765625,113.37722778320312
115.64003017544746,585.9690032675862,136.81105041503906,91.3930435180664
103.8861086666584,584.8661895468831,116.58387756347656,95.52155303955078
97.61034420132637,562.9884620383382,100.4215087890625,101.27215576171875
85.04010418057442,602.5496688559651,126.1414566040039,85.38072967529297
89.93254497647285,604.3847594931722,105.2637710571289,90.5185317993164
74.35607936978343,604.5103049948812,127.81163024902344,85.82841491699219
79.51910808682445,605.2474647238851,124.8981704711914,84.166015625
80.05670192837718,593.0992255881429,135.6816864013672,106.62493896484375
73.98026302456859,590.2736564353108,133.6121826171875,108.73185729980469
74.00316646695143,567.7063270285726,139.15496826171875,149.38677978515625
64.25763729214674,592.8154235556722,151.74380493164062,110.51721954345703
68.36682155728346,572.0010123923421,135.19361877441406,141.4473419189453
66.45142391324049,566.1669364646077,138.50299072265625,150.1961212158203
64.4440768063069,560.7337852194905,142.4275360107422,153.88035583496094
58.85177639126783,571.2184577658772,151.0751495361328,128.0899658203125
56.649208337068615,564.8111930564046,143.830078125,135.12745666503906
58.72097805142408,566.2658439353108,142.4820098876953,152.5379180908203
54.66584041714674,556.9761481955647,146.85784912109375,160.11614990234375
58.51190212368971,565.5216651633382,142.1946563720703,144.26699829101562
52.49597957730299,566.0716872885823,142.14141845703125,124.58016204833984
57.98468044400221,564.2334876731038,142.0126495361328,152.70870971679688
60.21876552701002,561.5884681418538,144.1764373779297,153.47024536132812
56.17160061001783,573.7592330649495,140.5807647705078,119.57726287841797
63.421913415193615,560.0583091452718,141.88134765625,156.0281219482422
52.88390377163893,560.4127021506429,149.71304321289062,154.395263671875
57.64468410611158,565.1116538718343,145.64112854003906,143.6576385498047
54.31804683804518,565.553357668221,144.22006225585938,145.8048095703125
57.25570705533033,570.2673774436116,144.9992218017578,143.563232421875
59.90821865201002,568.3444724753499,144.14927673339844,132.25035095214844
60.82917049527174,566.0289359763265,140.799560546875,151.7584991455078
55.024521142244396,567.8229041770101,147.7644500732422,146.84872436523438
51.32257106900221,564.0305686667562,149.8596954345703,144.3723602294922
50.00845363736158,565.7201438620687,145.8135528564453,149.61045837402344
47.935348778963146,573.4122901633382,139.60362243652344,130.34957885742188
48.835983544588146,569.1634345725179,140.53404235839844,148.00445556640625
43.65448024868971,579.5444694235921,138.20655822753906,130.01649475097656
47.581772118806896,572.6338477805257,143.1095428466797,145.05441284179688
48.104477196931896,575.9828162863851,146.0026092529297,138.97933959960938
54.199440270662365,579.0832191184163,144.74169921875,136.63436889648438
59.831642419099865,577.7587485983968,146.24652099609375,140.0383758544922
59.31921413540846,580.4254203513265,144.55226135253906,135.54762268066406
55.33330562710768,581.4195228293538,144.68850708007812,135.09384155273438
59.16470363736158,584.6034255698323,140.62342834472656,127.58907318115234
60.71919277310377,575.1907706931233,141.65867614746094,141.7244415283203
55.2517931759358,574.606954164803,142.98953247070312,142.8293914794922
41.55844143033033,580.6991706565022,155.4258575439453,121.40179443359375
55.79663112759596,573.6470542624593,137.9103546142578,115.80027770996094
53.69133022427562,568.4624992087483,140.52903747558594,141.81178283691406
54.60749080777171,567.7317939475179,140.95172119140625,133.80511474609375
52.677879601717024,562.8455253317952,140.55923461914062,145.7263946533203
53.28131893277171,567.8782401755452,145.085205078125,144.5268096923828
55.70111110806468,566.7047172263265,152.9091339111328,144.99098205566406
63.4866869747639,566.1197944357991,153.16458129882812,150.21630859375
78.06391170620921,572.1691642478108,148.25018310546875,146.0650177001953
88.27273586392405,567.6209235861897,138.9928741455078,133.5765380859375
101.15189388394359,568.6321311667562,139.52032470703125,135.01109313964844
110.07279232144359,573.997579164803,146.19787597656247,133.4687957763672
120.10517147183418,583.8020988181233,144.1845703125,131.4346466064453
131.97034481167793,564.0856452658772,136.412353515625,140.515380859375
146.03140285611153,570.8789344504476,135.3443145751953,144.30679321289062
142.10255458950996,575.8923202231526,141.2065887451172,113.69371795654297
142.49017742276192,574.686772890389,127.1746597290039,126.86457824707031
143.1712496578693,577.4662605002522,137.53999328613284,133.59039306640625
143.51778438687325,572.7248893454671,139.9173583984375,121.54512023925781
151.84241130948067,574.7965560629964,126.98538970947266,119.41869354248047
152.09164455533028,576.523011751473,120.65876770019531,115.95311737060547
156.04157665371892,574.8114257529378,119.980583190918,118.83380889892578
164.07310131192204,578.1212363913655,126.53707122802737,132.7145538330078
169.69967678189278,588.2763229086995,126.28788757324219,111.7196273803711
179.34386852383614,585.5210853293538,120.06060028076172,119.42559814453125
179.75236538052556,585.4084792807698,128.8337554931641,124.74373626708984
186.63994625210762,584.5659003928304,136.0753173828125,131.42303466796875
197.7009508907795,590.2322898581624,137.0423583984375,128.42674255371094
201.503074914217,587.4920402243733,137.24884033203125,128.76698303222656
211.01344326138496,595.8484931662679,128.3710479736328,109.68896484375
212.27350643277168,599.4109397605062,126.37728881835938,114.65031433105469
211.370693475008,610.4311195090413,122.92711639404297,96.99029541015625
216.17031505703926,623.354383058846,100.84709930419922,67.44406127929688
222.51901271939278,620.088269777596,83.18382263183594,49.48883056640625
198.55703380703926,630.037847109139,62.33153533935547,70.12571716308594
213.24387767910957,626.4308982565999,66.5033187866211,69.33326721191406
203.89754512906075,629.937032289803,71.85366821289062,65.99122619628906
121.09640339016914,586.9209094718099,51.92830276489258,63.16899490356445
134.11815479397774,585.1997237876058,53.452335357666016,65.7844009399414
148.1083052456379,585.6789489462972,52.4028205871582,67.08026885986328
159.5641920864582,586.261609621346,49.0710334777832,67.52497863769531
162.6482050716877,585.5403266623616,50.19556427001953,66.9112548828125
169.0303900539875,586.3060355857015,50.804988861083984,67.8238525390625
175.54508617520332,587.5754485800862,50.49266815185547,68.89440155029297
182.0111658871174,588.1343513205647,50.08277130126953,64.4896240234375
188.33454540371895,592.5139690116048,48.365440368652344,63.531246185302734
189.17695835232735,590.8531203940511,50.82815170288086,64.48278045654297
193.86010006070137,593.7491775229573,50.80241394042969,62.07013702392578
201.64155033230782,594.3027892783284,50.08344650268555,62.92218780517578
212.73428371548653,592.4148421958089,49.31498718261719,69.52864837646484
221.80633571743965,591.0496688559651,49.13453674316406,67.3625717163086
227.26652935147285,589.5553336814046,51.67925262451172,67.44001770019531
235.2801230251789,587.7126384451985,50.168209075927734,63.41756820678711
241.9331515133381,588.8076644614339,48.66395568847656,65.7056655883789
233.10330989956856,586.4833503440022,63.67694091796875,64.24867248535156
250.76280239224434,581.848393984139,51.35816955566406,65.57785034179688
261.2955744564533,580.8583656027913,49.473121643066406,66.01651000976562
263.09850147366524,581.8310638144612,51.449893951416016,64.05744171142578
267.27893474698067,581.9192691519856,50.014564514160156,61.70657730102539
268.89190700650215,584.1335540488362,48.387725830078125,61.705528259277344
273.40681102871895,585.8701644614339,47.44507598876953,63.590248107910156
277.01906231045723,587.9360595420003,49.19446563720703,65.01995086669922
282.6708128750324,591.3882651999593,48.27060317993164,61.30479431152344
286.52520778775215,590.0458541586995,48.80902099609375,64.05709075927734
289.1055338680744,589.579122133553,47.61127471923828,63.813751220703125
294.41778019070625,588.9205852225423,47.827388763427734,61.65932846069336
302.28516033291817,588.2868819907308,48.649070739746094,62.619895935058594
312.8975241482258,583.5779967978597,45.72202682495117,64.11553192138672
316.9320776760578,582.3456130698323,47.14132308959961,63.15961456298828
319.1834147274494,583.6696563437581,48.439735412597656,64.7757339477539
325.87955501675606,584.599370546639,47.44915771484375,64.46525573730469
337.3296606838703,589.1052470877767,45.65316390991211,63.46212387084961
349.3328059017658,587.7517333701253,46.286338806152344,66.91582489013672
354.6236098110676,586.3385482504964,51.18576431274414,64.91507720947266
369.2563250362873,589.4265227988362,45.808319091796875,65.10987091064453
380.1412833034992,594.0372367575765,47.23533248901367,64.87455749511719
391.6094496548176,598.401128359139,45.81338882446289,64.15158081054688
401.28653171658516,600.7237868979573,45.81643295288086,65.0262222290039
407.3430655300617,601.6521430686116,55.213375091552734,64.33444213867188
420.75005558133125,597.2204986289144,47.7327995300293,65.5834732055664
434.48429706692696,597.9857955649495,47.65498733520508,64.14038848876953
447.28038814663887,596.6246009543538,47.1060791015625,66.72744750976562
454.64172580838203,594.753236360848,46.27145004272461,64.33007049560547
458.75779750943184,586.9396568015218,46.61979675292969,63.954986572265625
464.2181647121906,577.016851015389,46.196346282958984,64.47673034667969
449.93306758999825,563.7519698813558,65.55476379394531,67.64995574951172
407.15846279263496,623.2162528708577,70.27479553222656,65.07713317871094
401.3634035885334,636.0763946250081,53.27265930175781,62.624183654785156
411.18753841519356,625.938439913094,57.17784118652344,52.578025817871094
416.5998061001301,618.3924632743001,63.82730484008789,60.06563949584961
414.029629021883,628.8569503501058,64.4215316772461,63.82947540283203
463.4508707821369,623.3756881430745,62.19477081298828,95.1344985961914
520.3820460140705,566.6834979727864,46.876792907714844,63.83818435668945
455.6830141842365,638.043046541512,41.387351989746094,53.960792541503906
452.0515997707844,630.8981948569417,52.42270278930664,50.36780548095703
449.20093753933907,631.8358894065022,50.4588508605957,65.26564025878906
448.3314783871174,627.6747718527913,56.353851318359375,68.46713256835938
518.8735754787922,572.1291843131185,45.719547271728516,63.614505767822266
450.8832247555256,652.9616981223226,41.0447998046875,48.55180358886719
454.28866413235664,662.1723743155599,39.77754592895508,38.43217849731445
461.7292006313801,667.9839816763997,35.423892974853516,39.55488967895508
464.60342052578926,666.4507556632161,39.04576873779297,42.67453384399414
482.57564571499825,659.5479179099202,55.23976135253906,56.339569091796875
507.3180506527424,654.0891967490315,76.6244888305664,65.91080325096846
559.8718016445637,590.1518142558634,46.1595344543457,63.91319274902344
503.89615085721016,622.5248458720744,39.67502212524414,81.39140319824219
578.1375658810139,594.0045822001994,46.33171844482422,64.15606689453125
514.795971184969,622.4772880412638,48.42015838623047,93.76522064208984
585.5635989010334,592.9822967387736,51.55290222167969,69.01820373535156
598.6701433956623,589.7344444133341,45.027801513671875,63.73621368408203
537.4370005428791,661.417591843754,46.79204559326172,58.40046691894531
513.4453776180744,646.0408714152873,36.865989685058594,73.5004653930664
485.55374935269356,615.2016342021525,74.79475402832031,93.41091918945312
396.510284692049,648.5009315349162,106.41635131835938,70.02933502197266
432.7275164425373,606.0249679423869,139.2116241455078,111.52264404296875
353.5598833858967,585.3943870402873,172.1874542236328,117.37044525146484
295.3987162411213,621.7225730754435,126.06414031982422,96.0728988647461
272.6859438717365,633.0739333964884,129.761474609375,86.92606660351157
278.01952770352364,651.6667083669454,124.72968292236328,68.33329163305461
268.55582454800606,638.6121055567637,125.95826721191406,78.5125961303711
267.2167437374592,667.7382308924571,119.17570495605469,49.616973876953125
266.7043879330158,668.0771934473887,125.51435089111328,50.206382751464844
268.2446062862873,670.2109024012461,127.59071350097656,48.401580810546875
260.00194576382637,661.3488304102793,142.2611541748047,56.79009246826172
263.7746813595295,646.308901974,113.60505676269531,69.79774475097656
263.76392009854317,665.7470485651866,115.9478988647461,51.57651138305664
308.27560260891914,594.8087646448985,61.65231704711914,87.02803039550781
266.21866634488106,657.7168170893565,126.56578063964844,59.53742599487305
267.5719874203205,654.252806850709,110.9620132446289,65.26158905029297
263.15303829312325,632.3682319605723,106.95292663574219,82.86237335205078
256.5160677731037,648.0051872218028,133.37045288085938,70.57042694091797
266.7556574642658,638.4929420435801,115.6937026977539,77.3110122680664
264.95001247525215,655.4073364222422,118.56539916992188,61.86466979980469
259.98304012417793,643.9330818140879,136.0692901611328,73.50421905517578
257.2166750729084,639.5751487696543,153.41461181640625,80.42485123034567
234.31238582730293,636.1357837659307,135.8031768798828,83.86421623406932
251.22675350308418,639.8281953802798,129.64076232910156,80.1718046197202
239.20828273892403,627.3655404086458,143.90328979492188,92.2254409790039
155.45064190030098,554.628727817093,63.83637237548828,80.770263671875
183.47852542996407,559.272324466263,35.03481674194336,73.57324981689453
120.81092289090157,591.025326633011,57.260868072509766,48.697052001953125
124.80749729275703,598.8239220614778,63.003787994384766,75.03885650634766
164.01527813076973,606.850693606888,85.81320190429688,65.97600555419922
186.61246898770332,595.2124489779817,71.81282043457031,123.03551483154297
201.02761867642403,594.1098183627473,99.16300201416016,122.95720672607422
179.29578807950023,586.5687455172883,103.86970520019528,132.1009979248047
