332.0,304.0,99.0,198.0
326.6422653198242,305.78893280029297,94.59315490722656,157.02113342285156
321.64050674438477,301.43162536621094,96.13484954833984,180.61956787109375
312.99333572387695,302.2470169067383,98.59832000732422,185.57447814941406
307.46325302124023,301.99019622802734,106.04703521728516,207.20518493652344
307.8336296081543,304.56202697753906,107.50556182861328,201.84918212890625
308.7373161315918,319.53758239746094,110.20142364501953,185.56561279296875
314.26627349853516,322.09078216552734,105.44050598144531,185.3350067138672
320.3837699890137,320.7368621826172,110.07209014892578,185.7855224609375
324.73553466796875,316.78057861328125,110.82638549804688,189.65908813476562
330.10194396972656,321.55765533447266,108.69732666015625,197.6245880126953
325.6058807373047,307.4439163208008,144.4202880859375,216.06336975097656
316.2159423828125,297.3451232910156,170.84420776367188,213.89395141601562
303.74567794799805,284.5211944580078,119.52875518798828,228.60687255859375
290.4020462036133,272.24681854248047,179.2842559814453,214.86021423339844
275.4322929382325,258.80131530761724,119.94611358642578,251.00299072265625
263.6083374023438,241.01550292968756,127.88027954101562,271.27700805664057
262.6399459838868,227.92752075195312,110.86314392089844,222.39840698242188
258.1751556396485,213.4412384033203,128.25091552734375,244.73016357421875
251.89810180664068,202.2199249267578,107.05484008789062,262.6328125
253.67880249023443,194.6776580810547,198.29684448242188,296.54052734375
248.54469299316412,180.06800842285156,136.0699462890625,303.51336669921875
260.513542175293,279.86617279052734,201.6857147216797,215.6038055419922
268.739372253418,264.82179260253906,207.11668395996094,250.86822509765625
273.5427551269532,170.55592346191406,112.89163208007812,353.95611572265625
273.46822738647467,182.75564575195312,112.80362701416016,359.1145935058594
230.68133163452154,308.68165588378906,110.33036041259766,250.86773681640625
231.80654144287115,326.3994369506836,100.48582458496094,247.8562469482422
224.5972747802735,321.1376647949219,121.070556640625,257.6455383300781
224.02616882324224,347.45279693603516,100.48834228515625,250.9783477783203
202.38851928710943,342.05718994140625,160.43167114257812,255.89425659179688
395.2061157226563,226.2080078125,163.54098510742182,227.53274536132812
400.4630661010742,232.67394256591797,125.77958679199219,234.7887420654297
393.3588104248047,239.07052612304688,139.568115234375,226.03543090820312
334.5410842895508,248.22732543945312,247.9346466064453,283.4551086425781
374.0663757324219,328.1149215698242,226.70046997070312,209.14036560058594
328.4080352783203,306.36802673339844,269.4339599609375,250.68658447265625
318.86195373535156,304.318603515625,257.54083251953125,182.25833129882812
310.73744201660156,325.0761489868164,245.51361083984375,246.56886291503906
309.10872650146484,297.18927001953125,241.02098083496094,280.6187438964844
292.49468994140625,301.04441833496094,252.79867553710938,301.6265869140625
284.0263977050781,304.10730743408203,275.2711486816406,202.8782501220703
282.1515426635742,334.5938720703125,250.15928649902344,280.1265563964844
354.64086151123047,337.8965148925781,193.37852478027344,301.7411193847656
339.43666839599615,352.69084167480474,191.99363708496088,302.40881347656244
336.3076477050781,370.134521484375,198.69827270507812,287.8085021972656
271.37899780273443,371.56611633300787,275.04373168945307,279.47290039062494
295.3783264160156,370.8617248535156,262.5985412597656,242.14047241210938
290.08203125,372.8691864013672,315.3119812011719,269.70440673828125
297.6046447753906,376.4122772216797,266.5025939941406,257.47430419921875
383.80655670166016,377.43890380859375,177.89503479003906,267.5285949707031
327.6954650878906,459.8138885498047,257.3876037597656,200.17718505859375
395.559928894043,387.4630584716797,190.24357604980463,261.87445068359375
420.9966049194336,387.28944396972656,157.3811492919922,263.87396240234375
439.73431396484375,387.1357879638672,151.88919067382812,263.47021484375
447.89939880371094,387.8172912597656,145.5362548828125,242.73074340820312
443.58030700683594,386.6269836425781,152.8092041015625,269.5908508300781
446.9580993652344,387.797607421875,160.82962036132812,274.1159362792969
412.18598937988287,387.56982421875,183.18457031249994,285.9578552246094
437.55643463134766,396.472900390625,150.2307891845703,315.9991760253906
383.89371490478516,497.2028503417969,247.04029846191406,200.86837768554688
408.1846466064453,413.30393981933594,157.046630859375,281.6939697265625
412.1576919555664,415.1551971435547,167.25880432128906,296.50238037109375
411.0241088867188,418.8512878417969,147.00650024414057,295.1131286621094
408.39919281005854,413.26039123535156,189.734115600586,299.35693359375
411.3583984375,406.96726989746094,150.43075561523438,283.3714599609375
402.6867561340332,402.4483947753906,127.00005340576172,303.3132019042969
393.1254196166993,388.6260528564453,118.18522644042969,293.24920654296875
394.0556945800782,375.39099884033203,153.58651733398432,231.3863067626953
387.6061897277832,369.71656799316406,112.10088348388672,302.4312744140625
382.592414855957,348.4119720458984,106.78205871582031,305.64306640625006
381.99104309082026,342.9138641357422,190.90002441406256,238.15203857421875
380.0482330322265,325.3594665527343,190.17761230468756,241.97036743164068
353.3756103515625,330.82252502441406,215.12887573242188,317.3587646484375
376.10162353515625,307.6647033691406,130.26290893554688,335.9424743652344
387.56341552734375,313.30496978759766,121.07327270507812,247.1609649658203
404.20982360839844,294.4549255371094,124.6192626953125,240.54708862304688
412.6645050048828,286.55767822265625,130.466552734375,250.57418823242188
373.36510467529297,418.4381561279297,211.9994354248047,174.572509765625
378.7448501586914,408.09017181396484,210.97193908691406,171.3093719482422
390.2595520019531,410.66361236572266,207.31716918945312,151.7903594970703
392.01141357421875,401.0207977294922,212.81832885742188,159.796142578125
447.7332077026367,271.2743911743164,151.9828338623047,213.57118225097656
405.96753692626953,382.74019622802734,209.7876739501953,161.14231872558594
416.37007904052734,386.04235076904297,218.6492156982422,149.89048767089844
483.2687683105469,263.9484176635742,142.24551391601562,205.2986297607422
486.9896545410156,264.0836639404297,133.44558715820312,212.57012939453125
432.5661163330078,376.6138153076172,206.86688232421875,143.4342041015625
438.57071685791016,377.95928955078125,207.1387481689453,140.05709838867188
442.13934326171875,374.66481018066406,208.60580444335938,143.612060546875
510.8530578613281,260.3425064086914,133.43093872070312,189.11753845214844
508.47166442871094,264.02449798583984,136.4620361328125,179.13636779785156
517.4854583740234,264.1053237915039,131.7874755859375,187.90196228027344
503.89636993408203,268.1757125854492,145.3554229736328,198.1084747314453
509.7123718261719,269.7327575683594,143.60189819335938,199.62200927734375
502.79224395751953,275.75940704345703,146.18983459472656,203.1374969482422
489.60460662841797,278.8871078491211,164.98069763183594,196.20228576660156
466.03929901123047,378.0164489746094,198.0607147216797,159.5496826171875
507.88660430908203,280.22999572753906,151.7752227783203,175.23257446289062
527.499397277832,279.4796829223633,133.59376525878906,202.86656188964844
481.45497131347656,391.8382797241211,194.5635986328125,142.97755432128906
485.8355712890625,383.1247329711914,196.16159057617188,155.49266052246094
488.7983093261719,388.34098052978516,210.48312377929688,144.94078063964844
494.54627990722656,399.9631576538086,196.36279296875,132.97938537597656
562.7655944824219,285.3820343017578,125.62960815429688,190.05551147460938
576.3443908691406,284.0161819458008,97.85177612304688,171.32762145996094
411.7241439819336,308.78831481933594,128.2764434814453,152.58474731445312
398.74012756347656,319.4849319458008,142.27432250976562,140.14280700683594
397.01719665527344,325.50665283203125,144.91970825195312,137.10101318359375
389.94654846191406,327.77134704589844,154.97750854492188,139.16061401367188
386.3251953125,321.30601501464844,150.91351318359375,140.97970581054688
586.175163269043,276.7551956176758,167.3106231689453,240.6376190185547
589.7778472900391,370.9750289916992,201.37460327148438,159.0456085205078
