327.0,527.0,26.0,23.0
319.05901050567627,501.99233055114746,30.51222801208496,27.184696197509766
312.1782398223877,467.7820682525635,33.81801223754883,31.287189483642578
313.8205394744873,507.4025821685791,35.63680648803711,33.04237747192383
320.00622940063477,465.12293815612793,35.75077819824219,34.6397819519043
358.6899662017822,444.8329257965088,40.56886672973633,32.577632904052734
317.09592723846436,464.60924530029297,30.613351821899414,33.62657165527344
333.45951747894287,434.86840057373047,29.470781326293945,27.009323120117188
364.79176330566406,442.7029638290405,30.999160766601562,28.774248123168945
333.6494884490967,441.3422336578369,30.73090362548828,39.301517486572266
361.1904773712158,441.9090757369995,37.52656555175781,31.352785110473633
322.6843948364258,442.1101131439209,42.79703140258789,42.78481674194336
366.66590309143066,457.2991199493408,47.90118408203125,35.975833892822266
310.20153617858887,455.1047420501709,50.55202102661133,49.100093841552734
279.5139865875244,450.38036346435547,57.473384857177734,56.004249572753906
242.48705291748047,475.52524757385254,43.489898681640625,47.52768325805664
209.05174255371094,444.76409339904785,48.276344299316406,46.065677642822266
206.75378227233887,388.9968566894531,49.2370719909668,50.039878845214844
187.3822364807129,410.57955169677734,53.86717224121094,63.483848571777344
111.9365234375,347.99266815185547,64.18108367919922,69.1427993774414
27.710111618041992,360.0996398925781,54.53398513793945,64.83040618896484
12.735359191894531,353.6908836364746,76.26487731933594,87.29615783691406
2.53338623046875,420.41259765625,74.72109985351562,69.43860626220703
0,430.42173767089844,60.05814743041992,68.54740142822266
1.775716781616211,459.49466037750244,125.33285522460938,31.933996200561523
2.0073013305664062,440.6688346862793,51.03037643432617,59.03242492675781
9.171953201293945,464.96914291381836,42.90898895263672,105.92317199707031
0,438.0176372528076,41.23185920715332,55.31577682495117
6.312680244445801,463.2678861618042,101.66796112060547,26.586381912231445
1.4416227340698242,443.6471691131592,47.95663070678711,52.833614349365234
0,421.4075736999512,34.08434200286865,73.11341857910156
5.094117641448975,373.2042045593262,62.62334060668945,111.20442199707031
3.367753505706787,317.1252021789551,63.95265579223633,167.77532958984375
0,224.36806869506836,78.05831861495975,105.50529479980469
16.384490728378296,185.14175033569336,135.94216918945312,84.96336364746094
0.3161046504974365,225.2472381591797,71.92635345458984,104.64691925048828
0,222.35469818115234,103.8161199092865,78.3828353881836
8.075929522514343,173.03462028503418,139.59922790527344,62.59968185424805
19.07737147808075,175.25255584716797,163.35357666015625,106.28868865966797
19.094545245170593,163.79711532592773,193.4236602783203,159.6584930419922
216.669961810112,340.4267158508301,154.288818359375,186.2630615234375
0,332.0594291687012,152.5767763853073,175.88734436035156
204.38631910085678,336.65327072143555,94.61505126953125,167.60414123535156
37.28460782766342,359.8660087585449,115.08850860595703,150.1206817626953
204.15015882253647,340.7099189758301,95.83482360839844,163.2008056640625
8.677861154079409,458.1428966522217,123.83470153808594,63.64850997924805
145.47060102224347,425.2328224182129,69.81275939941406,72.9566650390625
198.58509153127667,342.0838623046875,74.77674102783206,123.24602508544922
320.51382917165756,299.7163276672363,91.02272033691406,99.40885925292969
304.51904767751694,320.82373809814453,62.46339416503906,62.783485412597656
282.722676217556,247.52785110473633,105.87632751464844,86.46318054199219
303.3641251921654,202.70460510253906,130.5875701904297,118.12822723388672
