647.0,366.0,55.0,127.0
649.1424217224121,372.4991226196289,40.28253936767578,119.23667907714844
649.1706047058105,375.5831527709961,42.31159210205078,118.09602355957031
651.3323402404785,376.9282684326172,41.086936950683594,113.12631225585938
651.186315536499,377.4484405517578,42.0462532043457,113.601318359375
651.109260559082,372.29817962646484,42.15058898925781,116.47142028808594
648.8258991241455,374.6048355102539,41.85720443725586,118.57646179199219
649.7653884887695,373.4681739807129,40.79899597167969,115.73912811279297
634.0324459075928,372.7497024536133,56.04951858520508,117.92350769042969
637.0448894500732,371.0466766357422,62.724185943603516,118.59451293945312
634.5584506988525,369.1558303833008,59.37583541870117,119.84904479980469
648.8850517272949,375.3076591491699,39.967994689941406,113.20459747314453
636.4740962982178,379.13587188720703,50.90846633911133,112.21775817871094
642.5137939453125,376.4849548339844,42.71868896484375,115.80593872070312
643.1365509033203,379.35599517822266,38.076507568359375,107.55833435058594
633.6204109191895,374.3441276550293,55.267784118652344,111.8514175415039
642.8700199127197,371.4001350402832,40.40119552612305,113.0025863647461
647.230411529541,373.2448043823242,37.986778259277344,112.85939025878906
647.6470584869385,374.16370010375977,38.22434616088867,110.19194793701172
646.012077331543,371.9106903076172,36.37126159667969,114.44403076171875
647.685718536377,375.16482162475586,39.790367126464844,107.10742950439453
648.9407215118408,376.78030014038086,38.30770492553711,106.68717193603516
647.747896194458,375.6218719482422,34.652156829833984,107.01329040527344
643.768720626831,374.97322845458984,36.407840728759766,105.81460571289062
642.273157119751,374.8854751586914,39.03280258178711,105.81832885742188
632.4781284332275,373.49032974243164,48.7717399597168,104.26041412353516
631.9716911315918,383.9948539733887,61.514869689941406,93.05474090576172
626.3248195648193,373.74605560302734,60.56377029418945,107.23947143554688
627.4166202545166,371.9119644165039,43.71451950073242,109.83566284179688
622.3940906524658,373.3875045776367,55.00924301147461,106.89511108398438
629.4284267425537,380.4340057373047,55.00453567504883,100.24235534667969
638.0916328430176,375.6615791320801,38.17412567138672,100.51102447509766
638.7995510101318,380.82091903686523,36.694705963134766,102.52852630615234
637.9972324371338,387.8496780395508,36.37038803100586,96.65139770507812
630.8398017883301,387.3198928833008,50.06635284423828,100.55499267578125
635.7996253967285,387.20540618896484,36.58008575439453,101.1580810546875
623.6671466827393,392.4303283691406,53.67881393432617,95.91361999511719
631.5573463439941,384.4726867675781,35.965065002441406,103.84675598144531
619.4290618896484,383.65021896362305,47.63322448730469,102.33678436279297
623.6959896087646,382.34290313720703,36.48129653930664,101.74624633789062
617.7613143920898,382.5868034362793,38.939605712890625,100.91675567626953
610.3922748565674,381.713680267334,42.158565521240234,99.3608627319336
613.3339595794678,382.2118492126465,38.87895584106445,99.66524505615234
618.9458961486816,384.2060012817383,35.432518005371094,98.04183959960938
614.7800750732422,386.3218765258789,35.64996337890625,99.15048217773438
602.2969760894775,386.53059005737305,40.04056930541992,97.73387908935547
603.5811042785645,385.95555114746094,37.62329864501953,97.08578491210938
576.4914646148682,394.70423889160156,47.97355270385742,90.20164489746094
556.1544075012207,385.31968688964844,79.02104949951172,77.27542114257812
554.4653091430664,390.7726364135742,75.03169250488281,61.03904724121094
546.6296272277832,408.1232204437256,67.83678436279297,58.4721565246582
526.9999694824219,400.7116279602051,37.83671569824219,76.86383819580078
509.1464385986328,403.82902908325195,39.66255187988281,65.14322662353516
485.68298149108887,399.0010681152344,41.2703742980957,94.08676147460938
478.56859970092773,398.2170600891113,40.92986297607422,93.23609161376953
489.8172912597656,397.57881927490234,40.41987609863281,93.84890747070312
502.9405174255371,396.26318740844727,44.158531188964844,90.68180084228516
518.8998203277588,390.95875549316406,40.545406341552734,93.3355712890625
531.2995758056641,382.31829833984375,32.96504211425781,95.84330749511719
536.1495609283447,372.3968925476074,34.06388473510742,93.84563446044922
531.0098781585693,365.66638946533203,32.2177619934082,93.20301818847656
524.1773567199707,363.2155532836914,40.082557678222656,91.56642150878906
509.230749130249,366.2841453552246,39.31184768676758,89.04097747802734
490.1450538635254,357.4937438964844,41.89519500732422,88.557861328125
471.7847080230713,341.55405044555664,43.13009262084961,92.95406341552734
464.2207679748535,343.9047088623047,40.63916778564453,91.63729858398438
469.63169860839844,351.41472244262695,40.78387451171875,89.49715423583984
486.1337089538574,351.80311584472656,41.271461486816406,88.82022094726562
501.31240463256836,349.74460220336914,40.35608673095703,92.5453872680664
506.7592964172363,349.73041915893555,42.434410095214844,93.03282928466797
508.8060989379883,346.73540115356445,41.65245056152344,92.51244354248047
511.31256103515625,348.6784248352051,40.22285461425781,91.21398162841797
514.465253829956,354.54969024658203,43.30215835571289,89.80735778808594
519.4079933166504,358.71653747558594,42.59471893310547,88.96905517578125
529.8104763031006,362.69386291503906,35.66493606567383,87.90228271484375
535.8668899536133,358.7373237609863,35.04736328125,84.80083465576172
536.2872333526611,350.78235626220703,32.074459075927734,85.56602478027344
539.7711505889893,344.2222099304199,35.57516098022461,86.07804107666016
528.1143169403076,341.3160591125488,34.26839065551758,85.8093032836914
517.582649230957,343.5203628540039,40.737548828125,88.78610229492188
508.53297424316406,353.4719772338867,41.50782775878906,89.51516723632812
502.7820358276367,357.19017028808594,38.670257568359375,86.87898254394531
510.5058288574219,356.58031463623047,40.07643127441406,84.1611328125
515.4358787536621,354.4185600280762,40.21704864501953,84.03710174560547
516.6635570526123,348.3039016723633,40.305362701416016,83.30062866210938
525.5360527038574,347.4742851257324,35.96234893798828,83.2824935913086
536.9215774536133,353.94213485717773,31.239120483398438,84.60662078857422
538.8725681304932,359.4647102355957,40.75004196166992,89.06291961669922
529.9109535217285,359.29691314697266,33.862953186035156,86.16102600097656
515.9052429199219,360.45679092407227,35.83770751953125,84.2252426147461
502.9809265136719,356.96405029296875,34.920989990234375,84.55911254882812
503.8635959625244,351.7484321594238,35.6517448425293,84.2872543334961
503.13186264038086,348.7543487548828,35.473487854003906,81.95968627929688
495.72285652160645,349.3323631286621,33.715938568115234,82.66692352294922
486.6250514984131,358.52331924438477,35.07437515258789,83.38126373291016
474.85214614868164,371.2309989929199,32.81529998779297,82.3539810180664
470.54133796691895,372.6987113952637,33.46894454956055,80.70894622802734
476.76367473602295,358.7439956665039,31.45878028869629,80.57748413085938
482.182900428772,353.21936798095703,31.300046920776367,80.64021301269531
481.38167572021484,351.6601371765137,32.412078857421875,80.9974594116211
487.87219524383545,348.4422798156738,31.668588638305664,80.8589859008789
484.9760971069336,349.0311622619629,33.40428161621094,81.34101104736328
487.28406620025635,351.90045166015625,31.877561569213867,82.32130432128906
498.44065284729004,354.78548431396484,34.144771575927734,78.21199035644531
508.75974464416504,353.3556137084961,33.39866256713867,77.95912170410156
509.78696632385254,340.64509201049805,32.37264633178711,78.81327056884766
501.1059808731079,323.59970474243164,31.986112594604492,82.47260284423828
487.60505867004395,311.64405059814453,33.24886703491211,78.0645751953125
478.8418769836426,305.8550720214844,32.14356231689453,78.18562316894531
476.19919204711914,304.1554260253906,32.76831817626953,79.14111328125
472.19845962524414,302.71235275268555,33.09026336669922,78.63506317138672
463.36974334716797,302.83535385131836,34.755279541015625,77.3868637084961
452.8537197113037,304.2180595397949,32.46982192993164,77.1621322631836
448.00310134887695,306.0028266906738,33.02886199951172,76.0735092163086
446.70616722106934,304.2601776123047,32.25551223754883,73.70831298828125
443.4691677093506,304.74914169311523,33.79947280883789,74.66893768310547
441.45423316955566,303.8291549682617,32.6030387878418,75.15394592285156
446.9087963104248,302.89525604248047,33.1760139465332,75.77044677734375
454.38035678863525,302.0384979248047,31.473661422729492,76.78549194335938
461.40892219543457,299.514705657959,30.795238494873047,77.14275360107422
460.3229789733887,294.3441963195801,30.51703643798828,77.08356475830078
455.0167226791382,296.9469451904297,29.77427864074707,77.54664611816406
444.9618787765503,297.9005584716797,30.094141006469727,74.1488037109375
429.9062309265137,295.1360549926758,31.83806610107422,71.39024353027344
415.7764148712158,283.2688522338867,30.817211151123047,72.56944274902344
406.6874370574951,270.9751625061035,30.014362335205078,73.40494537353516
392.6334819793701,257.53868865966797,32.845096588134766,75.18254089355469
387.7469234466553,247.90874099731445,31.581104278564453,76.5421371459961
389.8499422073364,240.06698989868164,31.97186851501465,75.91632843017578
382.0205554962158,232.18273544311523,32.18168258666992,77.3669204711914
368.38275718688965,223.9560546875,33.8685188293457,77.64447021484375
375.7999382019043,226.8793487548828,34.894737243652344,74.12648010253906
400.59976387023926,237.45927619934082,30.953243255615234,58.29545211791992
423.51959323883057,242.3474578857422,30.553205490112305,66.92970275878906
428.8595371246338,251.27033615112305,31.809886932373047,71.4110336303711
434.1795873641968,264.28855895996094,31.462709426879883,72.50477600097656
445.5019721984863,269.3658027648926,32.39044952392578,69.8791732788086
461.2215232849121,273.373291015625,29.354347229003906,71.29203796386719
474.1605234146118,273.2538032531738,29.74506950378418,70.1738052368164
484.7400121688843,264.03644943237305,29.338960647583008,74.36165618896484
496.8528881072998,255.34767532348633,28.724567413330078,64.84668731689453
516.3955793380737,264.24217987060547,28.107690811157227,65.95475769042969
530.5705490112305,281.4533805847168,28.637176513671875,69.16898345947266
540.5655117034912,296.0744743347168,23.735721588134766,75.27970123291016
539.5576515197754,305.179630279541,48.02477264404297,67.2876968383789
514.7532958984375,239.22188568115234,65.98550415039062,147.3976593017578
425.50045013427734,214.3060531616211,136.8658905029297,159.0249786376953
335.73443603515625,169.3783416748047,226.5115966796875,191.97970581054688
209.69833374023438,172.88005828857422,340.4400634765625,231.9147491455078
282.6566925048828,210.98216247558594,364.1002502441406,223.43722534179688
44.42926025390625,137.13546752929688,533.0514526367188,453.6883544921875
0,47.76828002929699,369.3942871093751,632.29052734375
488.7684020996096,90.80693054199241,491.34478759765625,392.1247253417969
460.6521453857424,41.316635131836165,271.1682434082031,444.7149353027344
125.44253540039085,116.20811462402366,500.70697021484375,397.7737731933594
71.31689453125023,16.543853759765852,619.9403076171875,422.927490234375
55.87963867187523,44.623092651367415,581.0904541015625,408.2887878417969
131.9532165527346,30.80250549316429,671.1454467773438,387.5130920410156
62.01113891601585,44.01684570312523,565.9113159179688,391.85736083984375
115.01739501953148,88.98078918457054,684.6429443359375,445.9808654785156
477.1004028320315,19.721008300781477,761.2149658203125,426.94989013671875
15.601837158203352,30.753036499023665,509.27801513671875,374.1324157714844
58.006591796875114,96.21789550781261,535.176025390625,356.06951904296875
17.322265625,0,571.0810546875,451.65321350097656
77.58187866210938,157.8997573852539,594.2171020507812,518.7977905273438
525.9592895507812,325.8527603149414,730.9427490234375,382.65814208984375
340.4341125488281,13.043571472167969,497.79791259765625,398.5212707519531
479.63076782226574,92.89223480224621,766.8059692382811,290.1116638183594
307.11033630371105,10.257438659668196,374.8536682128906,351.3992004394531
144.13800048828136,94.17377471923851,514.8033447265625,447.5675048828125
110.57519531250011,113.34381866455101,559.0302734375,436.0245361328125
197.60595703125023,115.5011367797855,518.19384765625,345.15399169921875
176.64778137207054,91.80359649658237,497.5256042480469,448.2071533203125
65.17280578613304,64.33895111084018,492.1949157714844,397.6366882324219
544.9338378906252,226.602088928223,545.16357421875,263.63519287109375
210.9616699218751,217.55673980712913,700.4600830078125,374.82586669921875
157.59861755371105,134.04775238037132,511.9496154785156,278.2674255371094
436.6486358642579,13.989921569824446,414.4905700683594,387.1378479003906
172.09597778320324,59.231422424316634,628.3638305664062,458.58380126953125
151.7894287109376,26.00421905517601,722.4691162109375,486.0657958984375
213.8408660888673,23.328163146972884,460.9348449707031,439.15545654296875
96.43511962890636,46.97890472412132,580.58203125,482.9291687011719
87.08258056640636,73.80408477783226,641.079833984375,430.640869140625
110.61407470703136,45.840202331543196,725.231201171875,459.3196105957031
75.37060546875011,53.23000335693382,625.1607666015625,408.8068542480469
56.233673095703125,44.76609039306652,550.2648315429688,440.69085693359375
539.2289581298828,20.020759582519645,319.9112243652344,482.3719482421875
180.34805297851574,121.11484527587913,472.18353271484375,288.55499267578125
180.3924255371095,97.53496551513695,515.2953491210938,360.2992248535156
132.7169189453126,67.06000518798851,567.78173828125,418.498046875
511.9703521728517,274.92087554931663,265.6618347167969,259.71600341796875
395.8081741333009,195.36094665527366,210.1084442138672,208.30638122558594
643.5074768066407,242.38359069824241,140.2667236328125,237.4944305419922
525.4326553344728,103.4697189331057,96.64228820800781,292.26727294921875
605.6674118041993,301.91580200195335,165.45103454589844,154.6302947998047
642.7943992614747,346.2220840454104,114.97257232666016,160.40982055664062
557.3903923034669,298.47405242919945,69.19535064697266,185.36074829101562
631.0955619812013,300.4326782226565,120.26016998291016,167.4176788330078
542.0768852233888,269.108955383301,77.07743072509766,216.1864013671875
412.60926055908214,202.93688964843773,224.0428009033203,183.0157012939453
542.008041381836,324.2714004516604,239.6612548828125,204.8668212890625
682.3041229248048,325.1186447143557,378.0594482421874,77.23910522460938
631.6679077148438,247.19944763183616,131.80096435546875,247.6636199951172
460.61275482177734,214.47978210449241,169.3098602294922,188.69895935058594
611.5045928955078,304.87214660644554,136.19830322265625,152.89903259277344
539.4349822998047,289.3747558593752,64.14395141601562,185.14625549316406
573.9271011352539,313.5433273315432,143.63291931152344,149.37310791015625
658.4711265563965,307.5885009765627,86.51374053955078,168.1818084716797
558.7987327575684,317.1626586914065,84.19806671142578,124.16871643066406
627.4654350280762,343.4510650634768,112.71012115478516,116.58937072753906
660.6390686035156,342.42820739746116,104.525634765625,167.3513946533203
554.6456146240234,316.114196777344,70.38299560546875,177.79356384277344
505.12769317626953,292.3246994018557,227.43443298339844,203.5755615234375
338.19004821777344,230.10913848876976,290.5319519042969,246.18948364257812
207.0751190185547,119.99175262451195,374.8612976074219,335.7615966796875
552.4382781982422,260.53818511962913,317.4450378417969,302.1523742675781
292.81561279296875,167.89675140380882,518.095703125,292.61907958984375
492.0287170410156,146.00124359130882,349.83062744140625,347.26702880859375
181.23672485351562,139.7589797973635,633.0089721679688,327.3941345214844
622.2515869140625,331.9089584350588,649.91552734375,327.80780029296875
173.71502685546875,25.053092956543196,561.6659545898438,424.71044921875
532.9722900390625,24.33760833740257,730.7153930664062,441.77899169921875
103.95834350585938,68.06314849853538,641.4512939453125,443.6111145019531
60.111968994140625,26.689384460449446,634.903076171875,457.317138671875
55.566314697265625,42.610694885254134,566.55126953125,446.8861389160156
125.57888793945312,75.81684112548851,565.90380859375,418.8979187011719
557.2596435546875,4.928794860840071,714.7678833007812,428.78265380859375
98.84408569335938,53.62239837646507,562.5611572265625,402.38909912109375
63.781097412109375,8.421379089355696,600.327392578125,486.142822265625
543.5658874511719,7.582267761230696,625.699462890625,436.593505859375
201.3748779296875,22.46358489990257,794.5599975585938,462.84649658203125
130.373779296875,43.229850769043196,599.3463745117188,505.723388671875
55.92474365234375,30.33773040771507,595.2432250976562,472.02935791015625
44.3179931640625,0,537.3685913085938,433.56697845459007
542.9042053222655,4.201198577880859,538.4879150390626,385.2008361816406
491.7601623535156,158.0723533630371,261.3328857421875,408.0503234863281
385.68287658691406,100.38373947143555,385.9265441894531,363.86114501953125
95.03067016601551,24.844066619872933,508.7823486328125,429.52374267578125
64.44198608398426,38.99778366088856,558.7276611328125,457.2318115234375
62.449157714843636,74.04191207885731,585.7088012695312,411.00048828125
103.41961669921864,92.66042709350575,549.7706909179688,431.0454406738281
586.2451629638671,223.42148971557606,281.7565612792969,328.3343505859375
423.95529174804676,32.00907516479481,343.87591552734375,419.1729736328125
153.15631103515614,84.27262496948231,455.8546142578125,369.24609375
112.69418334960926,43.73681259155262,558.2702026367188,475.0728454589844
102.01599121093739,103.60386276245106,597.2845458984375,519.0999755859375
53.35092163085926,64.00548934936512,541.8246459960938,444.5022888183594
498.1036376953123,0,628.1851806640625,497.0696678161619
481.09567260742165,7.025129318237191,314.13970947265625,705.3673095703125
75.56954956054653,51.1601696014402,561.7671508789062,463.06829833984375
546.694412231445,40.035490036010515,290.1045837402344,492.5984191894531
201.98196411132778,99.50179862976051,506.24652099609375,460.4487609863281
424.2510986328123,1.689313888549691,476.37109375,458.734130859375
102.65014648437477,56.21944999694813,568.294677734375,489.4022521972656
48.35568237304665,64.39628410339344,492.44073486328125,476.940673828125
68.9518127441404,64.27082633972157,559.5155639648438,487.95928955078125
495.5761260986326,2.231092453002816,294.2347106933594,541.9849243164062
108.34465026855446,69.74285697937,504.5328674316406,490.0458679199219
491.69172668456997,5.657941818237077,453.7522888183594,567.0562744140625
82.7769165039058,75.46630668640103,608.1162109375,499.6436462402344
55.53488159179642,44.45698356628384,551.7653198242188,587.3466186523438
35.548889160155795,71.80994987487759,518.68408203125,478.21343994140625
88.4474792480463,116.84654045104935,569.5468139648438,532.8516845703125
557.7697448730463,304.9068279266353,708.3041381835939,403.9127502441406
625.5934448242183,291.22146415710404,622.590087890625,419.8520812988281
623.060913085937,354.46046257019,653.1405029296875,351.24493408203125
354.44567871093693,100.46433830261174,410.4429931640625,465.9310302734375
91.30868530273392,48.17132377624466,485.42510986328125,434.7273864746094
553.8081665039058,275.94485282897904,592.7808837890625,199.79409790039062
426.29003906249955,101.2877635955806,504.0465087890625,506.294677734375
249.27453613281216,15.963300704955714,521.0386962890625,500.3309326171875
470.78842163085915,16.862867355346452,275.28509521484375,503.72369384765625
140.57894897460915,82.89176750183083,503.50384521484375,429.635986328125
119.30673217773426,72.9282817840575,558.7440795898438,388.3899841308594
100.60208129882801,76.71345329284657,550.6537475585938,418.88153076171875
507.81822204589844,54.391157150268555,273.5268859863281,462.832275390625
142.4599609375,145.83361625671387,456.871826171875,350.4128112792969
86.32296752929688,58.12371635437012,492.50567626953125,430.5044860839844
80.3197021484375,77.86358451843262,617.7440185546875,457.2268981933594
427.4087677001953,7.611433029174805,482.6418151855469,425.1905517578125
180.23052978515636,108.6678752899171,573.5589599609375,479.9089660644531
206.1106872558595,86.98100090026867,922.3692016601561,582.29833984375
411.8404541015625,227.2265453338623,838.46240234375,479.7347412109375
529.6212768554688,307.65539360046387,747.9132080078125,389.4910583496094
265.53526306152344,45.21314811706543,382.2926330566406,482.67413330078125
342.1418762207031,102.48940849304199,343.50933837890625,422.3437805175781
479.4335632324219,209.99276542663574,566.8587036132812,186.91238403320312
380.95396423339844,97.21449089050293,271.7078552246094,433.06097412109375
480.36326599121094,73.30456352233887,220.58969116210938,470.5037536621094
469.8643035888672,247.04438591003418,191.33053588867188,268.77935791015625
509.0246276855469,315.5509243011475,483.025390625,85.76493835449219
501.5243110656738,310.1676616668702,104.29900360107422,131.83633422851562
497.2200622558594,296.8837337493897,178.19808959960938,85.37800598144531
469.58147048950195,287.2796726226807,104.77141571044922,104.38431549072266
499.94943618774414,283.2204608917237,123.61156463623047,97.8488998413086
511.9794692993164,295.8447399139405,130.7826385498047,101.89755249023438
479.09838104248047,311.89850044250494,93.50965881347656,68.68108367919922
425.84626388549805,295.68974876403814,36.641258239746094,63.90266418457031
436.23533630371094,303.9278869628907,26.720352172851562,55.28461837768555
455.63936710357666,311.1415042877198,22.290983200073242,51.612754821777344
477.8849639892578,323.88481712341314,28.174362182617188,33.1357421875
498.03614139556885,332.91202735900885,23.414854049682617,42.19390106201172
509.32186222076416,328.88897895812994,20.303831100463867,50.93977355957031
522.310619354248,328.10598564147955,22.915626525878906,45.17839813232422
528.3159599304199,319.6110153198243,19.21392059326172,54.72585678100586
528.2990798950195,312.96535491943365,20.164962768554688,51.78510665893555
526.8497686386108,306.0156497955323,19.97991371154785,51.576080322265625
529.124773979187,301.5514564514161,21.148256301879883,52.86348342895508
537.500241279602,300.2698593139649,22.86164665222168,51.92161178588867
542.8176927566528,298.7984600067139,20.027021408081055,53.68748474121094
544.2845735549927,296.1889514923096,19.920133590698242,52.590003967285156
544.0486688613892,299.52467918396,18.44415855407715,53.14381408691406
541.3958377838135,301.07631111145025,20.99338150024414,52.961341857910156
542.7618646621704,301.5253162384034,21.6497859954834,52.94274139404297
542.1266450881958,304.5151634216309,20.307828903198242,53.88193130493164
538.5571165084839,307.51262474060064,23.038652420043945,53.93617248535156
524.7389450073242,307.91388702392584,23.545501708984375,49.023860931396484
509.7275905609131,306.4528179168702,23.042858123779297,39.10968017578125
496.253360748291,300.4878940582276,20.947036743164062,50.08958435058594
472.3615894317627,299.2339305877686,20.81808090209961,46.42573547363281
460.53206062316895,299.4565868377686,18.432872772216797,52.684112548828125
459.6267719268799,298.8328723907471,21.712932586669922,52.949684143066406
470.1989755630493,302.95649528503424,19.320707321166992,50.088165283203125
473.5746660232544,297.51977539062506,21.28432273864746,54.30598068237305
468.8493194580078,292.9301681518555,19.84070587158203,51.263545989990234
465.8457794189453,288.03898048400885,20.44097900390625,54.915618896484375
465.7029447555542,289.87825012207037,22.33054542541504,51.691165924072266
465.9965534210205,290.866231918335,21.633617401123047,51.46910858154297
468.01568126678467,290.4688930511475,21.68662452697754,50.97516632080078
470.2501516342163,291.02815628051763,21.312593460083008,52.55289840698242
468.76065731048584,289.13732337951666,20.13066291809082,47.80883026123047
459.5722875595093,286.86159324646,19.554658889770508,37.91175079345703
445.5460500717163,287.19142341613775,18.744203567504883,37.90904998779297
447.82312393188477,291.01276969909674,20.156478881835938,38.385498046875
451.70457649230957,298.8900585174561,24.539073944091797,31.635604858398438
458.8469181060791,300.7155380249024,21.277706146240234,35.55513381958008
467.2429962158203,300.7105903625489,20.783889770507812,32.98738479614258
474.9307928085327,303.5762786865235,20.029626846313477,42.48173904418945
477.494384765625,307.95250320434576,20.7982177734375,48.55527877807617
476.4648666381836,315.0271606445313,20.404991149902344,46.07014846801758
478.0350160598755,319.36042022705084,20.419462203979492,46.49940872192383
487.2475233078003,322.04561424255377,20.081697463989258,43.95728302001953
496.85234546661377,320.69213294982916,20.23512077331543,42.212371826171875
498.7160863876343,311.9689865112305,18.54599952697754,51.60525131225586
492.20978260040283,302.3388919830323,20.0898494720459,48.04344177246094
491.8680610656738,291.1468601226807,18.531723022460938,53.10712432861328
494.7945032119751,287.862590789795,18.42903709411621,45.59958267211914
497.17334365844727,286.3621444702149,18.3017578125,42.03763961791992
497.577654838562,285.85299873352056,18.03415870666504,45.369773864746094
495.72051429748535,284.55096626281744,18.895854949951172,47.15708923339844
494.96673107147217,284.48941993713385,20.07464027404785,45.61070251464844
502.48435497283936,287.19437789917,19.93303871154785,43.684696197509766
513.760778427124,293.88416099548346,20.74747085571289,42.415740966796875
524.8537139892578,294.903398513794,21.522308349609375,43.681976318359375
533.3807954788208,300.0277404785157,21.011281967163086,44.54414749145508
540.3677549362183,297.95408248901373,19.122705459594727,48.50033950805664
537.4917411804199,297.2122840881348,19.08104705810547,42.73048782348633
520.3238611221313,294.36877441406256,19.25019645690918,43.6263542175293
509.32787895202637,294.4608802795411,18.670223236083984,44.487972259521484
514.3703603744507,295.9037227630616,18.709535598754883,43.69779968261719
527.0479125976562,302.6965236663819,18.293289184570312,48.06645202636719
530.6569843292236,303.32834434509283,18.159381866455078,47.286865234375
527.1019992828369,301.21257591247564,18.85226821899414,51.89116668701172
522.9429006576538,299.74768066406256,18.23539161682129,45.1900520324707
525.0817966461182,298.7837162017823,17.885997772216797,44.429412841796875
526.841061592102,299.33996582031256,19.54572105407715,48.97819900512695
531.4906988143921,301.4647884368897,17.80656623840332,46.00312805175781
537.1568546295166,306.2509555816651,17.737384796142578,46.882118225097656
538.9427242279053,308.80461692810064,16.553844451904297,46.89402770996094
535.1294326782227,313.1468410491944,18.955917358398438,43.54302978515625
535.1958017349243,313.8780670166016,17.163305282592773,46.12973403930664
540.3192558288574,315.2917861938477,18.461402893066406,45.7496452331543
543.9676561355591,317.0418090820313,17.34955406188965,46.44315719604492
553.6603126525879,300.32511901855474,29.90076446533203,44.91108322143555
521.1223793029785,271.27707481384283,46.37657165527344,87.94404602050781
541.9116096496582,200.6309604644776,67.32804870605469,100.29356384277344
549.9060535430908,107.61955451965338,40.1942024230957,197.83346557617188
465.8559341430664,116.16628456115728,110.64679718017578,136.67662048339844
413.25397872924805,1.519502639770593,172.92306518554688,225.583251953125
340.5239524841309,95.75741767883312,277.9229125976562,284.4013671875
545.9197654724121,206.94641304016125,159.42144775390625,311.07086181640625
451.3929100036621,42.6351337432863,289.99041748046875,368.6400146484375
537.1424827575684,321.80543708801287,313.60321044921875,290.02963256835943
551.5210456848145,20.401720046997298,152.82655334472656,370.3661804199219
645.0307655334473,303.5115833282473,188.97532653808594,307.4963073730469
510.1117362976074,327.1895313262942,334.0814514160156,273.7505798339844
615.4892234802246,285.40954780578636,649.1793823242188,156.114501953125
797.823787689209,270.6717853546145,461.4613037109375,150.68707275390625
681.0241508483887,255.83432197570824,280.3711853027344,356.46502685546875
526.5760307312012,137.89106941223167,216.42617797851562,468.4596862792969
525.8346519470215,0.3213062286379227,337.8262939453125,375.1665954589844
565.2425880432129,245.14982795715355,230.7363739013672,465.6316223144531
496.7906608581543,4.437578201294173,403.2011413574219,327.7668762207031
517.9525260925293,166.13664436340355,228.74227905273438,252.59298706054688
524.8577079772949,203.60573768615745,130.62216186523438,211.1331329345703
510.98038482666016,123.85930061340355,101.7089614868164,285.2942810058594
381.8531608581543,145.40213203430199,263.7180480957031,237.787109375
539.7087211608887,319.38697242736833,410.2649841308594,125.94206237792969
516.4330101013184,73.18724250793474,111.1741943359375,333.5113220214844
414.063289642334,76.86885261535662,264.736572265625,306.1881408691406
545.941104888916,268.26075935363787,176.74168395996094,375.2380676269532
497.10477447509766,59.985933303833235,119.8697280883789,334.14227294921875
619.086254119873,10.814622879028548,224.67410278320312,280.3117370605469
529.073787689209,27.673372268676985,361.9912109375,328.0972900390625
419.0031394958496,116.79187202453636,343.07196044921875,375.49725341796875
545.5663719177246,215.95199775695824,448.29510498046875,387.9141845703125
535.6450004577637,290.24125862121605,234.70132446289062,414.6380310058594
483.6936149597168,32.10356330871605,185.57431030273438,339.2309875488281
436.9647789001465,98.24467658996605,197.51141357421875,275.8075256347656
532.015209197998,19.33453559875511,303.6980285644531,294.39984130859375
306.60253524780273,152.87666511535667,268.71246337890625,227.90591430664062
501.7854804992676,127.0414905548098,164.59767150878906,272.4462585449219
445.91223526000977,75.82821846008324,245.61033630371094,312.70721435546875
503.1354637145996,4.062211990356673,137.87835693359375,396.3357849121094
559.5038795471191,329.7163791656497,185.3528289794922,122.45860290527344
509.7261619567871,207.80440711975126,86.40423583984375,196.95518493652344
508.3127670288086,207.12066078186064,78.93997955322266,182.58827209472656
511.56096267700195,216.775049209595,85.97972106933594,178.1821746826172
528.0158920288086,184.6775379180911,76.49576568603516,194.96563720703125
520.3290138244629,210.39315223693882,69.68190002441406,175.5211639404297
511.17205810546875,210.1540851593021,87.17427825927734,174.69033813476562
418.8200263977051,171.5020313262943,194.0626983642578,172.58920288085938
307.84643173217773,224.26964378356968,226.15887451171875,118.81307220458984
270.0907402038574,206.93007087707554,215.61007690429688,158.84683227539062
537.4597702026367,21.503068923950536,116.42975616455078,274.4871520996094
357.8240165710449,111.17637825012241,275.2809753417969,237.25289916992188
508.4673080444336,48.331926345825536,122.32727813720703,345.6319274902344
583.1831932067871,331.5541133880618,151.8702392578125,120.18657684326172
539.0137138366699,206.81485939025907,71.424560546875,176.1248321533203
550.5442276000977,215.65260505676298,56.574195861816406,162.74310302734375
445.6809768676758,234.56575202941923,118.91727447509766,136.13446044921875
391.83960342407227,208.70400428771995,162.5139617919922,171.45790100097656
545.7747077941895,354.2438259124758,154.2243194580078,113.82430267333984
503.3303337097168,306.0678272247317,257.7027893066406,209.77511596679688
500.0621757507324,62.870332717895735,316.0621032714844,385.9290771484375
358.9351005554199,116.8113880157473,271.6612243652344,345.7742614746094
615.6691551208496,362.4244937896731,355.851806640625,231.0552520751953
480.03359603881836,282.42704963684105,166.86236572265625,337.2218933105469
312.1311912536621,163.440965652466,476.6004638671875,265.0771179199219
492.9510917663574,40.43893623352068,369.3714294433594,422.3238525390625
361.6500663757324,92.29753303527855,282.8935241699219,349.6579284667969
380.05910873413086,80.64331245422386,272.744873046875,370.30291748046875
415.03445053100586,65.18692207336449,381.4925537109375,384.3912353515625
511.623592376709,344.1948871612551,650.2097778320312,301.98699951171875
399.53190994262707,52.25558662414585,232.4494171142578,430.1260986328125
501.46073532104504,131.05258369445835,367.2233581542969,416.36669921875
484.5671043395997,333.5934391021732,702.0576171874999,214.6878204345703
383.0162162780762,147.0104541778568,275.8874816894531,338.5867004394531
482.65465927124023,42.245073318481786,303.09912109375,326.1421813964844
645.3130760192871,354.3473644256595,477.20025634765625,126.1126480102539
511.0775718688965,309.10557746887235,151.75827026367188,335.46694946289057
441.3847770690918,126.43287849426292,305.5269775390625,274.42578125
652.3801231384277,345.3652515411379,472.5036926269531,128.8380126953125
525.9731254577637,26.086915969848917,209.12451171875,307.3012390136719
507.3183403015137,71.02984809875511,325.2513427734375,345.6849060058594
385.3941764831543,97.31991767883324,221.4979248046875,341.0591125488281
498.6401252746582,359.57023811340355,179.8268280029297,356.022705078125
220.42594528198237,185.18795967102068,332.56433105468756,194.603759765625
214.43946456909174,232.97775459289562,311.7453002929688,159.218017578125
153.67492294311523,182.41653633117687,305.6257629394531,267.87664794921875
114.96596908569336,124.41096687316906,440.4307556152344,354.9117126464844
444.96852493286144,80.63337898254417,237.62461853027344,349.8586120605469
521.29203414917,243.9866580963137,471.54486083984375,191.5144805908203
704.2762413024903,244.88794136047386,449.9215393066405,226.9044189453125
450.9724540710449,85.83552742004417,212.5244140625,352.7491149902344
513.7206077575684,304.42959022521995,217.66275024414062,239.6913604736328
508.26171493530273,80.5477161407473,319.6998596191406,337.7497253417969
623.5153923034668,363.24399757385277,575.1326904296875,142.01939392089844
464.6808433532715,223.15055274963402,273.3789978027344,242.30369567871094
536.9283409118652,308.5806751251223,159.05392456054688,383.6440124511719
457.1618309020996,78.82148933410667,330.1033630371094,333.0492248535156
689.0311851501465,254.85725593566917,464.9325256347656,192.62930297851562
522.3218040466309,289.6080493927004,189.11691284179688,422.2867736816406
481.222225189209,99.25343513488792,402.8291320800781,325.0838928222656
318.0677146911621,155.86860847473167,285.9487609863281,275.6698303222656
240.55317306518555,191.46133613586449,398.20501708984375,206.7667236328125
222.81528854370117,133.28654670715355,394.5462646484375,288.1552429199219
528.781566619873,236.74673652648949,507.85662841796875,208.4503173828125
580.8639945983887,296.6623935699465,601.52001953125,222.11692810058594
506.0065803527832,50.224824905395735,242.7607879638672,377.1871337890625
629.739818572998,340.6587009429934,562.7642822265625,128.0277557373047
526.1932487487793,287.8876361846926,185.31649780273438,302.86077880859375
264.27523422241205,210.29572486877458,357.04516601562506,162.02000427246094
169.0930290222168,143.46983528137224,348.4134826660156,295.2801208496094
156.20598983764648,106.96014595031755,507.12652587890625,347.87591552734375
510.1964988708496,226.48707771301292,599.342041015625,376.0550842285156
459.9753074645995,27.595384597778434,271.5211181640625,386.8518981933594
546.8391075134276,334.0189304351808,615.1181030273439,144.4480438232422
444.7516975402832,112.87809944152843,228.12696838378906,305.8739929199219
515.7076301574707,203.28735542297375,172.36122131347656,431.11285400390625
576.0655632019043,348.5882740020753,169.59481811523438,287.2859191894531
436.8169288635254,154.95266914367693,196.49851989746094,252.202880859375
279.3026390075684,163.14064216613792,309.62487792968744,227.62094116210938
534.3652458190918,19.92999458313011,280.9477844238281,386.54705810546875
541.6487236022949,220.6444721221926,318.6514587402344,321.21624755859375
648.231990814209,343.97172737121605,553.6531372070312,150.36312866210938
530.972972869873,321.4876270294192,192.11477661132812,373.5025939941406
509.0358543395996,50.66938972473167,339.836669921875,357.6897277832031
522.4993858337402,56.21838569641136,178.42864990234375,593.5499877929688
306.0505027770996,149.84455299377464,244.8736572265625,243.3863983154297
261.1788749694824,228.75139045715355,297.8502502441406,136.86105346679688
217.58512496948242,203.8909320831301,298.2485046386719,195.68017578125
127.06483078002935,152.64114570617704,372.8619689941406,300.07916259765625
140.5744590759278,110.79904365539579,529.2014770507812,387.07366943359375
487.95943832397484,297.89491462707565,563.4268798828125,410.1414489746094
510.5382652282718,376.99366950988826,764.1830444335939,337.3178405761719
468.7889060974127,334.5404071807868,801.5397949218749,383.387939453125
478.34749984741256,370.870531082154,782.970947265625,331.4710998535156
504.8763694763187,371.9512500762945,720.3160400390626,346.0557556152344
441.1555137634282,294.1853351593023,816.5667114257812,423.32769775390625
483.1469688415532,313.71507453918514,789.2713012695312,389.3734436035156
525.0626792907719,192.35096931457576,742.4799194335938,377.0564880371094
550.0064048767094,261.92137336731014,682.5785522460938,441.6922912597656
463.2292747497563,363.27174568176326,811.877197265625,356.72825431823674
538.7262229919438,283.3483057022097,704.030517578125,418.03753662109375
381.15728378295944,147.14353275299095,863.0512084960938,557.5038452148438
470.8841819763188,346.8899011611941,809.1158180236812,355.9759521484375
449.6306591033938,345.05222415924095,800.4573364257812,360.88543701171875
460.38001823425316,277.74453067779564,790.9698486328125,426.8826599121094
469.03040885925316,118.8323144912722,780.0191650390625,601.1676855087278
555.9585094451907,198.03075075149548,711.2755126953125,511.52642822265625
450.37330436706566,0,726.1571044921875,493.20735597610485
514.4353466033938,8.194254159927368,759.1599731445312,522.05517578125
409.8830852508547,4.662714242935181,342.6698913574219,480.1421813964844
259.1139202117922,86.89653992652893,423.6949157714844,379.5621032714844
467.2550334930422,47.296777963638306,220.03952026367188,390.5952453613281
513.4963512420657,74.01932740211487,407.623291015625,399.12841796875
512.7026195526125,0,228.02203369140625,687.4527380466461
467.75388908386265,171.65114319324505,551.7133178710938,477.60430908203125
447.29575920105015,0,316.59320068359375,420.6661731004716
515.4206218719486,166.91472107172012,211.83370971679688,543.2640991210938
449.17432975769077,2.0474420189857483,184.3819580078125,361.11041259765625
546.4528636932376,203.67754608392715,335.41497802734375,143.49290466308594
520.8803539276126,26.301073610782623,332.53033447265625,288.39263916015625
378.71270561218296,153.1694055199623,348.1080017089844,255.37667846679688
552.117002487183,257.8715081810951,188.82553100585938,357.62908935546875
477.38850975036655,33.6308770775795,163.72569274902344,360.0386962890625
296.6956920623783,116.4009576439858,351.95959472656256,282.0770263671875
191.15308952331588,103.43744140863424,445.15234375,370.7822570800781
527.1016674041753,24.72590881586075,262.08428955078125,625.537109375
628.2060375213628,255.10306030511856,637.2341918945312,433.9447937011719
579.8697032928471,313.9743371605873,692.1488037109375,396.7242126464844
272.3016490936284,49.9680352807045,526.556396484375,490.1383056640625
521.7196025848393,11.385515749454498,272.6157531738281,654.9893798828125
536.8980846405035,282.54321533441555,720.3247070312499,412.9524230957031
515.34719657898,9.659929811954612,297.8769226074219,707.7420654296875
178.37174797058162,56.790789186954726,617.6395874023438,546.61328125
170.26151847839412,52.24992614984535,920.5133666992186,667.7500738501546
3.8577404022221344,113.37357452511787,521.6583251953125,467.4859313964844
37.074598312378384,91.43331268429756,487.373291015625,512.5517578125
9.14451408386276,74.22084930539131,642.5989379882812,619.1505126953125
371.27810478210495,208.7304623425007,395.4692077636719,451.36614990234375
68.18369865417526,127.66442230343819,410.08843994140625,427.23651123046875
0,94.09412506222725,475.52119255065963,501.4104309082031
67.07355403900169,59.35991790890694,579.7539672851562,532.4959106445312
44.74698543548607,48.10137298703194,566.7000732421875,602.6187133789062
69.18085384368919,120.69390228390694,710.6406860351562,599.3060977160931
40.53485774993919,29.958187714219093,708.7610473632812,604.2994995117188
489.2823247909548,23.486935272812843,778.8076171875,694.8626098632812
89.86496639251754,126.22985519468807,1077.82177734375,591.3054809570312
439.13156795501754,112.57821334898495,840.8684320449825,589.5321044921875
549.3834109306338,275.244732514024,726.7958984375,428.8260192871094
548.010669231415,247.20647872984432,730.0367431640625,456.64837646484375
419.9716525077822,10.130093231797446,472.0907287597656,704.7288818359375
75.37800931930565,99.6181913763287,576.1598510742188,606.5732421875
26.530963420868147,50.94836105406307,687.5287475585938,669.0516389459369
9.303241252899397,49.20229942351591,631.4326782226562,617.2261352539062
439.336841106415,0,840.663158893585,710.8800948336722
419.5468080043794,3.1871482469141483,860.4531919956206,712.2035522460938
464.857724070549,8.874678764492273,808.6421508789062,695.9085693359375
468.7839630842209,9.933303032070398,447.4991455078125,706.3320922851562
579.5564240217209,335.58668437972665,699.2796630859375,371.68890380859375
566.6739777326584,374.7064506150782,709.65087890625,330.4957580566406
432.34399116039265,300.42074504867185,833.6400756835939,399.7280578613281
593.2055939435959,230.93891826644528,650.8829345703125,479.44390869140625
459.404110789299,0,314.47100830078125,574.8744346238672
501.9807404279709,21.2781749535352,289.5565185546875,456.8694763183594
372.5051087141037,54.16654165275395,324.4942321777344,387.1947937011719
457.58517920970917,29.16397817619145,251.93809509277344,414.3200378417969
222.30895698070526,102.51805837638676,431.05145263671875,399.54583740234375
82.80010688304912,34.1021953392775,559.5994262695312,465.370361328125
479.16590583324444,179.5489726830275,356.9227600097656,503.86572265625
596.2348603010179,274.04610403068375,651.5929565429686,145.596435546875
491.63134467601776,60.722282009199375,257.56915283203125,349.56988525390625
318.78788459300995,129.93140371330094,423.7151184082031,374.8263244628906
531.8323792219162,123.2809062767775,500.4024963378906,465.763427734375
539.2294586896897,315.9347911644729,720.8375854492186,395.2535095214844
439.565487742424,2.893119411543239,411.594482421875,404.88519287109375
177.2374848127365,58.240684108808864,518.899658203125,396.921875
454.54342353343975,15.09067495353554,331.09368896484375,398.3144226074219
552.8014343976976,206.82573659904335,394.2252502441406,469.83258056640625
293.57609260082256,58.250922756269915,416.7268371582031,334.0544738769531
533.0901612043382,96.97943838126992,423.0932312011719,493.6112365722656
530.7256897687913,242.01911123283242,318.1535949707031,468.2228088378906
368.0484589338304,64.0172038841996,308.8255615234375,316.42462158203125
223.7776612043382,85.90846975334023,461.3100280761719,373.4149169921875
88.32330024242412,97.75456960685585,601.7652587890625,414.97772216796875
534.7131012678146,15.969596462324489,731.2141723632812,415.32220458984375
501.1169480085373,0,234.45152282714844,682.444572048262
491.2476929426193,15.59200648311537,288.8092956542969,351.02325439453125
313.5782288312912,56.162349500693495,401.9228820800781,352.4423828125
495.56795966625214,224.12575892452162,517.8552856445312,394.48199462890625
576.4305695295334,281.16990260127943,670.0958862304688,416.2457580566406
461.2395142316818,63.92005518917006,316.9965515136719,478.7703552246094
504.8881195783615,91.64844874385756,223.231689453125,289.1227722167969
530.8851860761642,97.2188070202248,127.75513458251953,277.2889404296875
536.8589867353439,173.4991796398537,88.52042388916016,205.88475036621094
535.4730995893478,171.05206660274433,104.89534759521484,164.04652404785156
517.1568611860275,173.84257868770527,114.19561004638672,180.8144989013672
517.8621147871017,180.35912684444355,119.16126251220703,168.77804565429688
519.9645050764084,191.4079931164162,83.46685791015625,175.97914123535156
521.8031891584396,200.48800257686543,89.14971923828125,172.68817138671875
519.5937317609787,192.9066350841897,101.71743774414062,161.7721710205078
528.1446770429611,189.73421839717798,97.90827178955078,178.5640869140625
522.0214966535568,191.73201350215845,111.35519409179688,175.0067901611328
518.4146736860275,187.48483637813501,106.15416717529297,186.72215270996094
502.10425651073456,191.91254786495142,122.53031158447266,185.44808959960938
395.76955115795135,192.21956995967798,191.1817169189453,167.66900634765625
298.671200633049,253.3524129772561,226.423828125,132.4912109375
228.50943458080292,243.25283411983423,247.76622009277344,172.3572998046875
173.51676642894745,246.8491628551858,330.3728942871094,189.63900756835938
518.3276108503342,67.8073079967873,210.39353942871094,331.9383544921875
533.4964874982834,152.0032308483498,108.41290283203125,256.16796875
525.1632241010666,214.94388941768574,94.3891830444336,198.05215454101562
539.5367439985275,224.9885061169045,105.72014617919922,189.83908081054688
533.7263153791428,204.20253352168965,70.391357421875,205.4427032470703
438.94041907787323,211.5558889294045,146.94081115722656,154.88015747070312
613.6630982160568,350.0459554577248,158.92935180664062,137.176025390625
525.8972061872482,231.96847895625996,101.18272399902344,186.3621063232422
529.8637627363205,237.10763911250996,80.0464859008789,181.2611541748047
524.699162364006,245.80235651973652,123.61946105957031,153.75038146972656
522.8615044355392,224.3169286632912,105.30619049072266,180.3525848388672
516.8807953596115,227.22728327754902,137.39096069335938,200.60035705566406
533.6794937849045,223.81908778194355,125.51365661621094,201.79461669921875
420.07895362377167,187.54503993038105,180.09095764160156,199.4559326171875
529.4223603010178,203.02140406612324,95.02340698242188,216.73123168945312
535.9555252790451,223.9520833874123,86.89781188964844,193.8250732421875
536.5620278120041,224.5368764782326,98.91234588623047,180.11749267578125
527.6518906354904,189.9550130749123,116.11781311035156,209.1700439453125
529.1674851179123,223.96154383663105,95.99977111816406,197.6446533203125
533.5464104413986,238.36165980342793,72.17411041259766,177.635498046875
509.977467417717,253.73767451290058,143.2008819580078,162.00428771972656
531.5916184186935,234.24484614375996,83.65135192871094,189.04847717285156
421.16190803050995,197.48929957393574,177.7337646484375,180.90725708007812
559.4372833967209,359.3821065807717,202.04574584960938,157.1951293945313
546.6485489606857,197.36834315303736,73.64488220214844,223.67257690429688
541.8524407148361,218.46030787471705,79.07514190673828,218.73406982421875
544.077637553215,184.5955999279397,87.84178924560547,209.3478240966797
437.6435822248459,187.95591334346705,174.422607421875,188.48236083984375
324.856861948967,241.3572194958108,255.62379455566406,142.4033203125
265.63351142406464,220.72021845821314,233.79449462890625,204.7696075439453
119.63332831859589,196.99649409297876,262.7689208984375,243.96974182128906
537.4315155744553,162.33718470577168,146.24151611328125,393.2031555175782
537.4672592878342,0,154.43797302246094,433.7783925915139
406.9083374738693,118.88277234556165,304.1507263183594,318.2822570800781
507.14733588695526,149.4073237371632,180.9747314453125,278.4603271484375
609.4486206769943,326.51885785581555,176.39303588867188,135.1446075439453
546.3351448774338,215.78465070249524,76.19524383544922,204.83628845214844
539.0240944623947,244.94930066587415,77.90813446044922,177.57595825195312
524.6478546857834,294.22303952695813,128.27398681640625,116.94562530517578
542.4145973920822,224.4106196356007,69.38689422607422,201.3270263671875
540.9084957838058,238.92159070493665,58.56315994262695,174.67633056640625
454.5241974592209,221.70613660337415,139.22918701171875,151.5093994140625
409.14560401439667,204.1282710027882,204.52134704589844,179.44564819335938
332.6566284894943,168.88735761167493,291.4805603027344,212.30992126464844
276.08408820629114,141.96928967954597,367.9122619628907,290.4549560546875
528.9806259870529,58.636587042827216,187.4514617919922,378.3721923828125
552.4126938581467,42.2922724676319,167.3740692138672,448.9773254394531
614.7171295881271,336.63701428892097,276.97369384765625,261.87634277343744
552.5260895490646,286.67879285337403,301.8746337890625,391.08612060546875
360.7967652082443,50.30602063657716,396.5458068847656,416.78302001953125
500.9765900373458,228.66648663999501,767.2840576171876,216.4824981689453
536.959286570549,350.95631970884267,725.2273559570312,358.13623046875
393.1710480451585,115.0170649481006,305.081298828125,465.6199645996094
460.9101074934007,129.28970899106935,253.11331176757812,303.1112976074219
540.6471070051194,201.61072339536622,111.58389282226562,401.1731262207031
650.5841110944749,359.2651347112842,132.7042694091797,231.5627899169922
