186.0,273.0,107.0,104.0
193.17367553710938,288.06764221191406,97.0728759765625,85.02578735351562
197.59895706176758,296.16222381591797,96.7151107788086,81.02812194824219
202.1895751953125,292.3059196472168,126.5814208984375,101.2803726196289
204.1462860107422,288.9237823486328,146.114501953125,130.45162963867188
207.70755004882812,292.17359924316406,150.81558227539062,157.37649536132812
205.51932525634766,302.54603576660156,161.6546173095703,135.12460327148438
208.65508270263672,300.53096771240234,147.74937438964844,140.91859436035156
216.39505004882812,288.00887298583984,173.22817993164062,154.72279357910156
215.259521484375,287.65747833251953,149.47164916992188,151.08885192871094
218.3064727783203,302.0809326171875,153.99237060546875,148.98126220703125
212.68514251708984,301.5267562866211,154.10252380371094,134.58753967285156
208.6857147216797,308.82029724121094,149.92413330078125,132.06961059570312
205.72083282470703,309.2425003051758,151.82057189941406,146.2295379638672
206.38388061523438,305.43299102783203,148.31991577148438,141.1349334716797
203.12303924560547,301.13964080810547,163.2252655029297,136.15504455566406
203.04914093017578,298.6370315551758,169.4713897705078,175.4452362060547
199.91238403320312,297.48177337646484,160.63150024414062,163.5639190673828
203.05126190185547,299.07698822021484,154.6847381591797,146.86378479003906
203.69175720214844,308.0110092163086,155.65753173828125,181.4866485595703
194.49151611328125,310.9316635131836,152.70211791992188,151.01356506347656
200.8188018798828,304.3723449707031,147.59356689453125,140.7132568359375
204.50672149658203,296.5894088745117,153.6255645751953,159.0404815673828
202.58778381347656,298.98399353027344,153.42889404296875,151.01687622070312
200.0984115600586,298.8622589111328,145.61424255371094,150.62417602539062
205.32379913330078,300.8703155517578,153.44056701660156,154.05422973632812
201.78379821777344,303.69469451904297,150.10565185546875,144.92640686035156
201.66209411621094,303.17083740234375,150.33880615234375,132.5418701171875
204.2603988647461,302.4101867675781,147.3408660888672,131.03057861328125
200.7491226196289,301.264892578125,146.37733459472656,160.97021484375
198.73240661621094,298.33551025390625,151.95849609375,160.631103515625
204.17510986328125,295.9723892211914,150.88150024414062,157.71360778808594
206.67137145996094,300.1401596069336,161.86871337890625,137.7797393798828
206.66785430908203,301.11478424072266,148.6820831298828,148.6310272216797
212.8273696899414,306.22251892089844,171.7326202392578,156.39047241210938
225.5351791381836,309.62239837646484,165.05528259277344,177.55372619628906
225.16394805908203,312.26624298095703,148.7238311767578,162.64976501464844
227.27215576171875,310.17696380615234,161.64993286132812,160.4284210205078
235.6437759399414,310.94134521484375,174.9532012939453,182.02850341796875
236.82682037353516,317.54115295410156,184.10023498535156,191.70462036132812
231.29114532470703,322.3637390136719,176.9788360595703,162.37054443359375
241.93451690673828,320.4522018432617,153.9008331298828,186.49623107910156
238.0701904296875,320.1182632446289,166.22879028320312,186.5222625732422
232.17598724365234,314.46117401123047,187.94908142089844,194.79139709472656
234.47408294677734,314.9644470214844,204.5063934326172,204.54595947265625
233.54398345947266,306.1576690673828,218.1542510986328,245.84725952148438
237.53367614746088,316.7718353271484,292.17248535156256,385.1035461425782
213.4343490600586,309.59022521972656,212.2880096435547,243.42990112304688
212.78147888183594,329.0413055419922,302.09368896484375,330.1882629394531
184.2163314819336,337.33666229248047,238.19175720214844,232.59425354003906
175.6502685546875,346.8866271972656,337.7805480957031,348.82403564453125
156.41009521484375,351.9148406982422,354.4901428222656,203.61306762695312
153.37648010253906,373.3478698730469,412.5225830078125,379.60345458984375
463.2613830566406,515.7726440429688,255.52755737304688,578.771728515625
434.1223602294922,514.6090087890625,285.8776397705078,732.0096435546875
456.1835403442383,526.0730895996094,263.8164596557617,753.0725708007812
455.4599800109863,579.8567504882812,264.5400199890137,685.5443115234375
464.86169624328613,513.1052856445312,255.13830375671387,749.4622802734375
463.86660861969006,541.3210754394532,256.13339138030994,738.5765991210936
262.17419481277466,259.8197937011719,278.9560852050781,379.5404052734375
306.8193287849426,254.2712860107422,186.1675262451172,258.0264587402344
343.35629320144653,269.99790954589844,213.98434448242188,463.4111022949219
323.9396138191223,243.31661987304688,171.2549591064453,194.431884765625
343.26315355300903,250.38533782958984,158.34677124023438,233.3822784423828
342.0957646369934,263.2371063232422,179.73599243164062,276.2206726074219
321.0126576423645,269.543701171875,235.34422302246094,489.77313232421875
299.34574937820435,262.3249053955078,417.48626708984375,340.2385559082031
272.4716191291809,260.89862060546875,424.3093566894531,359.11944580078125
257.1380009651184,293.9961853027344,268.0371398925781,273.54296875
231.85434770584106,316.61102294921875,168.40846252441406,149.7275390625
218.30248308181763,352.83150482177734,224.4034881591797,170.08680725097656
201.54368638992315,376.73493957519537,274.27813720703125,180.26205444335932
216.89119005203258,406.22853088378906,318.72930908203125,316.6990661621094
178.10987901687633,394.3763198852539,242.02874755859375,166.5560760498047
195.27169847488415,378.3577880859375,286.2268371582031,197.06903076171875
229.81829881668102,355.5249786376953,366.0463562011719,351.4491271972656
509.2977833747865,533.44091796875,210.7022166252135,590.1817016601562
488.06799721717834,565.9688110351562,231.93200278282166,709.6420288085938
489.8018971681595,532.655029296875,230.19810283184052,742.9253540039062
481.5472040772438,587.6987915039062,238.4527959227562,682.8909301757812
495.5769467651844,586.4812316894531,224.4230532348156,668.5833740234375
480.42484118044376,701.3173217773438,237.94894409179688,577.3049926757812
495.7926237732172,665.4493103027344,222.51806640625,526.9166259765625
459.3592054992914,658.1924133300781,245.62184143066406,449.170166015625
504.1940443664789,747.1564025878906,211.81935119628906,521.2059326171875
460.9472868591547,612.5136413574219,259.0527131408453,513.8555908203125
497.810465939343,542.7134704589844,222.18953406065702,608.255126953125
505.82900768890977,607.3173217773438,214.17099231109023,650.3167114257812
510.36646917648613,524.3417663574219,207.585693359375,743.3648681640625
502.8841083366425,538.0186767578126,217.1158916633575,741.9246215820311
510.9749139705673,596.083251953125,209.0250860294327,683.916748046875
525.4461667020805,738.7498016357422,194.55383329791948,479.0296936035156
541.4662474135403,743.8099060058594,174.6611328125,381.36199951171875
466.93082413473167,775.8151092529297,253.06917586526833,384.5205383300781
538.0195197333815,749.2723693847656,181.98048026661854,441.41058349609375
531.4191226596595,757.3008575439453,166.2440185546875,309.3220520019531
545.2559985751868,823.9910278320312,172.0263214111328,442.52679443359375
550.4561023349524,570.7019958496094,167.66810607910156,367.51104736328125
542.2584552402259,720.1826782226562,177.74154475977411,381.408447265625
508.71179292773013,385.53224182128906,194.38430786132812,381.0225830078125
499.3217477617145,264.93040466308594,169.74691772460938,322.49249267578125
454.89444063280826,230.09934234619146,167.53616333007812,184.2390899658203
512.9798974809528,266.2099914550782,81.42488098144531,112.31686401367188
505.0680436906696,274.6406173706055,94.73925018310547,167.1044464111328
479.49692247484927,281.40756225585943,98.2643051147461,205.35809326171875
447.2270631608844,292.18972015380865,120.41712188720703,194.65577697753906
407.3855600175739,309.0452957153321,151.98251342773438,241.54917907714838
367.4857644853473,345.6780700683594,237.19342041015625,288.691162109375
295.1822671708942,353.2012481689453,178.80682373046875,176.68887329101562
265.919037800777,392.9619140625,188.53689575195312,161.7196044921875
235.44434450243716,426.10009765625,227.52198791503906,172.7208251953125
201.05174348925357,477.24078369140625,360.72137451171875,204.39239501953125
552.4231118974567,530.8868560791016,160.1917724609375,378.4242248535156
529.3912515458942,771.7645111083984,189.865966796875,381.3633728027344
533.1537027177692,832.19873046875,183.377685546875,327.15985107421875
533.1336908159137,800.8383941650391,186.86630918408628,367.2654113769531
537.4394802956522,847.5279388427734,181.87741088867188,329.3493347167969
476.90691041039827,842.8383483886719,243.09308958960173,375.56561279296875
541.9760992481679,802.0162658691406,178.02390075183212,473.93585205078125
542.6133166528925,821.4636840820312,172.8651885986328,428.4974365234375
543.863667605041,831.5927276611328,171.43724060058594,445.0393981933594
542.0748110986933,810.6859893798828,177.92518890130668,467.9272155761719
433.5420289624326,795.0996398925781,286.4579710375674,420.64190673828125
550.6908295446929,540.222412109375,169.30917045530714,724.669677734375
542.6856323626785,706.8397827148438,175.39964294433594,537.62841796875
503.92585910828393,697.3677978515625,201.629150390625,513.947265625
550.0748535540847,766.2194366455078,169.9251464459153,439.9388122558594
549.1563766671791,812.8339538574219,169.33668518066406,425.82183837890625
561.8804367257728,837.0140228271484,155.51307678222656,334.2132873535156
498.81520540253064,780.6456604003906,221.18479459746936,373.7108154296875
561.5209144688434,790.5182495117188,155.37628173828125,481.88336181640625
568.210245523531,830.1598358154297,151.78975447646906,376.9176940917969
525.4604084062967,799.6869812011719,194.53959159370334,357.57562255859375
564.7978387856679,777.0451049804688,155.20216121433214,395.31640625
560.1890423786738,786.7048645019531,158.4804229736328,385.83660888671875
463.09731416822456,791.8744964599609,256.90268583177544,325.9463806152344
534.3215910440732,763.3341522216797,185.67840895592678,461.7397155761719
496.3696273091459,768.92333984375,219.25506591796875,385.29827880859375
530.6526854756498,769.6181488037109,189.34731452435017,503.6700134277344
444.8738738657546,756.4235229492188,275.1261261342454,473.41534423828125
551.394998151139,747.1741027832031,168.60500184886098,531.0599365234375
561.033299246468,764.5834350585938,158.966700753532,512.6253051757812
557.8999656632731,788.6565704345703,162.10003433672694,491.3434295654297
568.2131893135702,773.7436294555664,151.78681068642982,503.3525390625
499.00905284770306,763.824089050293,220.99094715229694,447.1552429199219
557.3033850664297,782.0940017700195,162.69661493357034,497.34271240234375
496.07996859522655,759.4861068725586,223.92003140477345,505.8467102050781
551.8477388142148,725.672248840332,168.15226118578516,554.327751159668
580.6627076029082,753.1152687072754,135.83128356933594,526.8847312927246
578.3270218729277,749.1655139923096,141.67297812707227,526.5087280273438
541.1310402333388,475.40464973449707,175.26806640625,371.133544921875
606.1013313710341,490.5277271270752,112.37423706054688,432.64202880859375
615.011529582704,495.0091724395752,104.98847041729596,363.98291015625
377.5973938196724,392.21077919006353,151.27603149414057,140.33659362792963
348.1400879114692,445.63673210144043,196.54025268554688,127.00830841064453
337.32105714975046,465.31790351867676,263.3791809082031,194.92001342773438
303.50227815805124,551.7073345184326,229.55360412597656,120.24454498291016
326.5569580286567,568.4653263092041,267.7991027832031,145.6790008544922
607.5598762720649,495.1797504425049,111.87383270263672,267.0752868652344
354.79269106088327,516.2865962982178,183.59808349609375,87.84139251708984
395.65110475717233,456.3417453765869,187.93612670898438,138.7130889892578
432.6356933802192,401.9840259552002,200.57296752929688,213.2408447265625
471.38560182748483,353.5085926055908,200.47500610351562,361.4892578125
493.97308046518015,373.66649055480957,226.02691953481985,547.2913818359375
510.36148682682835,317.87414741516113,186.34178161621094,422.0042419433594
595.3453048810276,525.4586048126221,121.55615234375,567.8013916015625
584.5188583478244,722.1955738067627,135.48114165217555,557.8044261932373
566.8696739248887,583.1131982803345,153.13032607511127,659.3576049804688
590.2617565181084,688.1102685928345,129.73824348189157,591.8897314071655
586.7132909787808,710.1393628120422,133.28670902121917,568.37841796875
610.7414072996932,727.0446362495422,109.25859270030685,551.0501708984375
636.0086621764578,588.386860370636,83.99133782354215,669.8116455078125
620.5379805328089,703.8225903511047,99.38375091552734,576.1774096488953
634.0988478423792,580.2284948825836,85.9011521576208,699.7715051174164
631.557572114549,565.2198687791824,88.44242788545102,714.7801312208176
641.6827701270986,670.250986635685,77.78907775878906,609.749013364315
646.9832805335927,661.0714466869831,71.95594024658203,612.5067749023438
648.6015933692861,673.9809315502644,71.39840663071391,594.9356079101562
650.1388551563227,688.1648304760456,69.86114484367727,568.0884399414062
646.54670342655,766.0773213207722,73.45329657344996,506.5032043457031
643.0883579693785,765.4515126049519,76.91164203062146,508.85772705078125
646.2251100759979,748.9622090160847,73.77488992400208,510.9111633300781
648.195578109288,753.62830093503,71.80442189071198,512.8308715820312
652.5886757428764,688.4331715404987,67.41132425712362,565.789794921875
645.0864025381863,766.0705464184284,74.91359746181365,491.4176330566406
639.8709142817885,747.8369190990925,77.34689331054688,532.1630809009075
634.1294706477553,650.5786768347025,85.87052935224472,629.4213231652975
645.3859061307624,558.2086804583669,74.61409386923765,707.825927734375
626.263967469678,576.8050549700856,93.476806640625,703.1949450299144
624.8792361769534,551.7073675729334,94.38896942138672,728.2926324270666
324.3245753798343,395.5190127659589,331.1051025390625,305.4184265136719
273.6109523329593,422.1250232029706,385.2769775390625,159.70115661621094
254.50652881001008,491.7614367771894,205.4796600341797,131.80845642089844
262.4188899550296,547.383903818205,307.4252624511719,113.89299011230469
251.1054591688968,574.2952273655683,381.136962890625,148.56594848632812
576.8870982680179,498.13720734603703,140.0131378173828,349.0839538574219
584.6084270033695,503.2876895237714,135.39157299663054,371.6473693847656
330.3497304694581,555.011532144621,173.28097534179688,126.14969635009766
368.62532708811045,510.92662842758,169.21507263183594,146.95811462402344
392.9283361213136,487.5944979954511,152.8752899169922,216.7620849609375
381.61572930979014,479.4975055027753,157.9043731689453,243.1634063720703
343.62160394357915,495.48288758285344,133.8486785888672,121.17658996582031
308.6101140754151,539.4079974461347,207.06007385253912,108.52296447753906
278.10702417063,561.0452960301191,265.3825378417969,168.37611389160156
536.2137746589112,507.71324189193547,183.78622534108877,297.450927734375
533.6378550418581,507.7694705296308,184.7036895751953,334.0326843261719
526.7422251590456,858.8266299534589,190.32374572753906,287.4189758300781
429.8386683353151,1054.6708300877362,215.5899658203125,221.24485778808594
515.6197657474245,775.9306796360761,200.38629150390625,368.767578125
442.5700678714479,864.3544009495527,277.4299321285521,398.2621765136719
455.5196835939271,793.1568759251386,264.4803164060729,460.5927734375
484.3606108399323,792.450668649748,233.170654296875,474.79644775390625
461.46141040047917,841.2062075901777,258.53858959952083,437.2972106933594
454.1038436279739,775.9881137181073,265.8961563720261,488.4661865234375
493.33710095217054,565.7819369602948,223.6374053955078,651.154296875
493.04184338381117,498.50288422591984,226.95815661618883,729.4952392578125
490.49171636964,492.6709445286542,229.50828363035998,779.5715942382812
487.83268832398016,484.54426606185734,232.1357879638672,795.4557339381427
489.3137063903864,480.27664963249117,230.68629360961359,797.0972900390625
475.0727391204862,787.0216600084677,244.92726087951382,491.6122741699219
454.4272844772353,880.6446153307334,265.5727155227647,392.0796203613281
448.38806545639113,755.5959703112021,262.1734924316406,427.4851379394531
392.96802151107863,479.3428422594443,312.3616027832031,617.4818725585938
499.0491448631294,499.63358322624117,220.9508551368706,764.99755859375
508.67460447502174,486.29825607780367,211.32539552497826,793.7017439221963
512.7384176549913,475.18172081233934,207.26158234500872,792.3626708984375
518.6332774310113,464.0491219353862,201.36672256898873,806.4640502929688
428.89516044402126,291.03438194515184,264.38153076171875,365.44525146484375
547.7615926339627,504.35689171077684,172.16001892089844,561.4015502929688
550.4702336862088,714.9713326287456,169.52976631379124,556.5595092773438
522.7864626682997,470.30366905452684,190.45565795898438,533.256591796875
565.7835253514052,644.45189293148,154.21647464859484,631.8687133789062
519.0691232103705,666.6237984490581,200.93087678962945,583.47119140625
478.7470783898532,668.5301094842143,241.2529216101468,516.0380859375
542.2329218243211,665.5934639764018,177.76707817567888,610.542236328125
547.9083768057153,703.0478096795268,172.0916231942847,576.9521903204732
585.1212645136975,669.3942051327322,131.5292510986328,610.6057948672678
609.3023939692639,679.0738725858973,107.6676025390625,581.060302734375
624.9652166926526,695.3814287382411,93.36283111572266,556.266845703125
638.6905394160412,604.8301592069911,81.30946058395875,658.9011840820312
638.1597495359015,720.5690202909755,81.84025046409852,515.9871826171875
646.8268268248355,742.8336992460536,73.1731731751645,462.5526123046875
647.7515596221346,745.312794705038,72.24844037786545,462.72747802734375
647.3976265823076,753.428776760702,72.60237341769243,451.8849182128906
652.7793377357339,763.1436357694911,67.22066226426614,427.810791015625
652.5776647785115,756.3121385771083,67.42233522148854,455.0640563964844
626.1783358682596,783.940251370077,93.82166413174036,427.4428405761719
590.7048753315908,864.5250597196864,129.29512466840924,415.4749402803136
566.9478432444087,854.5967888930463,153.05215675559134,425.4032111069537
617.682024802136,754.3358395148825,102.31797519786403,510.31243896484375
614.9056448168394,860.7220394660544,103.92530059814453,419.2779605339456
606.6601690477964,818.1814695621288,108.73101043701172,459.1091613769531
574.1571439928648,819.1338468814647,145.8428560071352,455.99822998046875
527.5856215569793,816.6619688297069,180.34130859375,463.3380311702931
544.5216872308074,466.5999358308691,171.34039306640625,748.283447265625
532.4167372796355,776.1052306306738,187.38916015625,503.89476936932624
464.7358748528777,759.4987517899463,254.66738891601562,456.66802978515625
414.89023276303396,748.8623992508838,293.7678527832031,499.77984619140625
368.5573775384246,486.9077178543994,340.6780700683594,561.6787109375
103.00850363705752,526.4950286454151,547.0988159179688,622.9232788085936
0,254.26007381143063,715.9774977776825,567.1195068359375
2.126993517747451,837.7510558670947,716.1339111328125,375.7539978027344
8.092111925950576,822.4389373368213,702.3794555664062,368.08538818359375
5.1735633419663145,836.3326293534229,702.951416015625,300.120880126953
0,843.3962966507861,720,211.58998107910156
7.253204345703125,831.5825988358447,698.6990356445312,230.52682495117188
34.943328857421875,790.552645832915,681.2171020507812,295.95147705078125
21.850616455078125,755.8149444168994,694.4649047851562,291.240234375
0.5174560546875,864.9734984940478,719.4825439453125,270.2950744628906
7.925201416015625,834.2000609940478,712.0747985839844,261.1018371582031
0.2936553955078125,821.8277770585009,719.7063446044922,249.56698608398438
20.514625549316406,786.8695556229541,693.5533447265625,279.5113830566406
12.074287414550781,783.0840179032275,707.9257125854492,298.43951416015625
19.487491607665902,773.3347198075243,693.1575317382812,287.5532226562501
8.122714996337777,838.5105773514697,711.8772850036622,315.3128356933594
27.803117752074968,915.5424529618213,692.196882247925,335.53594970703125
29.192330360412484,851.9831420487353,654.9088134765625,350.5370178222656
16.11417484283436,886.3236571854541,703.8858251571656,373.7221984863281
22.41258668899536,865.2023498124072,697.5874133110046,316.5678405761719
49.198694467544556,760.6475249833056,669.9263305664062,510.271240234375
11.062830209732056,830.9075652665088,708.937169790268,449.09243473349125
0,849.3287063393091,719.3341799974442,397.5194396972656
78.33615738153458,809.8234115395044,593.253173828125,391.5341796875
43.633520662784576,868.6447921547388,662.31982421875,399.10626220703125
6.319128572940826,967.3793044838403,700.6885986328125,312.6206955161597
48.18976455926895,867.7575385944592,671.810235440731,412.2424614055408
0,1042.127411265003,717.7738983929157,237.87258873499695
61.94209446012985,1019.2309877369939,647.2240600585938,260.76901226300606
77.22212375700485,956.4725190149813,640.4075317382812,323.52748098501866
42.93382419645798,1088.0160980695023,657.16064453125,191.98390193049772
92.64448703825485,1089.2424698111183,586.0812377929688,190.75753018888167
349.20202793180954,1121.9797554133715,364.5545349121094,147.9036865234375
350.0049911886454,1127.1719474910083,290.1376342773437,148.7469024658203
370.3305603414774,1165.7133407710376,247.43479919433594,109.42790985107422
366.3905044943094,1179.7614364741626,167.44119262695312,100.23856352583744
372.76909793913364,1187.771785741964,100.65272521972656,91.07168579101562
368.63547290861607,1186.2252464353235,94.51436614990234,91.83929443359375
365.825399056077,1181.6261673032434,99.9883041381836,95.45218658447266
362.1670509725809,1180.6238403379114,96.81494903564453,97.77364349365234
359.9326797872782,1180.1580925046594,99.11105346679688,96.96929931640625
357.68466724455357,1179.6897010862024,95.81551361083984,97.55897521972656
352.62339176237583,1173.8649292050989,97.44377136230469,102.29558563232422
349.09967578947544,1174.2455291806848,95.8287582397461,101.96138763427734
344.9198738485575,1172.7132415830285,97.06317901611328,104.76055145263672
339.9325348287821,1169.7112197934778,99.37995910644531,106.3331069946289
335.8827606588602,1167.3703994809778,99.07447814941406,107.89600372314453
331.2577186971903,1167.007091528097,98.63587188720703,106.96218872070312
324.3375183492899,1159.5520515500696,106.95964050292969,114.24101257324219
326.6414963155985,1161.0756797849328,101.27236938476562,113.13763427734375
322.8740631490946,1159.7878456174524,106.52598571777344,111.15498352050781
325.9779335409403,1151.392604833761,99.24768829345703,112.53717041015625
325.5677849203348,1149.0967445432336,100.33348846435547,107.63468933105469
325.45688404142857,1147.1967506467493,96.44918060302734,104.15699768066406
325.04737247526646,1140.2734832822473,98.25840759277344,107.18248748779297
323.33099903166294,1135.660785680929,102.66075897216797,110.69841003417969
323.97384037077427,1134.8499069272668,99.06758117675781,106.88990020751953
324.98360599577427,1130.2262954770715,99.55973815917969,107.93579864501953
330.27379383146763,1131.713233953634,98.14278411865234,108.21723175048828
328.82554782927036,1131.867530828634,99.69821166992188,104.96143341064453
331.46684040129185,1132.4946785031946,97.5257339477539,101.11891174316406
335.43818821012974,1127.2393684446008,98.53555297851562,107.25276184082031
337.3437897115946,1128.0274963437707,97.59275817871094,104.84966278076172
337.9125915914774,1127.2316818296106,97.57685852050781,102.1497573852539
343.3339325338602,1128.4534492551477,98.67527770996094,104.68345642089844
343.39223255217075,1126.6202926694543,97.5578842163086,105.3368911743164
343.1154838949442,1126.6882209836633,95.84856414794922,102.15950012207031
344.8683334738016,1121.7268447934778,96.65142822265625,103.7103042602539
342.37116779387,1122.6187973081262,99.23011016845703,108.06705474853516
340.3326813131571,1121.926338201681,101.78703308105469,104.43497467041016
345.3713966757059,1120.9731369077356,100.4922866821289,103.94904327392578
350.4083763509989,1120.6552696286828,99.1216049194336,104.20285034179688
346.1292320638895,1120.108352667013,100.68627166748047,105.8755111694336
342.66111148893833,1112.4288368283899,103.98341369628906,106.26023864746094
338.4737602621317,1111.5539741574914,103.17845916748047,105.86137390136719
334.9299141317606,1116.1753959714563,96.89014434814453,99.7078857421875
327.3915535360575,1112.4241485654504,98.9023208618164,104.28780364990234
319.5222984701395,1111.8976554929407,101.35979461669922,103.85443115234375
314.15096439421177,1114.4839744626672,101.47911071777344,102.99179077148438
303.5210586935282,1118.1645889341028,104.14019775390625,107.92066192626953
297.4458252340555,1120.1350746213586,104.04109191894531,105.17304992675781
295.61828388273716,1120.4174041806848,102.28226470947266,101.36385345458984
290.04393543303013,1116.717514043966,100.01741790771484,101.9358139038086
281.31152118742466,1110.1947174131067,101.92700958251953,106.22270965576172
275.0960976034403,1111.657470709005,102.30426788330078,105.60735321044922
271.249169960618,1111.194046026388,103.26832580566406,104.06652069091797
265.86005176603794,1108.4788971006067,101.85930633544922,106.19402313232422
259.9474808126688,1106.3165931760461,100.71511840820312,105.57896423339844
253.9019028097391,1097.1740074216516,106.46182250976562,111.11630249023438
247.59956516325474,1102.5704422055871,101.64675903320312,105.82758331298828
243.696550026536,1101.2418518125207,102.16104125976562,106.44554901123047
238.8180977255106,1104.665382391134,102.50525665283203,110.18677520751953
235.47128070890903,1105.0338516294153,105.83954620361328,106.39466094970703
234.89148105680943,1098.7016525327356,104.26123046875,110.2896499633789
232.0942970663309,1101.397388464132,102.4045181274414,113.29466247558594
231.99563755095005,1100.4333114682825,102.53713989257812,114.62372589111328
233.04981769621372,1105.5494766294153,101.90808868408203,111.03858184814453
233.82198871672153,1107.9081611692102,102.75269317626953,110.59339904785156
234.42867435514927,1110.8983459531457,98.64103698730469,113.18450164794922
237.00774158537388,1111.3971786557825,100.07146453857422,108.47086334228516
239.6463562399149,1113.1520309507043,98.01979064941406,113.91461944580078
235.53950275480747,1120.0574035703332,97.99591827392578,115.31880950927734
233.8903862386942,1123.4292602597864,98.73433685302734,114.50743865966797
235.02289356291294,1118.878517156759,101.06551361083984,111.49658966064453
234.69131626188755,1117.4121589719446,100.591796875,112.58088684082031
232.37259067595005,1116.9300384580285,97.96734619140625,114.29708099365234
231.8018394857645,1117.3110771238,98.65618133544922,115.9375
230.2706009298563,1116.0629196225793,99.47634887695312,112.4498062133789
228.0479332357645,1115.9418983518274,99.2082748413086,116.66557312011719
226.9960991293192,1112.7363090573938,99.35619354248047,122.08465576171875
227.45401157438755,1119.4133834897668,97.20440673828125,113.61026763916016
225.9335419088602,1121.4622802793176,99.21998596191406,115.5592269897461
225.827165260911,1124.392890936056,101.57595825195312,119.9061050415039
227.0152183920145,1123.0533409177453,103.07711029052734,115.32177734375
233.06017078459263,1122.9574356137903,99.73015594482422,121.84497833251953
242.49463047087193,1130.4124832212121,96.03277587890625,116.78168487548828
246.23447193205357,1130.263412481466,99.16674041748047,120.41582489013672
252.9472137838602,1135.6383361875207,97.58293151855469,111.8463363647461
261.6933990865946,1144.8303680478723,94.14247131347656,105.07799530029297
269.9827896505594,1143.1178627072961,95.11160278320312,115.86054992675781
280.3169189840555,1143.2673568784387,95.80278015136719,118.1287612915039
289.53429187834263,1148.2906456052453,94.9239730834961,113.44915771484375
295.165242806077,1150.2496719419153,99.90544891357422,115.48685455322266
300.4188515096903,1153.7787857114465,100.53089141845703,116.32184600830078
304.33714832365513,1163.3017158567102,100.5522689819336,110.85215759277344
314.7432266622782,1157.8984451352746,98.04574584960938,114.4245376586914
317.3194176107645,1167.2829208432825,100.3640365600586,109.88538360595703
320.9016739279032,1166.2282943784387,100.11492919921875,110.28522491455078
320.71686328947544,1172.9253082334192,99.92205047607422,104.44768524169922
321.8272873312235,1173.615577703634,96.9761962890625,104.4223403930664
319.28729785978794,1179.060070043722,95.8122787475586,98.98959350585938
315.07795871794224,1181.702850347677,97.6160888671875,95.86785125732422
305.7004105001688,1182.7125854550989,93.7557373046875,95.8310775756836
294.6230522543192,1176.1888237058313,97.92778778076172,102.0965576171875
282.9924255758524,1179.184627538839,97.49095153808594,99.0389404296875
268.17466892302036,1179.8661537229211,96.10598754882812,98.38652038574219
251.260457649827,1182.6238822995813,96.98003387451172,95.71078491210938
239.29140247404575,1179.9579582273157,96.45812225341797,98.74081420898438
229.93231739103794,1176.6361160337121,97.9850082397461,101.82300567626953
218.3854347616434,1176.2155952512414,96.73419952392578,102.37199401855469
207.92007221281528,1177.1704635678918,93.16092681884766,101.06836700439453
202.64117588102818,1179.177490240255,95.1348876953125,99.05388641357422
198.73975528776646,1180.6010246335657,96.11476135253906,97.80239868164062
191.57190097868443,1175.97758103005,98.306884765625,100.6927490234375
188.3460518270731,1173.2893562375696,99.64252471923828,104.98103332519531
192.19042743742466,1173.4344482480676,94.20264434814453,104.98503875732422
190.506120339036,1175.5690422116907,97.19171142578125,101.99169921875
187.80753482878208,1176.0281295835168,95.40782165527344,102.17536163330078
190.15937580168247,1171.5238075315149,95.2736587524414,105.88639831542969
189.26925052702427,1167.049659734884,96.20948791503906,111.31116485595703
185.70731128752232,1169.8776512204797,97.4549789428711,108.04306030273438
185.29440082609653,1165.21248627297,99.3492202758789,112.3591079711914
186.33390201628208,1167.4483528196008,98.64878845214844,110.05729675292969
185.4307762533426,1163.7533607541711,95.743034362793,113.00001525878906
183.97342075407502,1164.367744451681,95.3995056152344,112.25980377197266
185.44661869108677,1164.9827308713586,94.97370910644531,113.06053161621094
183.99609912931922,1162.7413330136926,97.81899261474607,114.6980209350586
181.09319461882114,1157.881332403341,97.93315124511719,119.29061126708984
180.99474872648716,1162.3188629209192,94.42658233642578,114.40486907958984
182.32851184904575,1164.4413948117883,96.20183563232422,112.64283752441406
180.46464695036408,1160.145362859884,102.63540649414065,117.91053009033203
181.34370578825474,1160.939121252218,96.579833984375,115.79243469238281
180.7572494894266,1150.1211395322473,99.923583984375,126.1097640991211
182.0951973348856,1157.1047134458215,97.92923736572266,119.51746368408203
180.66632618010044,1155.8696518003137,100.9210433959961,121.5973892211914
180.57579578459263,1154.3214683591516,99.7690658569336,121.62515258789062
180.09565509855747,1152.546257024923,98.3490982055664,122.99811553955078
177.82916797697544,1147.9509162961633,99.73778533935547,127.17015075683594
179.6890121847391,1151.5126533567102,98.86309814453125,122.74937438964844
176.54581607878208,1146.2896385251672,104.95829772949219,130.3336181640625
177.49802555143836,1151.3812522946985,99.98042297363278,123.50460815429688
175.49650730192664,1147.1441497861535,101.77545166015622,125.73336029052734
173.90286411345005,1142.090343481222,105.02218627929688,129.91519165039062
172.3019081503153,1148.6922607480676,99.82782745361325,126.14305877685547
169.83281482756138,1141.8411140500696,101.5254135131836,128.26853942871094
168.91692508757114,1142.1685295163782,100.25166320800781,130.47476196289062
168.7028290182352,1141.4358711301477,102.89881896972656,127.98304748535156
165.54091419279575,1145.3883438169153,101.4809799194336,127.43030548095703
161.08935703337193,1139.4707679807336,109.335205078125,134.6410369873047
161.9415794759989,1142.780300146261,102.97081756591794,128.66952514648438
164.0418640524149,1136.4602546750696,99.34864807128906,124.41365051269531
158.54227985441688,1141.9642448484094,102.374397277832,127.87222290039062
161.70477832853794,1139.4648017942102,101.93187713623047,130.4994659423828
158.38446201384068,1139.0274314939172,103.32382202148438,132.88125610351562
152.3637405782938,1142.8562812863977,109.44793701171875,131.28334045410156
158.64455188810825,1142.7131843625696,106.6856918334961,133.50193786621094
161.06560291349885,1143.3929863034875,106.81777191162112,128.88409423828125
165.77441181242466,1140.7597999631555,99.82938385009766,123.49562072753906
163.61045230925086,1141.6341667234094,102.19340515136716,125.63037109375
162.5218788534403,1141.924457555929,101.36124420166013,125.55784606933594
162.8430992513895,1133.5878105222375,103.8332748413086,127.03866577148438
162.19719852507114,1130.6694793759973,100.05424499511719,122.77147674560547
159.9612862020731,1133.6417617856653,100.32181549072266,122.57209014892578
157.96836246550083,1135.1064338742883,102.93928527832031,126.27421569824219
160.31579746305943,1134.844451910177,98.242431640625,124.96150970458984
157.81023563444614,1134.0684852658899,103.03355407714844,127.23179626464844
157.35809864103794,1136.1784172116907,107.90377044677734,127.20877075195312
157.08394779264927,1139.3001098691614,100.15562438964844,125.5649642944336
156.71077884733677,1135.8009605466516,106.60072326660156,129.93426513671875
155.91963352262974,1142.4300918637903,101.31170654296875,125.79297637939453
153.5870071798563,1138.3973808347375,104.21780395507812,131.4576416015625
156.38700641691685,1140.4124183713586,101.70069122314453,124.60295104980469
154.42434848845005,1142.3141593991907,100.80877685546875,126.35952758789062
152.68179096281528,1138.7477684079797,108.3246841430664,129.36550903320312
153.9111114889383,1138.9903564511926,103.42439270019534,123.0669174194336
154.59605564177036,1137.0488777219446,101.21356201171875,129.63499450683594
153.68715442717078,1139.1019325315149,103.16466522216794,129.96189880371094
155.9232765585184,1135.2549934446008,106.2745132446289,132.2400360107422
153.13590015470982,1136.5630683957727,108.3138656616211,135.08155822753906
167.99091114103794,1134.7550430356653,98.85457611083984,125.37207794189453
167.05533756315708,1135.892360693136,101.64537048339844,119.65377807617188
168.69775547087195,1129.2617530881555,103.4435119628906,124.92860412597656
171.9317222982645,1132.5151443540246,100.70040130615234,125.12012481689453
175.07143558561802,1130.5461044370325,103.50361633300781,123.09973907470703
178.80630268156528,1128.7521019040735,101.4803237915039,123.21554565429688
181.723405495286,1132.2148819028528,100.80496215820312,127.71344757080078
185.5048004537821,1130.5983352719934,106.43312072753903,123.8500747680664
187.38196720182896,1134.2107887326868,100.21327209472656,124.00346374511719
194.7159897238016,1134.033531194845,98.52386474609375,125.45111846923828
194.90059436857703,1134.1593666135461,103.78395843505857,129.4893341064453
197.77133716642857,1131.7437629758508,104.27281951904297,123.11338806152344
203.65486301481727,1132.1682319699914,98.97235107421872,125.79945373535156
204.43946231901646,1131.3271064817102,103.24671936035156,128.25926208496094
206.55818332731724,1132.5357246457727,101.96444702148438,122.15275573730469
211.76492466032505,1130.3980789243371,103.51516723632812,124.7752456665039
216.76838459074497,1131.0913543759973,102.43094635009766,120.42729949951172
221.8856369405985,1126.9823570310266,101.10455322265625,119.52316284179688
221.9835792928934,1127.8551902829797,105.03833770751953,121.92935180664062
232.2365662008524,1129.1534309446008,97.88877868652344,114.43830871582031
233.93926395475864,1125.3614311277063,100.60121154785156,119.42526245117188
232.90481342375278,1121.8521995603235,104.6653823852539,123.43081665039062
237.80411304533482,1124.3165435849817,101.81954193115234,126.31365203857422
242.16402973234653,1127.6104774533899,103.62915802001953,125.86708068847656
245.6418281942606,1131.278461462179,100.0046157836914,114.63960266113281
249.90456165373325,1123.9471015988977,98.70821380615234,114.82179260253906
253.98397602140903,1129.7104377805383,98.8018569946289,116.01121520996094
252.6311508566141,1132.3039512693078,104.49484252929688,118.36703491210938
264.64919055998325,1133.864269262472,97.64928436279297,113.75262451171875
270.3435341268778,1139.6488571225793,101.90979766845703,103.94181060791016
278.457234993577,1135.750026708761,100.04814910888672,107.26815795898438
283.570329323411,1131.760181432882,100.23431396484375,113.94502258300781
291.1112648397684,1135.4872093259485,98.4708023071289,106.128173828125
299.2874237447977,1124.8458862363489,99.62324523925781,118.4520492553711
304.0771957784891,1120.8431129514368,102.50433349609375,115.45774841308594
309.34432376921177,1125.5317344724328,98.98774719238281,112.15145874023438
316.37229312956333,1117.109100347677,97.88233947753906,112.51937103271484
317.0418526083231,1121.2155418454797,100.37747955322266,114.94427490234375
322.79071582853794,1120.1703186093957,96.14684295654297,109.77681732177734
326.5855118185282,1117.759449011007,100.07769775390625,109.01390075683594
329.3593155294657,1123.5814666806848,97.8138427734375,105.7085189819336
336.12798465788364,1123.7730865537317,99.40937805175781,111.3755111694336
345.24546207487583,1125.5516014157922,97.64228820800781,107.04751586914062
349.52440418303013,1127.8335838376672,100.49401092529297,98.70721435546875
356.06187595427036,1115.543800359884,99.12518310546875,109.7260513305664
359.34002079069614,1118.387680059591,101.81398010253906,103.2805404663086
363.0787636190653,1111.4374771176965,100.5992202758789,107.2076187133789
369.34933246672153,1116.0698738156946,97.78022003173828,108.25306701660156
373.8422371298075,1111.3195419370325,101.5738296508789,107.77033233642578
380.8059212118387,1111.0810356198938,99.55469512939453,104.44268798828125
384.63848270475864,1115.5682525693567,98.67536926269531,99.39046478271484
391.30889286100864,1105.9151039182336,97.78501892089844,106.80445861816406
386.23632587492466,1101.0685463010461,102.8605728149414,111.01902770996094
389.2263657003641,1099.7255363523157,99.90057373046875,111.07540893554688
388.51688922941685,1107.2104873716028,100.00101470947266,107.46353912353516
386.8471084982157,1104.9143981992395,102.29718017578125,106.1065902709961
383.28548587858677,1107.2692031919153,100.60972595214844,107.58728790283203
382.40990222990513,1108.0064239560754,104.6034164428711,103.6334457397461
378.8403145223856,1108.714267736593,102.0547866821289,107.61357116699219
378.54124607145786,1103.5979461728723,95.20223999023438,107.36425018310547
375.19555439054966,1105.3589592038782,98.65772247314453,104.71408081054688
375.0942207723856,1103.2233314572961,98.51538848876953,110.16481018066406
374.8533874899149,1105.5460624753625,98.41987609863281,110.33636474609375
369.57504047453403,1109.746307378927,100.2129898071289,113.2844467163086
370.5516067892313,1114.1355133115442,99.78695678710938,110.6819076538086
366.5087257772684,1109.758113866964,108.64185333251953,116.47964477539062
368.2520119100809,1109.6988411008508,105.34101104736328,110.71662902832031
370.0195022970438,1108.8835830747278,97.94439697265625,110.2771987915039
369.9705101400614,1109.355869299093,100.46868133544922,109.85264587402344
372.86932910978794,1106.0371055661828,96.3866195678711,110.92794799804688
370.91314090788364,1109.3781318723352,95.98512268066406,108.12413024902344
372.57420887053013,1110.8847999631555,96.5741195678711,109.89482116699219
370.506665840745,1116.3368873654993,96.07230377197266,104.51853942871094
372.19928516447544,1109.1560249387414,98.07250213623047,107.53868103027344
369.43955387175083,1113.2947006284387,103.14857482910156,107.3407974243164
371.1491218954325,1114.4396781980188,98.39069366455078,104.51287841796875
371.106649056077,1114.084098821798,100.73912811279297,104.3055191040039
369.36649860441685,1107.8757667600305,103.10315704345703,114.27696228027344
371.59237064421177,1110.9398193418176,98.94145202636719,111.15654754638672
369.7881103903055,1113.6490325986535,101.15110778808594,108.82909393310547
371.08040775358677,1109.1894416867883,101.58616638183594,111.94300842285156
368.9317566305399,1111.6282806455285,100.26194763183594,109.1726303100586
367.6018082052469,1112.6215438901575,101.90216064453125,107.41287994384766
369.38428653776646,1110.3189926206262,99.12052917480469,107.95789337158203
367.17354740202427,1110.1660690366418,100.01161193847656,110.0605239868164
365.5353142172098,1108.9703483640344,101.3956527709961,117.90399169921875
365.88765873014927,1112.8410797177942,99.83311462402344,110.01570892333984
364.19143833220005,1111.8964729367883,100.98681640625,114.32322692871094
363.22559513151646,1112.4103889524133,100.08976745605469,111.14231872558594
366.73255313932896,1109.0724029599817,99.49571228027344,112.36531829833984
364.2341362386942,1111.5564346372278,100.13060760498047,112.09906768798828
367.7371193319559,1110.6561889707239,98.14640045166016,112.42162322998047
365.2360092550516,1112.982391363302,99.8958740234375,110.93795013427734
363.71481098234653,1114.4167099057825,98.81632232666016,110.9968032836914
362.06828083097935,1118.3145866452844,98.31684112548828,105.76239013671875
366.4917808920145,1101.6321907102258,97.22029876708984,129.37815856933594
364.3671013265848,1117.8754386960657,98.35857391357422,107.59585571289062
361.55496372282505,1117.1869850217493,99.913818359375,109.30812072753906
363.39225544035435,1118.7240295468957,99.88809967041016,113.59835052490234
361.95103611052036,1113.2098770200403,102.43768310546875,116.73987579345703
362.1146408468485,1117.3037643491418,99.33700561523438,112.03217315673828
360.4431282430887,1117.6075286924035,99.29984283447266,109.99590301513672
357.66123355925083,1122.7228431760461,95.62977600097656,104.16596984863281
356.0410210043192,1113.9361991941125,100.12242889404297,108.85174560546875
351.1754089742899,1118.6322135984094,96.60450744628906,103.54959106445312
346.90759052336216,1115.4610099851282,98.63468170166016,110.30514526367188
340.7947403341532,1108.8838081418664,102.29348754882812,112.51042175292969
337.850057259202,1113.058994299093,97.5197982788086,107.69349670410156
332.4428841024637,1113.07967377297,95.68582916259766,106.9794692993164
323.7753273397684,1112.5223922788293,97.71109771728516,111.02661895751953
318.42399372160435,1108.109157568136,97.6937026977539,109.9801025390625
312.2110077291727,1107.8472404538782,97.73481750488281,113.31002807617188
305.1211220175028,1108.5117912351282,98.79044342041016,115.38815307617188
300.68874134123325,1110.5097045957239,100.6303939819336,114.61055755615234
296.9534393697977,1110.7425804196985,102.20259094238281,110.34945678710938
292.1564651876688,1110.2666244565637,102.81988525390625,116.38062286376953
288.4091812521219,1109.6920471250207,97.9189453125,117.2165756225586
287.5442406088114,1114.763439184347,95.05095672607422,115.10244750976562
284.33427204191685,1116.0221099912317,95.28553009033203,112.96623992919922
281.8270431905985,1117.569019323507,95.71945190429688,117.21162414550781
277.1777740865946,1122.6112594663293,98.65092468261719,113.05680084228516
275.08489383757114,1126.3751640378625,98.09361267089844,110.07550048828125
274.6388336569071,1111.4491233884485,98.08207702636719,117.36514282226562
270.82582630217075,1117.0713386594446,104.33519744873047,113.90946960449219
269.9771438986063,1109.339138036886,99.62918090820312,116.34963989257812
270.49667133390903,1108.8897247373254,97.49393463134766,116.96660614013672
268.6212784200907,1113.2370224057825,96.44073486328125,117.3674087524414
267.55413211882114,1115.681022649923,95.48359680175781,116.36829376220703
267.2986771017313,1112.675621038595,97.84307861328125,114.75684356689453
264.45369113981724,1116.2012023984582,97.80633544921875,117.2203598022461
261.68599094450474,1118.501262670675,96.80337524414062,116.756103515625
260.9547134786844,1114.7584915219934,102.00244140625,115.68640899658203
260.61899341642857,1117.5132255613,96.7137680053711,115.81503295898438
255.8164879232645,1119.1600456296594,99.40575408935547,119.9232177734375
257.16504825651646,1115.3483276425989,104.13059997558594,116.11946868896484
257.3486687093973,1117.6566162168176,97.62505340576172,115.1540756225586
252.9354072958231,1117.1153221189172,98.3582534790039,119.55770874023438
253.36190570890903,1115.035816198507,100.0616226196289,119.65782165527344
251.59720005095005,1118.376335149923,99.719482421875,116.21271514892578
249.62619937956333,1112.5330085813196,103.36872863769531,119.62129211425781
251.77951969206333,1115.3586463987024,95.64988708496094,118.39344787597656
249.86748279631138,1115.607032781759,103.6616439819336,119.7764663696289
247.363053932786,1118.9527969419153,99.677490234375,118.57718658447266
248.18053974211216,1113.9461784421594,101.0315933227539,118.00564575195312
247.5197464376688,1118.6479950009973,97.37576293945312,119.03777313232422
246.28617633879185,1113.920093542257,101.44855499267578,123.10166931152344
244.26211322844028,1118.6089096128137,97.54261016845703,121.67520904541016
244.97048725187778,1117.1467247068078,100.56134796142578,115.2584228515625
243.1035744100809,1116.2240982114465,99.68714141845703,115.71854400634766
244.4580894857645,1113.4526710569055,97.89305877685547,117.76921081542969
244.45099033415318,1113.7364234983118,97.24905395507812,116.88438415527344
242.61187137663364,1108.3424606382043,98.54957580566406,117.55585479736328
241.22474445402622,1113.5095863401086,95.98465728759766,115.37065124511719
240.73136295378208,1109.8310852109582,99.64610290527344,114.99419403076172
240.76771320402622,1110.5006561338098,98.37201690673828,116.98506927490234
241.66002430021763,1107.6374664365442,100.38533782958984,118.23149871826172
240.3024727255106,1108.2803688108118,98.60944366455078,115.38951110839844
239.52982486784458,1109.246452337423,98.90318298339844,119.8575210571289
239.96667636930943,1106.1239395200403,99.82354736328125,121.95130157470703
239.16388477385044,1107.9218101560266,99.1811752319336,122.66903686523438
237.7030617147684,1107.7222061216028,100.88172149658203,122.64160919189453
239.8084198385477,1101.9414291440637,99.29206848144531,119.85022735595703
238.40828098356724,1107.6155738889368,97.83218383789062,119.60746765136719
239.02411426603794,1106.7744522153528,103.30550384521484,120.24921417236328
241.30635227262974,1107.7885131894739,98.49151611328125,123.2899398803711
242.22490467131138,1108.5651054441125,96.3673324584961,114.79376220703125
241.5783745199442,1110.911491399923,97.53731536865234,117.68900299072266
241.96830524504185,1104.2840385495813,100.7515640258789,121.73318481445312
240.6396423727274,1107.4840240537317,100.66773986816406,121.53963470458984
242.12569965422153,1106.0055236875207,99.1143569946289,121.75591278076172
245.29143680632114,1108.533847814718,96.74443054199219,117.87544250488281
246.06801380217075,1109.1796608029993,99.07479095458984,121.12620544433594
251.48769153654575,1112.2673645078332,101.39592742919922,117.63103485107422
253.40314258635044,1116.2315406858118,97.27532196044922,115.86408996582031
255.32280506193638,1118.5509719907434,101.5666732788086,122.90106964111328
256.61995090544224,1127.3998489438684,98.50332641601562,119.73987579345703
257.53782047331333,1137.6558227597864,98.82484436035156,111.17394256591797
256.8221603780985,1145.3773498593957,98.62799072265625,111.87120819091797
254.90298236906528,1148.7895736753137,104.62024688720703,122.27802276611328
258.9997688680887,1156.1508255063684,103.5816421508789,120.39270782470703
270.1224762350321,1160.6549110471399,99.36189270019531,116.25923156738281
276.6874367147684,1166.5494651853235,103.46326446533203,109.12344360351562
281.96457447111607,1164.396785741964,97.30492401123047,112.66909790039062
289.9318558126688,1176.595874792257,95.63693237304688,102.36491394042969
298.9706283956766,1169.6033096372278,92.86065673828125,107.18885040283203
307.1384903341532,1175.8603591977746,93.12066650390625,101.79288482666016
311.6631447225809,1180.835891729513,95.36170196533203,96.1897201538086
317.8592926412821,1185.329170232931,93.52574157714844,92.45307159423828
325.0617081075907,1190.5222129880578,92.11166381835938,87.42892456054688
330.31796802580357,1188.1101455747278,94.26158905029297,90.28992462158203
339.7223640829325,1187.4587440549524,90.9775161743164,91.34370422363281
343.02990497648716,1206.8885765134485,91.99503326416016,71.84103393554688
348.19970478117466,1191.616138464132,91.80753326416016,86.67655944824219
349.5367905050516,1197.246650701681,92.87185668945312,81.2258071899414
355.23373951017857,1195.1107139646203,92.19853973388672,83.58685302734375
357.8452545553446,1191.299701696554,93.91252136230469,87.73609924316406
359.73552860319614,1187.4804763852746,94.05409240722656,91.3206558227539
363.49036563932896,1192.7191009580285,92.68748474121094,85.2464828491211
364.9958778768778,1204.041919714132,91.95032501220703,74.79301452636719
370.14957965910435,1196.2734870969446,91.09607696533203,83.04985046386719
373.91142047941685,1209.6498222409875,89.4168472290039,68.8858642578125
381.25984348356724,1206.5468902646692,87.04702758789062,72.58409881591797
380.500878944993,1203.9384498654993,86.55061340332031,75.27330017089844
380.3888565450907,1200.0625038205774,88.68844604492188,79.57478332519531
381.37737430632114,1203.635322576681,89.08430480957031,76.09449005126953
380.8244453817606,1197.3477325498254,92.80716705322266,80.8227767944336
382.7855583578348,1200.6270484983118,90.95714569091797,79.07591247558594
385.53437961637974,1201.4699058591516,89.40621948242188,77.730712890625
386.5536056905985,1202.6236000119836,91.94424438476562,76.70359802246094
389.4515091329813,1198.4674682675989,90.37518310546875,80.42412567138672
391.85462345182896,1196.870704656759,91.19157409667969,81.98419952392578
397.0735451132059,1195.9249687253625,91.40045928955078,82.42767333984375
403.26150669157505,1200.2712135373743,91.27069091796875,78.33760070800781
407.7463737875223,1201.6850624143274,91.48995208740234,77.06849670410156
415.261190071702,1193.8951225339563,92.9179916381836,84.71218872070312
418.7164780050516,1194.8464393674524,95.09637451171875,84.13401794433594
426.1856171041727,1187.5021362363489,93.01542663574219,90.02291107177734
428.65183414518833,1187.5365066587121,96.82200622558594,90.82776641845703
430.5374809652567,1186.278331762472,96.05199432373047,91.09597778320312
434.1168228536844,1184.1700134336145,96.30386352539062,93.95049285888672
438.4459511190653,1182.871452337423,97.99988555908203,94.49646759033203
442.8355080038309,1183.6429672300012,98.42935943603516,93.13306427001953
445.62928165495396,1191.7208976804407,98.37409973144531,86.3779296875
451.6674820333719,1190.6439094602258,98.59686279296875,88.64482116699219
449.364892616868,1181.00008392922,102.41078186035156,94.4552993774414
449.2445808798075,1172.7945289670618,100.74161529541016,101.95509338378906
447.9900299459696,1169.5786857663782,103.59129333496094,100.31326293945312
449.8929268270731,1163.6255378781946,99.88846588134766,103.17622375488281
450.018083229661,1155.3852768003137,100.97894287109375,105.94168853759766
451.24437488615513,1155.7518119870813,99.20003509521484,102.02606201171875
451.68662036955357,1149.7065162717493,102.56932830810547,106.90370178222656
452.11823810637,1153.4346008359582,98.51795196533203,95.92613983154297
453.63025821745396,1152.5022163449914,97.83290100097656,94.72624206542969
451.7820106893778,1146.3307991086633,100.27777862548828,103.68775939941406
448.04011310637,1147.2190704404504,99.7494888305664,102.85094451904297
450.1316505819559,1143.7524643003137,100.60193634033203,102.84015655517578
449.04888309538364,1141.6955452024133,98.48310852050781,101.15452575683594
447.0102249532938,1141.2643814145715,100.42916870117188,105.27570343017578
444.3655945211649,1139.4446525632532,100.59577941894531,104.3743896484375
444.7559296041727,1140.1428566037805,100.48808288574219,99.28797912597656
445.82188953459263,1142.5844116269739,96.62096405029297,94.12288665771484
445.39923633635044,1133.102840429464,98.4105453491211,101.081298828125
437.94204868376255,1134.0576362668664,103.36453247070312,109.13761901855469
436.5264374166727,1134.6363678037317,105.13084411621094,106.03426361083984
434.67844165861607,1138.6686477719934,105.02422332763672,96.8619155883789
430.51115192472935,1130.204517370382,100.5156021118164,97.37651062011719
428.7917419821024,1127.8584175168664,100.15666198730469,97.13267517089844
426.00641407072544,1116.1217269956262,101.45696258544922,104.87686920166016
422.62500919401646,1119.5045280515344,97.59019470214844,99.52484130859375
421.08991779387,1108.7196464597375,100.35443878173828,102.91729736328125
415.946679726243,1110.1869125425012,97.35868835449219,101.8967056274414
411.5995918661356,1103.9726066648157,98.62564849853516,100.8526611328125
410.51189579069614,1096.8181304990442,100.09349060058594,100.86626434326172
409.0838562399149,1093.929885870138,99.42503356933594,100.55059051513672
406.4786316305399,1095.0605850278528,98.24275207519531,104.06644439697266
403.9620758444071,1099.6371727048547,102.96748352050781,98.67544555664062
405.63718189299107,1096.6848487912805,95.83031463623047,98.55177307128906
401.44156040251255,1097.6010131894739,97.58721923828125,100.02278900146484
398.1823669821024,1092.6949310361535,98.43696594238281,101.70305633544922
393.4604965597391,1092.1757965146692,99.33673095703125,103.10237884521484
389.32677997648716,1089.1923141538293,97.97550201416016,103.04364776611328
381.2685676962137,1091.9128494321496,99.71167755126953,98.13062286376953
375.82129825651646,1088.561752325216,98.02549743652344,102.1585922241211
370.1492401510477,1087.6864318906457,96.91065979003906,104.31896209716797
361.0157524496317,1088.845386511007,98.15230560302734,109.55238342285156
348.6703926473856,1091.2851524411828,100.77326202392578,103.95819091796875
342.5224663168192,1092.1978149472864,96.3148422241211,105.22063446044922
336.32816852629185,1093.341220861593,99.49976348876953,105.92506408691406
330.9185730367899,1092.477062231222,97.47999572753906,103.0645751953125
324.4909492880106,1094.2870826779993,97.5016860961914,107.04411315917969
322.90649189054966,1095.4432678281457,95.75186920166016,104.69628143310547
321.084375038743,1092.984085088888,95.60432434082031,105.01378631591797
314.2522674947977,1096.7054710446985,96.95866394042969,110.35699462890625
313.1146713644266,1089.0086212217004,101.94192504882812,112.59477996826172
311.989762917161,1090.5311927854211,95.64944458007812,107.25434875488281
305.50056613981724,1092.88871384255,96.26116943359375,109.9654541015625
304.1017242819071,1093.4704055844934,95.39103698730469,110.0937271118164
299.9865013509989,1093.9188346921594,99.64665985107422,108.62112426757812
295.0481087118387,1096.2628326474817,102.6835708618164,111.00341033935547
298.14075626432896,1087.7401428281457,94.64717102050781,107.35070037841797
292.6949592977762,1089.4212532102258,95.15045928955078,104.19581604003906
290.5604072958231,1084.2470207273157,97.19550323486328,104.90057373046875
287.25771106779575,1084.960720068136,95.14290618896484,106.13650512695312
281.994157448411,1084.3860092221887,98.48989868164062,106.50312042236328
279.04636539518833,1080.7093238889368,97.59718322753906,107.88859558105469
275.9088608175516,1083.6935691892297,97.20578002929688,109.54641723632812
275.09781040251255,1078.6168327390344,97.63140869140625,107.6070556640625
271.2967583090067,1082.3458709775598,96.3476791381836,108.03295135498047
267.1462913900614,1083.1999740659387,96.79155731201172,112.10391998291016
265.41927494108677,1082.3256797849328,97.20915222167969,113.27963256835938
263.32516254484653,1084.5896034299524,95.7214126586914,107.24348449707031
259.35865177214146,1085.6288299619348,96.03468322753906,111.8923568725586
255.66727222502232,1080.419158941427,101.80437469482422,112.08361053466797
253.11435855925083,1084.5389404355676,96.07246398925781,112.7743148803711
249.79340137541294,1082.8951492368371,98.19945526123047,117.75269317626953
248.60505832731724,1082.5674438535364,96.42910766601562,112.40633392333984
245.6258255392313,1087.8695488034875,97.88143920898438,112.17840576171875
246.39235462248325,1084.830421453634,97.52239227294922,109.70001983642578
242.27105869352818,1085.9787254392297,94.37997436523438,114.84481811523438
240.74427188932896,1087.0858268796594,97.36787414550781,108.68246459960938
237.3680473715067,1089.0560035764368,96.57994842529297,112.75181579589844
235.28526844084263,1086.2367477475793,97.59578704833984,113.13776397705078
235.18436969816685,1090.7420082151086,96.34940338134766,112.41084289550781
234.86002887785435,1087.0918464719446,100.64295196533203,119.18910217285156
233.43543399870396,1091.9910316526086,97.35554504394531,116.47184753417969
232.43909610807896,1093.723560339132,100.11692810058594,117.70799255371094
238.05471576750278,1093.714496618429,95.8747329711914,111.27116394042969
237.27315677702427,1094.9600677549035,99.80781555175781,119.85478973388672
242.0345055013895,1099.7786293088586,94.04244232177734,118.07099914550781
243.627645149827,1103.3077240049035,96.34752655029297,118.2939682006836
243.87172473967075,1104.4756813108118,98.01329803466797,121.56874084472656
246.8450523763895,1104.8987579404504,96.24950408935547,118.08809661865234
246.08984149992466,1108.4462776242883,99.8361587524414,120.67335510253906
249.43045200407505,1109.5156860410364,96.03890991210938,116.4541244506836
249.0955864340067,1103.8767967282922,100.04195404052734,120.88046264648438
248.61207355558872,1111.3271637021692,96.56525421142578,117.78096771240234
248.8287941366434,1112.1342544614465,99.61197662353516,122.2614517211914
248.40018619596958,1113.6496505796106,98.46101379394531,111.55219268798828
249.12449039518833,1118.4372291623743,95.28450012207031,116.40351867675781
253.31407321989536,1113.315773016134,98.06536865234375,113.23941802978516
252.022477760911,1112.599922186056,99.10751342773438,116.40735626220703
251.7963119894266,1115.2378463803918,96.30752563476562,115.74054718017578
254.08220447599888,1115.3708000241907,98.51415252685547,118.7220458984375
253.38285221159458,1117.329788213888,99.30250549316406,119.6445541381836
258.4149681478739,1117.7265853940637,94.85985565185547,112.4583511352539
256.3813759237528,1121.2437477170618,97.73038482666016,116.95094299316406
261.6511474996805,1120.19238281838,99.51985168457031,118.0280990600586
264.8227554708719,1120.771797186056,97.92520141601562,118.55304718017578
268.10015262663364,1124.7878646909387,99.43025207519531,117.79239654541016
271.4924713522196,1121.7330131589563,100.16227722167969,123.23556518554688
272.6471535116434,1126.82421875588,99.11869049072266,114.4515609741211
278.2627884298563,1129.4780502378137,95.46160888671875,118.54346466064453
278.24807895720005,1131.380973821798,101.56295776367188,118.23017120361328
285.11757434904575,1130.0397262632043,95.95494842529297,116.11890411376953
284.4959541708231,1129.8218383847864,100.48502349853516,115.91460418701172
288.3687149435282,1131.533832555929,99.016845703125,114.29563903808594
293.2102638632059,1126.4318428098352,99.61222076416016,111.98173522949219
293.696191444993,1128.1059951841028,98.45933532714844,114.45804595947266
301.7657829672098,1130.6360397397668,96.28893280029297,111.98944854736328
303.58638156950474,1133.423969274679,98.182373046875,110.85865783691406
303.8591133505106,1139.8614158689172,100.48294830322266,116.0870361328125
314.7839752584696,1148.4096870481164,95.13249206542969,105.13096618652344
316.405175819993,1137.6236000119836,98.60481262207031,108.10655212402344
326.343408241868,1135.3728065549524,95.60340881347656,105.46687316894531
328.7947021871805,1133.8600654660852,97.67915344238281,106.27000427246094
332.2925392538309,1136.3407936154993,99.5158462524414,109.06748962402344
335.70858539640903,1136.9381561338098,100.66522979736328,112.1507797241211
340.4325004965067,1135.0405731259973,98.97710418701172,113.00804901123047
344.412255898118,1134.9767990171106,97.36595153808594,107.74591827392578
345.0944534689188,1136.9554328977258,100.37570190429688,112.60404968261719
348.48925556242466,1134.441131597677,101.6200942993164,110.07344818115234
350.83688892424107,1135.0809974729211,99.6512680053711,112.13493347167969
355.5360161215067,1135.0210342466028,101.51107025146484,106.89270782470703
357.0037018209696,1133.624710088888,100.11363220214844,107.17925262451172
360.45715107023716,1132.4122467099817,99.36920928955078,108.5935287475586
365.09763111174107,1128.6725273191125,97.6279525756836,112.87789916992188
362.95605243742466,1128.5511589109094,102.65274810791016,115.93081665039062
363.8474937826395,1122.5785522519739,100.55644989013672,115.4732894897461
364.26523746550083,1123.5131263791711,102.30171203613281,115.25321960449219
363.29459919035435,1122.597423559347,104.43988800048828,109.57290649414062
365.7101303488016,1122.4164085446985,96.44308471679688,108.80941772460938
362.44635547697544,1123.4451484738977,98.50597381591797,108.49903869628906
362.06318821012974,1121.522373205343,98.65792846679688,105.47846984863281
356.6835304647684,1122.5133209287317,97.10504913330078,110.91793060302734
355.1411720663309,1112.3564071714075,101.0690689086914,113.41309356689453
351.8865562826395,1114.915813451925,99.85506439208984,108.69747924804688
344.3313499838114,1118.5065498410852,101.19780731201172,109.45606994628906
343.47440876066685,1114.6452255307825,97.86917877197266,110.0563735961914
340.5753113180399,1110.5720939695032,98.75923156738281,106.24783325195312
336.4824730306864,1113.4415359555871,97.37096405029297,111.16202545166016
332.64378894865513,1109.122756963888,97.74547576904297,111.86766815185547
331.58028949797153,1110.9281082212121,98.82379913330078,107.1511001586914
327.8505913168192,1109.517345434347,97.66329193115234,108.40899658203125
326.23533786833286,1105.679126745382,95.43875122070312,107.20448303222656
323.98339618742466,1103.1156539975793,101.42435455322266,109.3724136352539
314.9458519369364,1108.3128051816614,97.2603988647461,108.10836029052734
311.00180591642857,1107.595470434347,98.46697235107422,108.04656982421875
304.1386009603739,1111.448585516134,97.20793914794922,102.30057525634766
302.00420536100864,1109.3385696469934,95.03865051269531,101.52008819580078
291.59028781950474,1098.9915046750696,97.19638061523438,113.18547058105469
288.68771900236607,1104.677116399923,94.55452728271484,102.45600128173828
283.63310016691685,1101.6220207273157,96.7765884399414,107.56063842773438
281.97325290739536,1104.7623443662317,93.9056396484375,106.62007904052734
279.0335289388895,1105.5721473752649,96.78414154052734,110.84233093261719
274.3576065450907,1109.06551361672,98.84674072265625,112.66870880126953
272.47154392302036,1112.2735099851282,100.1851806640625,110.60049438476562
270.08464969694614,1114.0354538022668,98.32005310058594,111.99823760986328
267.411035194993,1118.7255630551965,99.30909729003906,114.28339385986328
266.03627552092075,1123.927547460714,98.35921478271484,113.156005859375
265.7340675741434,1127.2218322812707,100.82624053955078,111.5306625366211
264.5238205343485,1121.7962226926477,101.259765625,111.17146301269531
264.0385452657938,1124.7184295713098,99.03268432617188,116.3626937866211
265.06213153898716,1129.1855659543664,98.2708511352539,108.68470764160156
262.926286354661,1130.100399023214,95.63201904296875,113.91830444335938
259.1543442159891,1131.4707679807336,97.55300903320312,119.06092834472656
259.07002414762974,1134.5640678464563,98.20181274414062,113.89218139648438
255.0535828024149,1136.0357933103235,99.08470153808594,118.10403442382812
254.06589283049107,1140.389633184591,98.50273895263672,113.69707489013672
253.65330661833286,1140.4435997068078,95.26156616210938,110.01544189453125
249.31305088102818,1137.7812118589075,99.02548217773438,119.01465606689453
245.89481891691685,1143.5164299070032,97.82160186767578,115.22393798828125
244.79446186125278,1139.5584030210168,99.49585723876953,112.1561050415039
241.7797905355692,1141.268997198263,98.21431732177734,114.48641204833984
236.41239322721958,1142.4783935605676,99.93281555175781,114.8139877319336
234.51884998381138,1141.4156532346399,99.5912094116211,118.61698913574219
234.3810745626688,1143.125686651388,101.93673706054688,116.81893157958984
231.62190021574497,1143.3970680295618,99.0120620727539,115.05732727050781
228.73299945890903,1146.4665451108606,97.61624908447266,117.05554962158203
226.76369251310825,1143.2937355100305,97.2213363647461,118.93467712402344
221.25225223600864,1145.8919906675012,100.14042663574219,122.3091812133789
223.3200622946024,1145.9784507810266,101.84718322753906,120.5999755859375
220.10379184782505,1150.5212020932825,99.13104248046875,118.56412506103516
213.1039749532938,1151.786647802511,103.73974609375,121.81341552734375
213.68855442106724,1154.3314476071985,100.42059326171875,118.35519409179688
207.81567539274693,1152.0159301816614,100.7313232421875,118.19527435302734
206.37353672087193,1151.3892021238,99.40609741210938,117.86441040039062
202.00514759123325,1149.985897070089,106.1653060913086,125.60458374023438
192.70695270597935,1151.6292228757532,108.7432632446289,121.69808959960938
197.72228778898716,1147.1970863401086,100.24283599853516,122.16584777832031
194.8778740316629,1146.6036491452844,104.75313568115237,124.66995239257812
184.98542560636997,1149.7990684568078,108.46192169189453,125.49166870117188
191.68439258635044,1144.371452337423,102.4021224975586,122.82071685791016
191.97769321501255,1146.961597448507,99.96896362304688,121.54502868652344
189.28156055510044,1143.6156005918176,102.9635238647461,125.34545135498047
187.91990055143833,1146.8496742307336,102.19267272949219,122.30168151855469
188.67330707609653,1142.6806449948938,105.18375396728516,129.50466918945312
181.1656967550516,1145.5365066587121,110.16619873046875,127.15601348876953
192.7336326986551,1151.9966697751672,100.76299285888675,118.36495971679688
186.97223056852818,1148.0308570920618,107.46572875976562,127.70234680175781
192.81681217253208,1149.6503257810266,101.82029724121094,123.8641357421875
195.65128864347935,1146.634418493429,102.0989761352539,121.67359924316406
197.6429268270731,1150.5939445554407,101.9577407836914,125.31784057617188
202.1158386617899,1154.8451881467493,102.16548156738281,121.29432678222656
206.87535251677036,1160.526668554464,97.60147094726562,117.24917602539062
205.68409503996372,1163.8311576902063,101.9513931274414,113.98837280273438
213.27628101408482,1156.3934783994348,101.7744369506836,117.7564926147461
215.27882160246372,1154.258270269552,104.38361358642578,122.48223114013672
218.45991291105747,1152.8716316281946,108.09259796142578,123.24272155761719
224.33520664274693,1154.8124809323938,103.80453491210938,120.80322265625
229.37989200651646,1148.0690231382043,106.61570739746094,126.81250762939453
229.4735695272684,1151.2571830808313,105.55179595947266,122.9617919921875
238.1521049886942,1145.9502906858118,102.78218841552734,122.58097839355469
244.83183826506138,1146.5152473508508,97.57634735107422,120.35462951660156
245.47225727140903,1144.678997045675,101.57401275634766,118.85501098632812
254.51820148527622,1144.1085319577844,103.30005645751953,118.1158447265625
253.20587696135044,1142.556667333761,100.9410629272461,118.1177978515625
262.00622333586216,1139.4475326596887,97.2874526977539,118.40494537353516
261.04856266081333,1140.8507652341516,102.00965881347656,116.45248413085938
266.26155246794224,1137.6268272458703,101.55691528320312,116.87738037109375
269.29561771452427,1138.192394262472,99.34684753417969,117.64453125
278.5479332357645,1133.7224617063196,99.06261444091797,114.16935729980469
278.6528145223856,1135.5402641355188,104.52518463134766,116.2100830078125
284.0373588949442,1130.7236709653528,104.1156234741211,115.30646514892578
293.0241180807352,1127.0992736875207,101.59556579589844,114.6707992553711
297.5356155782938,1129.1685524045618,100.902587890625,110.96772766113281
304.2091347128153,1130.090633398214,101.8367691040039,109.49740600585938
312.14717258512974,1128.0130271970422,99.67471313476562,110.92868041992188
320.34446109831333,1130.8646888791711,99.29777526855469,112.51042175292969
322.1842972189188,1130.7077026425989,103.09909057617188,113.38799285888672
337.98531879484653,1134.5552864133508,96.75690460205078,106.49476623535156
342.39070285856724,1137.4101295529993,97.42242431640625,106.21049499511719
353.41386188566685,1134.3569641172082,98.9766616821289,106.29924774169922
369.2766624838114,1135.0265464841516,96.31456756591797,108.73016357421875
369.3106819540262,1142.1610488950403,100.7029800415039,102.42981719970703
381.6289421468973,1133.3405189572961,99.22002410888672,107.44926452636719
392.2228180319071,1133.697551733175,96.56837463378906,105.53857421875
397.47251285612583,1131.8264923154504,99.26429748535156,104.22481536865234
407.225244179368,1134.0670280515344,96.05372619628906,100.05007934570312
416.0892731100321,1132.0631408750207,95.90705871582031,100.52434539794922
420.27937091887,1132.5407791196496,99.70526885986328,99.11255645751953
427.46420826017857,1130.9928360044153,100.49748992919922,102.27628326416016
436.9278160482645,1132.6854934751184,96.21269989013672,96.56031036376953
440.25418247282505,1129.1741066037805,98.58203125,103.80946350097656
449.12636341154575,1133.7771606504114,99.98308563232422,100.4685287475586
453.89151157438755,1131.969005590597,103.61758422851562,103.5115966796875
460.90810169279575,1132.685329443136,100.85274505615234,99.6424560546875
465.7561508566141,1133.7153205930383,98.36203002929688,94.79652404785156
472.10308231413364,1132.3055229245813,99.25392150878906,97.95059204101562
474.2999740988016,1132.4770546018274,99.76458740234375,94.69523620605469
474.23924793303013,1133.3833656369836,104.54524993896484,100.50294494628906
476.41972126066685,1137.0898513852746,104.62723541259766,93.78119659423828
476.4694115072489,1127.7158927976282,101.2790756225586,100.47671508789062
474.6296631246805,1128.1940574704797,102.44035339355469,97.43478393554688
477.3255325704813,1126.1766166745813,100.50250244140625,93.93765258789062
474.48850025236607,1119.7726211606653,100.3852767944336,97.36792755126953
473.1541229635477,1120.3224678098352,95.69709777832031,95.42268371582031
468.51996387541294,1116.0733909665735,97.59038543701172,101.74832153320312
465.4559952169657,1114.8910560666711,97.2904052734375,99.86235046386719
460.63587345182896,1113.703639990011,98.78733825683594,101.23291015625
456.5698944479227,1111.8411598264368,98.83183288574219,103.58348083496094
450.2659965902567,1108.1886940061243,101.1683578491211,104.94508361816406
447.3034798055887,1109.9670219480188,100.06629180908203,101.63519287109375
444.01784290373325,1106.2254524289758,97.56945037841797,103.97264099121094
439.71433414518833,1110.1982231198938,97.08653259277344,100.36398315429688
433.70203556120396,1114.3372497617395,95.07954406738281,101.70574188232422
426.4730583578348,1109.2516441404016,99.58391571044922,106.15139770507812
423.66739048063755,1111.7495422422082,97.99240112304688,98.60778045654297
416.6185890585184,1109.9944496213586,98.6479263305664,103.03489685058594
411.0039307028055,1107.1904640256555,97.82231140136719,101.76533508300781
406.02308048307896,1105.5308227597864,100.98670959472656,106.75655364990234
399.8920723348856,1107.885555273214,96.82950592041016,106.92172241210938
394.94405521452427,1102.7201156675012,98.11213684082031,104.18360137939453
390.70924915373325,1101.871208196798,96.0279769897461,103.93045806884766
387.20341266691685,1101.8097801267297,96.38098907470703,104.03982543945312
383.0765777975321,1105.6113891660364,95.25556945800781,105.6784896850586
380.45787586271763,1107.4736824094446,93.33629608154297,106.82826232910156
379.8126579672098,1108.7990760862024,94.11617279052734,100.66325378417969
376.1422821432352,1105.7573432981164,93.71812438964844,103.75102233886719
371.8752495199442,1099.2192153989465,94.84688568115234,106.00720977783203
368.08105243742466,1100.1461982785852,95.62042999267578,104.99333190917969
367.1966568380594,1100.8956985532434,93.97079467773438,104.89716339111328
363.65294422209263,1097.3683967649133,98.2782211303711,103.41874694824219
363.04727329313755,1098.5548362790735,93.53378295898438,106.05288696289062
363.04121555387974,1092.3367614804895,94.6453857421875,107.5243148803711
362.251855507493,1093.0427703916223,92.55903625488281,106.8456039428711
358.466210976243,1091.2585220395715,94.94703674316406,107.0853042602539
360.4798294454813,1083.7592430173547,94.1861572265625,111.13430786132812
360.5835548788309,1083.320281988302,93.1054458618164,111.22203826904297
360.08207477629185,1082.5134582578332,95.05902862548828,107.48424530029297
359.81550373137,1077.7193145810754,101.72705841064453,109.41362762451172
358.1372124105692,1075.308349615255,94.90514373779297,108.6852035522461
357.5089813619852,1078.7315673886926,91.57035827636719,108.50420379638672
358.5045563131571,1078.670021063009,91.21333312988281,105.81888580322266
355.62851490080357,1075.448299413839,95.9640121459961,105.30380249023438
354.99067844450474,1077.644947057882,93.41534423828125,110.87269592285156
352.16467060148716,1077.117603307882,96.17935943603516,104.98384094238281
355.20467533171177,1073.518726354757,94.01832580566406,104.26686096191406
356.73654712736607,1073.894313818136,93.5987777709961,103.61883544921875
359.9700523763895,1069.979721075216,92.6184310913086,107.25792694091797
356.8546310812235,1073.8839683591516,96.43084716796875,101.07940673828125
355.74766696989536,1076.0656929074914,97.26748657226562,97.70692443847656
355.77941669523716,1065.9028854428918,97.45365142822266,103.8653335571289
353.08813251554966,1068.3339767514856,97.50110626220703,105.50342559814453
350.12668766081333,1073.1634178220422,95.60585021972656,102.14218139648438
347.60366977751255,1073.3415260373743,95.25640869140625,108.00987243652344
345.46775211393833,1080.6915931760461,96.08985900878906,100.21824645996094
341.7990547567606,1077.7249031125696,97.16541290283203,104.63130187988281
337.0963722616434,1075.9117126523645,97.07584381103516,105.10704803466797
331.71332325041294,1078.1640396176965,95.33586883544922,104.53620147705078
322.15519489347935,1079.4332237302453,96.47611236572266,107.70785522460938
313.8880745321512,1079.3756485044153,99.6236343383789,104.7481460571289
305.313680306077,1082.3615646421106,95.7159652709961,104.53849029541016
295.63001407682896,1074.2564392148645,102.91636657714844,111.03026580810547
289.48837818205357,1076.7320289670618,98.19255828857422,105.53602600097656
274.597486153245,1078.5052299558313,100.8736343383789,109.64154052734375
267.4189964681864,1075.7570953427942,97.25292205810547,108.42440032958984
258.8115936666727,1076.1496658383996,99.19248962402344,109.87281036376953
250.44534839689732,1074.8185691892297,98.87572479248047,107.3631591796875
246.1100784689188,1068.2992782651575,101.06515502929688,110.50592803955078
245.63561023771763,1068.4145736753137,98.39653778076172,113.97834014892578
241.71203388273716,1071.1761131345422,98.44733428955078,112.94894409179688
240.59857334196568,1071.0014076291711,97.65603637695312,109.01783752441406
239.65004505217075,1069.6420860349328,97.59813690185547,113.53677368164062
237.83577121794224,1070.8991127072961,95.9827880859375,110.30403137207031
235.71090091764927,1066.514389043966,104.15266418457031,107.31441497802734
230.65677799284458,1066.1274070798547,99.42289733886719,108.01760864257812
230.89925540983677,1060.2965812741907,96.96665954589844,110.00198364257812
226.36965717375278,1063.7968177854211,96.5344009399414,109.52976989746094
223.13328708708286,1056.2985229550989,102.46884155273438,110.67183685302734
221.43052829802036,1057.5672111570032,96.8277587890625,108.64990234375
220.16670002043247,1056.0347786008508,95.50537872314453,111.41871643066406
215.4660011678934,1057.06103516213,97.08902740478516,109.04338836669922
214.31063617765903,1055.329647070089,95.10639190673828,110.91323852539062
214.26977314054966,1054.9826431333215,97.8169937133789,115.92469024658203
214.03812183439732,1053.1640243589075,102.04998016357422,114.4505386352539
213.79163898527622,1053.5061645566614,97.80167388916016,112.17638397216797
215.52797855436802,1051.2977714597375,97.66883850097656,115.06185913085938
213.82859958708286,1051.7835769712121,97.07708740234375,114.8230972290039
212.91402591764927,1048.2796897946985,98.06431579589844,116.17977905273438
210.84275211393833,1051.3519973813684,97.47663879394531,113.60391998291016
211.3101745992899,1043.2659187375696,100.60670471191406,114.22080993652344
204.65548481047153,1047.0298194944055,97.5519790649414,110.29878234863281
204.48164524137977,1045.4601287900598,96.77947998046872,112.09862518310547
203.7499557882547,1045.6768379270227,95.74526977539065,108.13481140136719
202.19617618620396,1039.8409538327844,103.99739074707031,114.683837890625
204.56033100187778,1045.0883178769739,95.6713638305664,110.65911102294922
205.39030613005158,1045.2795143186243,99.50833129882815,110.52497863769531
205.25948871672156,1037.9378204404504,97.80850982666013,111.26839447021484
207.57032550871372,1037.2847709714563,98.71723175048828,114.13189697265625
208.59407199919224,1035.7799530088098,99.0640869140625,110.10326385498047
210.2801453024149,1031.7675552426965,99.44786071777344,109.63089752197266
216.13833393156528,1034.9764862119348,97.22342681884766,109.33980560302734
224.51903308928013,1038.293167120138,98.82854461669922,101.08965301513672
233.80676044523716,1030.1898803769739,94.9274673461914,110.46581268310547
242.21592105925083,1033.8143882810266,95.98640441894531,107.83889770507812
249.16549457609653,1038.8636474668176,95.48175811767578,107.21257781982422
261.9252182394266,1048.1920433103235,96.09832763671875,100.12005615234375
272.37839283049107,1053.496566778341,92.0333480834961,100.9179916381836
281.6222664266825,1058.3206634580285,94.40387725830078,102.76097869873047
291.4599739462137,1065.1301498471887,93.80338287353516,102.80371856689453
300.4634415060282,1065.6380844175012,97.2822265625,109.82572174072266
311.84906543791294,1071.8188133298547,94.6997299194336,103.32568359375
322.3958679586649,1077.4114074765832,92.73219299316406,97.34551239013672
333.76971973478794,1073.2157707273157,95.99767303466797,97.57565307617188
340.8628212362528,1071.256031042257,95.66873931884766,99.71430969238281
349.97545398771763,1064.615863805929,97.02458953857422,100.44514465332031
357.15465320646763,1070.1065750180871,97.33394622802734,99.97895050048828
362.2056824117899,1071.7950019895227,98.72950744628906,96.57279968261719
365.75695575773716,1073.612663274923,96.9064712524414,94.39505767822266
373.80077137053013,1076.3995513974817,96.01482391357422,88.74547576904297
376.6364571005106,1073.5696106015832,95.5594253540039,85.48442840576172
376.2360664755106,1065.1692199765832,98.60660552978516,95.98705291748047
375.7843185812235,1066.2895088254602,99.7156982421875,93.32838439941406
380.7677284628153,1067.3336219846399,95.19196319580078,93.43556213378906
384.954606667161,1065.0897178708703,96.53118896484375,95.10382080078125
389.18070758879185,1072.766441351095,95.89441680908203,91.66150665283203
400.3138252645731,1069.7710914670618,95.91266632080078,92.78038024902344
412.5646492391825,1065.711494451681,95.62247467041016,97.01435089111328
422.6687065511942,1064.4984436093957,96.52184295654297,97.00899505615234
433.2379661947489,1061.0189514218957,98.98946380615234,98.0199203491211
446.18899692595005,1055.8894233762414,100.28033447265625,97.47398376464844
451.29076160490513,1058.1972847043664,100.37621307373047,91.29435729980469
463.45139469206333,1043.9134178220422,99.53797912597656,97.38937377929688
469.57282032072544,1042.9693031369836,101.06810760498047,91.98381042480469
465.6155067831278,1036.8598213254602,100.89087677001953,96.51725769042969
464.69391407072544,1031.468963628927,100.23885345458984,95.42613983154297
460.17720188200474,1027.9014205991418,101.10128784179688,95.24881744384766
452.08887638151646,1028.9807205258996,100.24967956542969,95.45963287353516
449.7406746298075,1026.889991766134,98.22815704345703,93.87430572509766
440.75696720182896,1032.659824377218,98.57261657714844,95.90092468261719
432.3760239034891,1032.486930853048,100.99520874023438,96.27588653564453
432.5048653036356,1031.1469078122766,99.1762466430664,99.37203979492188
429.4391456991434,1032.428394323507,97.50464630126953,96.81999206542969
426.03285755217075,1032.8270416318567,96.5879135131836,96.82707977294922
420.7434364706278,1035.4783096372278,99.60977935791016,92.85062408447266
417.5518928915262,1027.8843307553918,100.72870635986328,97.20966339111328
412.88313449919224,1020.7559814511926,102.12139892578125,99.44210052490234
407.16610492765903,1021.361728674093,103.45413970947266,98.63352966308594
401.2856689840555,1017.1149139463098,97.73765563964844,96.56270599365234
393.05435337126255,1014.5526695310266,98.38058471679688,99.01589965820312
388.46114505827427,1015.1530265866907,98.57868957519531,99.40481567382812
388.9330116659403,1007.0475349485071,98.8021011352539,100.81364440917969
384.363427773118,1008.0135345517785,98.39933776855469,97.52422332763672
378.092488899827,1005.009548193136,96.9629135131836,98.84072875976562
372.3678680807352,1000.6127319394739,97.85780334472656,101.7892074584961
364.2754036337137,1002.8459281980188,95.97681427001953,97.68234252929688
357.0702301412821,995.2128906308801,96.96495056152344,101.0608139038086
353.031209602952,995.955348974386,95.30077362060547,99.94705200195312
349.24313129484653,997.6594467221887,94.4202651977539,94.43262481689453
341.43075336515903,996.3883743344934,96.81949615478516,99.15860748291016
336.95314563810825,1002.0833091794641,93.34770965576172,93.37448120117188
330.19099582731724,997.4436798154504,93.80209350585938,103.5398178100586
323.0953308492899,997.7000808774621,98.75849914550781,101.22745513916016
318.5047966390848,999.1700325071008,94.7198715209961,97.90330505371094
306.86363758146763,1002.9613075315149,95.75829315185547,96.31718444824219
297.6153923422098,988.7728118955285,93.75325775146484,106.96480560302734
291.27448047697544,992.7409248410852,97.98326873779297,102.89210510253906
287.08265079557896,999.5656623899133,92.82466125488281,94.42402648925781
275.62911380827427,999.3359870969446,95.93782043457031,101.56568908691406
269.95066989958286,988.2059860288293,99.17349243164062,106.10199737548828
266.55429996550083,990.6313934384973,95.16172790527344,100.51152801513672
263.92247547209263,990.3862190305383,95.6843490600586,100.04161071777344
257.35634388029575,994.7775192319543,96.13188934326172,102.3300552368164
254.21603168547153,995.6130867063196,97.38800811767578,100.17140197753906
250.04780735075474,994.2351722776086,98.75067138671875,100.92951965332031
244.62082447111607,1004.0934791623743,98.03014373779297,91.52589416503906
242.95722736418247,1007.9022598325403,97.33277130126953,87.23114776611328
242.37564243376255,993.5105133115442,95.59136962890625,101.3965072631836
239.96424640715122,995.1597595273645,96.95728302001953,105.15694427490234
240.15043033659458,993.5178527890832,94.48954772949219,104.56108856201172
237.7794357687235,991.0954589902551,95.78555297851562,101.75011444091797
237.85800708830357,986.587429052511,95.6015853881836,109.68838500976562
236.28800357878208,988.1886787473352,98.10987854003906,103.37586975097656
233.13821949064732,984.3994102536828,103.59416961669922,104.69259643554688
235.19891895353794,981.8580436765344,96.2686996459961,107.94100952148438
234.05680622160435,980.4922027646692,97.33826446533203,110.40624237060547
234.10478748381138,985.3560905515344,96.1230697631836,106.122802734375
234.19247211515903,987.1133499204309,94.9109878540039,106.66388702392578
233.81155170500278,986.483627325216,95.98230743408203,106.7300033569336
235.75392688810825,987.6028022824914,99.3359603881836,111.50779724121094
237.68535389006138,985.9005928098352,98.0267562866211,108.50083923339844
243.7570625692606,985.0002441465051,95.32367706298828,105.73775482177734
245.1453224569559,988.6091499387414,93.58307647705078,103.75260925292969
242.16862262785435,985.4909172116907,98.1169204711914,106.97552490234375
244.25612796843052,991.9164047300012,95.79585266113281,101.08557891845703
245.3611771017313,989.7394599973352,94.86865234375,105.65040588378906
246.28835071623325,991.7971534787805,94.61717987060547,103.63606262207031
247.55752338469028,984.7027740537317,94.92206573486328,105.99544525146484
248.1188331991434,986.1224021970422,94.49176788330078,105.06695556640625
246.0047089010477,984.714641576925,95.80650329589844,106.11309814453125
245.78486408293247,985.7385635434778,95.88858795166016,105.57898712158203
245.86157383024693,982.1876831113489,95.90567016601562,105.19738006591797
243.74427188932896,989.5639801084192,93.54463195800781,101.58748626708984
239.93892063200474,984.8886184751184,98.55355834960938,106.48480987548828
239.69186176359653,985.8771972715051,95.83789825439453,104.8133773803711
236.9665008932352,991.1286735593469,93.40562438964844,103.44790649414062
233.99656833708286,988.8259239255578,97.397705078125,108.32620239257812
231.9987617880106,996.8463707029016,92.80582427978516,103.70758056640625
230.18719638884068,996.5486335813196,94.521484375,105.47480773925781
227.99061359465122,1000.494239813009,96.28131866455078,108.19937896728516
227.46606220304966,997.8700408994348,96.41687774658203,106.12505340576172
227.2781235128641,1006.5488395749719,94.656982421875,100.06710815429688
227.7975326925516,1003.4891929685266,94.53036499023438,101.2335205078125
227.42971195280552,999.6048622190149,96.28968811035156,107.57524108886719
229.452165260911,1003.6881256162317,95.73724365234375,108.86003875732422
230.0252281576395,1017.0623664914758,96.1075668334961,101.33338928222656
229.74151767790318,1010.4765968381555,98.40838623046875,105.79576110839844
236.2571960836649,1013.7615547238977,96.40754699707031,112.33656311035156
237.50163044035435,1018.3894691526086,98.1292495727539,113.28367614746094
238.9580131918192,1030.4609603940637,96.05144500732422,105.4944839477539
240.06539310514927,1035.1898422300012,98.21513366699219,112.47046661376953
244.88600696623325,1039.1979751645715,95.83101654052734,112.74011993408203
244.69896472990513,1047.2340087949426,98.11272430419922,113.1075668334961
249.49438251554966,1051.731025701681,96.78043365478516,116.97843170166016
251.66299976408482,1059.0889740049035,99.0024642944336,116.81298065185547
254.9595886617899,1067.3921546994836,96.47050476074219,115.84757995605469
254.68402256071568,1075.7574310361535,98.41897583007812,111.88896942138672
260.3978287130594,1071.3011474668176,98.56057739257812,114.91728973388672
261.2636085897684,1078.1227607785852,95.89734649658203,112.23829650878906
262.6178032308817,1083.438789373556,97.26009368896484,108.80030059814453
264.58741153776646,1081.8131256162317,99.91938781738281,116.15624237060547
266.826619759202,1085.1846809446008,97.78667449951172,107.59312438964844
267.8694893270731,1081.3481254636438,100.57999420166016,107.24105834960938
271.03557743132114,1071.6042251645715,98.11088562011719,118.09998321533203
271.5138641744852,1078.2934074460657,95.55940246582031,107.9036865234375
273.6295792013407,1073.3506507932336,97.49411010742188,114.51274108886719
274.9138008505106,1075.2526741086633,97.12430572509766,110.44160461425781
275.99013294279575,1071.643394476095,96.39034271240234,112.2739028930664
277.4163299947977,1072.6383781491907,99.16221618652344,115.258056640625
280.863729134202,1075.5001449643762,97.65508270263672,107.17505645751953
283.8700119405985,1075.8988647519739,97.20620727539062,109.95943450927734
289.1504608541727,1081.29789353005,95.97230529785156,110.61953735351562
293.93366779387,1088.643508917013,98.9357681274414,102.05428314208984
305.4037033468485,1085.5967025815637,93.75299072265625,105.38819122314453
315.44487918913364,1091.253128057638,93.56022644042969,106.23741912841797
324.5943199545145,1089.8991279660852,96.30858612060547,105.89131164550781
330.8052002340555,1098.1167793332727,97.58137512207031,101.30610656738281
337.14878238737583,1101.8603286801965,97.65779113769531,108.6773452758789
352.17601169645786,1098.2722549497278,97.67596435546875,107.92407989501953
354.21077884733677,1105.7550735532434,100.36451721191406,107.31037139892578
361.6255585104227,1116.5168228208215,96.18312072753906,94.22583770751953
366.9820915609598,1101.5268325864465,102.84062957763672,108.36621856689453
365.66694797575474,1107.2662582456262,96.97528076171875,97.26557159423828
370.5312858968973,1100.6707763730676,96.3512191772461,101.64940643310547
370.9213997274637,1105.367443090597,98.20966339111328,103.14205932617188
374.48724903166294,1105.573684698263,100.17064666748047,98.0298080444336
378.8535858541727,1101.563976293722,99.97822570800781,99.14944458007812
385.8019501119852,1098.5033760129602,97.28791809082031,97.86543273925781
388.8780533224344,1099.7423706113489,95.91864013671875,103.4609603881836
388.6294304281473,1101.8159523069055,99.94231414794922,98.96492004394531
392.23334278166294,1100.953826910177,96.44576263427734,105.39617156982422
388.63930286467075,1103.501476293722,101.0099105834961,102.5455322265625
386.74537052214146,1094.2686843930871,103.36631774902344,102.99390411376953
388.72604908049107,1093.1384582578332,98.87764739990234,100.39073944091797
385.7309700399637,1093.299545293966,101.70575714111328,105.0363998413086
386.641992226243,1095.5241775571496,100.62770080566406,100.25025177001953
387.40916980803013,1095.398334509054,98.4006576538086,101.38652038574219
386.459790840745,1093.1385002195032,98.48465728759766,105.62884521484375
388.45522083342075,1098.1860885678918,96.63875579833984,96.6574478149414
387.5131126791239,1087.3962059079797,99.33345794677734,110.13699340820312
385.78099597990513,1088.2987022458703,98.54573822021484,106.85800170898438
384.9113022238016,1093.054298406759,98.73895263671875,100.8981704711914
385.7843376547098,1086.003746038595,101.00728607177734,103.7002944946289
386.71625293791294,1085.7368354856164,99.18334197998047,104.88264465332031
387.0697647482157,1084.415195470968,101.28726196289062,111.10020446777344
386.949967995286,1085.7515716611535,102.29534912109375,112.99999237060547
387.6303116232157,1089.4638862668664,98.69253540039062,105.56007385253906
391.00511325895786,1089.7708740293176,102.0223388671875,100.0799789428711
388.48470844328403,1084.8678360044153,98.5040054321289,103.17340850830078
390.118180885911,1089.9840660154016,99.61669921875,102.36923217773438
389.28461231291294,1089.2193565427453,100.59209442138672,104.96255493164062
393.726709023118,1091.0188064633996,98.93775939941406,106.35803985595703
394.32241977751255,1093.29695892922,100.65374755859375,100.3150405883789
394.44654239714146,1100.3157920896203,100.84959411621094,100.95928955078125
400.1027542501688,1102.0376129209192,97.52609252929688,95.97618865966797
397.96129001677036,1092.024471288839,99.42868041992188,102.51043701171875
396.9344421774149,1092.5755348264368,95.72175598144531,98.15940856933594
398.12462390959263,1092.3240776120813,94.52306365966797,96.58407592773438
396.7394386678934,1089.499279028097,97.28543853759766,107.83648681640625
394.7401176840067,1095.1200523435266,98.8694076538086,100.07720947265625
395.0062195211649,1095.262077337423,99.97364807128906,98.66971588134766
395.2270904928446,1087.1278457700403,99.79655456542969,103.57624053955078
396.80780567228794,1085.8486099301965,97.9122543334961,100.22510528564453
395.18282474577427,1086.4179115354211,99.21098327636719,104.72779846191406
395.4835564047098,1082.388282781759,98.4514389038086,105.47754669189453
395.16881336271763,1082.5156211911828,95.51946258544922,101.48626708984375
393.3290726095438,1086.90185547463,96.76275634765625,103.6216049194336
390.9276062399149,1085.241035467306,98.86372375488281,101.93985748291016
394.7956367880106,1086.33105469338,97.99927520751953,102.73442840576172
392.01554645597935,1084.8495445310266,99.39069366455078,104.27572631835938
395.36226047575474,1087.4357414304407,96.06497192382812,106.750732421875
393.82850040495396,1084.0306663571985,100.18284606933594,104.71524047851562
392.58806766569614,1084.7361946164758,100.58024597167969,104.64817810058594
392.2388206869364,1084.8212699948938,100.5663070678711,104.67727661132812
394.8797012716532,1091.8156814633996,98.24972534179688,99.46109771728516
395.6456467062235,1093.314380651632,95.83071899414062,95.48429870605469
395.417440071702,1088.7922668515832,100.99361419677734,106.22725677490234
399.1277214437723,1091.7372474729211,101.5227279663086,106.51112365722656
396.77372516691685,1090.1171073972375,102.76581573486328,103.49444580078125
395.7410293966532,1086.723804479757,98.99380493164062,106.82090759277344
399.0819565206766,1089.4653129636438,99.52188110351562,105.15078735351562
399.24438251554966,1096.9634132444055,95.2603530883789,98.68864440917969
397.381665840745,1099.2193718015344,97.3318862915039,99.79376220703125
398.1352363973856,1093.156421667257,96.65174102783203,103.35560607910156
399.78757251799107,1094.4630012571008,97.09172821044922,105.15174865722656
397.65223087370396,1098.5851669370325,94.69190979003906,101.07962799072266
394.8311821371317,1095.3895874082239,100.5698471069336,108.6893539428711
397.59116138517857,1093.0493049680383,102.09261322021484,106.35353088378906
397.660905495286,1094.9851226865442,97.52163696289062,108.03856658935547
395.54143680632114,1097.1642875730188,99.44737243652344,109.6058349609375
398.4537292867899,1100.8805809079797,97.62910461425781,105.26141357421875
396.50743640959263,1095.3015060483606,100.27373504638672,109.57184600830078
394.7419830709696,1097.9448394834192,99.23786926269531,106.84313201904297
398.0578133016825,1098.0897598325403,97.0638198852539,110.24958038330078
393.73580326139927,1093.2450027524621,101.01734924316406,111.5734634399414
394.3807388693094,1097.5376892148645,100.6221923828125,110.14623260498047
393.8110290914774,1094.935085302511,99.00077819824219,107.839111328125
393.64938129484653,1096.7067680417688,97.98050689697266,107.80841064453125
390.72030414640903,1095.0255775510461,101.28559112548828,112.77928161621094
391.49936832487583,1095.747699743429,101.55928039550781,113.03871154785156
388.1636368185282,1099.344841009298,99.99459838867188,107.4803237915039
387.6447273641825,1097.5769119321496,97.9878921508789,104.8400650024414
381.7572304159403,1098.402687078634,100.0539321899414,110.14185333251953
378.4372383505106,1098.403045660177,99.63715362548828,106.7616195678711
368.66187442839146,1101.794288641134,102.04118347167969,110.1196060180664
361.686483040452,1097.4991149961145,107.2916488647461,111.64263153076172
355.5639587789774,1103.5401039182336,100.08784484863281,107.74052429199219
346.23579563200474,1098.329460149923,102.05075073242188,109.37354278564453
338.3063103109598,1098.749008184591,98.55843353271484,106.51042938232422
330.9724823385477,1103.2548179685266,94.36051940917969,101.96435546875
323.7070366293192,1101.5607566892297,90.75460052490234,107.30511474609375
309.3996101766825,1102.8683700620325,95.3926773071289,111.4582290649414
300.24728168547153,1107.720039373556,96.14093780517578,109.01517486572266
294.75546039640903,1101.4403038083703,99.7610855102539,115.11322021484375
290.867822304368,1104.2754135190637,97.42286682128906,108.45536041259766
281.35573352873325,1103.1638908445032,100.50951385498047,111.45498657226562
279.2549988180399,1099.703525549093,97.50599670410156,110.37336730957031
275.7451111227274,1096.9029197751672,96.74568176269531,112.45626831054688
269.91989673674107,1095.0561447202356,98.02806854248047,114.74134063720703
265.80945743620396,1095.340644842306,101.59089660644531,113.29291534423828
264.82486118376255,1091.329502111593,96.89901733398438,110.65971374511719
262.73190082609653,1089.9857711850793,95.6847915649414,111.24283599853516
257.94189228117466,1092.6615448056848,96.32776641845703,110.79302215576172
254.2725654989481,1094.9018974363,97.0094985961914,111.46295166015625
250.63036884367466,1097.1734657346399,97.99356842041016,114.69908142089844
246.70727314054966,1100.4044761716516,101.2310562133789,113.59231567382812
248.35322345793247,1099.4514236508996,101.8808364868164,112.0160903930664
246.55147708952427,1089.0618019162805,101.69163513183594,117.44657897949219
248.68963016569614,1085.5762100278528,98.50474548339844,118.06659698486328
248.20777668058872,1088.5831832944543,95.95563507080078,112.40747833251953
249.3493477255106,1088.414073949972,94.8821792602539,113.04058837890625
246.21660770475864,1088.5400276242883,97.53486633300781,115.98915100097656
243.86363758146763,1084.1418838559778,98.28905487060547,112.76068878173828
241.4374710470438,1077.4452514707239,100.27584838867188,117.3750228881836
240.95244373381138,1081.0894584714563,94.1369857788086,106.90963745117188
234.2591148763895,1082.6948280393274,97.97545623779297,114.21302795410156
228.96354068815708,1086.5610160886438,98.95246887207031,121.37164306640625
227.04910434782505,1092.892261511007,97.96969604492188,114.60359191894531
229.99871219694614,1087.4085846006067,103.90092468261719,116.30669403076172
229.33622516691685,1091.8306083738,97.80603790283203,113.75521850585938
229.46285785734653,1092.3482627927453,100.93347930908203,120.09054565429688
230.97551502287388,1089.5374031125696,105.3015365600586,122.85734558105469
231.86989368498325,1089.8521423398645,100.36846160888672,114.9538803100586
230.713338509202,1097.4007453977258,97.46111297607422,118.79371643066406
236.7895218282938,1099.217426305929,95.96798706054688,123.29264831542969
242.14728321135044,1102.04301071755,97.45824432373047,117.137451171875
232.51154865324497,1113.7849311887414,99.48523712158203,122.63737487792969
229.34538806974888,1124.3650360166223,98.85338592529297,120.92110443115234
226.69674457609653,1129.8101005613,100.90131378173828,119.10897827148438
225.69454731047153,1127.351417547384,102.41303253173828,126.69037628173828
