447.0,153.0,39.0,36.0
442.90832138061523,151.20035934448242,41.630653381347656,37.384300231933594
411.9000129699707,93.61134719848633,38.923309326171875,36.38705062866211
408.10188484191895,89.71880531311035,42.83281326293945,43.85145568847656
406.7904396057129,99.35365295410156,49.17250061035156,48.2144660949707
410.8949394226074,105.53058624267578,45.700042724609375,45.17592239379883
413.86829948425293,113.78435707092285,44.53168869018555,39.522247314453125
416.20233726501465,116.36639404296875,41.126766204833984,38.12309646606445
412.99806213378906,115.99759483337402,42.301673889160156,44.880043029785156
415.7926025390625,121.26030349731445,42.83049774169922,40.47622299194336
417.54131507873535,121.50174713134766,43.93831253051758,40.08981704711914
420.4134521484375,120.7264347076416,44.66596221923828,37.03450012207031
425.06615257263184,119.96704864501953,42.19149398803711,38.20235061645508
420.6242561340332,119.0259780883789,44.50152587890625,38.64242935180664
421.74845695495605,118.24269676208496,39.97213363647461,38.65453338623047
426.8173580169678,118.01194190979004,38.43789291381836,34.74690246582031
429.1809844970703,117.11235809326172,37.467857360839844,35.00723648071289
433.27239513397217,116.13953399658203,31.590059280395508,32.64377212524414
424.5664463043213,113.91032218933105,36.03689193725586,33.94160461425781
437.80751609802246,158.64434814453125,29.804508209228516,30.214305877685547
430.9437551498413,151.5622444152832,24.220605850219727,37.6457405090332
427.09487438201904,153.65024185180664,26.364900588989258,38.25617599487305
433.3825216293335,164.7085304260254,29.219995498657227,29.141902923583984
435.9342441558838,169.84889698028564,29.15804672241211,30.043481826782227
437.2243251800537,173.41052341461182,28.275005340576172,28.834863662719727
436.161358833313,174.0119867324829,29.121564865112305,29.51170539855957
434.7633447647095,174.3102912902832,28.465185165405273,29.226993560791016
434.94693756103516,173.75065326690674,28.824851989746094,28.938371658325195
435.6852283477783,172.8632583618164,28.30380630493164,28.765972137451172
433.5750617980957,171.7411594390869,29.039321899414062,28.579132080078125
430.61391830444336,171.66595935821533,29.70417022705078,29.914743423461914
431.0222358703613,174.23053741455078,29.197372436523438,29.557880401611328
430.6194095611572,176.0496187210083,29.432186126708984,29.1862735748291
430.66676235198975,175.93116855621338,29.527437210083008,29.044504165649414
428.6713924407959,175.5752763748169,30.32027816772461,29.857553482055664
425.65715885162354,174.42188930511475,29.582204818725586,29.633710861206055
423.9086093902588,172.89925575256348,29.701038360595703,29.802474975585938
422.66890811920166,171.85369205474854,29.814619064331055,29.812952041625977
420.4189920425415,171.14711380004883,30.226179122924805,30.161380767822266
419.90643215179443,170.71240520477295,29.590707778930664,30.294363021850586
417.4752025604248,169.87197589874268,30.225238800048828,30.239694595336914
417.6777744293213,170.24532318115234,30.302654266357422,30.425701141357422
417.3372163772583,170.43136501312256,29.234373092651367,28.758024215698242
417.00100803375244,170.40627098083496,29.19283103942871,29.307052612304688
417.79880142211914,170.2491636276245,28.89794921875,28.38331413269043
418.63133335113525,170.6590976715088,29.464567184448242,28.747108459472656
419.0399227142334,171.26605415344238,29.37466049194336,29.334503173828125
420.52171421051025,171.88473510742188,29.783018112182617,28.614276885986328
424.0973081588745,173.1053762435913,28.73454475402832,27.745649337768555
426.0998077392578,174.47389030456543,29.71660614013672,31.02088165283203
430.1192216873169,174.66398525238037,30.978986740112305,31.880216598510742
411.83907890319824,136.19908714294434,38.21219253540039,33.304317474365234
405.43585777282715,131.1358242034912,45.82667922973633,45.40720748901367
401.9317684173584,132.470064163208,51.676822662353516,48.50529861450195
404.33239936828613,131.5062084197998,52.74393844604492,48.76655197143555
402.629114151001,133.38659477233887,56.531185150146484,55.71328353881836
399.47902488708496,122.56762313842773,60.78122329711914,59.38908386230469
400.20023918151855,127.78508567810059,58.32327651977539,56.36179733276367
424.2040481567383,213.67875480651855,37.40428161621094,38.02724838256836
421.2991552352905,220.18982315063477,31.122957229614258,34.37005615234375
415.0932025909424,225.5066738128662,33.741085052490234,33.25687789916992
407.1306858062744,230.3533592224121,35.37711715698242,35.87907409667969
401.93351554870605,234.82334327697754,33.36540603637695,34.67946243286133
397.24815368652344,239.64480304718018,32.610557556152344,30.99976921081543
392.72193908691406,243.37079906463623,33.45484924316406,31.434114456176758
390.47908210754395,245.58067512512207,32.854984283447266,31.648578643798828
388.6078987121582,249.4779510498047,34.2344970703125,33.530799865722656
388.67828369140625,253.0249423980713,34.556968688964844,35.932865142822266
390.77062797546387,257.09234046936035,35.06220626831055,35.0032844543457
392.12714767456055,260.7559413909912,34.18724060058594,36.337825775146484
392.8416385650635,266.39372634887695,35.165653228759766,37.44529724121094
394.60696029663086,270.3374557495117,35.582000732421875,36.412620544433594
396.4017868041992,274.18392181396484,36.011024475097656,36.71501922607422
398.0196228027344,278.13233947753906,36.015586853027344,36.49585723876953
399.9665832519531,282.8147945404053,35.123146057128906,35.865108489990234
400.6370544433594,285.9669437408447,35.48303985595703,34.19681167602539
401.4027462005615,290.0173759460449,37.21332931518555,38.005828857421875
399.9556007385254,293.656213760376,36.43556213378906,36.7000617980957
400.5224609375,295.4893321990967,37.64160919189453,37.91524887084961
402.92848014831543,298.58315086364746,37.27286911010742,36.81563949584961
405.0661144256592,301.0488452911377,37.31277084350586,37.57777786254883
404.9727039337158,302.069787979126,37.01832962036133,35.59219741821289
406.6851863861084,303.29737663269043,37.79275131225586,37.34591293334961
407.910400390625,304.50775718688965,38.93946075439453,38.46451950073242
412.5878372192383,304.38609886169434,38.941566467285156,39.73588180541992
416.46360206604004,304.6659984588623,36.78769302368164,39.540706634521484
421.6758270263672,305.0573425292969,39.32392120361328,37.22051239013672
424.18063163757324,305.33642196655273,36.645565032958984,38.59266662597656
428.4527931213379,304.2782573699951,37.664581298828125,41.228878021240234
431.88006591796875,304.682710647583,42.26769256591797,45.85173416137695
434.1727466583252,304.6202449798584,43.475162506103516,45.796443939208984
435.27925872802734,305.5001392364502,43.474281311035156,47.43693923950195
384.7143840789795,308.7173480987549,41.3069953918457,44.20476150512695
389.412073135376,306.20634841918945,43.84359359741211,43.02217102050781
396.6026954650879,305.65390968322754,44.75244903564453,43.48898696899414
406.3557472229004,303.03048515319824,39.48912811279297,40.92672348022461
414.50303649902344,301.5466079711914,34.85797119140625,39.853431701660156
422.5851106643677,300.46895027160645,30.81122398376465,39.76095962524414
457.7531976699829,278.38743019104004,26.073118209838867,34.79848861694336
428.8035144805908,248.73356246948242,38.8057975769043,38.14604187011719
479.5448522567749,269.57479095458984,28.983217239379883,43.498741149902344
445.0479736328125,245.40434455871582,37.30651092529297,38.297672271728516
441.3905429840088,202.2706184387207,43.396976470947266,40.82664489746094
434.39532470703125,165.20451736450195,72.6306381225586,56.938568115234375
423.3805751800537,86.84212493896484,63.77706527709961,74.69859313964844
461.8027801513672,9.008928298950195,57.360145568847656,52.956485748291016
433.94543266296387,12.272933959960952,55.81083297729492,117.00043487548827
469.01790046691895,1.933889389038086,53.614810943603516,57.4577751159668
442.06897354125977,1.8734397888183594,40.33319091796875,56.10133361816406
441.72651290893555,2.356273651123047,36.67059326171875,47.81813049316406
443.0584774017334,1.2505970001220703,32.13248825073242,34.28714370727539
445.915864944458,24.16271209716797,35.09550857543945,38.24402618408203
437.1267719268799,37.358253479003906,35.211246490478516,35.468589782714844
445.2617893218994,84.80445861816406,32.850711822509766,33.64592742919922
442.0232181549072,48.0783634185791,31.32503890991211,35.261146545410156
445.045108795166,19.00279712677002,40.11125946044922,31.413095474243164
447.6961135864258,43.317853927612305,45.66841125488281,49.44019317626953
442.4986152648926,0,47.820289611816406,35.001548767089844
476.7552833557129,0.9329757690429688,69.41919708251953,34.123069763183594
448.2026481628418,15.44095230102539,63.32355499267578,48.30796813964844
409.92227935791016,18.73855209350586,74.70419311523438,113.52203369140625
515.0009498596191,131.59723281860352,76.31034088134766,68.04460144042969
424.94751930236816,211.90504264831543,54.447566986083984,50.81771469116211
415.4699459075928,213.31410598754883,42.64274978637695,51.921234130859375
433.0065670013428,243.72100257873535,38.587100982666016,36.949100494384766
424.60838317871094,225.1846046447754,51.73860168457031,64.37869262695312
436.4730453491211,318.88856506347656,48.90962219238281,47.52729034423828
476.7602195739746,252.16696548461914,40.018043518066406,43.818992614746094
471.1160774230957,251.7706184387207,51.506919860839844,48.07653045654297
447.37334060668945,317.0155620574951,47.57062530517578,47.53348159790039
442.9971046447754,312.2864360809326,54.03607940673828,52.158084869384766
513.2759685516357,335.650110244751,44.19478225708008,51.59653854370117
444.1497688293457,283.8064651489258,52.35857391357422,57.29991912841797
498.13739585876465,213.2561855316162,39.53712844848633,40.41525650024414
468.83668327331543,265.7072505950928,45.94620132446289,44.594303131103516
521.9509906768799,203.6096076965332,38.98360824584961,36.87470626831055
527.0374927520752,180.84292221069336,37.55582809448242,42.718448638916016
526.1298713684082,162.7053508758545,36.965675354003906,42.64936828613281
485.4729633331299,207.36331748962402,46.35365676879883,47.331634521484375
542.0010242462158,149.2490291595459,41.45882034301758,41.702972412109375
552.1111030578613,141.7575397491455,41.18217468261719,36.901405334472656
526.8419399261475,196.76495552062988,43.71794509887695,41.430152893066406
574.7464637756348,144.74443244934082,39.08867645263672,40.86658477783203
517.7390403747559,199.92584419250488,43.07838439941406,43.514625549316406
473.42619705200195,142.2070770263672,43.86842346191406,47.08641052246094
540.5320911407471,160.16059112548828,39.1445198059082,38.92286682128906
492.7222843170166,209.27012062072754,42.22658920288086,41.94721603393555
536.6227512359619,162.48729515075684,40.7845573425293,39.9030876159668
483.3416748046875,212.54924964904785,41.902469635009766,42.04373550415039
525.021312713623,153.4904556274414,40.15635299682617,52.132240295410156
471.05261421203613,213.14983749389648,41.95661163330078,42.6490478515625
517.0500469207764,155.722017288208,39.52052307128906,55.21926498413086
518.9451923370361,145.7577724456787,43.06731414794922,54.94679641723633
527.6773872375488,142.2111701965332,35.30063247680664,38.610618591308594
473.79861640930176,158.0801124572754,42.66660690307617,46.41582489013672
529.4821128845215,99.82784652709961,38.628746032714844,40.383338928222656
472.92563819885254,128.57155990600586,42.597129821777344,44.155967712402344
533.5862655639648,74.77275276184082,37.731807708740234,39.90138244628906
479.8164768218994,103.18424034118652,43.1947021484375,44.020164489746094
546.9177303314209,62.89728927612305,37.439857482910156,38.23893356323242
492.2356948852539,98.20445823669434,42.3181037902832,43.282325744628906
551.5682277679443,64.38909339904785,37.732810974121094,38.416343688964844
496.0821361541748,109.38596153259277,37.59785079956055,42.99009704589844
544.9436798095703,85.27110862731934,38.69953155517578,40.361000061035156
513.7774200439453,77.39029121398926,38.01075744628906,34.183013916015625
543.6822319030762,121.79545783996582,38.46393585205078,42.327667236328125
504.3063716888428,111.25029182434082,38.159786224365234,40.52851867675781
541.6706695556641,151.9204444885254,37.67212677001953,40.54755783081055
484.3174858093262,187.19486808776855,38.687950134277344,45.93268585205078
526.7336311340332,142.73150253295898,44.37512969970703,45.08614730834961
462.34561347961426,168.893798828125,43.01710510253906,47.89625930786133
520.1501522064209,128.26495361328125,43.441871643066406,46.156620025634766
457.06518745422363,140.8405532836914,44.25442886352539,47.6572151184082
524.2275886535645,95.98958396911621,44.380462646484375,46.402679443359375
458.6967029571533,126.3816032409668,43.36186218261719,49.19118118286133
514.8158588409424,87.04603958129883,44.61225891113281,45.958065032958984
447.4793109893799,124.7680721282959,45.558048248291016,48.61211395263672
516.0322799682617,100.30712127685547,45.341941833496094,45.779422760009766
524.6143550872803,115.95374298095703,45.00327682495117,46.8483772277832
538.7474308013916,132.8571434020996,48.478397369384766,46.538814544677734
556.5657138824463,148.43663024902344,43.484378814697266,45.71159744262695
492.9392967224121,191.30068016052246,48.93614196777344,49.13172149658203
502.3974304199219,199.2505397796631,56.17914581298828,55.07990264892578
519.350757598877,197.0592269897461,54.47088623046875,56.5621223449707
529.2678623199463,196.54866981506348,54.56630325317383,55.979461669921875
534.5409183502197,190.35306930541992,63.97880935668945,58.216060638427734
540.7988052368164,183.94679832458496,74.3526840209961,65.19432830810547
606.8303203582764,117.5085620880127,52.4483757019043,57.42323303222656
619.0062656402588,107.22886848449707,57.627384185791016,60.60345458984375
684.4344425201416,163.86950302124023,49.52133560180664,50.5235710144043
610.5148639678955,165.0413589477539,50.90066146850586,51.73361587524414
687.0077495574951,143.503267288208,48.359134674072266,49.5892333984375
644.6486587524414,79.44012641906737,50.809104919433594,45.19755172729492
626.3993949890137,64.49471282958983,55.19648742675781,51.42987060546875
618.9887752532959,61.268102645873995,58.989437103271484,59.45381546020508
654.8975830078125,142.36267280578608,46.807899475097656,45.20504379272461
639.375078201294,83.58413505554194,43.90549087524414,43.13148880004883
662.4842147827148,149.71493339538569,44.450706481933594,37.6910285949707
648.3852863311768,93.06966018676752,40.62167739868164,42.44338607788086
673.0209522247314,156.60320281982416,43.72462844848633,36.56740188598633
619.2711906433105,172.04774284362787,37.668495178222656,48.80370330810547
676.841625213623,167.67615318298334,42.491676330566406,39.17961883544922
618.4674758911133,181.75756263732904,40.22892379760742,48.01838684082031
678.1577949523926,176.4140548706054,47.24565505981445,48.02479934692383
610.9849376678467,188.46945953369135,46.41242599487305,48.14213943481445
682.0229320526123,189.45671272277826,43.3742790222168,43.70941162109375
699.4465923309326,192.56749534606928,42.80903244018555,41.877235412597656
639.0596923828125,198.18813514709467,45.343711853027344,45.918487548828125
704.0828647613525,201.69705772399897,43.39584732055664,42.27782440185547
643.6483612060547,210.44109916687006,40.552974700927734,45.58130645751953
681.8408679962158,200.26461982727045,44.450584411621094,46.7943115234375
616.7977638244629,179.91024589538569,45.45825958251953,49.21973419189453
673.2195377349854,155.4696311950683,45.25075912475586,48.734310150146484
608.3976612091064,134.23627090454096,45.36870574951172,47.80489730834961
671.0711784362793,117.75612831115717,41.760623931884766,42.76734924316406
611.0680923461914,113.56443023681635,43.80929946899414,44.759281158447266
668.7669811248779,114.47678375244135,41.244468688964844,42.842166900634766
608.3941135406494,124.99512863159174,42.74874496459961,43.90523910522461
662.1716785430908,126.24425697326654,40.52585983276367,40.37684631347656
602.9069232940674,138.7996921539306,41.956050872802734,44.01210021972656
656.2027683258057,141.5131454467773,40.22150802612305,39.50484085083008
599.0152053833008,149.3385219573974,41.67354965209961,42.57604217529297
646.4489707946777,143.96985435485834,40.66923904418945,41.236351013183594
586.2797565460205,147.09441947937006,41.14160919189453,43.152671813964844
629.0768127441406,150.50990104675287,40.34658432006836,39.44397735595703
572.6523952484131,160.13071441650385,41.84803771972656,41.9420051574707
629.9731197357178,163.62683296203608,40.26600646972656,41.663360595703125
633.0567989349365,172.17937278747553,41.59222412109375,41.532066345214844
638.6589107513428,175.98637580871576,37.73443603515625,37.65794372558594
584.4411125183105,181.64559936523432,40.21796798706055,40.6612434387207
642.9409446716309,174.37458038330072,39.46543502807617,40.127872467041016
649.0235271453857,176.06309509277338,40.03783416748047,41.97908401489258
655.3367023468018,175.81977653503412,38.40510559082031,40.69409942626953
657.2974281311035,173.14290237426752,39.750728607177734,40.4674186706543
662.9333305358887,171.60153579711908,39.545955657958984,40.11289596557617
673.375020980835,171.68482017517084,36.792747497558594,37.479469299316406
679.7545070648193,173.6609325408935,35.497535705566406,35.282310485839844
628.2105407714844,176.93469238281244,35.44642639160156,40.503299713134766
673.7824192047119,175.7290706634521,37.62083053588867,38.55992889404297
677.6580963134766,175.91550445556635,36.24299621582031,35.577457427978516
625.3875617980957,178.2915019989013,38.70549011230469,39.488075256347656
601.2881088256836,119.26244354248041,46.2161865234375,43.13679885864258
590.6075096130371,107.00251960754389,55.108741760253906,51.991180419921875
588.078556060791,103.47362899780268,63.355201721191406,55.318050384521484
605.4642944335938,106.54244422912592,51.14509582519531,51.216888427734375
591.2938270568848,102.72609329223627,55.904823303222656,53.1140251159668
589.3657760620117,100.6068611145019,56.833038330078125,54.85952377319336
667.6038551330566,164.571455001831,38.877906799316406,40.72907257080078
609.7546787261963,171.37405204772944,38.43132400512695,38.634178161621094
651.213529586792,175.52865028381342,37.55050277709961,38.930450439453125
669.9383239746094,139.12993049621576,36.930580139160156,35.82134246826172
643.3249912261963,136.74445915222162,46.41643142700195,45.993927001953125
630.2927837371826,138.8236865997314,42.97159957885742,47.078651428222656
627.7286224365234,143.76052856445307,36.467567443847656,36.30027389526367
619.6635475158691,133.8148975372314,37.108856201171875,37.212982177734375
607.706579208374,125.33406257629389,40.0565299987793,37.17066955566406
592.8425636291504,116.48336219787592,43.42527770996094,42.099822998046875
585.6260013580322,112.16673088073725,36.54800796508789,36.579383850097656
580.5937786102295,102.93908309936518,37.21723556518555,36.991695404052734
576.8745079040527,90.19243049621576,36.43806457519531,38.17100524902344
572.575216293335,83.23849105834955,35.601741790771484,34.89548873901367
565.7468357086182,77.5080947875976,35.80681228637695,35.97883987426758
558.360912322998,72.94379234313959,37.09912109375,38.19434356689453
562.5722732543945,69.48288536071772,32.48065948486328,34.504859924316406
534.6889753341675,110.71648883819574,30.491121292114258,27.45611000061035
491.79377365112305,121.22056388854975,33.16663360595703,36.608924865722656
541.2694931030273,124.2379531860351,34.50874328613281,36.459598541259766
550.6059608459473,133.14220809936518,32.714256286621094,33.05556869506836
502.64262771606445,143.0226440429687,35.414798736572266,36.3422737121582
492.8118076324463,110.061445236206,42.214378356933594,38.87541198730469
489.2542533874512,115.11811637878412,44.7205696105957,39.09065246582031
548.5754909515381,153.2764987945556,33.85052490234375,34.57012176513672
499.6266975402832,156.82639503478998,33.9571533203125,34.85240936279297
544.5711250305176,152.1432151794433,32.777069091796875,34.59488296508789
544.0388374328613,147.97624969482416,32.60475158691406,33.35409927368164
547.258674621582,139.21211147308344,30.763877868652344,30.96722984313965
502.1692056655884,136.185167312622,30.56839942932129,33.895790100097656
541.521876335144,130.20948982238764,31.251943588256836,32.75908660888672
545.5631847381592,131.276870727539,29.659835815429688,30.61269760131836
548.2213726043701,132.9328880310058,31.585983276367188,32.756900787353516
556.7507658004761,137.48870468139643,27.55902671813965,25.72629165649414
517.0460367202759,142.41129589080805,29.920085906982422,31.013410568237305
557.8384628295898,136.77330970764154,31.56202507019043,33.18702697753906
510.16160678863525,135.30771446228022,33.77119827270508,35.691368103027344
549.923134803772,116.79594993591303,33.238590240478516,35.84437561035156
547.7419424057007,117.2753009796142,33.05577850341797,34.865989685058594
541.6030292510986,106.38033103942865,31.25847816467285,32.21165466308594
496.2271890640259,105.51317214965815,30.569438934326172,33.75069808959961
523.5540237426758,96.9092063903808,31.813398361206055,32.49985885620117
476.7729072570801,95.07350921630854,31.73592185974121,33.91250991821289
507.4197483062744,90.98846817016596,31.70395851135254,32.2476921081543
460.65188694000244,86.98854255676264,32.35373306274414,33.2655029296875
494.2641267776489,74.44550704956049,31.348690032958984,33.1303825378418
447.19183921813965,77.69207954406733,31.501821517944336,32.6080322265625
483.26937770843506,69.71426296234125,29.869190216064453,27.96388816833496
478.3257007598877,69.60567951202387,29.44757652282715,28.419565200805664
497.9146566390991,40.915110588073674,28.30019760131836,30.178190231323242
456.30445098876953,72.0658454895019,31.08741569519043,33.56356430053711
483.4542474746704,42.33768749237055,28.215862274169922,29.31831932067871
471.22832584381104,39.80504989624018,32.21499252319336,32.27115249633789
464.3411350250244,41.40984630584711,30.38579750061035,30.345922470092773
450.98356914520264,34.421028137206974,32.54164123535156,32.97291946411133
405.0685968399048,63.84942626953119,33.387535095214844,32.78921890258789
385.9935293197632,48.60045433044428,31.28927993774414,32.78462219238281
357.30309009552,22.875453948974553,34.49994659423828,32.20962905883789
324.2065420150757,0.02791786193841972,35.3949089050293,32.41313171386719
292.9540195465088,0,31.21767234802246,22.115766525268498
260.3356695175171,0.02468299865719814,29.94781494140625,16.65892219543457
231.13708209991455,0.36716461181637783,27.551441192626953,17.209569931030273
205.60890293121338,1.730368614196749,24.371196746826172,21.87975311279297
174.6091890335083,4.972848892211893,29.49374771118164,29.537691116333008
141.87800693511963,13.747033119201639,33.4593505859375,31.451358795166016
118.51205921173096,21.672934532165506,32.742088317871094,31.977378845214844
105.46713447570801,26.243233680725076,31.572736740112305,26.946643829345703
100.34137344360352,28.228781700134263,29.70292854309082,25.625091552734375
104.74521827697754,25.348487854003892,29.354948043823242,26.55848503112793
121.45251560211182,25.64652347564696,31.459747314453125,26.730663299560547
140.800461769104,26.398024559020982,32.32704162597656,30.38360595703125
160.99297904968262,25.011794090270982,31.351110458374023,29.695030212402344
180.6371030807495,25.966878890991204,31.275081634521484,30.37137794494629
201.24602508544922,26.350834846496575,31.477449417114258,29.66360092163086
223.1148443222046,25.968772888183594,30.46396255493164,28.764272689819336
244.06794261932373,25.270012855529785,30.176677703857422,28.393779754638672
265.52517318725586,24.301849365234375,30.11972999572754,29.515859603881836
283.1766757965088,23.343323707580566,30.915647506713867,30.522220611572266
303.1366491317749,28.751842498779304,31.550724029541016,29.971860885620117
316.7810688018799,29.804347991943366,28.245267868041992,29.117712020874023
327.79304790496826,31.998562812805183,27.941204071044922,27.421833038330078
337.28936195373535,32.43231964111329,28.408872604370117,27.94007682800293
346.3299798965454,32.930001258850105,28.780120849609375,29.955730438232422
360.6485319137573,36.78923130035401,28.69649887084961,28.043437957763665
379.93078422546387,38.5833158493042,29.210195541381836,28.825973510742188
396.42369270324707,38.875114440917976,28.46619987487793,29.44946861267089
412.23181438446045,44.64260292053223,27.903301239013672,25.950502395629883
427.95128631591797,50.04202461242676,23.04466438293457,28.441843032836914
446.3099031448364,51.47290611267089,26.58702850341797,21.718843460083015
458.6477918624878,52.303791999816895,25.611408233642578,23.199039459228516
442.55309867858887,32.58570003509521,20.71611976623535,38.10151672363282
435.73442363739014,8.203618049621582,37.09043884277344,43.6177864074707
400.8502264022827,0,94.63178253173828,37.59228038787842
347.385458946228,0,116.5286636352539,47.683089733123765
348.1337366104126,101.18576216697693,36.321292877197266,38.4721794128418
348.88103771209717,102.25126242637634,32.74835205078125,33.459266662597656
345.4839506149292,100.59881949424744,31.22845458984375,31.612960815429688
345.8350009918213,96.75604605674744,30.504228591918945,31.92815399169922
338.0867033004761,91.73676466941833,31.0108642578125,32.43330001831055
328.7194128036499,85.0078752040863,30.960540771484375,31.593891143798828
323.43257427215576,73.83215308189392,29.700820922851562,32.39811706542969
318.4933395385742,68.38159918785095,29.320615768432617,30.491119384765625
317.7282133102417,63.89174151420593,28.60938262939453,30.84861946105957
314.11390495300293,61.64879584312439,29.30394172668457,29.46074676513672
311.5334806442261,58.39564871788025,28.624305725097656,29.01573944091797
306.7474889755249,54.53942847251892,28.085533142089844,28.206436157226562
302.84807205200195,51.66422247886658,27.753087997436523,27.04174041748047
312.0098524093628,52.57350420951843,28.22321319580078,28.681215286254883
326.0927209854126,54.87559485435486,28.68777084350586,27.97821807861328
336.487509727478,58.03301692008972,29.709381103515625,28.70503044128418
345.3769073486328,60.58402895927429,29.312406539916992,28.498666763305664
352.2251195907593,62.14761424064636,29.44281005859375,28.4849910736084
359.1728048324585,63.64205718040466,29.124298095703125,29.483989715576172
365.690411567688,60.846139669418335,29.90921401977539,30.749515533447266
369.72519302368164,55.17802405357361,29.97334861755371,30.853179931640625
374.78825855255127,50.21532607078552,30.514240264892578,31.079692840576172
376.3968458175659,48.937705755233765,31.35631561279297,31.645103454589844
372.7426652908325,47.53821349143982,32.73196029663086,32.78542709350586
373.7682466506958,46.74277663230896,32.71613693237305,33.936588287353516
378.5674800872803,51.38170027732849,31.8331241607666,33.005558013916016
378.6644277572632,56.61559462547302,32.572731018066406,35.1738166809082
374.4310235977173,61.83901381492615,33.50008010864258,33.22719192504883
370.75794506073,70.03183341026306,34.410743713378906,36.07258605957031
369.4963483810425,79.59048628807068,35.618202209472656,36.43277359008789
366.75558948516846,88.26800322532654,35.7866096496582,36.54848861694336
365.5176782608032,97.46261191368103,35.31113815307617,37.02024841308594
361.1319417953491,107.46220183372498,36.38409423828125,37.3127555847168
360.80612659454346,117.95226073265076,36.58206558227539,37.392635345458984
362.8120183944702,126.36759543418884,37.084197998046875,38.789703369140625
365.6019239425659,132.26461958885193,36.88683319091797,37.80241775512695
368.3562231063843,135.60087370872498,36.86834716796875,39.006221771240234
369.2595090866089,135.2498071193695,36.95409393310547,36.91880416870117
368.3056535720825,135.10070776939392,38.14955520629883,39.94420623779297
372.33282375335693,134.48402762413025,39.26690673828125,38.82872009277344
379.74732303619385,137.24452185630798,40.11872482299805,39.554161071777344
391.4934244155884,139.74322485923767,41.01432418823242,41.15642547607422
401.2603826522827,141.2816731929779,40.778106689453125,41.232177734375
408.5175485610962,142.19093108177185,40.09037399291992,40.94712448120117
411.0252847671509,141.32567191123962,43.683773040771484,44.29388427734375
414.5818567276001,141.6007421016693,46.80898666381836,48.56159973144531
423.3326025009155,143.9580819606781,48.826568603515625,49.28547286987305
433.2430200576782,165.63609290122986,48.822200775146484,39.58769989013672
441.26827907562256,112.78847479820251,28.921432495117188,89.68573760986328
444.46876430511475,82.87472128868103,60.69877624511719,59.586639404296875
416.6269178390503,58.253509283065796,94.2620620727539,96.77770233154297
482.5477113723755,163.47743201255798,63.04379653930664,64.8308334350586
499.25776767730713,166.70988249778748,56.712642669677734,55.87405014038086
500.02151012420654,152.7277066707611,71.92650604248047,75.89307403564453
533.9463529586792,180.5790822505951,50.536537170410156,54.31504821777344
534.2597150802612,174.07680487632751,62.55396270751953,63.928245544433594
447.5696783065796,262.49744963645935,52.21189880371094,54.4605827331543
434.2872304916382,263.66406416893005,49.16267395019531,54.1257209777832
427.2178907394409,260.6452558040619,51.616737365722656,54.48432159423828
416.94387340545654,256.8575875759125,52.24427032470703,55.496089935302734
409.0258893966675,250.71751189231873,49.093772888183594,49.5208854675293
406.3159418106079,247.69133734703064,47.86222457885742,48.98638153076172
411.56507205963135,235.4236295223236,47.71952438354492,48.864845275878906
415.97845554351807,221.5232274532318,46.612850189208984,48.93775939941406
423.4901399612427,208.51015067100525,47.96780776977539,52.288543701171875
425.7914228439331,195.834459066391,50.967063903808594,53.83354568481445
427.4939603805542,184.98170828819275,47.529335021972656,50.55885314941406
426.8547258377075,174.6556375026703,42.56247329711914,45.31223678588867
426.91089725494385,170.74989867210388,45.15029525756836,49.9286003112793
427.2679719924927,172.54048323631287,47.666080474853516,50.06180191040039
427.1182565689087,180.64806151390076,47.731807708740234,51.98141098022461
425.1017255783081,192.5896394252777,47.631858825683594,51.17714309692383
418.0996789932251,204.28585028648376,48.33871078491211,49.565223693847656
413.20316982269287,213.84216284751892,42.0556640625,45.06171417236328
408.44374561309814,218.61799788475037,42.99666213989258,44.22696304321289
408.3630075454712,219.93227171897888,42.069637298583984,43.86629867553711
409.06080532073975,220.7430989742279,41.83909606933594,41.03192138671875
405.494668006897,221.1495816707611,41.32212448120117,40.76575469970703
402.98484897613525,218.62801909446716,41.755001068115234,42.0704460144043
406.51129245758057,214.9097020626068,42.53176498413086,43.6243896484375
411.35654163360596,211.47742438316345,42.13846206665039,44.49250030517578
410.2625036239624,205.20421195030212,42.036651611328125,43.59880065917969
409.09211254119873,202.23894476890564,41.222557067871094,44.01593780517578
411.95552349090576,202.7170445919037,41.13874053955078,38.8687744140625
412.18641567230225,206.42620062828064,42.38545227050781,43.14020538330078
414.76478099823,207.46121764183044,41.080589294433594,41.24296188354492
416.5757169723511,209.16456389427185,40.627830505371094,40.5937614440918
418.06336879730225,207.54414343833923,40.84757995605469,39.755409240722656
421.39202785491943,202.28511023521423,42.027069091796875,42.595542907714844
429.5601530075073,194.76611304283142,40.432960510253906,45.580055236816406
440.31989192962646,189.45888304710388,46.22050476074219,49.40439987182617
446.6512041091919,185.4193799495697,49.43059158325195,50.36811065673828
448.51056575775146,177.13056349754333,50.794158935546875,54.10103225708008
449.3581876754761,164.55185103416443,51.300636291503906,56.45376968383789
440.8967390060425,92.60230231285095,38.18244171142578,42.474517822265625
434.9482946395874,151.50129866600037,42.82673645019531,42.24897384643555
430.2243947982788,140.54722571372986,40.69337463378906,40.67095947265625
425.12392139434814,134.6604630947113,41.10184097290039,41.420345306396484
421.32270336151123,136.06307578086853,42.46967315673828,43.553062438964844
420.5458917617798,138.24800276756287,40.91445541381836,40.82914352416992
419.6280870437622,139.98034262657166,40.605777740478516,39.220970153808594
425.6754140853882,142.700425863266,39.213623046875,38.266719818115234
436.1990728378296,147.50456595420837,45.61079406738281,50.153282165527344
447.16131114959717,147.91206526756287,49.782920837402344,50.04415512084961
473.0897855758667,78.45277953147888,39.29796600341797,40.190711975097656
440.8965654373169,20.9108464717865,36.62618637084961,38.95743179321289
401.17671489715576,0.19768023490905762,90.7273941040039,24.462690353393555
356.3120450973511,0,82.80541229248047,28.36333727836609
376.1516752243042,2.109052062034607,81.42597198486328,52.07562255859375
405.08209133148193,3.1971925497055054,125.20442199707031,32.36882400512695
444.2804899215698,28.738660216331482,76.49250030517578,89.96145629882812
423.5058927536011,18.789933562278748,120.6918716430664,105.82762908935547
554.1133089065552,154.39919412136078,56.1368293762207,46.875282287597656
546.2917375564575,191.39463937282562,60.79814529418945,62.862815856933594
466.0458860397339,139.6061738729477,82.23697662353516,36.04116439819336
560.9724760055542,136.06054437160492,43.96912384033203,46.821876525878906
571.4359750747681,135.3798784017563,49.69533920288086,50.1674919128418
643.095461845398,66.6233571767807,42.423484802246094,40.59952926635742
613.9466524124146,68.77761399745941,44.82460403442383,67.56468200683594
692.8409547805786,74.90683686733247,42.36250686645508,41.32337188720703
751.9479761123657,34.93809640407564,34.815731048583984,34.153324127197266
765.0027952194214,39.32994973659517,34.270652770996094,34.35715103149414
778.0079965591431,39.77200067043306,36.76911544799805,36.24888229370117
799.5929307937622,45.636792540550246,33.951175689697266,33.9343376159668
817.6519079208374,48.81902444362642,32.80644226074219,32.51039505004883
834.4968423843384,54.53903520107271,34.746944427490234,33.92033386230469
853.1556901931763,63.66247498989107,35.65748977661133,33.47278594970703
867.4510469436646,73.295422911644,32.269535064697266,33.01664352416992
870.818112373352,86.91145455837251,31.753559112548828,33.29385757446289
833.9580230712891,76.38280522823335,28.25736427307129,29.097410202026367
839.0622072219849,33.815427184104934,46.59242248535156,34.95390701293945
846.7579431533813,6.4825223684311055,54.549598693847656,51.60979080200195
856.9646692276001,1.0000432729721211,63.28411102294922,59.81594467163086
882.6125822067261,0,48.954288482666016,41.21075570583345
871.2540254592896,0,63.22998046875,54.389752089977264
889.6903047561646,0,49.19342041015625,27.971495002508163
920.682448387146,0.9340488165616989,42.779232025146484,24.232135772705078
885.0826978683472,0.6865846365690231,31.643165588378906,23.904523849487305
910.0636224746704,0.31523720920085907,29.755626678466797,20.48063850402832
903.8062477111816,23.67741315066815,28.14864158630371,28.471298217773438
907.3245992660522,54.42995373904705,42.19398498535156,28.57464599609375
931.5267305374146,63.67071644961834,42.09798049926758,37.4834098815918
928.1751108169556,112.47746388614178,48.118404388427734,40.65970993041992
913.4796590805054,148.54662434756756,75.12069702148438,40.087886810302734
975.9338083267212,100.87425534427166,60.783687591552734,57.965431213378906
1039.7151327133179,43.29028622806072,83.06253051757812,64.2973861694336
1053.0253133773804,2.0291568487882614,109.33111572265625,63.992496490478516
979.587119102478,2.200558826327324,145.1131591796875,58.341922760009766
1080.2232580184937,0,89.1673583984375,72.17597119510174
1105.6462354660034,0,66.42195892333984,54.394433580338955
1057.8705167770386,2.933762352913618,82.92046356201172,96.32549285888672
1131.629319190979,108.89446334168315,54.045040130615234,117.77530670166016
1137.975380897522,188.22848204895854,58.60639572143555,89.435302734375
1155.6206007003784,196.36414222046733,47.41706085205078,40.14548873901367
1169.5813512802124,204.68535498902202,35.69905090332031,34.60636520385742
1172.923378944397,213.6914813928306,35.8742790222168,34.64008712768555
1174.7223863601685,222.50047187134624,35.97470474243164,35.70573043823242
1173.4309377670288,229.9693706445396,38.88377380371094,36.68544387817383
1170.201563835144,230.5755718164146,39.78852081298828,37.06709671020508
1172.5530729293823,229.0134094171226,37.538734436035156,35.25889587402344
1172.2911291122437,220.92850379273295,36.73912048339844,34.98478317260742
1167.70858669281,212.5272262506187,36.951812744140625,35.65229797363281
1161.658595085144,201.4088886193931,37.05626678466797,37.17292404174805
1152.467791557312,191.6057517938316,40.000709533691406,38.972923278808594
1138.0779676437378,176.26261596009135,44.23223114013672,46.113433837890625
1117.3268423080444,174.36284331604838,50.45367431640625,54.65596008300781
1097.6889734268188,102.04789237305522,51.07291793823242,62.36765670776367
1095.3332414627075,167.39893416687846,39.864444732666016,41.57688903808594
1088.5448236465454,169.48316077515483,42.03034591674805,45.030216217041016
1087.3606462478638,168.92234114930034,43.56377029418945,43.63389587402344
1089.480191230774,164.65447882935405,40.024967193603516,41.97438430786133
1087.938021659851,161.94872741028666,43.698280334472656,40.56610870361328
1087.0896463394165,159.51956252381206,42.39103317260742,43.200897216796875
1091.4132738113403,155.02784041687846,43.24856948852539,43.6417236328125
1091.2879514694214,154.4441841058433,39.492225646972656,43.24488830566406
1100.160771369934,155.07559851929545,42.68523025512695,45.68178176879883
1102.428454399109,162.1714847497642,48.126686096191406,43.27653884887695
1067.2844686508179,173.67972449585795,39.780914306640625,46.433048248291016
1114.5495100021362,174.69669989868999,50.614051818847656,41.393863677978516
1127.9904890060425,160.3565318994224,41.829551696777344,49.04206466674805
1131.4479532241821,168.703572075814,41.26899337768555,43.559349060058594
1124.0131387710571,181.8329132013023,44.70356369018555,45.336143493652344
1122.7418279647827,191.05483512207866,46.474853515625,51.92902755737305
1122.0503854751587,200.47187880799174,47.2727165222168,61.594085693359375
1122.3641214370728,230.0639293603599,46.18229293823242,54.12803268432617
1124.4461069107056,237.30542830750346,44.94869613647461,54.40350341796875
1122.9158124923706,238.4030406884849,45.56031036376953,63.79780197143555
1080.9874811172485,217.03104094788432,50.69523239135742,47.654029846191406
1102.0375528335571,285.368517678231,49.45962142944336,45.2572135925293
1087.8221807479858,296.49267653748393,59.129852294921875,49.73114013671875
1094.5105085372925,312.9914539270103,57.437828063964844,50.80826187133789
1094.0863637924194,313.1836746148765,78.13092041015625,66.48523712158203
1049.445616722107,275.59422187134624,70.57197570800781,57.68526077270508
1003.7687559127808,280.44696502014995,65.83220672607422,66.8165054321289
945.8341283798218,275.1315315179527,82.97055053710938,63.89190673828125
1058.3816385269165,315.14183501526713,52.42255783081055,86.30989837646484
1047.409010887146,290.27277068421245,65.79084777832031,67.66631317138672
975.6396017074585,268.501538079232,65.46906280517578,57.13471221923828
890.8222799301147,284.53658751770854,77.06829071044922,65.1399917602539
917.1325063705444,266.61972502991557,97.41558074951172,87.5101547241211
873.1157445907593,384.5900810174644,119.4417495727539,92.04862976074219
816.9706983566284,358.45779494568706,179.37435913085938,173.77496337890625
655.9024457931519,435.9693763665855,342.53936767578125,136.17471313476562
580.3565320968628,73.54536513611674,199.07730102539062,267.742431640625
376.08230113983154,357.1375892572105,186.96054077148438,131.3919677734375
387.7557783126831,394.36767653748393,82.73602294921875,325.63232346251607
310.4443769454956,402.5375064816326,157.03076171875,254.20587158203125
254.64983654022217,401.9269870724529,205.38504028320312,316.9953918457031
404.73476696014404,379.5072635617107,127.30770874023438,336.4010009765625
349.0099744796753,398.4474033322185,128.15628051757812,310.5249328613281
242.39421367645264,377.2501605954021,217.3827362060547,84.02824401855469
166.64522075653076,257.54135932587087,114.35417175292969,126.56016540527344
194.03725719451904,401.8576988186687,240.93679809570312,48.498714447021484
239.4068784713745,393.3745082821697,227.57118225097656,57.81220245361328
462.72371196746826,270.2124866452068,97.86152648925781,144.02769470214844
369.5326452255249,106.11483802460134,89.08667755126953,161.49180603027344
376.4571866989136,48.956970592960715,88.54402160644531,186.4824981689453
369.10711574554443,64.62711753509939,95.75948333740234,110.09703826904297
442.9876661300659,7.556023022159934,165.30044555664062,87.3680419921875
376.8452558517456,33.199489971622825,99.42410278320312,78.79247283935547
445.71123790740967,0,129.79180908203125,64.08285178802907
357.65313625335693,72.57311458420008,93.10233306884766,96.2479019165039
346.19719219207764,68.91742534469813,100.72610473632812,109.51405334472656
337.5319929122925,176.67602367233485,116.38682556152344,94.16818237304688
321.64493465423584,70.86219615768641,127.20604705810547,141.156494140625
293.7836332321167,78.59919566940516,155.7657470703125,199.49786376953125
359.6904172897339,46.16288585495204,176.90060424804688,216.24371337890625
290.62397289276123,56.74565715622157,157.3168182373047,224.07029724121094
229.12563610076904,55.29960460495204,220.4872589111328,289.26678466796875
436.7862730026245,32.551603506319225,357.6549987792969,291.5412292480469
448.4187650680542,54.127836416475475,477.9027099609375,290.7945251464844
899.8883619308472,208.52885265182704,199.60609436035156,511.47114734817296
508.9926176071167,65.33550939476117,322.89703369140625,253.6846160888672
728.422610282898,0,377.33221435546875,182.136977290269
662.1548490524292,1.3546061988454312,400.1197509765625,209.63809204101562
627.7086057662964,0,491.0242004394531,158.0775752540212
729.3755521774292,0.7598340747645125,396.33056640625,195.4248504638672
1071.0218076705933,79.00152566411998,199.98495483398438,300.95721435546875
757.2200269699097,148.81972482183477,220.9738311767578,202.6453399658203
553.6790037155151,143.3159482715418,392.8132019042969,291.1492919921875
935.0032987594604,294.594314360409,224.18560791015625,413.4740295410157
1109.108286857605,77.38728311040904,170.7423553466797,283.7782287597656
928.5259428024292,221.1349027393153,147.83377075195312,224.91824340820312
969.2576246261597,316.4362027881434,207.73423767089844,231.76248168945312
1109.4020490646362,95.89048745611217,158.7962188720703,261.9171142578125
939.5842542648315,184.6350248096278,136.86695861816406,231.8399658203125
808.0190000534058,463.9559781787684,142.40005493164062,158.77215576171875
751.1470289230347,462.4206464526942,234.49928283691406,228.7488250732422
493.65776348114014,162.40053536870977,197.2774658203125,163.93528747558594
395.00102519989014,236.07897164800664,560.9569702148438,128.1811981201172
290.24787425994873,5.721244597225393,222.5429229736328,226.6964569091797
243.6041135787964,204.1374356982996,234.2236328125,148.24053955078125
208.3145399093628,206.23812081792852,223.1589813232422,207.1368865966797
362.9345655441284,232.72930886724492,129.66221618652344,471.43649291992193
456.4785490036011,290.0387571094325,294.8299865722656,403.0173034667969
152.95015239715576,293.647277617245,321.1220703125,426.352722382755
429.05192852020264,205.62873829592718,486.15362548828125,479.4800109863281
730.004382133484,190.25387562502885,371.44671630859364,510.216064453125
917.4280195236206,221.49395741213823,253.5907745361328,498.02081298828125
457.36287212371826,264.27970875491167,552.3645629882812,455.72029124508833
132.45903301239014,185.50922388429177,539.30419921875,490.65261840820307
438.00895977020264,9.824760383315152,720.4482421875,308.22674560546875
139.4189176559447,250.08420557374473,487.2263488769531,437.2225036621094
