368.0,428.0,19.0,19.0
349.5518798828125,426.3585386276245,25.42022705078125,27.552522659301758
317.3085403442383,421.9873237609863,37.08076858520508,34.341796875
339.6323871612549,388.6448669433594,33.157989501953125,31.95763397216797
343.5061721801758,365.2103729248047,29.24905776977539,31.873046875
345.84444427490234,375.6185817718506,27.04703140258789,24.985065460205078
345.9210605621338,371.2314262390137,31.896514892578125,26.98577880859375
358.35375118255615,367.45974349975586,28.781896591186523,31.223663330078125
360.56511211395264,363.2364835739136,31.675992965698242,28.613054275512695
377.00264263153076,361.6045255661011,30.182035446166992,31.050844192504883
346.0121793746948,385.191668510437,25.790307998657227,29.81639289855957
336.850061416626,388.6307792663574,35.30775833129883,32.19480895996094
325.6941204071045,345.93180084228516,33.7210578918457,35.19886016845703
281.2994108200073,366.73522758483887,30.137575149536133,30.340511322021484
263.3749408721924,333.12658405303955,21.14858627319336,21.6571102142334
243.50090980529785,366.5984220504761,19.191513061523438,15.631143569946289
252.35151290893555,368.72866344451904,23.73311996459961,24.333215713500977
264.000057220459,336.82564544677734,17.376049041748047,18.24798583984375
266.2704749107361,334.08465480804443,14.987488746643066,16.341005325317383
269.19936513900757,334.10257148742676,12.122849464416504,12.956573486328125
268.3207507133484,335.7352604866028,11.993256568908691,11.433806419372559
269.33614110946655,334.36837911605835,11.862614631652832,11.601853370666504
267.7487072944641,334.07148790359497,11.289473533630371,11.758883476257324
267.6558256149292,337.89906215667725,11.729833602905273,10.975004196166992
268.21232318878174,337.40044260025024,11.348676681518555,11.749686241149902
268.37096309661865,337.50754499435425,11.782854080200195,11.674084663391113
267.28863525390625,335.4216408729553,11.405570983886719,11.614222526550293
268.09493494033813,335.0787992477417,10.875758171081543,10.549932479858398
266.9743537902832,334.7318277359009,11.406768798828125,11.584371566772461
267.52363777160645,334.78846073150635,11.46417236328125,11.150445938110352
269.4282479286194,336.3405900001526,11.286375999450684,10.377612113952637
268.18640422821045,335.91664838790894,11.585794448852539,10.987359046936035
268.1230754852295,336.671941280365,12.16446304321289,11.304028511047363
269.1380982398987,337.1190872192383,11.65222454071045,11.91574478149414
270.24471616744995,336.22927808761597,11.902657508850098,11.749737739562988
270.2571449279785,334.34379148483276,11.08193588256836,11.728611946105957
269.59834814071655,335.6114740371704,11.384861946105957,12.019315719604492
270.1344771385193,336.51716136932373,11.629353523254395,11.923391342163086
270.72133922576904,336.7180404663086,11.498048782348633,11.63095474243164
270.38241386413574,338.06960582733154,10.795642852783203,11.030393600463867
269.64299488067627,338.0230379104614,10.720315933227539,11.606504440307617
269.6220803260803,337.5119152069092,11.390666007995605,11.500358581542969
268.66746377944946,338.1427845954895,12.275256156921387,11.485541343688965
268.92135286331177,337.3720359802246,11.284361839294434,11.397598266601562
268.27028131484985,338.10159063339233,10.52310848236084,10.667256355285645
268.56023931503296,337.6566128730774,10.823491096496582,10.315245628356934
268.4523358345032,337.59497928619385,11.65046215057373,10.691137313842773
268.8917284011841,338.78925466537476,11.211099624633789,12.198498725891113
268.75666522979736,338.9906005859375,11.76536750793457,11.818134307861328
268.54137897491455,339.1343059539795,11.087804794311523,11.667953491210938
269.0929217338562,339.2165684700012,11.467759132385254,11.552912712097168
269.07212591171265,340.0556335449219,11.578831672668457,12.170120239257812
267.86592388153076,339.91845417022705,12.476015090942383,12.20423698425293
268.8643226623535,338.5857696533203,12.282054901123047,11.953250885009766
268.63267183303833,338.82376527786255,11.296992301940918,12.30069637298584
267.85521507263184,338.313148021698,12.000839233398438,12.479241371154785
269.3810510635376,339.6865167617798,12.179182052612305,12.677915573120117
271.32035779953003,341.14646100997925,10.484673500061035,12.283020973205566
268.7868900299072,342.5440649986267,11.573600769042969,10.452343940734863
269.6301245689392,342.35529136657715,11.588345527648926,11.190731048583984
270.53354501724243,343.7196726799011,10.457751274108887,10.11119556427002
270.823832988739,342.8590307235718,10,10
270.2442603111267,342.5802059173584,10,10.046014785766602
270.456063747406,343.1048240661621,10,10
270.2098345756531,342.9042983055115,10,10.205578804016113
267.186972618103,342.83478355407715,11.775830268859863,10.855049133300781
267.304979801178,343.571825504303,12.069669723510742,11.42786693572998
267.30655241012573,344.57294511795044,10.310844421386719,11.072402000427246
267.49290657043457,344.5018162727356,10.54712963104248,10.84791088104248
266.704993724823,344.3551125526428,11.374191284179688,11.281023979187012
264.4180335998535,342.98187255859375,12.23319149017334,11.79636001586914
264.5507311820984,344.0468716621399,12.896800994873047,12.403590202331543
264.79401540756226,343.365047454834,12.94516372680664,12.218822479248047
265.3023829460144,342.679563999176,12.928401947021484,13.420123100280762
263.97066164016724,343.3443512916565,11.956254959106445,12.692858695983887
264.35848808288574,344.70221996307373,12.316332817077637,12.346315383911133
264.7931852340698,345.29170513153076,11.195351600646973,11.685148239135742
264.68701791763306,345.6028628349304,10.959428787231445,10.950425148010254
265.09769773483276,345.7970428466797,11.134014129638672,11.221885681152344
262.77126026153564,344.99560832977295,12.581109046936035,12.063199996948242
262.9919328689575,345.6379585266113,12.616440773010254,11.833431243896484
262.47269105911255,345.98161029815674,12.352094650268555,12.130788803100586
263.319607257843,346.9396514892578,11.59312629699707,11.415473937988281
262.891489982605,345.90180921554565,11.77038288116455,12.956860542297363
264.1042995452881,348.58427000045776,11.52839183807373,11.359570503234863
264.6298632621765,348.4759340286255,11.083431243896484,11.385705947875977
262.4341335296631,346.33498668670654,11.216708183288574,11.554052352905273
263.49563217163086,347.88569736480713,10.699969291687012,10.722875595092773
264.1452097892761,345.81453371047974,11.03786849975586,10.559161186218262
263.54510498046875,345.97892713546753,11.038397789001465,11.169754981994629
262.7697501182556,347.3162932395935,12.374576568603516,12.399273872375488
263.19199228286743,346.87073040008545,12.324102401733398,11.863447189331055
263.2729744911194,346.9387412071228,12.146394729614258,11.580471992492676
263.01288509368896,346.6849160194397,12.457783699035645,12.73755168914795
261.9506320953369,346.93277645111084,12.998644828796387,12.449148178100586
262.0842971801758,346.7432084083557,12.87769603729248,11.410262107849121
261.9538679122925,348.6010398864746,11.034562110900879,10.580440521240234
262.4808974266052,349.4237847328186,11.75937271118164,11.51660442352295
260.77140045166016,349.2383518218994,11.591010093688965,11.445060729980469
260.1002359390259,350.207417011261,12.0283784866333,11.908686637878418
258.77592754364014,351.8076148033142,12.451592445373535,11.292973518371582
246.16227769851685,367.8554472923279,19.993518829345703,12.738781929016113
225.7215666770935,353.6192054748535,17.258399963378906,22.744083404541016
211.36030340194702,381.694411277771,23.946075439453125,22.565031051635742
192.71110773086548,370.2381134033203,17.177995681762695,18.410274505615234
193.4628562927246,373.59301567077637,13.910666465759277,12.474479675292969
173.975688457489,371.4282560348511,16.276779174804688,17.398778915405273
194.27577352523804,367.2826862335205,18.17752456665039,21.81615447998047
193.38923597335815,369.2648916244507,16.74138641357422,18.147367477416992
194.4544529914856,375.1543836593628,13.70014762878418,13.66291618347168
192.55920934677124,393.1836824417114,16.032485961914062,16.089082717895508
189.84134149551392,371.41990756988525,18.54726219177246,20.29932975769043
192.40526342391968,373.7087435722351,15.334373474121094,15.230805397033691
169.18063879013062,376.88374423980713,18.893108367919922,20.388029098510742
191.03413820266724,370.4792079925537,21.58382225036621,24.773014068603516
192.72523736953735,373.7950744628906,16.94162940979004,18.52606964111328
192.74197721481323,377.4175457954407,14.084175109863281,13.474783897399902
171.9221568107605,375.2954902648926,18.17491912841797,17.509857177734375
189.67823362350464,368.44202613830566,23.50634765625,25.49526596069336
192.28715562820435,376.1568193435669,26.75959587097168,23.597021102905273
223.02184915542603,359.9874038696289,21.116121292114258,28.107215881347656
256.6326060295105,357.3293857574463,16.8409423828125,15.90536117553711
251.19913339614868,370.4140672683716,20.905725479125977,23.716337203979492
227.0333743095398,367.9193048477173,25.53314208984375,28.67702293395996
255.94963884353638,353.4417667388916,19.8808650970459,19.710216522216797
250.8469786643982,367.5281915664673,21.788394927978516,24.954336166381836
256.8815369606018,355.5059652328491,17.250024795532227,17.95931053161621
252.27963495254517,369.25866889953613,19.966211318969727,22.214889526367188
255.34070777893066,352.82209825515747,15.799601554870605,15.93619441986084
256.1118903160095,354.30410957336426,14.262889862060547,13.824787139892578
247.70193147659302,368.027400970459,21.0297794342041,18.95465087890625
236.93284845352173,379.3466272354126,23.921804428100586,21.0698299407959
254.36742162704468,352.12419033050537,16.536354064941406,16.739513397216797
248.5056118965149,369.89717864990234,20.627824783325195,19.67270851135254
255.0791940689087,352.43800354003906,15.660881996154785,16.55174446105957
242.7075047492981,368.525484085083,24.197423934936523,20.766996383666992
253.79076719284058,350.83903789520264,16.024337768554688,17.37914276123047
245.88544034957886,368.1142749786377,20.604679107666016,21.52054786682129
247.98344087600708,370.58366775512695,22.2670841217041,25.992094039916992
251.4153027534485,350.6038808822632,16.902910232543945,16.72037124633789
247.98716592788696,369.5076484680176,17.0145206451416,17.853403091430664
222.50703954696655,361.9497241973877,18.947559356689453,22.79949378967285
210.61744928359985,384.43983364105225,24.001901626586914,24.09417724609375
186.8782343864441,363.8077335357666,20.46068572998047,22.699560165405273
194.2945113182068,377.05916118621826,21.977031707763672,20.656681060791016
206.5380415916443,382.4163341522217,23.126415252685547,24.197729110717773
186.61146211624146,362.294415473938,20.056596755981445,23.924514770507812
193.60800695419312,349.599027633667,21.329269409179688,23.916845321655273
163.20870351791382,368.16874504089355,21.223451614379883,24.5023250579834
188.48288679122925,361.02224922180176,22.90480613708496,23.694570541381836
182.89437627792358,360.53807830810547,22.116113662719727,24.32622718811035
186.41140794754028,364.26747608184814,16.648998260498047,17.849822998046875
186.22902917861938,367.48304986953735,14.152503967285156,14.247159004211426
164.8444447517395,367.5055046081543,19.28126335144043,17.056493759155273
164.70134210586548,384.382266998291,20.6140079498291,21.005369186401367
184.92363214492798,365.7222890853882,27.20780372619629,24.87125015258789
184.61790990829468,357.72067165374756,22.47433853149414,27.443836212158203
178.10976362228394,365.28495025634766,25.06525421142578,25.00651741027832
183.1202359199524,357.9285135269165,22.423627853393555,26.12897491455078
181.4044861793518,350.426739692688,23.257516860961914,28.77088165283203
182.43301343917847,365.4043254852295,32.71869659423828,29.135671615600586
183.76857900619507,346.92816257476807,29.69131851196289,36.199989318847656
194.00631093978882,345.9085569381714,42.65462112426758,34.79066848754883
156.35807275772095,362.42609882354736,23.435251235961914,20.657485961914062
124.94885587692261,366.33737087249756,23.634902954101562,23.243045806884766
102.14794111251831,364.3321256637573,26.855098724365234,20.843692779541016
91.829092502594,365.63003158569336,28.150114059448242,23.9600772857666
68.8932032585144,363.44800567626953,39.49838638305664,23.917360305786133
95.75553464889526,369.69013500213623,34.01377487182617,34.24314498901367
51.817354679107666,345.33221340179443,30.8873233795166,29.00606918334961
49.91581678390503,349.44385623931885,28.237754821777344,32.261390686035156
46.59090757369995,365.46719551086426,23.559425354003906,25.284582138061523
52.58486795425414,348.2240056991577,21.30706977844239,22.292293548583984
20.354057788848877,364.3343734741211,24.43023109436035,25.18570899963379
0,350.99381256103516,16.69925355911255,18.772600173950195
25.102079153060913,365.3884382247925,14.594780921936035,17.040851593017578
15.430659532546997,381.9975929260254,19.70574378967285,18.038644790649414
33.736921548843384,385.1638469696045,20.905681610107422,23.418386459350586
20.182188272476196,406.62891960144043,25.766117095947266,26.60030174255371
21.681969881057746,368.0388078689575,22.035749435424805,34.50243377685547
53.02028584480286,348.2871618270874,20.919176101684563,22.920330047607422
22.139006853103638,361.08827686309814,24.25873374938965,22.836219787597656
0,348.8921003341675,19.83069634437561,31.995044708251953
25.804898381233215,359.04014778137207,15.484312057495117,20.513357162475586
17.042210698127747,379.8426523208618,23.244218826293945,18.60460662841797
10.123163342475891,391.5252809524536,22.044601440429688,25.53417205810547
10.644347310066223,391.5412607192993,28.1126766204834,32.340370178222656
42.37449657917023,365.4538526535034,35.548648834228516,32.399845123291016
41.516674160957336,346.6958532333374,35.19301986694336,45.14226150512695
45.04813587665558,359.1353368759155,30.619186401367188,34.23823928833008
74.08441174030304,383.9745225906372,35.3853645324707,27.73247528076172
45.48968327045441,346.4303731918335,25.389827728271484,33.58176040649414
43.07413113117219,345.11488342285156,26.004043579101555,28.092844009399414
52.372081875801086,362.43928146362305,26.408706665039062,26.728853225708008
57.03528034687042,379.40501594543457,28.03457260131836,22.862585067749023
76.57232201099396,365.25361919403076,27.253259658813477,20.765941619873047
94.30504238605499,382.44724559783936,32.043251037597656,28.611370086669922
87.74108135700226,362.94184398651123,26.73687744140625,22.949466705322266
55.485554814338684,341.3111877441406,23.31829261779785,24.924448013305664
23.948123574256897,356.1577444076538,15.504410743713379,20.089252471923828
0,344.1557197570801,14.472513318061829,17.006982803344727
0,343.238862991333,15.235134184360504,18.840383529663086
23.01155760884285,361.9110760688782,12.704267501831055,14.675171852111816
26.361070662736893,367.05702114105225,23.454200744628906,19.932575225830078
34.257026702165604,380.8520212173462,23.203983306884766,21.647193908691406
32.30749323964119,378.08531284332275,24.106605529785156,23.061370849609375
49.897072821855545,364.44687366485596,25.21409797668457,21.59510040283203
42.92915824055672,359.97592544555664,22.925920486450195,26.69487953186035
48.560303717851646,339.5462923049927,23.295770645141594,28.483821868896484
50.09416010975838,340.1524143218994,18.162559509277344,19.219682693481445
50.32402613759041,362.6809844970703,24.348220825195312,23.020124435424805
50.83280757069588,378.6348485946655,28.537277221679688,20.066513061523438
42.9653015434742,356.6311435699463,25.45150375366211,25.80230140686035
49.056569129228585,336.06907844543457,22.085969924926765,26.610017776489258
45.71330550312996,335.4345893859863,23.210241317749023,27.467763900756836
55.855711966753006,366.78218936920166,26.551755905151367,24.703136444091797
86.63182166218758,378.20233726501465,30.95627784729004,28.680025100708008
61.22343352437019,365.807409286499,22.057706832885742,20.196359634399414
50.223563224077225,384.0933151245117,24.239652633666992,23.08985710144043
19.00564482808113,370.52281761169434,26.399045944213867,28.777681350708008
33.017468482255936,386.08501720428467,25.750810623168945,26.91266632080078
0,369.0212697982788,21.215233832597733,30.928749084472656
0,385.1453046798706,29.10769607126712,29.22918701171875
0.02120567113161087,361.9120931625366,37.61518096923828,33.18791961669922
49.95738387852907,331.7926187515259,32.040950775146484,38.0865592956543
48.78541065007448,321.49828243255615,30.336633682250977,34.119911193847656
48.23952842503786,315.916953086853,33.24089813232422,34.53253173828125
45.72369933873415,313.4945650100708,34.18918228149414,34.84250259399414
45.42011619359255,309.039345741272,34.34076690673828,38.91726303100586
48.61148238927126,300.12522983551025,32.65970993041992,39.28586959838867
48.88875366002321,297.81205654144287,32.15227127075195,33.99981689453125
51.46082282811403,296.48198795318604,32.047607421875,33.36111068725586
53.971938855946064,292.0870065689087,32.51806640625,38.950199127197266
54.719216115772724,289.61947536468506,31.71516227722168,37.710777282714844
52.52474380284548,283.79704189300537,30.55044174194336,39.08470916748047
51.04064727574587,280.3203344345093,29.165393829345703,32.879150390625
49.363303907215595,278.68327808380127,31.869766235351562,32.162784576416016
48.850717313587666,276.4733057022095,32.50300216674805,32.04623031616211
55.32339835911989,277.88095569610596,29.38353729248047,31.126758575439453
55.982919462025166,268.087140083313,30.12588119506836,35.53416061401367
55.31571460515261,259.1948881149292,29.9587345123291,34.928192138671875
53.373120076954365,251.7862424850464,31.06813621520996,34.75861358642578
49.23755622655153,239.95425510406494,33.13581085205078,36.99985885620117
47.25378204137087,233.25923442840576,33.8366813659668,39.86260223388672
49.75752807408571,234.477858543396,31.68160629272461,33.88468933105469
47.71661353856325,236.95262050628662,33.074440002441406,32.5634765625
47.00933814793825,237.08895206451416,30.92560577392578,34.43745040893555
43.48106551915407,237.66085720062256,30.686573028564453,34.795562744140625
42.90993095189333,233.4038496017456,34.540008544921875,32.70738220214844
42.004091031849384,235.33398532867432,31.519397735595703,34.219058990478516
42.52679897099733,235.58227062225342,31.971494674682617,34.316619873046875
40.79083038121462,235.11894130706787,34.359188079833984,34.85900115966797
41.6514947488904,234.72689723968506,33.873409271240234,34.761390686035156
40.84508014470339,236.45914363861084,30.966493606567383,37.499778747558594
34.1879994943738,228.5567808151245,38.014892578125,36.908180236816406
38.516956098377705,234.57656383514404,34.50372314453125,39.70085906982422
35.55810333043337,233.16108417510986,36.262569427490234,41.31718826293945
39.40604759007692,238.8720998764038,35.007049560546875,40.67674255371094
44.37221313267946,243.34362506866455,33.43183517456055,36.885440826416016
44.366294629871845,244.07948207855225,32.788352966308594,38.00648498535156
37.515926130115986,247.86512088775635,42.16444396972656,42.533504486083984
37.46731925755739,242.5987901687622,43.602447509765625,45.964847564697266
41.64892936497927,242.18195056915283,44.03590393066406,47.803775787353516
45.25678230077028,250.04138469696045,34.773231506347656,39.46466827392578
47.60397697240114,254.22712993621826,32.49198913574219,38.001487731933594
46.745689161121845,252.6238718032837,32.684532165527344,35.37685775756836
44.01773048192263,252.2873067855835,35.077980041503906,35.14564514160156
43.4097955301404,255.6705904006958,38.977596282958984,43.37770462036133
39.99580932408571,251.9390687942505,40.94645309448242,44.106998443603516
39.74485183507204,254.06033420562744,35.88896560668945,40.651424407958984
35.572328336536884,252.2434949874878,39.92276382446289,40.297401428222656
40.919904477894306,254.7694616317749,35.68081283569336,36.93336486816406
35.74896598607302,253.3948221206665,40.43791198730469,39.46737289428711
36.67950416356325,255.4121904373169,36.82129669189453,34.04312515258789
36.532899625599384,256.3237142562866,34.80299758911133,35.00914001464844
