307.0,457.0,68.0,83.0
316.30904388427734,448.7857131958008,65.05479431152344,57.24592590332031
313.04964447021484,436.8581085205078,100.16581726074219,57.29148864746094
275.3360137939453,430.80064582824707,83.95608520507812,49.3935661315918
258.86025619506836,424.96240615844727,86.76583099365234,79.41922760009766
291.3372173309326,442.2478942871094,63.8251838684082,50.33369445800781
296.9613914489746,442.61278343200684,58.225486755371094,54.26504898071289
300.548864364624,442.9931831359863,48.910343170166016,53.72631072998047
296.61327171325684,405.5741539001465,56.341251373291016,38.07283020019531
301.8856506347656,401.204496383667,45.82926940917969,33.934993743896484
321.6886787414551,391.132040977478,45.78711700439453,28.15703773498535
332.93683433532715,389.8607864379883,48.43690872192383,25.690345764160156
327.962495803833,391.10776710510254,49.16709518432617,24.712848663330078
367.4904079437256,391.54035472869873,39.92654800415039,31.419527053833008
387.9268283843994,413.03809356689453,35.41038131713867,56.88774871826172
378.42681884765625,433.1239242553711,39.89491271972656,66.25736236572266
401.84218406677246,447.7929992675781,40.06654739379883,56.69255828857422
459.79331970214844,438.5737648010254,31.63104248046875,117.15150451660156
426.76758193969727,409.1917495727539,78.44979095458984,84.4222640991211
435.77684783935547,460.38287353515625,128.6208038330078,82.48819732666016
450.60103607177734,439.51485443115234,136.43858337402344,85.33123016357422
466.38391494750977,429.8055877685547,109.08061981201172,99.88883209228516
448.6006050109863,462.4109230041504,125.70858001708984,78.60955810546875
413.9739761352539,474.03998947143555,145.51939392089844,89.69352722167969
425.65843963623047,498.27445220947266,167.0825958251953,89.57634735107422
415.0287551879883,529.0270538330078,143.4901580810547,89.38822174072266
415.07654571533203,554.0095405578613,131.0063018798828,80.97183227539062
405.6126174926758,548.7898559570312,148.6957244873047,91.85370635986328
432.7345657348633,555.7609367370605,121.11787414550781,84.95991516113281
386.4106979370117,564.9558715820312,139.01158142089844,96.06632232666016
408.28855895996094,584.3739356994629,123.843994140625,84.38284301757812
549.6292629241943,493.43060302734375,57.08012771606445,100.50965118408203
523.8033828735352,493.72735023498535,50.325164794921875,58.03029251098633
440.48655891418457,544.7670249938965,61.437164306640625,54.34962463378906
389.85418128967285,619.5823917388916,88.65794372558594,52.3012580871582
333.62911796569824,511.9659080505371,67.9938735961914,130.12277221679688
431.03747367858887,523.2886657714844,92.73697662353516,95.2101058959961
442.85716819763184,561.3901748657227,103.29998016357422,85.86402130126953
446.60423851013184,620.3033676147461,108.9217758178711,84.4330825805664
456.13922691345215,542.818431854248,79.52104949951172,252.6326904296875
412.816614151001,471.71387100219727,149.65394592285156,135.13160705566406
408.96424293518066,433.41442489624023,143.15061950683594,159.76657104492188
495.60240364074707,324.2105522155762,131.79324340820312,159.42758178710938
623.2080593109131,119.49479293823242,96.79194068908691,228.69085693359375
538.6828031539917,342.12572860717773,168.05552673339844,181.40676879882812
544.2664136886597,324.6455497741699,175.73358631134033,227.20611572265625
483.87367010116577,286.05868911743164,236.12632989883423,226.9895782470703
599.4529445171356,22.54121017456049,120.54705548286438,342.9139404296875
610.2976316213608,7.1046409606933025,109.70236837863922,311.3659973144531
437.5466505885124,285.56254196166987,145.21107482910156,181.03857421875
518.8109404444695,50.704013824462834,163.07122802734375,249.09942626953125
416.94883412122726,0,279.7226867675781,209.79636764526362
329.60612171888346,1.6092586517332848,262.98703002929693,256.6573791503906
284.7920805811882,12.695989608764535,262.44146728515625,299.4258117675781
369.9320647120476,15.981573104858285,306.507080078125,289.0820617675781
396.5283324122429,91.25462913513172,308.9838562011719,271.87933349609375
452.87051075696945,64.57958030700672,265.43829345703125,357.99981689453125
428.64472645521164,88.20219993591297,266.4633483886719,407.40399169921875
9.390850722789764,531.7507915496825,466.0744934082031,226.5214080810547
393.145794570446,289.507131576538,320.3778381347656,281.49493408203125
437.595501601696,134.87811851501453,280.8053283691406,343.0669250488281
442.3290373682976,105.51274681091297,272.4046630859375,275.88177490234375
488.664219558239,74.39246177673328,230.3534393310547,257.4181213378906
489.51694935560226,25.26016807556141,225.64181518554688,372.5997009277344
499.53291004896164,13.103033065795785,215.50454711914062,373.3645324707031
497.7467238306999,34.417119979858285,210.68141174316406,351.7055969238281
452.5391203761101,4.225973129272347,261.66741943359375,314.3875732421875
417.1591917872429,26.276815414428597,294.4955139160156,359.2919921875
393.9268919825554,0,326.0731080174446,404.5289363861083
478.18569788336754,0,241.81430211663246,415.4639768600464
508.14819256961346,3.174447536468506,210.34121704101562,377.3130798339844
169.14555279910564,107.9718565940857,412.08538818359375,545.6121826171875
82.4755698889494,661.1416716575623,548.5220336914062,381.7893981933594
82.43485943973053,698.3841490745543,508.79840087890625,325.39892578125
6.886443302035218,714.597451686859,412.1517028808594,298.0952453613281
0.6894065588711555,615.8657164573668,413.9146728515625,420.1185302734376
0,570.7950530052185,368.3396140784024,450.1679382324219
228.29723318666197,981.6531004905701,489.2038879394531,298.34689950942993
173.11014517396666,812.1603057384491,409.01104736328125,380.6452331542969
185.20593985170103,838.61243891716,522.1248779296875,388.884521484375
91.66825064271677,873.821652173996,616.4215698242188,406.178347826004
0,542.5804427862167,375.0772930011152,484.01171875
258.65758876129985,296.0584853887558,393.2975158691406,377.9672546386719
455.88434962555766,13.62417447566986,262.798095703125,644.6762084960938
388.3105123452842,38.98501431941986,318.8755798339844,628.8079223632812
21.060588639229536,313.30627286434174,671.3350219726562,546.1932373046875
0,644.6155380010605,615.3390005044639,408.72265625
38.82657422684133,615.2928756475449,514.0789184570312,421.84246826171875
95.19753064773977,610.260206580162,301.0789489746094,409.0033874511719
1.387960335239768,656.5578292608261,401.4915466308594,356.86676025390625
0,635.3097366094589,317.34244336746633,397.6036682128906
67.25526709388942,709.6000808477402,614.9342041015625,340.2784729003906
18.49473852943629,540.9043258428574,358.08026123046875,634.4196166992188
0.9438504679128528,304.23803555965424,411.0890197753906,399.0030517578125
512.18120093178,100.27630460262299,207.81879906821996,1056.57666015625
0,303.57421720027924,244.54847094928846,724.1805419921875
0.4846236582379788,291.0246261358261,520.42529296875,494.34698486328125
1.0007064219099675,292.9106124639512,717.7337036132812,546.6675415039062
0,671.874922156334,549.5916793223006,360.8116760253905
8.810961121111404,645.5142043828965,454.8049621582031,284.3685607910156
450.7303489384942,418.75292813777935,269.2696510615058,567.414794921875
15.024506744637847,652.7107070684435,447.470947265625,362.9837341308594
12.933121856942535,298.9938338994982,458.6870422363281,659.1903076171875
9.449311432137847,279.9719833135607,670.6270751953125,573.1473388671875
0,592.5539382696154,684.8506175844816,451.1096496582031
81.18254145825642,500.4424575567248,609.0621948242188,461.5997009277344
0,600.0491470098498,523.6655126496627,442.3101501464844
0,553.3438552618029,448.6021655045188,466.8575744628906
37.85236754229834,497.59374845027935,371.7660827636719,523.08935546875
39.34803404620459,499.69201505184185,396.0979919433594,535.7611083984374
407.9587060432749,169.3399032354355,312.0412939567251,831.07373046875
390.48495299722344,266.85522305965424,329.51504700277656,859.1048583984375
129.66128448201016,486.197447180748,256.3539123535156,755.5517578125
347.64919952107266,379.52490079402924,369.0416564941406,636.97705078125
13.588667904861722,581.8376907110214,454.2073974609375,367.7381896972656
10.626296078689847,289.86526334285736,325.72601318359375,752.3772583007812
14.246108090408597,280.79006803035736,458.36163330078125,754.3598022460938
13.924147641189847,232.478453040123,684.6476440429688,798.9876708984375
0,290.11974942684174,506.35945037556485,759.716796875
0,254.26882779598236,465.85036422586836,841.5714721679688
0,196.5144637823105,544.6626088707467,953.7784423828125
25.866292838693653,195.95129239559174,492.8536071777344,1024.2587890625
9.11462963068584,218.9580672979355,664.73046875,991.6905517578125
0,228.28469693660736,720,821.1227416992188
0,223.61901700496674,714.1913452148438,823.19140625
0,318.619810461998,709.7676391601562,735.7862548828125
2.170928955078125,241.4252609014511,703.0859375,809.7700805664062
0,245.8276046514511,719.8338928222656,810.6316528320312
0,263.3565047979355,720,783.6727294921875
0,258.25332486629486,720,792.1918334960938
0,267.0761398077011,708.2723388671875,796.7446899414062
0.315338134765625,272.90322721004486,716.4407348632812,782.9660034179688
0,270.3738387823105,720,769.1839599609375
0,217.28991544246674,716.8943786621094,835.15478515625
0,291.2932723760605,720,738.3011474609375
0,296.4815047979355,465.47279357910156,724.1109619140625
0,204.60391080379486,718.8908462524414,830.9083862304688
0,319.7525924444201,720,723.8153686523438
0,224.7044051885607,720,826.5833740234375
27.436065673828125,398.1486190557482,521.6486206054688,606.3944091796875
459.95899200439453,322.5101913213732,252.75413513183594,703.1412353515625
420.3721466064452,465.75500333309185,299.6278533935548,554.9173583984375
19.196022033691406,567.8024886846543,656.09423828125,516.0262451171874
4.403968811035156,279.72744596004486,711.9605712890625,830.9221801757812
0,289.85790860652924,720,832.5247802734375
0,295.92407071590424,442.82452392578125,746.0411376953125
0,295.4277023077011,708.6891479492188,773.4826049804688
0.5105133056640625,539.4466842412949,483.9247131347656,740.1184692382812
307.3824462890625,492.08691251277924,412.6175537109375,589.5648193359375
389.54534912109375,514.4824813604355,330.45465087890625,583.2049560546875
440.54673767089844,532.3357223272324,271.4240417480469,550.7129516601562
333.0261688232422,556.7493423223495,385.7834167480469,489.5896911621094
32.645294189453125,608.1902755498886,687.3547058105469,456.56170654296875
0,297.82510221004486,718.1634368896484,745.6139526367188
6.006614685058594,255.0183700323105,713.9933853149414,761.9844970703125
0,277.39233243465424,716.3568840026855,721.669677734375
0,276.1272872686386,719.7391414642334,683.2586059570312
0,286.25478971004486,718.4137601852417,703.5558471679688
4.69784688949585,274.67260587215424,713.185791015625,769.806640625
1.6579909324645996,267.26516568660736,718.3420090675354,784.1381225585938
0,273.9215987920761,717.0115821361542,772.0713500976562
0,276.13830411434174,720,784.918701171875
0,268.08508145809174,720,782.191650390625
0,239.6513351202011,718.1266784667969,803.0615844726562
0,255.16296231746674,654.7943878173828,791.37109375
6.192024230957031,295.7823165655136,676.1969604492188,727.7935180664062
7.075752258300781,612.0063308477402,712.9242477416992,432.4241027832031
0.7467079162597656,287.04821622371674,703.3267211914062,561.955322265625
0,280.5589278936386,715.8159217834473,590.5857543945312
0.3188190460205078,284.811460852623,719.6811809539795,752.9627685546875
0.3524026870727539,272.47424161434174,719.6475973129272,780.567138671875
5.02910661697365,237.08389127254463,714.9708933830264,973.8671264648438
6.4052088260650635,329.66802823543526,704.0243530273438,899.3665771484375
9.940853357315063,345.68118131160713,704.6974487304688,851.3361206054688
0,387.97537076473213,712.6777613162994,767.3436889648438
28.37660038471222,251.317137122154,475.58251953125,962.19384765625
43.53893864154816,310.78460538387276,437.9988098144531,843.3153076171875
0,429.3178390264509,397.41039860248566,836.6707153320312
55.55981355905533,371.28875577449776,364.123779296875,905.8375244140625
38.5888357758522,486.92129361629463,586.3887329101562,659.3493041992188
39.85316377878189,296.8079513311384,488.0981140136719,871.3726196289062
6.818053305149078,362.09771573543526,659.0284423828125,768.4447021484375
0,293.1585677862165,508.16812044382095,976.50732421875
95.03642228245735,441.75393521785713,513.3250122070312,795.1210327148438
9.626937419176102,549.4907821416853,710.3730625808239,560.9920654296875
10.28112007677555,469.03616178035713,705.234130859375,787.8507690429688
23.6292035728693,468.09243619441963,624.3426513671875,792.3761596679688
216.07552315294743,509.87576138973213,350.95953369140625,750.7225952148438
0,589.7470840215681,451.16873909533024,449.0497741699219
0,480.1503280401229,288.9628790691496,607.5690917968751
0,459.9303878545761,356.56989473477006,582.3423461914062
4.20596787519753,462.3037704229355,417.8948974609375,570.7196044921875
43.70804307051003,514.7805160284042,473.3548583984375,515.8944091796875
5.46695420332253,572.2463515996933,558.6392822265625,447.5009460449219
36.27109238691628,519.6329635381699,410.0247802734375,748.3515014648438
8.85910508222878,676.9959396123886,653.4515380859375,538.1316528320312
59.05870530195534,531.4691146612167,390.9537048339844,631.369140625
5.689869852736706,330.51757657527935,394.8156433105469,695.7471923828124
0,517.0470870733261,706.7872972209008,518.3978881835938
4.757601247169077,433.8338302373886,396.6231689453125,596.4323120117188
34.08415459189564,424.6137374639511,329.1796569824219,664.8246459960938
16.63704155478638,487.9408859014512,338.9483947753906,658.2471313476561
29.026689992286492,628.7478622198106,364.0943908691406,612.8055419921874
6.454058156349106,650.1587508916856,452.7223205566406,353.7567138671875
0,664.7957290410997,345.48512505088036,378.40902709960926
0,995.4535049200058,407.8308041025887,284.5464950799942
0,909.9354469180107,715.3207365239506,370.0645530819893
11.662229834240861,931.981547921896,705.8766479492188,348.018452078104
504.81486350123316,82.9259546250106,215.18513649876684,1197.0740453749895
415.58394542249164,30.088557146489848,290.6595458984375,1022.3926391601562
294.25279918225726,46.80782594531797,420.37969970703125,1080.01318359375
351.90318980725726,35.54354371875547,368.09681019274274,1033.01416015625
198.4012103821442,159.29178895801329,514.6747436523438,491.0267028808594
18.436305596987836,297.003657244146,572.2411499023438,723.6224975585938
471.13470037237846,232.22161378711473,235.8167724609375,793.9966430664061
0,531.7580365166068,703.0367999817535,479.0020446777344
0,408.705103777349,601.0205972565018,619.751220703125
11.825743574539956,298.77562990039587,401.6952819824219,694.7752075195312
13.906065840164956,424.9115551933646,410.9172058105469,603.9718627929688
1.896864790360155,653.942912004888,709.3613891601562,382.625701904297
16.682951826492967,383.141871355474,436.6051330566406,629.6142578125
0.47904862825078,472.3138989433646,695.303466796875,560.5448608398438
44.490248579422655,829.8314618095756,675.5097514205773,450.16853819042444
16.899543235023884,898.9209799282253,694.671875,381.0790200717747
8.287970969398884,473.8414866682142,296.077880859375,388.7414245605469
218.93506569596138,361.99930832348764,501.0649343040386,456.083740234375
15.477939342121317,540.7546488996595,528.7019653320312,334.82574462890625
454.1409032093088,324.9123179670423,261.66290283203125,491.0311584472656
403.2291295276682,474.9690501447767,281.4296875,295.7581481933594
0.6577946888010047,489.5780589338392,339.31329345703125,291.2835388183594
426.99061939583225,401.65934250317514,232.04644775390625,437.415771484375
486.3227345691721,378.20527145825326,173.57398986816406,277.89727783203125
613.5544316516916,288.8082072492689,100.6177978515625,298.36785888671875
598.9793927417795,502.4272792097181,120.87792205810547,148.5379180908203
643.9569432483713,463.37900040112436,76.04305675162868,129.0469512939453
499.3520334833165,355.7281138654798,95.69509887695312,134.29501342773438
602.8677347772618,299.8952204938978,115.93292236328125,161.21495056152344
610.4239481561681,109.36690781079233,108.1046142578125,182.5437469482422
642.0264376276036,131.98723099194467,76.86551666259766,262.0068359375
564.0864695184728,37.55511734448373,155.91353048152723,281.8279113769531
516.5820149716387,14.768069004639983,190.5751495361328,385.4518127441406
363.00363057222467,74.27734634838998,236.4795379638672,238.76321411132812
306.0593785580645,70.92503616772592,286.1361083984375,302.89324951171875
351.65148060884576,38.69986221753061,352.7464599609375,328.2478942871094
542.3009099301348,291.06532547436655,177.69909006986518,406.7547607421875
211.26102015061429,140.7051112409681,348.9388427734375,164.84170532226562
482.04894587082913,46.9811351057142,202.5932159423828,215.54246520996094
343.8821215300088,224.09771988354623,205.1492156982422,137.22616577148438
280.0001558928018,181.58879349194467,223.23919677734375,153.1025390625
217.06196924729397,203.60695145092905,227.42025756835938,138.047607421875
153.07448145432522,135.06525680981576,279.7680969238281,216.65211486816406
390.7596316008096,4.698153233155608,145.92819213867188,185.67300415039062
401.1862558989053,62.325388645753264,107.62206268310547,133.94252014160156
397.1953768400674,101.85022232495248,104.69570922851562,126.33010864257812
390.2299151091104,147.80684921704233,101.64671325683594,119.96464538574219
374.02331873459866,202.5043093916029,100.23403930664062,104.92983245849607
384.57876154465725,227.65997574292123,96.55177307128906,83.34893798828125
400.52176615281155,253.05902550183237,94.1200180053711,58.890010833740234
359.6922487883096,184.72075531445444,180.19818115234375,124.67241668701172
515.4020418791299,294.1076457258314,202.74496459960938,164.33229064941406
558.451503243876,78.9380671735853,160.49790954589844,236.04586791992188
487.8085131315713,125.01629898510873,232.19148686842868,270.5909423828125
559.5720040633441,94.07844040356571,160.42799593665586,226.0305633544922
581.6668766654611,65.32055923901493,136.22702026367188,244.88592529296875
590.6057804740549,32.011095738038364,126.47695922851562,271.4627380371094
614.0637348807932,51.40579483471805,99.18403625488281,291.35711669921875
521.5921543754221,140.63480637036258,100.77685546875,212.4729461669922
503.9742840446115,78.88344070874149,98.55416107177734,138.31924438476562
471.9757832206369,137.7595622297376,91.29124450683594,139.72673034667972
465.0241154349924,222.30766937695444,98.84024047851562,99.7975082397461
595.8573368705393,171.9754206892103,90.49301147460938,152.73605346679688
565.370932451594,273.3654429670423,148.51025390625,144.0127716064453
558.3046787894846,295.3915583845228,159.9459228515625,150.44039916992188
622.5500248588205,180.97265884838998,94.23275756835938,285.47747802734375
638.6236790336252,273.20160934887826,79.38458251953125,191.6674041748047
551.3071888602854,440.7746836896986,166.0531463623047,111.16151428222656
574.5284565604807,328.54628250561655,145.47154343951934,153.93338012695312
630.1270708400548,384.28630325756967,88.4096908569336,308.6175842285156
495.12560981100205,525.7931163068861,219.9824981689453,243.36598205566406
519.0431665736974,433.31984207592905,198.69810485839844,329.3786315917969
303.7829965907872,711.9081294294447,198.22430419921875,169.75552368164062
494.4537424403966,589.1577021833509,222.015625,271.0307312011719
583.9954981166661,293.81878921948373,135.61460876464844,544.5245361328125
487.6113428432286,736.5685527082533,232.3886571567714,218.35630798339844
483.8488385358721,580.4756953474134,234.67294311523438,328.1263122558594
638.0665204206377,205.41302750073373,81.93347957936226,624.5375366210938
645.6973646719889,68.12687942944473,74.30263532801109,435.3626708984375
654.9268607417562,1.7517573591322275,64.32380676269531,341.6018371582031
476.61523049273274,96.63447830639785,180.22764587402344,293.8288269042969
505.2094840327718,23.155321812257228,214.7905159672282,362.9144592285156
545.8442210813273,186.66794083081192,170.6739959716797,334.8464965820312
499.29063984353434,59.62788650952285,216.46548461914062,274.0496520996094
275.70429035622965,301.68303940258926,192.80267333984375,179.08522033691406
166.39834400613205,302.4924418684096,206.5561065673828,152.3323211669922
41.695135082792206,310.53930160962057,324.71820068359375,143.07289123535156
0,344.59788773022603,294.22812458474533,267.9996643066406
85.01542947987264,145.54674026928853,544.70849609375,287.0203552246094
137.5517453978415,274.16034195385896,503.8681640625,328.95220947265625
255.72690103748982,3.6565730329604094,458.4339904785156,338.7148742675781
216.00996683338826,2.725649571046347,486.65496826171875,325.26788330078125
38.64879129627889,26.91926834546041,653.7308349609375,363.7149963378906
416.62568948963826,302.0491053815932,301.43914794921875,717.33447265625
