285.0,433.0,43.0,23.0
282.1621894836426,386.9819583892822,33.1741943359375,37.970333099365234
291.5427951812744,386.8208980560303,54.84987258911133,39.91458511352539
283.8908233642578,361.49613761901855,97.67766571044922,51.00362014770508
396.1403999328613,428.2584800720215,59.41462707519531,100.1439437866211
359.59500885009766,463.9726333618164,77.04283905029297,140.89334106445312
222.54074478149414,581.749454498291,259.278564453125,58.934059143066406
289.69530868530273,387.8327102661133,99.56617736816406,121.43681335449219
276.66552734375,434.46409606933594,107.27100372314453,133.06161499023438
348.2315368652344,427.3414306640625,110.96985626220703,201.10565185546875
302.35869216918945,328.95894622802734,208.45687866210938,180.1645050048828
316.7088279724121,430.99108123779297,182.65956115722656,203.1581573486328
332.50873947143555,420.8185729980469,145.3412322998047,198.651611328125
248.97352981567383,379.36107635498047,419.7565612792969,170.54737854003906
43.592899322509766,588.9135894775391,748.2577514648438,94.41903686523438
340.84145736694336,397.2744445800781,148.71046447753906,220.2056884765625
271.7737846374512,417.5687026977539,219.54551696777344,230.5768280029297
81.63370132446289,577.8271560668945,650.9353637695312,103.02769470214844
127.49141311645508,390.2873992919922,365.0182189941406,234.44235229492188
18.55014419555664,580.1868858337402,896.9296875,97.32428741455078
4.841297149658203,400.3644104003906,268.7552185058594,258.35382080078125
346.9196357727051,398.8487854003906,118.94583129882812,217.4432373046875
345.66261291503906,422.74363708496094,121.9037857055664,198.85360717773438
362.5685043334961,409.0884246826172,105.89168548583984,201.65585327148438
287.7568168640137,382.23538970947266,181.1526336669922,156.28892517089844
310.809139251709,421.189208984375,164.94776916503906,198.423095703125
224.44849014282227,387.7618865966797,376.60723876953125,104.47653198242188
292.3738822937012,427.12660217285156,248.3186492919922,204.17019653320312
277.41931533813477,249.24501037597656,415.1473388671875,264.9953918457031
730.4724311828613,277.4486846923828,320.0284118652344,231.55435180664062
1013.8310966491699,474.5562515258789,253.3339080810547,236.98521423339844
1033.972812652588,450.5095520019531,237.2763671875,259.67041015625
792.3513679504395,290.7927780151367,243.04226684570312,187.0027618408203
777.0131568908691,440.11502838134766,188.11639404296875,183.76853942871094
765.5026779174805,430.82115173339844,119.2567367553711,202.46035766601562
784.5265693664551,512.9885635375977,178.44473266601562,135.24644470214844
769.1418266296387,443.67427825927734,189.1797332763672,190.14076232910156
765.8771858215332,443.2901916503906,180.63107299804688,187.0999755859375
561.1507377624512,427.82574462890625,163.24705505371094,198.78240966796875
353.6345748901367,427.9183044433594,105.06786346435547,190.6474609375
273.65334701538086,399.55265045166016,225.17698669433594,193.8159637451172
275.7251625061035,430.7997055053711,244.97708129882812,206.7777862548828
289.2521629333496,420.8637008666992,186.56858825683594,210.1439971923828
257.7025489807129,438.70178985595703,210.38204956054688,207.89060974121094
344.96386337280273,425.08202362060547,123.53947448730469,198.9867706298828
234.59859085083008,374.629638671875,354.6414794921875,147.48150634765625
448.8249702453613,372.5455322265625,289.21142578125,223.122802734375
111.0388069152832,600.029483795166,993.5681762695312,95.96752166748047
283.6354866027832,564.1744003295898,506.74835205078125,150.0128936767578
109.99721145629883,582.9148445129395,1011.7901611328125,126.7754135131836
614.7516059875488,152.42910766601562,410.9931640625,315.1678466796875
505.39055252075195,93.76812744140625,516.8693237304688,484.76141357421875
326.4422187805177,392.22869873046886,550.416748046875,265.11395263671875
794.5606575012208,41.957885742187614,332.76263427734364,537.0431518554688
446.56557083129894,251.6982116699221,548.1177978515625,401.376708984375
401.75383377075207,0,560.3202514648438,182.66168212890648
810.5349006652833,392.09544372558605,346.07037353515614,229.04867553710938
619.2423439025879,519.1436080932618,418.9840393066406,190.5319366455078
475.0114326477051,510.8885421752931,485.5093994140625,204.7088165283203
261.66167068481445,500.9199371337892,716.8223266601562,180.13296508789062
275.8126106262207,453.35325622558605,636.3694458007812,238.81161499023438
373.60222244262695,85.86874389648449,347.63385009765625,602.3914794921875
252.96623611450184,375.69822692871094,649.3070678710938,293.3125915527344
143.34563064575184,302.77427673339844,762.1666870117188,370.8029479980469
434.0155372619628,3.60491943359375,476.9357604980469,663.4757690429688
271.50603103637684,65.832275390625,674.0250854492188,654.167724609375
262.9831428527831,0,675.5803833007812,674.8334045410156
71.24412918090809,237.48681640625,924.6336059570312,482.51318359375
379.1070747375487,12.7685546875,510.337890625,686.60693359375
270.3867073059081,30.9879150390625,666.8716430664062,659.15234375
275.0744819641112,0,670.82421875,715.2942810058594
101.19017410278309,343.7705993652344,838.1201782226562,341.9859924316406
952.9546546936035,135.66578674316406,327.0453453063965,581.0349731445312
585.6422748565674,20.244827270507812,409.62957763671875,611.8092651367188
302.58047676086437,46.6020965576173,671.057861328125,629.99072265625
64.71432685852062,334.6842498779298,918.1275634765625,356.939453125
264.99844551086437,364.47698974609386,660.210693359375,322.6176452636719
348.4806842803956,0,582.408203125,617.2244720458986
265.32159614563,70.88375091552734,708.0725708007812,591.2111206054688
228.08224678039562,253.91905975341797,689.21875,466.08094024658203
252.79702949523937,373.0152397155762,726.9993896484375,282.8639221191406
316.4594440460206,0,642.3306884765625,574.8225364685059
282.54275703430187,34.364973068237305,648.87109375,619.9165649414062
328.89087104797375,202.6666088104248,597.7051391601562,472.74493408203125
281.38684272766125,15.515485763549805,651.9531860351562,648.6033325195312
116.66076850891125,325.8656597137451,776.0711059570312,366.5682678222656
301.0701618194581,22.101301193237305,616.5582275390625,674.7507934570312
281.7251911163331,0,721.1522216796875,691.2028636932373
866.3812427520752,166.46999263763428,413.6187572479248,550.8295288085938
354.6094446182252,205.07677364349377,594.10400390625,449.4130859375
300.81629276275646,22.662100791931266,622.272216796875,658.1722412109375
151.29908084869396,272.78926753997814,894.7275390624999,419.63690185546875
250.04740238189697,1.870566368103141,767.5629272460938,711.6950073242188
815.2674036026001,202.1689214706421,459.6011962890625,506.7953186035156
266.4526147842406,16.50707149505604,753.5778198242188,622.227783203125
264.33683109283436,0,772.4390258789064,707.1424779891968
793.517128944397,226.24183225631714,479.75762939453125,470.2020263671875
271.7248010635376,8.684062480926514,717.7109375,692.8375854492188
263.7273950576782,0,676.8339233398438,483.6176714897156
269.5611047744751,0.5408761501312256,741.344970703125,431.4763488769531
821.290581703186,275.1542794704437,450.5119934082031,393.8166809082031
804.2057428359985,301.67432951927185,475.79425716400146,418.1499938964844
280.8775601387023,0,726.1099243164062,437.90739226341236
4.833828449249154,367.55223739147186,803.4827880859375,303.46893310546875
0,388.41285598278046,442.02555513381947,254.66957092285156
0,392.81883132457733,245.4392073154449,210.9638214111328
248.6987372636795,415.30126082897186,229.48484802246094,201.710205078125
308.25627052783966,402.457297205925,143.29202270507812,220.853271484375
326.38911736011505,415.8452137708664,113.38692474365234,191.5070037841797
96.82342445850372,570.9407585859299,270.61883544921875,49.310726165771484
66.12351906299591,396.8837651014328,160.9359130859375,123.82159423828125
26.306609272956848,583.6908119916916,346.0010070800781,39.88352584838867
53.77105629444122,421.44071090221405,162.57330322265625,103.28678894042969
71.815558552742,593.988884806633,202.20396423339844,42.7520866394043
58.61999809741977,461.7849072217941,102.7207260131836,68.59363555908203
148.52282249927524,542.8763283491135,96.50745391845703,57.172542572021484
65.86690437793735,462.21031844615936,99.53733825683594,92.16445922851562
13.329741597175627,598.9606446027756,284.2545471191406,25.866504669189453
71.7695533037186,468.1944645643234,96.68730163574219,65.2059326171875
142.2237769365311,467.9616993665695,82.72438049316406,84.93888854980469
170.94584953784945,522.0172032117844,83.54781341552734,63.55572509765625
171.4409934282303,543.6745442152023,80.83270263671875,44.49275207519531
171.85285103321078,546.4605244398117,82.76971435546875,42.843780517578125
281.8791218996048,549.4490574598312,31.28287696838379,86.81666564941406
271.74489891529083,527.4190109968185,46.712562561035156,46.5812873840332
203.659121632576,546.4148930311203,48.54365158081055,36.92918395996094
195.61388885974884,540.6800812482834,53.96979522705078,37.05783462524414
202.56788742542267,544.269667506218,50.881683349609375,39.931915283203125
186.92338287830353,542.0697792768478,70.85713958740234,41.725093841552734
278.3513785600662,496.8129223585129,42.7916145324707,56.066673278808594
211.9287062883377,543.2443341016769,50.48408889770508,33.620567321777344
206.173375248909,544.7292793989182,56.66038513183594,39.46621322631836
281.46804344654083,531.7750023603439,44.023319244384766,41.98379135131836
221.19754326343536,546.820708155632,47.221500396728516,43.091094970703125
215.42135155200958,547.4955471754074,47.79629898071289,40.58808135986328
206.71337616443634,545.7118405103683,54.79167175292969,44.97241973876953
198.54603683948517,548.058522105217,66.68531036376953,40.558597564697266
191.82233154773712,546.2350224256516,74.79801940917969,41.55842590332031
192.09982788562775,546.1496666669846,74.99357604980469,52.75284957885742
188.42990219593048,542.4910954236984,78.66873931884766,44.20075988769531
188.8467799425125,549.7153881788254,78.48770904541016,39.88745880126953
188.56348526477814,547.9322594404221,79.59778594970703,47.437801361083984
187.5394870042801,544.5112046003342,83.78445434570312,42.96083450317383
282.4875899553299,523.5634831190109,59.082828521728516,78.19825744628906
197.58305084705353,541.6785744428635,77.2480697631836,45.698238372802734
200.52953827381134,545.2146652936935,76.7784652709961,46.539371490478516
201.72370636463165,545.6687477827072,79.06417083740234,42.00901412963867
201.88186752796173,545.3007897138596,76.51350402832031,43.01394271850586
199.25084793567657,545.3772991895676,79.94615173339844,48.39655303955078
280.2375918626785,465.9725979566574,49.83856964111328,127.52591705322266
196.00400269031525,550.8556145429611,82.62606048583984,44.79580307006836
192.42537796497345,546.872258067131,83.6090087890625,57.616580963134766
283.0695468187332,517.1832035779953,86.29769134521484,79.58360290527344
203.48462784290314,541.4722279310226,74.79466247558594,49.971435546875
167.29064285755157,603.1400593519211,144.26052856445312,25.412200927734375
166.50699722766876,601.727093577385,133.9149169921875,38.51877212524414
284.62081253528595,641.3975895643234,86.59762573242188,74.95875549316406
205.97088730335236,546.4532269239426,80.06146240234375,46.15568542480469
172.1048823595047,601.1535595655441,136.2308349609375,28.516769409179688
209.0758067369461,547.559405207634,75.89207458496094,40.01678466796875
208.9847422838211,552.8785008192062,78.58323669433594,42.09374237060547
167.4730235338211,602.4878758192062,140.96463012695312,31.39305877685547
169.01912033557892,603.7682694196701,140.32962036132812,30.75442123413086
205.54611694812775,588.5765141248703,112.77349090576172,65.28377532958984
180.30438339710236,594.2686947584152,197.87960815429688,39.350341796875
111.56614410877228,475.26906478405,97.33722686767578,67.80756378173828
89.20514023303986,454.12378203868866,119.77957153320312,121.26445007324219
84.77986252307895,600.7637413740158,266.59228515625,41.40146255493164
288.63621628284454,642.7709416151047,138.90887451171875,74.48416900634766
283.8893595933914,640.495756983757,188.60476684570312,71.85225677490234
268.97351944446564,622.7632511854172,147.44740295410156,97.23674881458282
371.15574753284454,654.8023180365562,115.6380615234375,65.19768196344376
353.20057785511017,653.6842477023602,199.72509765625,66.31575229763985
340.81468307971954,571.369395121932,190.15798950195312,105.41619110107422
157.1555186510086,579.0937374681234,529.3911743164062,65.83023834228516
139.51942551136017,560.4237583726645,383.3304748535156,82.22885131835938
282.4738475084305,432.6628864854574,234.1785888671875,145.21885681152344
380.7194300889969,411.4001682847738,132.1350555419922,192.45199584960938
180.7655268907547,560.0111492723227,173.2341766357422,86.69908905029297
85.18422043323517,586.8851803392172,365.7093811035156,40.106788635253906
128.83584702014923,584.755417689681,387.68792724609375,38.29545211791992
108.9722148180008,586.4064930528402,452.0190734863281,36.39253234863281
127.71026718616486,574.6908730119467,420.481689453125,51.25312423706055
52.15817368030548,577.0536926835775,544.412109375,42.25453567504883
410.4316836595535,399.3372181504965,82.11368560791016,196.01353454589844
202.7069331407547,578.2088154405355,146.11331176757812,50.83509826660156
120.91208755970001,461.50079618394375,96.58882141113281,63.1651611328125
190.64622223377228,462.6590717881918,71.98950958251953,78.37000274658203
280.21871292591095,424.1586407274008,69.68775939941406,131.1842498779297
282.0181819200516,359.83141981065273,104.99720764160156,101.16913604736328
271.2561808824539,424.9373386949301,130.03402709960938,125.5807113647461
172.13173019886017,551.4143704026937,431.4161071777344,86.40850830078125
463.1865245103836,402.66832624375826,271.297607421875,104.99364471435547
492.44981491565704,332.0118740648032,265.9515686035156,256.2362976074218
189.21251022815704,415.48705564439297,307.6592712402344,218.4634246826172
321.06485092639923,207.82461820542812,286.3929443359375,299.2734680175781
281.66595566272736,74.600710734725,399.84942626953125,405.2744445800781
276.36135971546173,42.676195964217186,704.5965576171875,375.06439208984375
262.0041209459305,1.365984782576561,592.637451171875,704.4248046875
695.390473484993,154.9683407396078,543.194091796875,557.0906982421875
270.6009532213211,7.831652507185936,603.0569458007812,692.2948608398438
682.0234385728836,171.3671444505453,576.7922973632812,541.125244140625
283.60357773303986,0,666.3035278320312,613.2628658860922
266.77398788928986,0,732.2131958007812,696.932183675468
206.81329452991486,10.905514445155859,869.6016235351562,563.2844848632812
258.00381577014923,0,769.0343017578125,714.1185271404684
619.7905284166336,168.5057052206248,659.4164428710938,526.9826049804688
235.84954941272736,0,585.6762084960938,654.0825789999217
601.0975352525711,161.5072471415624,678.9024647474289,456.8542175292969
263.6462407708168,11.64926069136709,672.1085205078125,686.9605712890625
683.5479741692543,154.98901288863271,596.4520258307457,462.41851806640625
687.4142763912678,161.9995567118749,581.5202026367188,435.3813171386719
266.84877040982246,10.022399119101465,463.6000671386719,618.0722045898438
252.2309572994709,0,621.804443359375,587.0701896464452
716.8442995846272,157.11369284568354,563.1557004153728,469.9465637207031
241.5781861692667,5.055602635722607,647.8307495117188,578.901123046875
265.0668641477823,7.203307713847607,679.2171630859375,623.52099609375
44.954925671219826,239.01533469138667,988.3743896484375,432.8019714355469
257.1128236204386,17.782256688456982,724.06298828125,568.7185668945312
278.38854993879795,39.23083456931636,794.9873657226562,665.4051513671875
232.40368665754795,1.9821773427538574,663.8296508789062,702.4293212890625
795.6374818235636,149.8245235341601,483.001708984375,561.67529296875
279.2816468626261,0,589.8309326171875,578.3565669911914
82.16174329817295,355.3330533930566,764.2955932617188,340.1240539550781
279.7855836302042,0,715.0508422851562,409.5627592036035
839.5188447386026,126.79538717016112,440.48115526139736,575.1663208007812
251.87545020133257,26.56937398656737,750.2733154296875,541.3070678710938
918.2690811827779,109.72754659398925,359.2946472167969,584.536376953125
447.1754532530904,185.69943990453612,440.0909118652344,504.95367431640625
937.7830734923482,91.84387960180186,336.01531982421875,628.1561203981981
450.2767716124654,279.5083655821509,483.5997009277344,344.2325439453125
1019.3654862120748,87.85632700793212,258.1473693847656,611.9305419921875
579.6464615538716,357.82427592150634,474.9480895996094,209.34779357910156
274.6483078673482,54.347370098752435,761.3848266601562,298.4738464355469
399.82183081656694,46.62884898058837,540.5293579101562,550.134765625
275.1678696349263,0,747.5731201171875,453.79942698351806
988.912895269692,61.144861196837155,291.08710473030806,655.9877319335938
323.2777977325022,362.7840060942981,624.687744140625,307.0551452636719
1067.5728950835764,75.99657628472778,204.67396545410156,643.499755859375
723.1586265899241,359.43584630425903,413.26263427734375,189.2349853515625
601.8496055938303,370.9167651885364,525.6575927734375,186.6068878173828
1006.1724968291819,381.96995732720825,265.6641540527344,219.39356994628906
856.3972587920725,367.3622226470325,297.0646667480469,178.29061889648432
823.5207176543772,373.0960483306262,337.71221923828125,154.88412475585938
1071.6617317534983,418.2047366851184,197.59620666503906,154.67193603515625
957.0582390166819,383.08853337701294,189.26495361328125,130.0522918701172
1006.7749138213694,384.8930682891223,163.61474609375,133.0065155029297
1055.0696220733225,426.2882976287219,167.38299560546875,87.24895477294922
1055.0478172637522,429.60564229424926,114.1158447265625,73.6752700805664
1006.5422668792307,391.34192845757934,107.59886932373047,96.60336303710938
1006.1876678802073,390.34412572320434,115.34984588623047,101.64166259765625
1036.9646110869944,435.52299306329223,137.87030029296875,67.95320892333984
1015.1567039825022,386.63318822320434,97.64559936523438,103.56515502929688
1048.9810257293284,432.9456672423694,75.53266143798828,61.7138786315918
1057.9939957000315,424.8840121978137,85.11038970947266,69.94241333007812
1054.7524376250803,421.503530477843,92.83563232421875,73.9378433227539
1063.3942146636546,418.421125387511,85.81126403808594,78.01192474365234
1058.9150772430003,421.3178386443469,93.17850494384766,69.41857147216797
1067.032146487385,412.7727832549426,91.16949462890625,68.00822448730469
1032.8720360137522,406.73310658868286,129.74151611328125,63.52092742919922
1037.558971438557,396.43551061089966,135.41970825195312,66.27053833007812
1035.5492287017405,390.78199193414184,140.97764587402344,69.40667724609375
1035.4455070830882,382.52616689141723,143.829345703125,76.08513641357422
1045.8107872344553,372.21682546075317,131.14898681640625,83.10784149169922
1041.9878044463694,373.90163228448364,128.09857177734375,79.55423736572266
1069.0577049590647,374.18141744073364,94.41641235351562,73.31293487548828
1064.4219704009593,385.2826862090442,84.42207336425781,65.92253112792969
1045.8533287383616,389.928112005553,76.7315673828125,58.621028900146484
1034.8542518950999,386.61898229058716,90.49827575683594,65.04617309570312
1044.9135742522776,390.1198901885364,71.48040008544922,61.70042419433594
1016.9554367400706,390.0308284514758,88.9495620727539,65.32349395751953
1018.6558800078928,400.21032521661255,64.08575439453125,66.9636459350586
1025.6585655547678,396.09392354424926,71.05194091796875,60.84699249267578
1023.1932182647288,392.8566455596301,69.54080200195312,64.65254211425781
1022.6046181060374,394.4474525206897,71.86839294433594,62.8441276550293
1025.9303055144846,393.9217090361926,69.4521255493164,71.20463562011719
1026.6846390105784,397.24016187127563,65.15079498291016,63.10715866088867
1027.197788272053,395.67848775323364,69.93452453613281,64.5264663696289
1020.1088466979563,418.8488425963733,51.79508590698242,43.65658187866211
1006.5415478087962,411.538837408385,51.969539642333984,51.97646713256836
997.175930056721,404.66027066644165,49.676910400390625,48.797183990478516
989.391563449055,397.7185878508899,69.9845199584961,33.551597595214844
953.2072201110423,367.404897665343,51.74704360961914,122.74947357177734
1009.0269661284983,399.23308751519653,97.8167495727539,64.94728088378906
918.8603210784495,368.96051213677856,89.36357116699219,90.07080078125
999.0058670379221,398.7369403594348,118.55691528320312,74.47055053710938
900.7971916534007,423.35957143243286,101.7294692993164,109.48209381103516
783.3923035003245,310.2642535918567,95.3043212890625,96.27691650390625
806.7349090911448,300.26011846002075,117.52749633789062,109.64041137695312
780.3612060882151,239.63146398004028,132.2203369140625,124.79817199707031
777.8005524016917,240.7184428923938,145.01364135742188,114.8416519165039
793.5413971282542,248.51068684991333,135.05630493164062,120.6336898803711
824.7369537688792,263.31095311578247,149.67037963867188,140.7442169189453
839.6318588592112,270.1080684417102,168.38917541503906,118.9054183959961
829.0158005096018,249.55867955621216,179.33802795410156,145.91184997558594
800.3462372161448,224.82079503472778,177.07131958007812,159.8268280029297
805.1971207000315,272.79679677422973,162.5803680419922,127.91132354736328
958.0156631805003,140.3823718779895,75.14231872558594,124.682373046875
967.8742065764964,112.1398296111438,72.1807861328125,77.36954498291016
949.5863685943186,57.891042684874265,61.74933624267578,98.0783920288086
960.0796757079661,146.8906841033313,48.671993255615234,117.01099395751953
971.816871676594,152.28222081597778,44.2264404296875,62.63731384277344
969.1178684569895,151.73867986138794,45.04227828979492,49.972900390625
971.507093463093,144.05578420098755,43.50979995727539,60.79094696044922
972.1308098174632,93.37345311578247,38.225318908691406,87.87782287597656
968.0474949218333,176.98061177667114,41.46427536010742,56.44658660888672
964.7996082641184,143.2910289519641,43.06362533569336,54.68074035644531
955.2111530639231,79.99800679620239,58.15700912475586,67.287841796875
959.6955604888499,147.41184041436645,53.37816619873047,91.7987060546875
946.7070541717112,65.22224233087036,65.80772399902344,79.24281311035156
968.5903625823557,146.37808415826294,67.96481323242188,67.3156509399414
942.3139610625803,89.9881953948352,74.78206634521484,88.65878295898438
951.7376709319651,195.3018283599231,83.84461975097656,96.05538177490234
933.8330116607249,133.01315114434692,78.77252960205078,93.95057678222656
880.1230430938303,96.82542226251098,123.14110565185547,106.29295349121094
953.8188934661448,241.00230214532348,102.73060607910156,76.13206481933594
904.0240097381175,306.61525533135864,105.03237915039062,117.11367797851562
911.5875969268382,169.04981038506958,102.07674407958984,130.10247802734375
755.7710724212229,289.0435466521594,97.80320739746094,118.55610656738281
744.2432785369456,276.1691570037219,89.40032958984375,98.69465637207031
768.1029663421214,285.0880260222766,102.61784362792969,118.73585510253906
763.6382027007639,283.337327932677,125.92932891845703,121.0597915649414
730.5277710296214,267.6618251555774,157.1628875732422,128.69534301757812
724.6258087493479,271.5014590972278,174.3506622314453,123.76216888427734
763.0007477141917,257.6708583587024,153.6233673095703,139.45791625976562
779.8462753631175,263.0098323577258,158.6915283203125,132.4259033203125
749.9151764251292,265.0460338347766,173.6243438720703,132.72972106933594
928.3090896941721,183.90750310357544,99.81570434570312,113.12808990478516
799.8806991912425,311.1085338347766,159.90280151367188,99.70155334472656
749.0900802947581,256.1395625823352,166.54129028320312,143.40872192382812
926.3458481170237,136.25971028741333,116.22903442382812,130.78604125976562
827.296608004719,0.4287128203723114,171.293701171875,120.32831573486328
917.3555374480784,185.0055293792102,103.45806884765625,101.30633544921875
924.9536667205393,303.00004384454223,83.78912353515625,133.1082000732422
920.3924446441233,208.79800603326294,90.50467681884766,73.47077178955078
958.7684040404856,229.5965060942981,52.7630729675293,120.7740707397461
829.9172363616526,306.7082423919055,103.70494079589844,109.38983154296875
885.7254829742014,216.7041606658313,94.02759552001953,71.25405883789062
942.7660427428782,243.68480870660278,63.59836196899414,113.2640151977539
842.505836520344,208.75884053643676,76.7529296875,94.11325073242188
795.4297981597483,331.35147283013794,82.22460174560547,88.55194854736328
872.2253074981272,243.17806813653442,65.18933868408203,66.80656433105469
907.77408984676,244.38145825799438,96.27710723876953,40.02275466918945
912.2433910705149,184.90524098809692,58.03000259399414,60.02952575683594
903.7738113738596,163.7214603179309,98.12590026855469,80.49907684326172
912.5375786162913,119.1045169585559,90.67951202392578,124.51409149169922
824.8022156096995,253.67498967584106,124.09146118164062,89.5484390258789
819.4070358611643,213.35957143243286,105.41383361816406,118.49800109863281
938.398529086262,262.24442479546997,88.93389892578125,107.7196273803711
822.6084823943675,203.3286380523059,107.74153137207031,116.28047943115234
895.0793953277171,253.75342366631958,115.60445404052734,179.09228515625
786.9365921355784,190.59071919854614,183.99452209472656,169.12570190429688
780.2423019744456,198.69997975762817,184.32591247558594,183.06983947753906
801.8205414153636,214.12343404229614,170.47723388671875,146.46127319335938
823.4778137542307,196.7283420317981,118.04110717773438,110.05382537841797
798.05391696468,158.11322591241333,140.1318817138672,141.72366333007812
754.0412979461253,144.5048427337024,189.69728088378906,189.7406005859375
679.736434970051,73.80953023370239,298.8287353515625,314.70159912109375
600.0441284514964,9.961400961241452,419.1093444824219,202.64663696289062
690.1800690032542,16.709325765928952,325.70648193359375,329.4508361816406
425.68927005305886,171.58098409112426,400.7874450683594,265.7747802734375
835.251312289387,179.30798909600708,398.7920227050781,407.4340515136719
503.36778262630105,123.15321919854614,400.79718017578125,359.00091552734375
302.9271698333323,72.66965291436645,530.7852172851562,473.3022766113281
294.6304474212228,6.388235067686651,610.406494140625,639.529296875
251.00120547786344,18.572530721983526,752.8368530273438,656.4968872070312
273.40626529231656,0,760.8641357421876,707.8920192473743
228.37046817317605,6.269679057280882,822.1508178710938,667.7418212890625
239.52400210872293,10.435084330718382,772.882080078125,696.1402587890625
253.64222720637918,5.337061869780882,796.4193115234375,694.0084228515625
212.76875308528543,17.266322123687132,797.892578125,654.80859375
235.14418033137918,0,810.9920654296875,693.9606885787653
261.4749908782542,0,794.0904541015625,687.2804541526639
225.91566470637918,7.234221216956939,849.4302978515625,658.864501953125
806.7175293304026,100.3720538585585,469.7591857910156,436.8730163574219
295.2181549407543,11.037291285316428,701.7479858398438,400.86004638671875
269.5677643157543,37.6971728771133,691.7787475585938,646.486572265625
243.9316559173168,0,784.5624389648436,667.9741198985977
271.4832916595042,0,788.5765991210938,694.7731317266425
57.86265567317605,166.50779694242283,977.956298828125,444.0583190917969
233.63868716731668,0,826.4848022460938,441.4163357607822
253.50486758723855,0.7216261323442268,781.6005859375,704.7035522460938
640.251815829426,150.32729324660204,633.789794921875,349.2954406738281
284.06617740169156,4.557411044453488,727.2988891601562,422.57763671875
264.5517120696603,0,750.7216186523438,374.6921003755082
286.31736758723844,0,647.6268310546875,592.1111869065041
258.38377383723844,0,776.9986572265626,710.7213039024708
268.0691376067698,0,824.2099609375,448.14007089654797
261.5139313079417,0,771.7385864257812,709.002652635774
663.4470367766917,118.32597231398086,616.5529632233083,369.7591552734375
263.3632583785803,0,738.3698120117188,398.02389406691066
260.4838638473303,0,766.0175170898436,627.0093530393146
265.27909089811146,0,776.3162231445312,673.6738964903604
253.6629104781896,0,793.775634765625,676.1277197295553
85.38800813443959,38.49934570462142,1114.179443359375,601.7603759765625
243.13748933561146,7.264421388215169,847.2341918945312,694.770751953125
710.7723465133458,51.41023437649642,569.2276534866542,458.5118408203125
254.02246476057917,34.251451417512044,750.6451416015625,368.68023681640625
263.14609146956354,8.747575685090169,679.0724487304688,417.8564453125
263.58850479964167,0,728.0242919921875,360.64337341458236
310.9845619285479,16.254242859634928,615.354248046875,613.1571044921875
218.0067482078448,32.30050750807243,734.2341918945312,564.3392333984375
54.25781632307917,274.9186105354162,1106.6558837890625,436.50244140625
288.19678116682917,8.230927429947428,625.6212158203125,372.0377197265625
899.1009101951495,28.853333435806803,354.7565612792969,473.95526123046875
290.4915199363604,2.3610086067052407,665.2792358398438,363.7101745605469
272.8077430808918,0,616.5653686523438,498.0934609992835
250.02148819807928,191.44942520179018,752.4645385742188,360.9631652832031
276.5266456687824,0,692.1087646484375,338.28330276526674
278.65610123518866,307.4613535310709,582.054931640625,271.6240234375
850.8928566062824,293.85967659015296,326.1446533203124,236.57029724121094
602.2121009910479,41.56335853595374,338.6407470703125,304.0743103027344
505.1632423484698,0,447.00482177734375,319.63345741290686
865.0737495506182,0,364.1393737792969,486.75222980508624
279.6692543113604,2.92755228047281,700.57568359375,341.3883361816406
298.1357460105793,108.12826639180105,488.398681640625,476.5872497558594
913.9793891990557,2.0141916847697985,339.1462097167969,483.1986999511719
311.68515396956354,11.074997959183861,679.3699951171875,391.47479248046875
913.8394355857745,1.9588633156291735,344.8060607910156,506.3852844238281
721.6239357078448,35.732743320511986,339.0838623046875,391.5347900390625
318.18613053206354,292.86227518086355,476.68255615234375,225.96896362304688
818.6532478416339,42.44920450215261,210.42471313476562,364.84613037109375
620.7546882713214,199.96415811543386,324.5384216308594,238.24798583984375
491.83102799300104,358.07406717305105,345.46234130859375,349.1695251464844
835.8543129051104,92.03038125996511,221.8538818359375,319.21588134765625
