689.0,302.0,105.0,232.0
476.52271270751953,312.87239837646484,103.86514282226562,210.92677307128906
475.2976303100586,322.3396911621094,113.1767578125,212.920166015625
470.55818939208984,325.6377868652344,138.2958984375,215.318359375
444.5744171142578,322.3763885498047,163.21852111816406,215.70773315429688
444.2027893066406,319.53684997558594,161.0166473388672,225.03958129882812
457.88462829589844,323.28955841064453,141.2028350830078,225.3171844482422
220.5972785949707,332.94319915771484,116.86072540283203,235.3719024658203
207.9314422607422,347.8160171508789,103.92970275878906,224.08970642089844
204.90382766723633,364.4874496459961,108.63031768798828,206.11610412597656
196.61733627319336,360.4445495605469,116.99700164794922,202.67498779296875
172.51885986328125,355.13417053222656,149.6647186279297,208.46664428710938
163.67314529418945,356.19029998779297,119.27960968017578,218.49549865722656
163.80445861816406,363.9154739379883,108.76832580566406,218.97630310058594
160.91139221191406,354.7123718261719,99.50373840332031,230.585693359375
160.78014755249023,366.96788787841797,89.79534149169922,219.8834991455078
153.4562110900879,369.75138092041016,92.41141510009766,219.0387420654297
129.9458236694336,362.9230422973633,104.403564453125,223.3727264404297
115.58158874511719,362.05614471435547,116.30769348144531,226.05494689941406
110.55061721801758,356.3406524658203,109.10706329345703,237.71438598632812
113.34297180175781,357.14353942871094,104.71247863769531,241.89071655273438
107.60635757446289,358.1891098022461,114.9561538696289,242.58314514160156
97.12823486328125,369.54451751708984,109.88713073730469,229.26393127441406
90.13638305664062,370.16583251953125,108.75559997558594,227.354248046875
94.53565216064453,368.95619201660156,107.80728149414062,234.78640747070312
84.16423797607422,354.39839935302734,118.2568359375,253.7404327392578
70.39239501953125,349.22007751464844,125.58781433105469,247.34774780273438
68.04687881469727,325.5370178222656,117.6420669555664,258.81488037109375
75.68907928466797,321.8143997192383,105.16668701171875,250.11851501464844
79.77527236938477,314.91466522216797,98.9479751586914,251.5146026611328
70.64656829833984,306.1605911254883,113.08795166015625,247.8846893310547
54.886451721191406,313.0531005859375,130.17416381835938,255.4168701171875
56.67647171020508,302.95033264160156,121.03339385986328,275.6493225097656
51.111122131347656,295.7492980957031,135.03567504882812,267.59344482421875
47.70183563232422,288.4668426513672,144.28033447265625,263.7050476074219
58.04081344604492,292.81700134277344,121.7397689819336,268.2518005371094
71.2597770690918,296.53043365478516,108.5462875366211,248.2848358154297
68.76721572875977,288.7958297729492,125.01419830322266,239.6608428955078
68.32077026367188,288.44122314453125,147.0120086669922,258.81170654296875
60.11101531982422,287.3946990966797,136.1651611328125,281.5560607910156
79.72921752929682,287.2286071777343,119.93675231933594,286.59582519531256
86.30237960815424,290.86419677734375,116.78694915771484,278.9635009765625
99.61754608154291,293.023193359375,112.56671142578125,278.82440185546875
115.76314926147455,292.12025451660156,106.11840057373047,274.8218688964844
90.64350891113276,298.3203887939453,132.02809143066406,288.6144104003906
111.01056289672846,301.972900390625,114.54276275634766,301.45654296875
107.70655059814453,297.4986419677735,134.12576293945312,301.4443054199218
106.21012115478516,305.52042388916016,150.26724243164062,252.0466766357422
107.69683837890625,307.68035888671875,107.24888610839844,285.15740966796875
109.6787338256836,299.3450927734375,130.7547607421875,280.2615966796875
90.47869110107422,303.0333251953125,140.19329833984375,291.828857421875
79.04700469970703,308.98602294921875,136.22994995117188,304.4385986328125
46.61553955078125,310.60911560058594,157.77415466308594,307.0334167480469
60.070960998535156,305.7583465576172,135.97683715820312,312.8105773925781
43.49760437011719,296.49671936035156,139.37171936035156,317.4911804199219
36.8638916015625,290.86219787597656,156.2883758544922,303.4680480957031
39.963722229003906,274.5721740722656,135.53182983398438,310.0899658203125
26.049163818359375,259.78155517578125,142.7208709716797,318.03662109375
33.02835083007807,245.22851562499994,136.7285614013672,317.6785278320313
50.730514526367074,252.54142761230463,184.6253204345703,294.44772338867193
72.84687042236317,217.42218017578125,207.15115356445312,311.452880859375
132.45837402343744,232.097640991211,149.8578338623047,300.40432739257807
167.00862884521473,252.00276184082026,137.7435302734375,279.3807678222657
190.49044799804676,260.2111053466797,121.78666687011719,287.7780456542969
204.0744514465331,267.8197784423828,123.62720489501953,290.8099670410156
201.78430557250965,269.26466369628906,126.87345123291016,302.0205993652344
193.6795120239256,272.96452331542963,129.45211791992188,300.98019409179693
181.35482025146467,278.99537658691406,125.58355712890625,301.4042663574219
170.28616333007795,293.5397644042969,129.02586364746094,276.223388671875
159.15427398681624,300.7931365966797,131.25564575195312,301.7243957519531
147.39144134521462,305.02555847167963,131.06170654296875,310.73129272460943
131.4922943115232,304.5545349121094,135.5929718017578,309.78350830078125
111.90820312499977,293.6258239746094,145.4779510498047,309.77142333984375
90.94683837890597,272.0707397460937,169.9167938232422,303.0798950195313
113.80706787109352,268.8852844238282,127.96659851074219,283.6339721679687
135.15449142456032,254.4545440673828,102.36812591552734,274.1871032714844
132.70314025878884,236.2465362548828,142.5777130126953,270.9953918457031
141.2446594238279,218.465087890625,117.34892272949219,308.943115234375
109.56911468505837,195.2779541015625,138.70928955078125,310.66375732421875
97.33750152587868,178.40423583984375,145.66213989257812,318.8331298828125
96.42992401123024,150.3592071533203,162.7000732421875,335.6062316894531
83.51165008544899,162.8164825439453,142.50244140625,280.3276672363281
73.8112869262693,152.1841583251953,147.10592651367188,306.0672302246094
85.66828918457003,155.7368774414062,118.38020324707031,314.19140625
80.82934188842745,154.8060913085937,117.71215057373047,313.54998779296875
76.80516815185518,161.27429199218744,121.2613525390625,302.3277587890625
73.82284545898409,149.71725463867182,163.7466278076172,315.37261962890625
108.74660491943331,176.28939819335932,120.7977294921875,291.9736328125
132.68590545654268,188.54052734374994,117.67529296875,294.54803466796875
139.2607231140134,213.19956970214838,115.7396469116211,304.21701049804693
139.30162048339815,234.3499755859375,115.31257629394531,316.05865478515625
115.63169097900362,245.44078063964844,136.15621948242188,314.8204650878906
105.34331512451143,255.22119140625,140.288818359375,305.76104736328125
101.29504394531222,242.87738037109375,145.11570739746094,308.22015380859375
81.04911041259737,245.95245361328125,149.46908569335938,294.7808837890625
96.47295379638649,231.96638488769537,129.55474853515625,313.58267211914057
104.10689544677712,231.310791015625,115.09527587890625,324.621337890625
97.87526702880837,224.1015167236328,121.09716796875,316.3799133300781
95.74526596069313,227.90611267089844,118.90624237060547,308.1919860839844
93.14347076415993,227.3443603515625,121.68350219726562,308.55303955078125
94.69556045532204,217.65835571289062,123.8619155883789,300.7384033203125
99.05571746826155,215.31196594238287,130.8321533203125,300.33682250976557
127.19536209106428,208.24661254882812,124.01941680908203,302.438720703125
154.52790451049788,213.71218872070312,116.2024154663086,327.57989501953125
158.08938598632795,227.3936767578125,124.29313659667969,304.52337646484375
161.91600036621077,229.64822387695312,123.70741271972656,301.65240478515625
160.15894317626942,228.46401977539068,137.36367797851562,285.5339965820312
162.89007568359364,239.94015502929688,130.2053680419922,276.3509521484375
177.50453567504871,234.5733642578125,113.70453643798828,299.17535400390625
180.3377571105956,236.0462188720703,108.52436065673828,309.6910095214844
180.57115936279286,240.25831604003906,118.05072021484375,301.7923278808594
191.40093994140614,241.90863037109375,112.21366882324219,296.657470703125
195.2921676635741,246.3334503173828,117.62615966796875,285.6300354003906
203.85054397582996,247.43902587890625,113.68030548095703,277.8743896484375
200.87678909301746,252.18240356445312,114.61566925048828,288.05145263671875
212.31647491455067,253.95176696777344,100.46359252929688,302.3030090332031
202.41041564941395,244.0255126953125,112.61262512207031,302.62677001953125
184.4421157836913,230.4146728515625,122.41867065429688,299.532470703125
162.67208099365223,215.99551391601562,134.78460693359375,296.7054443359375
155.76493072509754,203.8728485107422,132.71334838867188,278.7960510253906
161.17430114746082,194.6269073486328,130.16896057128906,293.2238464355469
176.66976928710932,188.7726440429688,108.94334411621094,311.01116943359375
173.9817657470702,186.39596557617188,107.01856994628906,310.4105224609375
168.91405868530262,181.79209899902344,114.02910614013672,314.5187072753906
163.50278091430653,178.1890869140625,120.00370025634766,312.79351806640625
165.48913955688465,178.6760711669922,118.13956451416016,296.4967346191406
159.43649291992176,182.71315002441406,115.43937683105469,294.0989685058594
158.64643478393543,188.36236572265625,116.9278793334961,311.15447998046875
154.79343032836903,192.8876953125,113.6470718383789,333.432373046875
134.4846076965331,195.72085571289062,127.06690216064453,334.365234375
121.23374176025379,200.92437744140625,135.48287963867188,322.067626953125
122.60058593749989,203.70045471191406,130.5022430419922,322.5636291503906
115.90493774414051,211.72604370117188,140.2740936279297,301.966064453125
141.53549957275374,211.58091735839838,130.12216186523438,327.46762084960943
147.08922195434553,216.02093505859375,118.15119171142578,332.31634521484375
148.17947769165022,226.39158630371094,117.11502838134766,330.2476501464844
148.16523742675764,236.40394592285156,124.03767395019531,323.6510925292969
154.14225769042952,237.79888916015625,117.22425842285156,320.272705078125
150.76197052001936,237.37158203125,115.14987182617188,313.0623779296875
147.03501892089827,231.94825744628906,114.16761779785156,327.0212097167969
139.93212509155262,230.5787963867188,120.34874725341797,348.06408691406244
133.31166458129871,232.01158142089844,123.64844512939453,367.0669860839844
114.83436584472639,237.15783691406244,136.88893127441406,360.81311035156256
119.22562408447254,241.7108001708985,141.77877807617188,345.27615356445307
125.59638214111311,244.73408508300776,146.09725952148438,320.5937805175782
131.78923797607405,242.9313507080078,153.9134521484375,324.3464660644531
156.24378204345686,241.17202758789062,125.11697387695312,346.39404296875
152.82017898559548,238.21052551269526,119.69721221923828,365.54977416992193
148.1477355957029,232.1264190673828,124.63072204589844,356.4929504394531
142.49167633056624,227.50758361816412,125.09695434570312,350.0085144042968
135.31551361083967,225.25262451171875,122.29913330078125,340.04742431640625
121.66177368164045,219.25869750976562,121.73350524902344,330.18310546875
106.05981445312483,208.99322509765625,125.94346618652344,350.77410888671875
88.18653869628884,200.50051879882807,134.34095764160156,377.7045288085938
73.47772216796852,201.00086975097656,136.99705505371094,384.1374816894531
76.99442291259749,211.49833679199224,145.91793823242188,365.04580688476557
83.27018737792952,221.27874755859375,153.1558380126953,359.593017578125
90.07727813720692,237.9356536865235,153.58871459960938,325.01101684570307
118.71658325195301,251.2336883544922,142.0945281982422,336.3619079589844
148.26733398437494,252.47189331054693,128.86399841308594,367.1386108398437
153.49912643432612,256.9342346191406,120.19161224365234,375.26385498046875
148.9691467285155,250.92720031738276,127.34623718261719,370.5328674316407
145.1919479370116,248.3221435546875,125.64727783203125,365.246337890625
147.1711463928221,242.92366027832026,119.7791519165039,340.84640502929693
156.4590377807615,243.2716217041015,124.774658203125,336.93002319335943
156.14768218994118,239.53282165527344,129.61917114257812,354.1313171386719
161.4655990600583,241.48361206054682,122.0643310546875,375.08337402343756
153.1614608764645,241.91178894042963,131.9488525390625,373.3652648925782
144.92205047607388,244.31935119628906,141.59332275390625,361.5338439941406
136.83815002441372,236.67628479003906,145.71156311035156,357.9413757324219
133.37605285644497,233.22059631347656,149.79566955566406,340.3495178222656
145.27441406249966,228.9031219482422,143.84349060058594,358.1459045410156
163.09751129150362,229.8948822021485,126.38009643554688,380.1313171386718
171.63453674316378,242.31712341308594,121.83564758300781,378.4664611816406
172.242134094238,243.91122436523438,130.53396606445312,372.2486572265625
170.24973297119112,245.25709533691406,127.00155639648438,362.6463928222656
163.57421112060518,244.38262939453125,123.43017578125,342.56292724609375
156.03727722167935,239.71989440917963,134.97657775878906,353.4657287597657
155.72634124755825,235.6761016845703,130.01580810546875,370.1357116699219
153.40260314941372,233.08041381835938,128.55690002441406,396.9586181640625
131.91777038574185,239.89501953125,147.00392150878906,390.91156005859375
114.5367050170895,239.99496459960938,158.16943359375,377.3961181640625
99.62598419189425,234.38923645019537,162.98239135742188,377.76223754882807
91.94363403320284,233.60427856445312,168.1754608154297,354.396240234375
105.7656707763669,236.41104125976562,160.12904357910156,352.58209228515625
131.00935363769503,238.99400329589844,130.32618713378906,341.5473327636719
133.10065460205055,238.1320190429688,128.50216674804688,334.6763305664062
129.5839309692381,239.93867492675787,132.09719848632812,321.73770141601557
134.11851501464827,237.03648376464844,123.28834533691406,323.0898132324219
122.70703124999983,229.92315673828125,128.37535095214844,350.5816650390625
111.2114562988279,222.81103515624994,124.82420349121094,359.6880493164063
93.81686782836891,214.3583221435547,125.62162017822266,382.2109069824219
83.3336257934568,208.6094207763672,130.41787719726562,410.3105773925781
57.399436950683366,217.14501953125,151.85577392578125,403.20367431640625
41.52220153808571,222.33738708496094,163.7382354736328,389.6343688964844
33.343093872070085,223.67874145507812,174.70387268066406,383.77557373046875
33.35947418212868,233.8190155029297,178.91207885742188,365.7695617675781
54.913902282714616,234.26605224609375,169.597900390625,386.2806396484375
77.12978363037087,234.82974243164062,143.2867431640625,413.80950927734375
88.20546722412087,242.42828369140625,134.15521240234375,413.64739990234375
89.9144210815428,244.50334167480474,138.6634521484375,402.44131469726557
94.90340423583973,252.49893188476568,140.85198974609375,389.0975952148437
92.2855377197265,262.5021057128907,155.9425811767578,373.07409667968744
98.54544067382807,266.6955261230469,152.2002410888672,384.04583740234375
111.85575866699213,269.3470153808594,141.48683166503906,402.26495361328125
123.91354370117188,273.7572631835938,136.6338348388672,420.7783813476562
116.97457122802734,280.13108825683594,149.82293701171875,411.7575378417969
98.47008514404303,283.32650756835943,162.4244384765625,395.12463378906244
86.49844360351568,278.77577209472656,183.5041961669922,380.5005187988281
88.0256958007813,280.7258758544922,194.14805603027344,383.5143737792969
120.67554473876959,279.9955291748047,177.54513549804688,407.0109558105469
154.42570495605474,277.23468017578125,150.82264709472656,443.54278564453125
166.11511230468756,278.9967346191406,145.61558532714844,421.22900390625
173.001449584961,276.40513610839844,141.2252960205078,406.9241638183594
158.087387084961,275.79429626464844,153.6233673095703,392.4882507324219
146.44536590576178,277.80287170410156,172.7056884765625,385.9198303222656
151.82611846923834,278.10223388671875,154.31100463867188,398.09710693359375
152.71693420410162,276.58131408691406,147.8334503173828,422.1131286621094
146.06513977050787,273.12098693847656,142.60462951660156,441.4077453613281
105.46266174316412,275.3401794433594,170.46864318847656,424.7620849609375
73.09020233154303,270.3103332519531,185.35858154296875,414.1029052734375
36.456779479980526,262.6259307861328,205.11968994140625,405.0688781738281
9.79042053222662,248.3793487548828,210.97352600097656,427.9073791503906
7.263168334960994,242.8165740966797,188.6757354736328,436.8648376464844
0,240.46664428710938,163.72763824462896,435.0267333984375
0,244.08660888671875,144.59243392944336,434.83233642578125
1.1519031524657635,251.9410552978515,106.40685272216797,455.4638977050782
0.1592311859130291,263.04644775390625,93.83531188964844,418.99053955078125
0.8358554840087322,318.13465881347656,84.86829376220703,408.2427673339844
4.244064331054631,348.2100372314453,62.252864837646484,405.8154602050781
0,464.686767578125,55.6952285766601,349.74005126953125
34.90206527709958,454.57395935058594,191.87730407714844,286.43402099609375
382.710636138916,270.8887481689453,194.44851684570312,567.1464233398438
320.3011054992676,268.26805114746094,256.946044921875,571.2647705078125
248.82548904418945,272.5124969482422,303.36712646484375,549.8876953125
193.89413833618153,276.3680267333983,361.6147155761719,587.2987060546875
191.65068435668934,281.1082000732421,374.04681396484375,626.2799072265625
161.33761978149414,302.39976501464844,361.1155700683594,658.21044921875
149.73286819458008,305.45542907714844,275.0806884765625,676.683837890625
781.9993476867676,203.4886932373047,286.6519775390625,510.6728515625
1026.2044868469238,61.82844543457031,219.947021484375,619.7444458007812
806.6109352111816,99.86528015136719,410.3753356933594,521.221435546875
734.7143135070801,126.29145812988281,474.0362548828125,499.65252685546875
505.9457130432129,213.31675720214844,467.8660583496094,493.6444091796875
0,319.8121490478517,321.1925086975099,732.4336547851561
0,320.0926971435547,338.1103229522705,730.4393310546875
0,326.44334411621105,255.41258335113537,737.0147705078124
0,269.0854034423828,243.15079545974731,653.4213256835938
491.51106667518616,164.50477600097656,281.14892578125,601.3806762695312
362.63199257850647,127.70921325683594,345.3202819824219,631.3104248046875
261.9277994632721,114.74858093261719,464.5061340332031,618.47021484375
197.67729592323303,33.37336730957031,558.3381958007812,980.5900268554688
174.4505808353424,160.3262481689453,574.2635498046875,570.2135620117188
190.4348337650299,148.35487365722656,598.2740478515625,624.5059204101562
247.63155007362366,112.92225646972656,381.048583984375,660.0103149414062
168.18614602088917,179.05046081542957,376.30438232421875,592.588134765625
35.06714272499073,156.15898132324207,414.8441467285156,626.4412841796875
8.752659082412606,83.8296661376952,435.3810729980469,622.7387084960938
0,82.1548614501952,466.21496987342823,660.2047729492188
3.74290668964386,230.34669494628895,436.4798889160156,546.5457153320312
0,129.10453796386707,334.0623952150345,696.0067138671875
7.31066232919693,302.5590667724608,261.6820373535156,532.0908203125
5.865937292575836,194.75245666503895,186.6272735595703,551.3663940429688
1.2758570313453674,214.31890869140614,175.97479248046875,488.1689147949219
0,174.6981964111327,189.16240030527115,571.1109008789062
6.013535052537918,152.23057556152332,207.2281036376953,642.3807373046875
5.928940325975418,308.3955841064452,215.9850616455078,528.5606079101562
3.699448138475418,297.6108245849608,154.7254180908203,581.6026611328125
9.676655322313309,414.4163055419921,126.37818145751953,659.9926757812501
2.389656573534012,387.9591064453125,198.88284301757812,504.5398254394531
0,453.53587341308594,317.1083302795887,519.0088500976562
1.3126795440912247,456.0973663330078,378.40203857421875,618.6669921875
6.531322732567787,442.6686553955078,445.0532531738281,632.1121826171875
68.48241831362247,419.53257751464844,472.19769287109375,657.3799438476562
171.77169443666935,418.21104431152344,413.651611328125,654.8787231445312
62.514889016747475,421.13169860839844,537.8872680664062,654.3897094726562
22.559582009911537,288.5161895751953,306.5681457519531,622.4959716796875
11.1743433624506,313.38682556152344,339.2083740234375,584.3591918945312
3.558239236474151,236.03123474121105,383.2090148925781,601.0350952148438
34.16772104799759,246.2278289794923,419.81060791015625,548.2623901367188
23.24476267397415,315.3556060791017,390.7583312988281,482.53564453125
89.89980722963833,217.81095886230491,344.9034423828125,591.8236694335938
104.58185984194301,240.97618103027366,279.2093811035156,621.7166137695312
146.0262415558101,227.99485778808605,272.61053466796875,632.5879516601562
155.87473703920853,209.22193908691418,302.4184265136719,529.880126953125
94.69556833803665,226.2361297607423,374.1251525878906,535.6549682617188
71.67240549623978,198.2561492919923,418.0241394042969,553.3256225585938
84.9959223419429,612.3587493896486,420.6677551269531,456.19561767578114
197.1376001983881,556.1776580810546,373.49658203125,507.97113037109386
321.0741694122552,643.0532684326171,509.7088928222656,416.56134033203136
168.6210291534661,223.2718048095703,347.59552001953125,587.1729736328125
264.962307229638,271.07249450683594,273.521728515625,565.1749877929688
243.10387827455986,276.1446990966797,324.64715576171875,557.5427856445312
230.76734568178642,282.0773162841797,350.8811340332031,561.8425903320312
200.65266062319267,293.92210388183594,396.9006652832031,591.0022583007812
325.388118997216,284.0851287841796,307.01055908203125,570.3933715820312
416.72270609438397,305.97877502441395,247.6544952392578,530.3179931640625
380.8386347442863,305.7908172607421,293.3180236816406,560.1539916992188
109.80350901186443,245.17596435546864,271.2580261230469,509.3463439941406
195.7910730987785,262.3846282958983,189.24407958984375,531.7180786132812
460.15649057924725,365.05535888671864,342.41754150390625,495.1106262207031
502.2348444610832,354.3344726562499,360.9316101074219,468.0970764160156
240.294857278466,305.04090881347645,271.86822509765625,535.2552490234375
229.46006418764568,314.8814239501952,310.5225524902344,464.81005859375
250.64020945131756,305.903106689453,357.2447814941406,455.9710388183594
384.5400965362785,316.3424530029296,328.78802490234375,457.09710693359375
414.57555796205975,291.35140991210926,304.77044677734375,481.0671081542969
491.5383875519035,296.4458770751952,192.65911865234375,478.61865234375
502.66354776918865,306.05612182617176,233.16477966308594,472.0691833496094
885.8434946686027,348.21322631835926,211.8527374267578,386.2762145996094
561.8979761749504,304.4807891845702,259.6104736328125,448.4239501953125
920.7482798248527,371.21229553222645,252.1491241455078,417.740478515625
669.0914194732902,308.6861419677733,255.86878967285156,390.72869873046875
