452.0,63.0,106.0,106.0
454.04709243774414,74.32641220092776,88.75972747802734,69.85639190673828
454.25943756103516,75.76116561889651,96.90910339355469,68.76691436767578
407.417293548584,29.164161682128935,87.70331573486328,107.53526306152344
365.1149444580078,111.28570556640628,95.94720458984375,135.3040771484375
218.65139389038086,29.48535156250003,100.17369842529297,255.63192749023435
100.12305450439453,159.20538330078125,176.1412353515625,192.44607543945312
41.83042907714838,284.3770141601562,209.0555877685547,197.81942749023438
89.1132202148437,198.34207153320307,135.41542053222656,188.41183471679688
51.405838012695256,350.3035812377929,134.0294647216797,146.3697967529297
41.55938720703119,348.9755249023437,132.78675842285156,75.60910034179688
46.14007949829096,360.53017616271967,65.28369903564453,57.5047721862793
34.02203750610347,366.09256553649897,64.56226348876953,55.92448806762695
27.078250885009723,366.58083534240717,58.58123016357422,56.815547943115234
16.359785079956012,367.9548835754394,59.73836135864258,57.03429412841797
2.714523315429659,370.21637916564936,60.317291259765625,56.21476364135742
0.25359535217282314,372.15514564514154,53.374629974365234,55.4659538269043
0.11389732360837002,372.50437736511225,44.20280838012695,57.73386001586914
0,375.0325202941894,34.201261520385714,58.53252410888672
0,383.02264213562006,24.01558685302733,52.76128005981445
0,388.4291610717773,21.231405258178704,46.467620849609375
26.305167198181152,398.7202930450439,36.168540954589844,37.080074310302734
35.18248462677002,387.7625141143798,47.73319625854492,46.47944259643555
27.45588970184326,389.44767189025873,55.36213684082031,50.5439567565918
14.658232688903809,393.9275226593017,65.19188690185547,54.89521408081055
9.80504322052002,397.79285812377924,63.91292953491211,56.56163787841797
1.3485422134399414,398.03558731079096,62.35586929321289,63.010414123535156
0.44509029388427734,401.3509616851806,54.515724182128906,61.03739547729492
0,404.19401550292963,37.447062492370605,67.35604858398438
0,413.57163238525385,23.091216564178467,58.940643310546875
15.060670614242554,416.21271705627436,54.623775482177734,50.82432174682617
4.634872198104873,412.5407619476318,57.39814758300781,61.057865142822266
2.4915597438812256,414.605842590332,56.369266510009766,64.15345764160156
0,414.17689895629877,50.04396414756775,66.69501495361328
0,407.1652565002441,52.3910197019577,73.58777618408203
4.616732537746415,403.72404479980463,89.35591888427734,73.1221923828125
71.75119680166243,334.0098495483398,101.04771423339845,96.0325927734375
11.66565603017807,354.5554275512695,155.38853454589844,70.76708984375
94.55417531728747,228.76747131347656,61.26789855957031,206.24476623535156
75.48516362905505,221.53107452392578,64.49707794189453,149.79916381835938
51.499983727931976,225.1883888244629,61.758697509765625,127.62320709228516
27.385790765285492,264.2590789794922,73.3474349975586,120.34297180175781
11.462901055812836,221.02804565429688,61.334693908691406,146.47328186035156
0.9122819304466248,209.86835479736328,63.60451126098633,117.66476440429688
0,205.64519500732422,65.20894140005112,110.15374755859375
0,250.2145233154297,36.1626600921154,127.86479187011719
4.551762327551842,252.47769927978516,100.77031707763672,120.160400390625
3.743744596838951,183.29285430908203,185.18328857421875,189.99981689453125
78.7242743819952,429.7711753845215,258.86956787109375,122.28548431396484
28.70967172086239,434.41927337646484,290.5807800292969,139.69296264648438
387.5838134139776,216.64659881591797,123.4856948852539,164.05157470703125
388.55810998380184,226.20936584472656,81.44982147216797,76.96116638183594
383.12832902371883,239.48046493530273,62.63644027709961,62.24358367919922
384.9604403823614,246.27002716064453,57.81990432739258,58.04656982421875
381.6304271072149,254.4984245300293,59.014644622802734,54.95482635498047
379.12121461331844,256.5993995666504,56.94186782836914,56.175086975097656
371.6632926315069,257.5671615600586,55.022918701171875,57.62852478027344
365.4177157729864,260.68957328796387,54.07338333129883,53.7328987121582
362.1621692031622,260.07115364074707,56.270816802978516,54.51388168334961
356.999712690711,266.762393951416,58.57542037963867,53.61304473876953
354.1176726669073,271.60006523132324,53.25737762451172,54.074527740478516
350.34016297757626,279.63390922546387,54.6895637512207,54.73312759399414
347.03991578519344,288.11252784729004,54.67477798461914,55.80173873901367
350.0256182998419,302.43107986450195,53.677310943603516,53.27165985107422
353.8740832656622,312.1022300720215,51.614994049072266,50.719688415527344
354.25981782376766,316.27358055114746,54.24733352661133,53.351444244384766
355.6659591048956,323.6496162414551,53.083595275878906,50.51087188720703
363.5277983993292,325.22962951660156,49.762779235839844,51.99324035644531
364.45690225064754,326.393741607666,51.886810302734375,51.31291961669922
365.17568849027157,326.9972114562988,53.03323745727539,51.614341735839844
369.9042479842901,327.2155818939209,49.79131317138672,51.251407623291016
370.6226260513067,330.70724296569824,53.25676345825195,52.0145149230957
372.6525771468878,333.23210525512695,52.82030487060547,51.099449157714844
376.5903327316046,334.656982421875,52.33094787597656,50.73875427246094
381.00906823575497,337.5064506530762,52.055641174316406,51.37787628173828
383.53665612637997,341.77892684936523,49.09943389892578,46.375282287597656
381.03920243680477,349.0682010650635,51.478939056396484,46.35898971557617
374.32013772428036,352.993013381958,48.55119323730469,49.39616012573242
364.0648276656866,357.81145095825195,50.00445556640625,47.47637176513672
358.21011804044247,357.12389183044434,51.415672302246094,47.37973403930664
354.05599473416805,356.96265983581543,51.670650482177734,45.52699661254883
354.0297534316778,356.6747055053711,51.671085357666016,46.57310485839844
358.16853784024715,360.3506660461426,48.71562957763672,43.72722625732422
359.2217910140753,363.560022354126,48.17700958251953,46.104549407958984
363.4646537154913,366.9269504547119,47.40138244628906,44.2536735534668
368.3618705123663,371.27954292297363,46.80670166015625,44.351436614990234
372.12545846402645,378.22718811035156,44.064056396484375,42.088714599609375
378.4259688705206,386.8508720397949,42.602806091308594,40.79277801513672
383.364084944129,395.54699325561523,48.97854232788086,44.61737823486328
354.02140305936337,379.06995964050293,56.79459762573242,63.78822708129883
389.05501817166805,432.5222225189209,48.47675704956055,47.65829849243164
389.48937295377254,450.8863639831543,43.84649658203125,44.547630310058594
399.33413384854794,465.00304985046387,34.975013732910156,44.8029670715332
401.5146605819464,487.33117294311523,33.217002868652344,37.84819793701172
394.80971024930477,504.14052391052246,35.476680755615234,43.37308120727539
387.21676133573055,539.164891242981,38.727718353271484,31.52203941345215
387.3604686111212,554.9716300964355,36.7494010925293,32.29619598388672
365.4514109939337,571.9362926483154,48.99386215209961,38.20047378540039
350.80985902249813,580.1966876983643,52.097476959228516,48.55874252319336
336.29651902616024,584.4922065734863,55.22707748413086,55.340171813964844
323.87382005155087,593.1366062164307,53.99680709838867,54.534175872802734
317.8876578658819,597.55832862854,47.09544372558594,51.90104293823242
287.9212958663702,596.0100021362305,60.568603515625,62.55339050292969
270.62408135831356,605.5330924987793,70.9913558959961,52.523902893066406
254.294110044837,593.0542583465576,54.23180389404297,56.12479019165039
240.34005807340145,580.0735702514648,63.35899353027344,58.17767333984375
226.37934754788876,565.3548011779785,62.42131423950195,59.09386444091797
219.6204154342413,550.7573299407959,66.09149169921875,57.81869888305664
214.23161385953426,528.8325309753418,65.44345092773438,61.43608856201172
210.18780206143856,510.0327091217041,66.5392837524414,60.48969650268555
209.82342217862606,494.31099128723145,66.75971221923828,62.687191009521484
207.54969857633114,484.8601703643799,62.93098449707031,57.71329879760742
212.5130164474249,477.9299488067627,63.8031005859375,55.8767204284668
211.84329675137997,474.3395233154297,61.660743713378906,56.976165771484375
213.2777411788702,474.30859184265137,61.6990966796875,56.8674201965332
215.1436202377081,481.8628959655762,58.10669708251953,52.916404724121094
219.34909890592098,493.34277725219727,61.33567810058594,54.47376251220703
221.76899407804012,503.1335201263428,62.094703674316406,55.076053619384766
230.70465730130672,516.6470527648926,61.6006965637207,57.91034698486328
242.54600404202938,535.2334671020508,60.917789459228516,55.98089599609375
253.4112689346075,554.6145286560059,57.04147720336914,55.36382293701172
264.4133269637823,576.5694274902344,63.44721221923828,53.21382141113281
286.0314280837774,600.2592086791992,53.97013473510742,54.8272705078125
308.45528672635555,631.2424659729004,47.03207015991211,46.974037170410156
331.4012648910284,647.9979133605957,54.594825744628906,46.38550567626953
368.0820739120245,612.4058303833008,58.044151306152344,64.70088195800781
375.7829596847296,623.948673248291,65.09828186035156,89.3673324584961
381.4324385970831,609.5226860046387,80.05008697509766,102.5051040649414
369.705673918128,687.3017091751099,219.5134735107422,31.6673641204834
450.2568251937628,550.6681594848633,51.37049102783203,128.509521484375
381.2087142318487,523.7938766479492,103.22274017333984,104.22698974609375
407.8795897811651,411.7749214172363,98.87671661376953,85.85169219970703
288.91882775723934,411.9509735107422,90.37550354003906,72.09538269042969
288.55269311368465,405.2779769897461,80.65998840332031,72.25350952148438
279.9279410690069,402.3223991394043,85.9369888305664,75.67790985107422
288.19781182706356,401.0776138305664,85.59036254882812,70.32269287109375
269.34031365811825,388.6893730163574,90.96307373046875,85.83019256591797
268.27970956265926,395.946231842041,82.33943939208984,76.4178237915039
270.1815383285284,396.69829177856445,83.07664489746094,79.24088287353516
277.1696097701788,399.1626205444336,77.1697769165039,71.76559448242188
259.59038232266903,392.7074508666992,99.74293518066406,81.32745361328125
255.0936591476202,387.57618713378906,97.76988983154297,94.58171081542969
251.22110436856747,391.9951934814453,103.23002624511719,91.41560363769531
242.47854302823544,378.154052734375,114.324462890625,114.51768493652344
227.67648766934872,378.10437393188477,141.70130920410156,110.94263458251953
250.99036096036434,392.4410629272461,90.49531555175781,92.1771240234375
260.8606803268194,398.7439613342285,78.3700942993164,70.5511245727539
259.06727670133114,400.79013442993164,67.23873138427734,70.26660919189453
249.47713159024715,400.7016792297363,72.45124816894531,71.77576446533203
240.15328668057919,394.18364334106445,87.70089721679688,79.49060821533203
243.94654534757137,399.5788040161133,81.43515014648438,76.352294921875
240.72808907926083,394.78479385375977,79.02022552490234,74.06388092041016
232.81015847623348,392.1751899719238,84.96256256103516,75.2149429321289
224.54843591153622,389.92607498168945,94.81965637207031,79.79203033447266
218.8810889571905,373.7495346069336,109.38521575927734,97.65155029296875
368.5508696883917,387.45888900756836,79.9639892578125,76.45305633544922
362.7670295089483,396.6402130126953,73.38524627685547,71.48115539550781
359.56818459928036,387.0209426879883,77.81696319580078,75.42385864257812
413.0751464217901,392.1577262878418,97.38796997070312,70.16939544677734
444.4001586288214,380.8532409667969,103.10284423828125,78.60313415527344
436.0260321944952,380.75304412841797,127.77437591552734,85.66558837890625
437.1515624374151,378.4209747314453,128.08883666992188,80.87327575683594
340.677166685462,380.9150199890137,103.62614440917969,79.37117767333984
416.77072213590145,377.11036682128906,103.94727325439453,72.24198913574219
451.8186042159796,415.079158782959,115.26721954345703,67.17247772216797
353.3107879012823,382.74946212768555,80.29031372070312,71.23125457763672
454.47744058072567,378.9273338317871,78.73401641845703,77.02291107177734
346.5656592696905,378.3194999694824,84.13616180419922,79.33507537841797
454.3625380843878,387.3681831359863,86.05528259277344,70.44339752197266
555.9074561446905,429.4469909667969,57.96758270263672,61.32591247558594
535.8053653091192,447.8531837463379,63.09988021850586,71.8348159790039
549.6406066268682,407.6338996887207,102.60087585449219,88.71732330322266
595.5985076278448,405.2623748779297,127.14881896972656,68.72294616699219
545.1215789169073,398.1315460205078,81.16474914550781,109.11369323730469
511.39086221158504,428.41471099853516,118.54973602294922,123.21014404296875
593.1693694442511,387.9178161621094,119.99198913574219,85.65144348144531
625.1951873153448,257.77184295654297,130.43797302246094,95.29942321777344
561.0376975387335,163.728271484375,125.77165985107422,141.62393188476562
600.4579360336065,342.21969985961914,120.91067504882812,107.08113861083984
741.1939170211554,389.52727127075195,106.87682342529297,81.29210662841797
651.4688842147589,409.39217376708984,102.65031433105469,128.2620086669922
550.9358489364386,467.3645553588867,135.3397979736328,146.22154235839844
479.0917632430792,382.5613250732422,187.55287170410156,123.30728149414062
597.3292357772589,170.74340057373047,193.11106872558594,140.8431396484375
528.9207656234503,386.57176971435547,169.17709350585938,122.78173828125
427.146160826087,356.6816711425781,152.53587341308594,92.59745788574219
580.1805159896612,264.09350967407227,118.126220703125,94.99408721923828
505.3097884505987,179.33543395996094,151.41134643554688,137.6094207763672
365.0998427718878,345.4767303466797,227.31295776367188,110.54142761230469
439.26963494718075,170.05945587158203,217.6993865966797,184.80697631835938
443.3729445785284,309.89134216308594,330.4502868652344,161.86695861816406
382.6234023422003,300.3235549926758,351.8183898925781,304.1973571777344
460.9434554427862,0,495.39581298828125,391.14591217041016
425.5479171127081,6.455417633056641,793.689208984375,276.6817321777344
424.0885970443487,0,627.8383178710938,295.48144912719727
417.9601790755987,0,787.0349731445312,336.10183906555176
429.12280724942684,0,793.735107421875,340.9073495864868
428.50879357755184,0,827.048095703125,348.69259691238403
429.1672103255987,0,758.0830688476562,332.47465538978577
430.66309045255184,0,785.3594970703125,290.8143388032913
226.32449792325485,425.6146584153174,512.4680786132812,294.3853415846826
433.1281478255986,12.70681956410408,772.1024780273439,405.6869201660156
418.3595931380987,0,786.3107299804688,324.0340748131275
433.9050948470831,0,769.4881591796875,297.4827509075403
437.76343224942696,0,770.0867919921874,321.25513888150465
433.36740563809883,0,750.5747680664061,330.5135862864556
413.4771773666142,0,779.6563720703126,296.09132683463395
439.04123376309883,0,782.7332153320311,295.0267272600905
255.54517053067696,333.06632688688137,564.572265625,386.93367311311863
440.61301110684883,0,751.9832153320311,336.12261046492506
445.2539107650517,0,772.6898193359376,318.42023772757966
443.47302697598934,0,749.789306640625,320.68826827785233
436.5261885970832,0,759.6424560546874,341.2763698566997
436.9073226302862,0,739.7448120117188,296.9668287271779
433.58157800137997,0,770.4348754882812,324.95582647296396
243.44711755216122,393.72065005288823,649.8573608398438,326.27934994711177
414.81473229825497,4.214588332108178,785.4722290039062,388.2532653808594
429.72974084317684,0,797.5462646484375,360.81038300984255
437.7573897689581,0,747.875244140625,357.2333775400775
430.04471276700497,32.66861442921845,820.9600219726562,303.1456604003906
259.1624495834111,406.0571337163277,528.5718383789062,306.5859069824219
291.47794030606735,136.80525688527302,683.4066772460938,436.61212158203125
467.6085860580205,0,546.5472412109375,332.23941521046834
437.9074447005986,6.908342859140475,749.0040893554689,363.8367919921875
435.82474206387997,0,782.4121704101562,354.2172417849217
429.38406823575497,0,772.2708129882812,322.0694515809374
431.18851159512997,0,784.9170532226562,321.8491178803124
441.675358518958,0,758.5629882812501,326.21481162570296
445.96399377286446,0,752.7078857421874,319.72657695542966
448.9433333724737,0,772.9977416992188,310.9312511241992
274.82825158536446,310.5900609869044,515.805419921875,405.0555725097656
436.09924767911446,0,740.0793457031249,330.8065832037013
434.4262130111456,0,749.2149658203125,319.81765927763195
437.5297591537237,0,761.2649536132812,334.27200407729254
438.6568343490362,0,783.3600463867188,315.3187107788806
277.9126632064582,382.8681871765498,692.6973876953125,337.1318128234502
427.9413497298957,1.7746850189389534,798.7674560546874,339.3300476074219
431.3547103255987,0,793.9129028320312,334.92544185487645
432.9299971908331,0,774.0640869140625,332.4717999069304
429.76907800137985,0,778.2457885742189,329.14805510483234
433.9662520736456,0,769.8114013671875,336.381843104174
426.4093978255986,0,801.2378540039064,326.842578656579
325.8241622298956,360.06109035368013,647.585693359375,350.46453857421875
420.82144616544247,0,814.0501098632812,331.8104494845395
420.63333581387997,0,796.5935668945312,325.88000196394944
447.83826135098946,0,733.4068603515624,337.7559036919358
440.2031600326301,0,757.1478881835936,340.9576637600305
418.44665978848934,0,822.497314453125,339.2652851270856
269.25613854825497,401.3907144629568,696.2146606445312,318.6092855370432
433.68814538419247,0,754.9871215820312,326.40875139651746
435.25711511075497,0,744.3612670898438,321.3176874658368
239.52029870450508,419.62664768799664,581.9848022460938,300.37335231200336
469.36661218106747,1.9553526525919551,488.13690185546875,360.8338623046875
442.4437911361457,64.87968431763113,689.6872558593749,389.9360046386719
441.6249739974737,0,743.0831909179688,325.65949999145926
436.67526696622383,0,738.4099731445311,309.32248681213605
240.29605554044235,403.43864819122416,576.5712280273438,316.56135180877584
443.2716719955205,0,754.4761962890626,315.8557376698309
237.2555587142706,401.3455629267123,558.5408935546875,318.6544370732877
440.35339806973946,52.178900237770335,742.8928222656249,373.1783142089844
436.40906213223934,0,755.34716796875,290.6750092465594
427.37845300137997,0,776.4992065429688,293.3021347502329
267.94974206387997,394.6809135665227,554.4382934570312,325.3190864334773
431.0064437240362,0,751.9276733398438,384.39340478130816
418.19714806973934,0,823.5994873046875,294.9493421611619
249.3582198470831,410.26698370265126,572.2376708984375,303.5393981933594
426.8354232162236,38.54156561183083,824.5315551757814,312.2110595703125
277.6142012923955,400.11125250147916,563.291259765625,313.9920959472656
455.9653060287236,0,718.9931030273439,287.96464605616666
416.36426232755184,0.2811969294505161,846.4041748046875,353.4053039550781
421.8288314193487,0,833.6586303710938,329.3080676569896
