332.0,233.0,25.0,27.0
334.3613700866699,236.78199577331543,21.4212646484375,27.889225006103516
338.22978687286377,248.75373458862305,21.992948532104492,21.913124084472656
329.4675521850586,256.82680320739746,21.10352325439453,18.661617279052734
332.1977376937866,266.21403980255127,16.734392166137695,15.623395919799805
333.54849433898926,269.3628206253052,17.747020721435547,16.406110763549805
335.5271625518799,273.69547176361084,18.68558120727539,19.702592849731445
336.6119632720947,285.72325229644775,17.84957504272461,17.176145553588867
335.1439266204834,290.17339992523193,17.452693939208984,19.290742874145508
336.82828283309937,299.10864543914795,15.520657539367676,16.95952796936035
337.9671654701233,308.468469619751,12.501269340515137,11.931621551513672
336.8142828941345,316.9719944000244,10.369816780090332,10
341.28405690193176,326.95950746536255,10,10
342.91052651405334,334.83305168151855,10,10
342.93599677085876,330.2632737159729,15.899128913879395,10.674630165100098
340.5268814563751,314.43353366851807,22.565149307250977,21.089885711669922
333.6094467639923,295.7440023422241,30.3393497467041,35.016380310058594
323.1302111148834,294.47915744781494,34.762672424316406,45.39027786254883
308.08622193336487,279.1725912094116,56.29585647583008,64.60738372802734
300.116188287735,206.74120235443115,69.55219268798828,63.42279815673828
318.7691080570221,179.19733333587646,80.79783630371094,76.00704193115234
302.9047815799713,167.57541179656982,87.48568725585938,105.45980834960938
296.55731987953186,181.40095043182373,95.04788970947266,125.40547180175781
305.9607813358307,266.5653409957886,72.97314453125,189.88662719726562
176.817058801651,206.5709867477417,119.60775756835938,150.8990478515625
121.10043740272522,91.88710308074951,161.4025421142578,170.805908203125
96.203045129776,3.7344846725463867,168.298828125,231.33673095703125
267.02586007118225,9.627192497253418,199.482666015625,214.6995086669922
252.87083840370178,10.40363597869873,210.22789001464844,212.73915100097656
267.69893288612366,8.05768871307373,219.13218688964844,227.48731994628906
254.20817971229553,0.22639751434326172,215.31675720214844,156.72528076171875
253.0654718875885,4.304491996765137,210.8841552734375,131.10552978515625
240.47290444374084,11.344630241394043,243.46571350097656,190.50059509277344
78.24694466590881,164.30987071990967,183.53775024414062,240.5442352294922
285.30983376502985,439.6678800582886,160.04112243652344,160.20223999023438
229.85501122474665,560.5343503952026,126.40868377685547,166.036865234375
362.4559137821197,635.7261991500854,83.46267700195312,132.10885620117188
381.50233864784235,752.577639579773,74.81883239746094,82.51522827148438
261.9569323062896,792.7266492843628,88.66355895996094,91.00001525878906
401.8073847293853,858.9451131820679,68.12445831298828,78.66657257080078
404.115471124649,855.5577955245972,72.98731994628906,69.82527160644531
404.63761544227594,832.7867650985718,78.72797393798828,88.00911712646484
281.2388079166412,740.2229146957397,85.48974609375,82.96622467041016
398.8349878787994,796.3049039840698,65.88875579833984,68.74371337890625
328.3036386966705,696.867995262146,87.5801010131836,85.08927154541016
376.0330564975738,631.2067003250122,51.90996170043945,56.707271575927734
379.23042321205133,610.645754814148,71.60365295410156,66.16828918457031
365.07233071327204,583.5951299667358,92.27603912353516,90.67302703857422
351.1905329227447,730.6905698776245,60.02111053466797,62.676544189453125
355.55811905860895,719.2983198165894,61.9221076965332,70.67292785644531
353.6061060428619,708.5713224411011,75.54290008544922,73.05906677246094
333.16377282142633,688.6175260543823,73.20414733886719,78.84156799316406
341.59625840187067,691.6905965805054,62.42227554321289,74.01030731201172
264.3631975650787,713.2686147689819,69.78228759765625,77.66045379638672
310.2064554691314,663.2670736312866,80.7925796508789,78.47159576416016
345.63510537147516,641.1052885055542,81.03153228759766,75.97149658203125
395.6483957767486,607.5108060836792,105.40515899658203,98.70977783203125
301.79209160804743,641.0330152511597,67.135986328125,66.75126647949219
299.40880990028376,643.1920919418335,78.44152069091797,91.82959747314453
236.5061075687408,578.7030248641968,81.62120819091797,99.60514068603516
275.73709130287165,486.21574687957764,68.97506713867188,69.97772216796875
269.3910238742828,396.3876428604126,51.44831466674805,46.0240364074707
263.6414892673492,327.27834033966064,42.131710052490234,50.60149383544922
279.60461640357966,318.11702823638916,30.931804656982422,38.480682373046875
285.66262269020075,325.35681438446045,44.02799606323242,35.718196868896484
291.06052422523493,321.8921136856079,47.527374267578125,48.00743103027344
278.57226204872126,272.83199405670166,65.1845932006836,65.0186538696289
229.20021462440485,209.17176914215088,126.04524993896484,65.12679290771484
227.8625833988189,186.00820636749268,111.53844451904297,110.69781494140625
245.27223229408264,210.1189088821411,126.60040283203125,129.19122314453125
368.56567788124084,360.1153688430786,83.8696517944336,74.19091796875
284.61563515663147,455.20831966400146,54.72920227050781,51.84614181518555
293.2766134738922,403.08652210235596,33.700016021728516,40.941131591796875
256.21358704566956,421.5916929244995,44.824398040771484,44.58473587036133
295.72050404548645,409.591965675354,28.17076301574707,33.852760314941406
301.01101517677307,437.0425043106079,33.64039993286133,34.010047912597656
296.0908033847809,472.92982006073,39.172611236572266,35.647891998291016
284.81131768226624,502.203164100647,58.37530517578125,57.98670196533203
303.62948060035706,557.5575704574585,43.69265365600586,48.072566986083984
271.77240777015686,567.2121858596802,60.46427917480469,57.14891052246094
304.46877884864807,653.4842882156372,51.659122467041016,51.71630859375
285.32297921180725,603.0642709732056,58.888816833496094,64.84974670410156
301.76777482032776,667.2429132461548,51.5594367980957,51.452362060546875
331.7831575870514,717.3382234573364,55.77760314941406,54.414939880371094
331.3224012851715,723.7749528884888,53.758792877197266,50.677024841308594
325.3554117679596,715.9096002578735,58.88764190673828,62.66154479980469
342.0045835971832,713.446774482727,45.652103424072266,58.43724822998047
306.4942743778229,667.7726030349731,52.398353576660156,54.000770568847656
311.1270124912262,651.7744913101196,55.520572662353516,54.76191711425781
302.86836647987366,624.954607963562,59.98418426513672,60.30886459350586
299.56917786598206,597.3603982925415,56.85366439819336,69.12310791015625
293.4194567203522,589.2833604812622,72.64054870605469,71.40929412841797
317.3559801578522,655.1429986953735,84.86936950683594,59.41038513183594
329.30453515052795,627.7346506118774,73.0726318359375,68.18624877929688
288.5649206638336,532.4414834976196,58.87575912475586,67.71686553955078
296.53886437416077,511.51271533966064,55.84162902832031,66.51835632324219
305.25474190711975,506.40356159210205,67.12053680419922,74.99452209472656
304.03776955604553,494.4855737686157,88.56742095947266,90.89379119873047
284.1683123111725,473.49820041656494,74.08523559570312,74.64905548095703
273.5218451023102,432.0052728652954,62.955623626708984,82.44522857666016
274.5718653202057,440.0506715774536,53.97399139404297,62.281982421875
289.20652413368225,527.6335000991821,80.52965545654297,51.31340789794922
221.06383156776428,425.5868196487427,78.16776275634766,63.73779296875
291.4196436405182,406.92266941070557,75.15587615966797,75.09630584716797
381.3842661380768,374.348069190979,70.22037506103516,73.6788558959961
329.33399987220764,277.56670475006104,101.71235656738281,74.50226593017578
429.3892900943756,141.4186487197876,119.81967163085938,111.90765380859375
419.82776284217834,117.49420261383057,119.01441192626953,110.69068908691406
411.64295983314514,118.72267627716064,121.18199157714844,108.47525787353516
409.3361437320709,113.61045551300052,123.72024536132812,115.50426483154297
406.1144678592682,116.04149723052979,126.71199798583984,115.49075317382812
400.5537760257721,120.85484409332275,126.72461700439453,115.84712219238281
404.2520067691803,108.585129737854,133.33132934570312,126.94770812988281
421.18336510658264,72.05130863189697,134.9354705810547,139.63070678710938
447.59813714027405,13.861458778381348,152.05697631835938,145.80108642578125
485.5670244693756,0.4819650650024414,169.42620849609375,157.09632873535156
486.7379229068756,0,192.73614501953125,113.8706407546997
485.06755089759827,0,201.06126403808594,93.41617059707642
525.4281237125397,0,157.36056518554688,55.980252504348755
552.0701906681061,1.1077524423599243,106.76322937011719,107.6390151977539
484.3374330997467,83.03415930271149,94.49382019042969,116.34113311767578
485.6270945072174,70.52912008762362,96.36844635009766,143.41261291503906
459.39158272743225,32.45164358615878,116.73741912841797,123.24032592773438
306.5875437259674,14.80805456638339,102.67420196533203,103.2492446899414
286.9027941226959,27.770479798316956,105.10784912109375,71.70195770263672
276.82266640663147,22.36227858066559,84.54627227783203,58.54448318481445
268.73039269447327,11.532896637916565,71.38735961914062,45.84712219238281
277.78423714637756,0,79.70853424072266,37.470715165138245
274.4208071231842,18.99979430437088,49.43695068359375,54.053096771240234
252.94011330604553,12.494942009449005,71.4596176147461,58.315853118896484
232.53063225746155,15.79005652666092,81.46968078613281,83.55377960205078
174.18283486366272,11.969366371631622,78.77202606201172,69.06259155273438
151.69573998451233,12.460842430591583,105.51943969726562,59.19133377075195
131.6721384525299,60.72535163164139,75.10726165771484,88.54988861083984
73.89641976356506,110.52130728960037,93.54073333740234,74.8431396484375
139.30476021766663,82.68478232622147,107.37236785888672,92.94984436035156
198.60086846351624,49.99987632036209,96.41091918945312,88.79188537597656
204.9834063053131,27.488256752490997,141.09164428710938,115.87353515625
376.1395800113678,5.098276436328888,73.9046630859375,127.61959075927734
395.2905008792877,5.595396339893341,72.74280548095703,112.39079284667969
405.52999901771545,3.888506233692169,75.15391540527344,103.66889190673828
443.1540834903717,2.4018881916999817,70.99229431152344,101.70423126220703
449.6828730106354,7.792558968067169,72.42452239990234,104.6142349243164
425.78402733802795,29.288168251514435,60.08140563964844,109.01986694335938
390.1674692630768,51.71366721391678,63.40583038330078,92.62568664550781
366.95485520362854,30.283346474170685,52.679447174072266,131.28857421875
367.21531319618225,70.8760512471199,58.411643981933594,111.18196105957031
373.8572142124176,116.60562735795975,48.88956069946289,94.51614379882812
378.4116804599762,148.54387122392654,48.6332893371582,73.73450469970703
377.2099974155426,118.53773719072342,40.19734573364258,100.8395767211914
362.43462777137756,129.8590071797371,55.220314025878906,89.55067443847656
334.5989363193512,138.78913336992264,43.776981353759766,85.08898162841797
338.87394738197327,162.9021742939949,36.96903991699219,65.30683898925781
333.2562792301178,148.22894126176834,52.038482666015625,74.17047119140625
332.20862793922424,141.06701880693436,49.6344108581543,75.92394256591797
330.7522089481354,173.29219275712967,46.69103240966797,71.42967987060547
314.7336676120758,199.07570105791092,60.02389144897461,71.03630828857422
265.4943392276764,280.7524703145027,69.29676818847656,87.92562866210938
250.15496468544006,236.0001204609871,102.47624969482422,119.05746459960938
300.30691933631897,358.0553534626961,108.03751373291016,107.53861236572266
156.0073664188385,260.7208998799324,100.6182632446289,80.34901428222656
101.47964882850647,120.51152640581131,87.0468521118164,106.98521423339844
101.86439919471741,132.51756125688553,85.35547637939453,124.65740966796875
105.19508004188538,168.8012679219246,83.88106536865234,116.61160278320312
115.45259881019595,186.75649863481524,83.797119140625,119.14135742187497
123.13757348060611,216.70820838212967,86.39860534667969,119.4210433959961
138.1278536319733,339.7694151997566,98.39115905761719,102.72068786621094
166.47812294960025,374.2643378376961,88.1004409790039,68.7668228149414
126.92023491859439,252.88030463457108,81.8768310546875,83.2955093383789
117.31177163124087,337.0734503865242,83.82440948486328,98.18582916259766
130.3801386356354,219.70164328813553,86.14730072021484,111.25408935546875
112.86243081092834,344.09253150224686,90.0408706665039,111.07442474365234
185.20145440101624,379.0277312397957,113.90982055664062,76.93254089355469
140.13647484779358,229.81734305620193,90.80397033691406,116.4754867553711
140.36666512489316,329.13790732622147,120.65462493896487,113.74530792236328
183.97606301307678,384.8757765889168,113.39273834228516,81.75955963134766
125.63055062294006,240.77643424272537,111.4299545288086,92.72783660888672
113.2860758304596,227.707681953907,92.47565460205078,81.30845642089844
24.46533226966858,236.91555243730545,128.8174591064453,63.98506164550781
1.5523645877838135,239.45221930742264,112.03057098388672,71.46699523925781
0,129.42295295000076,63.8889696598053,108.89041137695312
12.095016598701477,153.79030066728592,109.3021469116211,118.04283142089844
66.13563930988312,246.26964408159256,137.77931213378906,102.10526275634766
4.021045804023743,320.34714728593826,120.83168029785156,134.50457763671875
18.379261136054993,391.3393500447273,192.8845977783203,172.02743530273438
121.75664913654327,304.36482459306717,239.26837158203125,139.8097381591797
21.88785946369171,489.6557715535164,271.3081970214844,253.63873291015625
208.5954705476761,300.11557990312576,199.31106567382812,752.261474609375
205.48859798908234,474.70066291093826,387.4696350097656,556.62841796875
293.52488338947285,646.4222052693366,417.5857849121094,464.75173950195324
363.4029961824417,262.5933631062509,307.7559509277344,786.4260253906249
200.535366177559,941.2927039265633,508.2574462890625,338.70729607343674
198.84679806232475,862.9297839701176,517.0222778320312,404.9201965332031
238.25138485431683,830.6826678812504,481.7486151456832,428.2322998046875
236.00790983438498,772.1598407328129,476.5791931152343,500.8955078125
220.463522017002,818.1467792093754,497.895263671875,461.8532207906246
201.2170925736425,782.1740823537111,514.7163696289062,488.1040344238281
104.91814237832989,880.3160043507814,543.9348754882812,399.68399564921856
56.296712934970515,764.3524601832032,663.7032870650295,494.3018798828125
37.921519309282075,0,678.9531860351562,593.611676491797
41.15549758076645,750.0477816052735,611.1126708984375,523.037353515625
6.8935652077195755,8.270743031054735,701.6126098632812,512.6676635742188
84.53022292256333,5.208288807421923,635.4697770774367,481.4502868652344
229.57599402964104,375.4096285291016,345.69049072265625,364.502197265625
270.7016654163598,681.140432972461,394.27130126953125,377.14556884765625
312.1204886585473,544.3249727673829,239.95660400390625,240.05078125
262.8563971668481,805.9260164685547,238.1173553466797,320.59661865234375
371.5189337879419,579.0261293835938,183.04277038574224,195.28018188476562
118.21082831919193,342.54041923955083,253.8999481201172,222.2042694091797
106.2609915882349,356.14567436650395,147.42205810546875,157.44065856933594
276.21842719614506,461.45814384892583,153.40440368652344,164.0660858154297
110.6958174854517,373.6665903516114,92.8099594116211,108.1017074584961
34.442166820168495,335.15114464238286,150.3865966796875,154.3677978515625
0,132.87806572392583,178.42760993540287,203.9860382080078
135.13050342351198,324.37599052861333,101.6581802368164,113.00325012207031
229.2658107355237,450.223326344043,124.31945037841797,122.03861999511719
111.87410236150026,327.7553774304688,87.43712615966797,89.09480285644531
206.1399562433362,276.4724375195801,85.45516204833984,59.75635528564453
194.56676746159792,298.4674936719239,65.96819305419922,83.32923126220703
218.08361697942019,324.26410545781255,91.57939147949219,72.22944641113281
181.1355617120862,309.58704628422856,108.99686431884766,113.12979888916016
160.37727237492803,165.6682344861329,90.78367614746094,95.04273986816403
150.75622440129524,212.00972237065434,85.72285461425781,89.9416732788086
148.32005573064095,251.99844994023442,81.27503204345703,76.32508850097656
156.92266345769173,270.58537735417485,77.06768035888672,58.55861282348633
166.03960681706673,281.25741447880864,74.02584075927734,52.114959716796875
244.19189525395637,329.57775177434087,49.2841911315918,52.94797897338867
277.09049487859016,347.5311171002686,48.669639587402344,42.66397476196289
268.7894885614515,293.3837553448975,65.38034057617188,44.35719680786133
214.63936877995735,272.72660698369145,53.62609100341797,58.5518798828125
201.8277728632093,268.5426432080567,63.46537780761719,63.743629455566406
149.83332515507942,303.5540663190186,54.367069244384766,35.80659866333008
159.92928386479622,288.0945192761719,46.470760345458984,41.149627685546875
153.49323726445442,267.7545000500977,54.327823638916016,41.02162170410156
128.90014148503548,258.69091667607427,57.831199645996094,47.78565979003906
112.09885669499641,257.7445932812989,53.24958038330078,49.77918243408203
108.86732745915657,251.8549410291016,51.20092010498047,39.60783386230469
95.58068156987434,225.07721199467778,50.65415573120117,38.750732421875
88.94540477544075,216.70451034978032,59.53232955932617,60.6198844909668
64.75409770756966,166.1259371228516,63.7813835144043,65.04407501220703
49.60792804509407,131.24107613041997,64.96244049072266,72.01129150390625
54.72973895818001,128.6505075879395,68.0430679321289,72.06340026855469
77.09918094426399,136.48700584843755,67.48057556152344,71.11284637451172
108.45907092839485,114.52607216313481,65.41686248779297,74.49784851074219
163.69871402531868,83.82015099003911,59.40068054199219,67.0572738647461
217.3675792291761,68.74624504521488,57.381614685058594,61.74326324462892
256.33337283879524,67.11629738286136,64.86140441894531,74.51480102539064
282.40026737004524,54.850149769335985,72.52461242675781,74.73372650146484
308.4685847833753,34.378225941210985,75.12335968017578,79.8290023803711
317.9018390253187,26.355230946093798,78.90464782714844,81.7909164428711
310.36747241765266,24.94991173222661,82.04778289794922,83.6198959350586
295.9579570367933,0,75.4856185913086,77.22484077885747
254.32893253117805,0.054669687524437904,85.15283203125,53.938560485839844
213.70686794072395,0,56.736148834228516,35.75189525820315
212.07712054997688,5.026826535351574,62.35857391357422,40.57414245605469
211.49318195134407,17.060445462353528,68.08509063720703,56.432945251464844
180.2182872369886,8.041501675732434,99.07659149169922,40.529136657714844
201.75852275639778,19.522399579174817,53.7032585144043,60.8254280090332
178.22467304021126,16.886825238354504,84.95003509521484,54.00406265258789
216.9190166071058,14.013385449536145,74.64862823486328,52.297481536865234
208.02377963811165,7.775476132519543,86.48489379882812,41.80438232421875
193.69374347478157,10.869422589428723,75.59896087646484,47.46687698364258
192.9741294458509,0.28282514680176973,47.3291130065918,38.35862350463867
216.96913409978157,3.3852116214111447,47.78681182861328,42.600704193115234
215.06285930424934,24.81663862336427,57.17536544799805,50.5722770690918
213.31077838689095,6.781457577832043,66.30821990966797,45.879547119140625
209.7304065302015,30.812955533154323,85.52311706542969,59.96916961669922
250.86802364140755,1.3678242312744402,63.4623908996582,53.40476608276367
306.78011585026985,32.302343045361354,46.883445739746094,67.37767791748047
313.4246738031507,103.86871496308595,43.1595458984375,51.121185302734375
297.28948665410286,163.10225263703614,46.9207649230957,52.69814682006836
261.6819961145521,228.01977888215333,45.140987396240234,45.44521713256836
225.4918067529798,283.10869947541505,51.97018814086914,57.45402145385742
210.67287898808723,300.1349693881348,51.96332931518555,36.153587341308594
193.94501376897102,294.09075513947755,49.11945343017578,39.9675407409668
159.45591426640755,290.62442937958986,49.11860275268555,39.72395324707031
130.9356772974134,315.57560697663575,41.14340591430664,40.59184646606445
107.73653102666145,324.557300244458,41.00448226928711,42.29813766479492
103.99815822392708,290.62922445405275,53.70266342163086,57.31657409667969
107.32746768742805,311.2701851474121,68.0918197631836,63.95024108886719
95.62169147282845,297.8921715365723,76.33505249023438,89.29434204101562
7.099882848560867,208.70215383637697,52.81568145751953,101.66061401367188
5.585377462208328,179.94659963715822,50.285152435302734,106.17060852050781
40.167752034962234,309.23875776398927,49.2917594909668,47.96974563598633
0,341.0503460513428,47.11879230290657,42.53071212768555
0,339.2604424105957,34.13314378634098,65.48312377929688
24.03330773301424,383.36973920930177,67.72634887695312,53.763736724853516
0,411.03526464570314,52.9637543577701,76.68824005126953
62.835781903006136,340.65091863740236,56.02491760253906,57.92285919189453
89.51643070671707,325.1612850772217,58.11085510253906,59.8630485534668
78.49561008904129,240.85126272309572,88.70907592773438,55.199344635009766
118.97125133965164,266.6544834719971,49.08274459838867,52.38904571533203
119.54999813530594,295.1312805758789,35.96786880493164,41.7661247253418
73.93208012077957,282.1454044925049,45.98284149169922,48.926429748535156
46.25983128044754,298.46472707856447,49.52027130126953,41.81923294067383
54.51982387993485,356.6286274539307,40.74857711791992,50.94940948486328
31.50047764275223,329.65291181672364,64.10974884033203,43.336517333984375
2.4506119200959944,326.23120466340333,77.9181900024414,32.736846923828125
26.133946270681932,285.03441206086427,67.15111541748047,46.41015625
78.59005054924639,350.0927998172119,69.2554473876953,64.73939514160156
0,439.02405134309083,46.91992649529129,63.065093994140625
17.07300989376381,430.64590803254396,62.30088424682617,65.7657470703125
24.41491548763588,508.97443357575685,69.5235366821289,65.96532440185547
29.407324240077287,526.5343472110108,74.38591766357422,93.8206558227539
49.436727926600724,605.5060383426026,106.53035736083984,85.85804748535156
1.9727081512100995,507.25413862336427,91.69896697998047,214.10812377929688
7.425730154383928,471.6679112063721,135.85548400878906,154.81423950195312
1.1883072112686932,349.2695500003174,69.83429718017578,198.7154541015625
103.86418001400307,400.42663923371583,119.67023468017578,109.69818115234375
221.96042864071205,562.4164082156494,112.08302307128906,102.68568420410156
126.8629898284562,555.512378369458,115.6429214477539,126.62509155273438
2.375421926844865,599.4019924746826,133.0653076171875,123.8254165649414
0,695.7687870608643,83.40042345272377,149.51596069335938
134.21595498197712,553.6172024356201,95.16400909423828,111.27046203613281
0,619.5364948855713,105.9158718215767,81.00603485107422
0,691.0744778262451,73.90316448744852,141.25660705566406
0,712.4916760073975,90.68162756232778,158.51986694335938
46.86519732608576,840.6966091739014,133.1424560546875,107.65113830566406
129.2986384881951,1002.6868282901123,136.31066894531253,129.68809509277344
21.008217955968576,845.9735714541748,207.70864868164062,140.44602966308594
0,869.9043346988037,117.976643706701,202.59963989257812
121.16801698274503,1063.0718075381592,234.96739196777344,176.81077575683594
58.53795869417081,1050.5932766543701,275.6947326660156,229.40672334562987
276.0120645291317,716.3197477632202,148.08770751953125,151.2303924560547
185.37569673128013,634.5402143769898,316.5350646972656,263.0646057128906
141.4517160183895,1032.1446836763062,293.7850036621094,247.85531632369384
156.71473176545982,1056.514610209735,336.85504150390625,222.85874938964844
174.85331208772544,1075.7331465866882,318.318115234375,204.26685341331176
283.3277841336239,1050.0629233910004,409.7994689941407,217.95855712890625
341.027750564288,1026.7104529930511,367.0887451171875,245.9069061279297
320.02739961213956,1037.3838386131683,399.8291931152344,242.61616138683166
201.27265412874112,998.374734858342,426.11663818359375,276.0778503417969
265.38413484163175,1008.3527164257248,454.61586515836825,270.12725830078125
258.2840626600737,573.3672504223068,250.17404174804688,215.3610382080078
0,289.4693851268966,149.3755619886869,207.7545166015625
0,301.2934818065841,137.9539934577224,171.7083740234375
2.2812951297401014,358.2506274975021,163.11924743652344,160.02595520019537
16.231749841654164,347.67616460687714,192.86537170410156,188.1590118408203
256.4875596255897,114.8015575206955,110.19579315185547,109.2590103149414
270.5123055667518,169.61141012079315,89.35391235351562,83.4741439819336
281.120074579203,179.95866582758026,75.45722198486328,75.615478515625
274.39845592685924,166.08820913202362,85.71753692626953,75.88507843017578
245.68592006870495,123.02242467767792,87.41558837890625,85.8961181640625
203.11841518589245,50.54750249750214,81.92440795898438,86.99752807617188
150.68555004307018,0.4415931499679573,92.40898895263672,63.29099655151367
126.00810558506237,0,84.80106353759766,57.9944171703537
217.2433312625526,67.1955346960167,50.07719421386719,67.49757385253906
192.02431041904674,29.700377454195404,54.747657775878906,57.482486724853516
195.50019199558483,72.14029978695908,50.78188705444336,59.53507614135742
181.01012737461315,121.19950388852158,49.42601776123047,62.5399284362793
170.17870456882702,153.5043840307335,57.88808822631836,67.74883270263672
173.91048175998912,178.4031762975792,62.51199722290039,68.72212219238281
193.68078167148815,216.8511514562706,53.35753631591797,70.936279296875
196.96455890842662,136.08051966610947,61.80997085571289,59.34817123413086
177.09755451389537,134.3117399114708,53.761783599853516,51.12654495239258
169.97565204807506,112.6445035833458,53.74428176879883,52.702396392822266
163.68913585849987,83.82030009213486,54.08354949951172,56.478336334228516
141.2701867313026,42.958407391939545,57.47026062011719,57.97743606567383
112.68556530185924,2.252467145357514,56.453941345214844,37.075443267822266
116.95735675998912,0,53.8532600402832,19.983793248567963
114.4835770816444,7.825899119095993,34.62810516357422,23.89383888244629
113.85817844578014,4.320376391129685,36.72139358520508,32.08654022216797
102.67496235080944,3.5274209925701143,63.66158676147461,35.71601486206055
107.20020229526745,62.35185145826836,64.84427642822266,49.33879089355469
86.98509151645887,36.44234752150079,69.35501861572264,78.50753021240234
94.59637386509166,51.57086085768243,72.35834503173828,82.0301055908203
110.23063213535534,91.30514811964531,69.01765441894531,83.6055679321289
109.39268047519909,119.17014216871758,71.10292053222656,82.60943603515625
97.0014985293983,133.22090434523125,71.00790405273438,76.22293853759766
91.28485424228893,161.40032863111992,69.63845825195312,79.94422912597656
72.43032009311901,163.8478841731121,75.03832244873047,75.73283386230469
61.32722789951549,128.90566157789726,73.46939086914062,75.05514526367188
