704.0,368.0,47.0,136.0
708.0151920318604,371.6989059448242,39.71738815307617,133.2014923095703
707.6845588684082,373.4738006591797,39.43474578857422,131.47076416015625
706.183443069458,373.8203430175781,38.21371078491211,130.27645874023438
704.8826484680176,373.68924713134766,39.57903289794922,133.6530303955078
688.0104598999023,382.38369369506836,66.12385559082031,112.07471466064453
684.0943088531494,375.1026153564453,63.76292037963867,133.12435913085938
600.6762714385986,373.90547943115234,48.8712272644043,80.10050964355469
605.5995616912842,378.80539321899414,43.9271125793457,77.32262420654297
611.2850952148438,377.7905044555664,37.66912841796875,78.975341796875
612.1232089996338,378.08608627319336,34.094234466552734,75.71631622314453
590.9054355621338,376.983699798584,27.530712127685547,76.4277572631836
591.3460311889648,378.3950500488281,25.7000732421875,73.79837036132812
591.6347322463989,377.2319869995117,26.751195907592773,76.18260192871094
590.2445764541626,377.34374237060547,26.98347282409668,75.6767578125
591.0998411178589,377.7134819030762,27.385324478149414,74.65467071533203
591.9463796615601,378.83656311035156,26.35783576965332,74.10816955566406
593.8991785049438,380.01892471313477,25.335660934448242,73.05615997314453
593.9903869628906,380.2044448852539,25.404556274414062,74.43342590332031
594.1174621582031,378.94300842285156,25.824447631835938,78.68528747558594
592.8478574752808,377.1411819458008,27.204355239868164,75.48916625976562
592.4621229171753,377.446834564209,26.09311866760254,75.6983871459961
593.4989633560181,377.8723602294922,24.755231857299805,73.87350463867188
593.2840824127197,376.43237686157227,26.997615814208984,78.31092071533203
595.2936267852783,377.2169647216797,25.980175018310547,73.80870056152344
596.4862565994263,378.82152557373047,25.4726619720459,74.61820983886719
597.6427116394043,378.5456352233887,25.48296356201172,73.6603012084961
596.9835224151611,379.06474685668945,25.348812103271484,84.91735076904297
596.2458038330078,377.1766166687012,27.221099853515625,74.50760650634766
594.6920032501221,375.6518211364746,27.826152801513672,72.97859954833984
594.7319755554199,368.0081100463867,27.26013946533203,74.83340454101562
591.5446214675903,357.68090438842773,27.0865535736084,78.20905303955078
585.807297706604,345.04563903808594,27.402036666870117,75.7496337890625
582.5201253890991,336.03142166137695,26.021913528442383,77.14527130126953
580.8862104415894,329.9085807800293,25.60503578186035,75.54332733154297
579.6861047744751,327.6296157836914,25.867231369018555,73.03874206542969
584.288890838623,324.8543128967285,25.82469940185547,76.91834259033203
589.8753213882446,325.49134063720703,23.572355270385742,74.53915405273438
596.127007484436,325.19005584716797,25.149320602416992,73.38851928710938
598.0824975967407,325.9181823730469,24.261640548706055,75.13430786132812
596.3007001876831,327.0472297668457,25.433420181274414,76.7317886352539
595.0240449905396,327.3050231933594,23.218725204467773,74.59579467773438
595.124189376831,326.96064376831055,24.74441909790039,75.62256622314453
593.0023813247681,322.1669578552246,23.39710807800293,63.844032287597656
592.6542167663574,318.0488395690918,22.61212921142578,73.26848602294922
594.1388139724731,311.88553619384766,23.354101181030273,72.64790344238281
592.3056621551514,305.0880126953125,26.091175079345703,71.71183776855469
590.1337175369263,298.5178337097168,25.44135093688965,74.56575775146484
587.3099317550659,291.474889755249,28.02996253967285,55.39534378051758
586.0262689590454,284.08442306518555,27.294706344604492,73.8986587524414
586.0611982345581,276.4508361816406,29.025339126586914,75.62541198730469
585.7199535369873,268.35200119018555,29.708683013916016,75.29303741455078
583.2014961242676,263.7724800109863,30.20537567138672,76.9878921508789
583.1832485198975,257.7321586608887,27.232807159423828,75.0240249633789
575.6192741394043,255.18934631347656,28.325523376464844,75.72604370117188
568.5629997253418,253.4517936706543,28.625831604003906,76.4677505493164
563.0753574371338,249.59423828125,27.133541107177734,77.32772827148438
558.0472688674927,242.5036964416504,26.691884994506836,75.09294891357422
557.8317165374756,234.4271354675293,24.800174713134766,73.70153045654297
555.322582244873,226.29211044311523,24.659324645996094,63.108436584472656
551.4109287261963,217.53641510009766,23.990367889404297,62.958404541015625
548.1100416183472,213.44692993164062,17.828699111938477,67.21229553222656
543.4425497055054,206.76311492919922,19.279237747192383,68.97076416015625
544.0804414749146,201.17941665649414,19.30605125427246,69.33870697021484
543.363039970398,191.5568962097168,19.970346450805664,71.40067291259766
544.5862236022949,179.75238037109375,18.827842712402344,82.96067810058594
542.2490119934082,163.11370468139648,20.67664337158203,105.7651596069336
539.7781343460083,157.2127685546875,23.125112533569336,101.57130432128906
536.949649810791,153.62965393066406,26.47351837158203,102.24043273925781
534.4737901687622,154.77289199829102,27.583791732788086,75.6915512084961
534.1971349716187,153.79668807983398,26.268388748168945,75.8620376586914
535.043755531311,151.82508850097656,25.379209518432617,75.76287841796875
536.3545608520508,148.76710891723633,24.933441162109375,75.4549789428711
538.2638788223267,148.52165603637695,23.596342086791992,77.81884002685547
539.4659643173218,148.69532775878906,23.370271682739258,73.73277282714844
537.2924737930298,144.98846435546875,24.812589645385742,76.8343505859375
536.4601154327393,140.76703643798828,27.51174545288086,77.67239379882812
534.6963596343994,135.21773529052734,28.66884994506836,77.41024780273438
534.6975564956665,129.01694869995117,28.681913375854492,78.39887237548828
534.317099571228,126.82695007324219,28.761308670043945,96.259521484375
535.2499265670776,122.63196182250977,30.1994571685791,77.8552474975586
535.0729322433472,122.27678298950195,29.698633193969727,76.5732650756836
534.1281089782715,120.45355224609375,30.521156311035156,76.70156860351562
533.4839763641357,118.2499885559082,30.420490264892578,78.8396987915039
532.3749074935913,115.03301620483398,30.03312873840332,78.3396987915039
532.5739288330078,110.09209823608398,31.429458618164062,78.8990707397461
530.8961696624756,106.34918594360352,30.46640396118164,80.08756256103516
528.5944881439209,102.92452239990234,33.2684211730957,78.30355834960938
526.2114562988281,96.27066802978516,32.242431640625,81.99517822265625
525.4182186126709,93.44422912597656,32.97244644165039,81.31651306152344
525.4380760192871,89.47111511230469,33.526893615722656,82.0322265625
525.8552360534668,86.08734130859376,35.410972595214844,80.16581726074217
523.5700454711914,85.06763458251952,35.92140197753906,79.9170379638672
521.2229633331299,83.48207473754883,38.36013412475586,80.73834991455078
518.4809951782227,85.13321685791016,39.601715087890625,80.45281982421875
517.2031421661377,85.4963493347168,38.77830123901367,81.06084442138672
515.5071411132812,84.42244338989258,39.919036865234375,79.9088363647461
514.4330005645752,86.67558670043945,39.02048873901367,79.66899871826172
513.5787143707275,85.46365356445312,40.50934982299805,79.61198425292969
511.8295078277588,86.82962799072266,38.60519027709961,81.5958251953125
510.63617515563965,85.09150314331055,40.77327346801758,84.35396575927734
509.9267978668213,84.47780227661133,41.46891403198242,83.82813262939453
508.90584564208984,85.20598983764648,40.09477233886719,83.94298553466797
509.4864749908447,85.61341857910156,41.592647552490234,83.16143798828125
508.0271224975586,87.14857482910156,39.0281982421875,83.04963684082031
506.9712619781494,85.85725021362305,38.51475143432617,79.88451385498047
507.32329177856445,86.16947555541992,43.96782684326172,80.2148208618164
503.901554107666,85.6026840209961,38.692848205566406,82.11082458496094
504.12127685546875,84.32310104370117,37.16432189941406,82.0523910522461
502.1932907104492,83.42927551269533,44.54618835449219,80.51206970214842
502.33595085144043,82.26848220825195,36.67396926879883,81.23461151123047
499.06876945495605,82.3150520324707,42.0368537902832,80.44806671142578
498.90428352355957,80.35498046875,36.52151107788086,82.61593627929688
501.18668937683105,78.50386428833008,39.852176666259766,79.25432586669922
505.12100410461426,74.57122802734375,39.01310348510742,83.35159301757812
518.0119647979736,71.79581451416016,43.4997673034668,82.97634887695312
532.3328533172607,74.59322738647461,32.71034622192383,81.2066879272461
586.6260375976562,86.99846267700195,32.06986999511719,83.00237274169922
656.8304567337036,111.34100723266602,30.266775131225586,83.37865447998047
669.4607524871826,131.46946334838867,28.472171783447266,74.17957305908203
671.4018516540527,142.00246810913086,32.716773986816406,65.34008026123047
655.1485042572021,153.4657688140869,53.46841812133789,63.432857513427734
583.3624229431152,163.56351470947266,34.95452880859375,81.50369262695312
604.916093826294,169.95096969604492,34.20915603637695,60.306053161621094
558.2825975418091,173.77149200439453,31.985448837280273,78.44566345214844
537.0174407958984,191.32860946655273,41.936279296875,88.52405548095703
536.0638084411621,181.35251235961914,87.54676055908203,90.49561309814453
540.8979797363281,158.76659393310547,99.11459350585938,107.24484252929688
512.090145111084,188.01678466796875,84.11176300048828,229.38270568847656
351.94348907470703,185.00697326660156,71.92424011230469,149.13438415527344
360.88776779174805,179.96756744384766,60.42987823486328,163.19863891601562
368.8892192840576,182.51113891601562,57.252994537353516,170.5979461669922
377.75026512145996,196.59764862060547,59.90443801879883,166.423095703125
392.2800102233887,212.7568359375,66.1917495727539,157.58155822753906
412.8768501281738,235.76009368896484,68.11312103271484,156.19686889648438
442.75501441955566,247.67666625976562,56.25449752807617,147.3480987548828
450.75988960266113,251.40130615234375,56.72213363647461,157.78660583496094
459.37817764282227,262.6995315551758,51.677268981933594,155.86270141601562
463.2875728607178,273.15772247314453,51.38200759887695,156.8846435546875
466.04098892211914,284.7404327392578,55.311607360839844,159.36228942871094
469.6866207122803,292.3221130371094,52.4930305480957,162.1182403564453
473.0101490020752,297.7834777832031,54.46151351928711,159.35581970214844
476.69738960266113,298.83190155029297,57.754695892333984,160.95068359375
480.27703857421875,307.1219787597656,66.8590087890625,158.55894470214844
508.9376754760742,350.3385238647461,57.32902526855469,167.3455810546875
512.6246337890625,354.71385192871094,50.545928955078125,253.38902282714844
517.1903228759766,348.00020599365234,70.12713623046875,324.6999816894531
484.6686668395996,297.1094207763672,67.9286880493164,220.35118103027344
483.4160270690918,302.83997344970703,71.2795181274414,246.26812744140625
491.44152450561523,307.6244888305664,77.20941925048828,377.1859130859375
484.29319763183594,288.27237701416016,84.13504028320312,388.89422607421875
484.4552230834961,281.07242584228516,86.36689758300781,389.2098388671875
485.0018119812012,284.02405548095703,90.34696197509766,380.04156494140625
490.33763122558594,286.52945709228516,83.97769165039062,374.35150146484375
500.8553161621094,290.3014144897461,76.292724609375,370.0550842285156
509.54305267333984,291.24324798583984,74.77992248535156,371.3130798339844
518.8553314208984,300.3264389038086,77.98727416992188,360.9239807128906
528.7197761535645,311.49100494384766,71.8469467163086,344.52215576171875
558.049243927002,345.38211822509766,123.92269134521484,195.74969482421875
578.4010925292969,335.1521530151367,104.42828369140625,212.84188842773438
684.6178512573242,302.5578384399414,116.39485168457031,137.9591064453125
705.730827331543,302.6355285644531,119.55909729003906,161.16358947753906
718.0388488769531,307.0099868774414,99.78228759765625,153.544921875
730.2763214111328,298.77149200439453,99.03201293945312,165.62594604492188
718.785888671875,316.1200256347656,96.97039794921875,149.7433319091797
738.4653587341309,321.7649154663086,67.3517837524414,157.72021484375
712.7199058532715,321.2045783996582,81.34528350830078,111.79328155517578
682.8865280151367,315.5583076477051,112.63609313964844,123.79035186767578
687.1188774108887,321.34080505371094,91.35370635986328,102.88822937011719
685.4936218261719,311.2897262573242,79.11911010742188,97.12417602539062
595.7269020080566,317.24853134155273,68.45902252197266,106.61638641357422
673.1937561035156,327.47668075561523,50.04103088378906,80.93584442138672
617.5495872497559,316.3515625,51.645225524902344,164.4767303466797
672.7102108001709,307.26803970336914,55.10696792602539,104.30020904541016
680.9051723480225,336.77403259277344,40.72812271118164,78.31440734863281
680.5216426849365,311.98571395874023,38.58977127075195,101.3065414428711
676.3952121734619,340.2042655944824,40.76534652709961,73.90508270263672
623.5524749755859,333.97022247314453,41.172454833984375,141.676513671875
549.1286716461182,277.25567626953125,36.46194076538086,169.50718688964844
546.8005466461182,239.1638641357422,47.892269134521484,202.86692810058594
626.7533264160156,348.7759094238281,56.12818908691406,169.94252014160156
545.3372421264648,265.92591857910156,67.87246704101562,237.1326141357422
631.8071136474609,375.89064025878906,74.75993347167969,185.6293182373047
702.3797283172607,380.85181427001953,55.62514114379883,148.65875244140625
708.6003932952881,397.42327880859375,44.698978424072266,111.73097229003906
708.8729000091553,413.1307601928711,32.899356842041016,84.34890747070312
699.2517700195312,424.8015022277832,37.681549072265625,79.4828872680664
697.0521221160889,435.21093368530273,33.44353103637695,82.36719512939453
691.9556484222412,444.98204040527344,31.435718536376953,78.29286193847656
688.9301996231079,451.1764373779297,31.887601852416992,72.49266052246094
681.8571929931641,454.21971130371094,32.470245361328125,77.52731323242188
678.2741823196411,456.5671806335449,31.496877670288086,82.43389129638672
676.2870016098022,454.57371520996094,31.607576370239258,78.08657836914062
673.8392353057861,455.98277282714844,31.43252182006836,80.0013427734375
671.474889755249,457.412296295166,33.65616226196289,83.46619415283203
668.7552604675293,456.9906539916992,33.753623962402344,80.159423828125
669.6616821289062,455.80162811279297,32.63746643066406,78.26011657714844
666.7377624511719,461.0397491455078,33.176177978515625,81.42205810546875
669.523136138916,457.0128974914551,30.77051544189453,78.51663970947266
668.3286142349243,455.41143798828125,31.077436447143555,77.38894653320312
665.6498470306396,452.8157539367676,32.90011978149414,77.12621307373047
660.9957256317139,454.5374298095703,32.91238784790039,93.47706604003906
663.0483665466309,448.6595573425293,32.417152404785156,80.29727935791016
658.0490436553955,448.0403289794922,35.51325607299805,81.94976806640625
661.2182064056396,447.85803604125977,32.3669319152832,89.41387176513672
658.0984687805176,446.2071113586426,35.11774444580078,77.4482650756836
659.9090576171875,446.6453666687012,31.621063232421875,80.67919158935547
654.519609451294,446.5202827453613,36.05898666381836,74.6018295288086
657.7061862945557,439.81237030029297,29.814632415771484,81.31365966796875
659.8501071929932,439.4971237182617,28.59438705444336,77.37203979492188
590.5341920852661,440.3010787963867,29.921411514282227,73.02342224121094
588.6921396255493,439.88622283935547,28.987504959106445,73.65910339355469
537.8829679489136,436.4828224182129,24.452360153198242,80.87076568603516
538.5133266448975,435.87630462646484,23.97502899169922,79.69880676269531
537.2724561691284,435.23364639282227,24.55586051940918,81.2178726196289
536.4572315216064,433.95146560668945,24.851943969726562,78.49713897705078
535.3829679489136,431.4290771484375,25.661710739135742,80.85523986816406
533.717827796936,431.4948196411133,26.52195930480957,79.54481506347656
533.5208110809326,430.7783737182617,25.891395568847656,79.22206115722656
534.6544799804688,429.4046821594238,25.788867950439453,79.89508819580078
534.175012588501,428.93552017211914,25.647415161132812,79.52266693115234
535.1340780258179,428.499267578125,25.18269920349121,80.5157470703125
534.8240032196045,428.2659454345703,25.366966247558594,79.80958557128906
534.1685466766357,427.85643768310547,25.082313537597656,80.58871459960938
533.8807134628296,426.8209762573242,25.009450912475586,79.0518798828125
533.4609508514404,426.436279296875,25.543479919433594,81.23237609863281
532.8228063583374,425.5791130065918,25.66451072692871,78.5151138305664
531.4093608856201,424.25654220581055,26.089820861816406,80.13452911376953
527.0530185699463,422.4938545227051,30.923065185546875,77.94452667236328
522.4665784835815,417.97174072265625,30.590085983276367,79.68002319335938
516.5944137573242,413.93396759033203,34.292606353759766,78.54991149902344
504.1294174194336,404.02050018310547,42.9355354309082,77.86898803710938
505.93922233581543,404.1770896911621,33.271522521972656,68.01685333251953
551.508415222168,399.2508659362793,30.487995147705078,72.60962677001953
543.7720670700073,396.110107421875,30.363554000854492,65.0526123046875
482.82060146331787,390.4327926635742,30.69124412536621,52.934722900390625
477.7324514389038,386.11922454833984,25.950368881225586,64.30380249023438
519.8054037094116,382.6251678466797,30.46271324157715,73.058349609375
515.5504446029663,378.14476776123047,30.039342880249023,72.50144958496094
540.691237449646,358.0781707763672,24.7860164642334,141.92579650878906
511.1167697906494,372.2936897277832,35.071624755859375,72.48926544189453
517.815242767334,367.7102813720703,37.68685531616211,73.7694091796875
546.1042518615723,357.2400588989258,44.9303092956543,145.34617614746094
512.2496395111084,369.3583755493164,43.837303161621094,100.38661193847656
496.5992488861084,351.2450485229492,67.67989349365234,134.8008270263672
452.03577995300293,343.3300323486328,93.20209503173828,264.88330078125
448.7336368560791,345.3541564941406,104.79881286621094,358.5275573730469
459.4711971282959,346.0044860839844,113.26912689208984,352.9618225097656
465.1355228424072,347.5987243652344,94.67594909667969,353.3420715332031
464.03631019592285,346.8251037597656,91.07658386230469,353.5617370605469
464.5901851654053,343.8225402832031,95.41378021240234,351.6473083496094
461.36062812805176,344.5605163574219,103.86300659179688,349.7986145019531
460.29796409606934,345.70835876464844,108.34185028076172,348.023681640625
539.0630168914795,344.2700881958008,97.54618072509766,219.5137481689453
540.6857204437256,348.2217330932617,89.99468231201172,209.7573699951172
463.1808834075928,352.5397033691406,118.8401107788086,339.6374816894531
460.051362991333,343.0557403564453,129.11300659179688,345.62103271484375
462.5791263580322,340.75523376464844,140.77415466308594,345.23492431640625
478.49038887023926,339.6695098876953,155.03048706054688,333.11553955078125
479.2019443511963,372.19261169433594,154.6300811767578,310.79864501953125
492.2584171295166,340.83978271484375,154.6787567138672,335.4364318847656
507.55384254455566,349.63401794433594,116.74073791503906,319.96429443359375
543.5196704864502,343.9150085449219,103.69439697265625,222.74581909179688
570.9380435943604,336.20631408691406,76.18406677246094,217.5440673828125
577.8688144683838,335.22032165527344,70.96369934082031,230.25457763671875
507.6357479095459,351.96075439453125,112.66521453857422,136.26986694335938
478.8900623321533,357.0502586364746,70.25430297851562,91.46460723876953
472.04740047454834,360.0636558532715,28.37801170349121,80.9351577758789
473.7943410873413,360.84485626220703,26.695959091186523,79.61009216308594
475.08431911468506,359.7696075439453,25.42548179626465,80.51785278320312
475.6353540420532,358.74541091918945,25.258272171020508,80.87085723876953
474.64468479156494,359.9195747375488,25.225221633911133,79.37984466552734
474.1213188171387,361.2156867980957,25.135677337646484,80.0504379272461
474.5247983932495,361.2204818725586,25.955320358276367,80.67941284179688
474.63962173461914,359.41748809814453,25.507122039794922,79.59844970703125
473.89177989959717,358.2863464355469,28.384458541870117,80.76947021484375
474.6002836227417,359.13659286499023,25.814146041870117,79.87003326416016
473.43764877319336,359.7175979614258,27.428279876708984,79.793701171875
474.9645023345947,358.63941955566406,26.77545166015625,79.69869995117188
475.26723194122314,359.2950553894043,27.190027236938477,79.9839859008789
475.46864128112793,358.1240921020508,26.666221618652344,78.18940734863281
474.51846408843994,358.1983413696289,25.275774002075195,80.9072265625
473.6568908691406,359.0890998840332,27.60538101196289,80.16698455810547
474.1040229797363,358.58962631225586,28.72243881225586,80.68643951416016
474.75129413604736,360.08496475219727,28.728845596313477,78.7600326538086
474.513391494751,361.8180923461914,26.606658935546875,78.90785217285156
472.86865234375,361.5513572692871,31.862934112548828,77.2874526977539
471.77699184417725,359.61974334716797,28.218069076538086,80.712646484375
472.2353172302246,359.24942779541016,32.601558685302734,80.57957458496094
470.38040924072266,358.2210998535156,39.488651275634766,80.29934692382812
469.88529777526855,357.98685455322266,40.01305389404297,80.64031982421875
469.8781852722168,358.31958389282227,41.46775436401367,80.20381927490234
471.4730415344238,359.65929794311523,40.54722213745117,79.1254653930664
470.6473731994629,358.3446502685547,39.30839157104492,80.67887878417969
470.3294448852539,359.0154342651367,41.29141616821289,79.36795043945312
470.1208953857422,359.9649772644043,42.2130012512207,78.77654266357422
468.71488189697266,359.9344902038574,38.853214263916016,80.43363189697266
468.3164310455322,358.7293167114258,38.10990905761719,81.34651184082031
468.8891773223877,358.47764587402344,36.80525207519531,80.73150634765625
469.6480236053467,359.4969940185547,28.047950744628906,80.68582153320312
470.1017179489136,360.4988899230957,28.60517692565918,78.64371490478516
470.1805057525635,361.47310638427734,26.201522827148438,80.52192687988281
470.8426628112793,361.3037338256836,25.664546966552734,80.56565856933594
470.01011848449707,361.3053207397461,24.029144287109375,79.565185546875
469.53578662872314,360.89220809936523,23.669641494750977,79.87566375732422
469.76681995391846,360.4603462219238,24.70871925354004,80.8485336303711
469.49273777008057,361.875789642334,24.806230545043945,78.11539459228516
470.51815032958984,361.4197692871094,25.98343276977539,80.36863708496094
470.55157375335693,361.1764907836914,26.704137802124023,80.2021484375
469.37308406829834,361.0156364440918,26.369115829467773,78.98978424072266
469.44253063201904,361.0723991394043,26.65028190612793,79.48680877685547
468.84131622314453,362.5950736999512,28.846073150634766,80.9218978881836
468.9931831359863,362.4403991699219,27.794246673583984,78.842041015625
468.92944526672363,362.317440032959,28.700958251953125,79.9433822631836
468.67875480651855,363.23133087158203,28.41529083251953,78.189453125
468.45504570007324,361.5616645812988,27.39655303955078,79.70330047607422
467.6897621154785,361.54011154174805,26.810588836669922,80.54125213623047
466.94579887390137,361.3771209716797,27.294029235839844,78.12284851074219
465.62393951416016,361.5052032470703,28.06973648071289,81.78359985351562
466.04572772979736,363.2958679199219,28.4545841217041,82.126220703125
467.1831884384155,364.6214599609375,28.1419734954834,80.89987182617188
468.27127265930176,365.8572082519531,26.5985107421875,77.41767883300781
469.56057357788086,363.9082489013672,25.866222381591797,80.34307861328125
469.03832244873047,363.3398780822754,26.72452163696289,76.31884002685547
469.39097595214844,364.76970291137695,25.053882598876953,73.96610260009766
468.8640594482422,364.61688804626465,25.621143341064453,56.53348159790039
467.5861177444458,362.47945404052734,27.034738540649414,81.60231018066406
466.56204986572266,363.582950592041,29.63852310180664,80.10938262939453
469.4326000213623,361.56767654418945,26.82221221923828,82.24683380126953
469.7025327682495,361.4779930114746,26.583311080932617,78.93311309814453
469.57912826538086,361.48069763183594,26.945384979248047,81.15354919433594
469.65673828125,362.7528190612793,28.078845977783203,81.51775360107422
468.2496280670166,363.3484420776367,29.44500732421875,79.1226806640625
462.55167388916016,379.77983474731445,36.633487701416016,61.133888244628906
456.957067489624,380.1358451843262,41.68262481689453,62.16101837158203
467.5982894897461,355.6166877746582,35.8707160949707,94.46479034423828
466.48084831237793,355.560245513916,47.00678253173828,105.08466339111328
532.3420486450195,363.6516418457031,34.3798713684082,76.54112243652344
533.3988256454468,364.94290924072266,28.694250106811523,75.70126342773438
535.3398303985596,365.5442657470703,26.633285522460938,76.13485717773438
535.2159175872803,365.22925567626953,30.573341369628906,67.69268798828125
533.6272163391113,366.01676177978516,27.70907211303711,70.37637329101562
531.9952850341797,364.37533950805664,31.37607192993164,70.6565170288086
524.1827373504639,365.22276306152344,41.034767150878906,71.43052673339844
528.0635509490967,365.30613708496094,34.16663360595703,71.71678161621094
525.954719543457,364.5210990905762,34.43130874633789,73.43619537353516
525.7464122772217,365.38103103637695,34.63690948486328,70.00841522216797
464.69167709350586,367.0857353210449,30.800556182861328,78.8604965209961
464.54840183258057,367.4210624694824,28.090951919555664,76.73250579833984
463.6553831100464,368.38975524902344,29.11104393005371,79.37557983398438
462.70915508270264,369.3043212890625,30.772512435913086,75.15110778808594
463.5385904312134,370.73863220214844,31.464563369750977,81.21014404296875
464.13929748535156,371.3213539123535,30.06747055053711,77.62049102783203
465.2985382080078,372.5761260986328,33.39985275268555,79.35328674316406
465.3986301422119,374.2925682067871,40.20494842529297,82.39073944091797
465.2094249725342,372.21974182128906,44.318328857421875,86.82795715332031
465.23396492004395,371.2033576965332,50.652381896972656,88.71147918701172
467.43138313293457,376.2881164550781,33.69220733642578,83.7464599609375
468.5190019607544,378.4507141113281,27.96440315246582,76.87629699707031
468.7759065628052,378.64883041381836,29.976274490356445,79.3417739868164
468.7804832458496,380.0470390319824,28.98001480102539,80.03272247314453
468.82054710388184,378.92116928100586,27.707351684570312,79.53633880615234
469.6284132003784,379.4707374572754,28.148290634155273,79.28067779541016
471.1763334274292,379.83272552490234,31.481359481811523,81.81816101074219
471.9584608078003,381.1372871398926,26.691579818725586,79.38016510009766
475.2797374725342,383.91686248779297,30.70782470703125,73.61624145507812
475.9506540298462,387.9959259033203,24.601755142211914,76.16987609863281
478.45898723602295,397.69628143310547,22.8206844329834,76.28564453125
482.0341958999634,409.30606842041016,23.277170181274414,77.65171813964844
486.6348924636841,427.2579154968262,22.658662796020508,73.93842315673828
518.3994770050049,446.7946434020996,26.897682189941406,75.70500946044922
504.59909439086914,458.6136665344238,41.96928787231445,76.44152069091797
496.54567527770996,469.0671501159668,51.34587097167969,82.76277923583984
492.3100757598877,477.3257026672363,54.888267517089844,83.1742935180664
489.7167205810547,485.1459503173828,62.87527084350586,93.49784851074219
467.17512702941895,468.601375579834,59.726951599121094,94.39241790771484
370.82632637023926,476.71158599853516,47.08489990234375,162.45166015625
370.24718856811523,473.6891860961914,49.69694137573242,162.1790771484375
369.6810989379883,470.1664123535156,48.8539924621582,160.87107849121094
366.5635585784912,468.80245208740234,49.017478942871094,162.13406372070312
358.5404682159424,467.1246566772461,53.584686279296875,166.19143676757812
353.9539737701416,467.9894485473633,54.86320495605469,164.45318603515625
348.1939392089844,466.05401611328125,56.83365249633789,165.2514190673828
341.8042240142822,466.1611785888672,59.82591247558594,163.7977752685547
338.8897514343262,466.10752868652344,60.5044059753418,164.2540740966797
341.62657737731934,463.9098205566406,58.33928680419922,159.19749450683594
345.38682746887207,460.07289123535156,56.59515380859375,157.6544647216797
342.9340515136719,474.02308654785156,58.972293853759766,141.61085510253906
338.02391242980957,463.96336364746094,60.861846923828125,151.17857360839844
336.1395778656006,463.09842681884766,59.859031677246094,150.96511840820312
334.59931564331055,460.02781677246094,56.40241622924805,151.8309783935547
332.31627655029297,463.3255310058594,60.12544631958008,149.2234344482422
331.64031982421875,459.2539825439453,57.109134674072266,150.86793518066406
325.2187252044678,459.60923767089844,63.316978454589844,148.7234649658203
326.62575340270996,455.2633972167969,64.54839324951172,153.56361389160156
321.9025630950928,456.05257415771484,68.9959945678711,152.75204467773438
317.1598529815674,453.55592346191406,69.15750122070312,152.7653045654297
319.87061882019043,451.9897155761719,69.5875015258789,150.70420837402344
315.55040550231934,448.2326126098633,69.3238754272461,155.58920288085938
317.2991828918457,454.3836669921875,60.484554290771484,151.67835998535156
318.9204730987549,460.5920181274414,55.383148193359375,140.66470336914062
320.0092124938965,455.60133361816406,52.73295211791992,146.1156463623047
316.8788547515869,451.4767150878906,60.23576354980469,152.98960876464844
315.43035316467285,453.7994384765625,57.32933044433594,149.35496520996094
311.9706172943115,447.7852478027344,60.53722381591797,157.0084686279297
311.4180335998535,455.94116973876953,54.993587493896484,150.66326904296875
312.9157314300537,449.71482849121094,56.086753845214844,153.42149353027344
315.73481369018555,452.5009460449219,52.35013961791992,150.8938751220703
315.7695941925049,450.6264953613281,55.08355712890625,151.9542694091797
316.5148067474365,456.94586181640625,53.559898376464844,141.07228088378906
316.84582710266113,484.24039459228516,44.01806640625,117.53179931640625
316.7018814086914,458.0396270751953,47.41829299926758,145.9329376220703
315.57266426086426,485.49855041503906,39.99896240234375,119.91401672363281
314.07407569885254,489.3669319152832,39.97389221191406,116.11701202392578
310.02663230895996,478.7491760253906,40.42314910888672,126.65611267089844
310.9324207305908,485.01585388183594,39.52459716796875,118.95176696777344
311.9049072265625,484.07562255859375,39.64584732055664,118.62559509277344
313.6520118713379,480.0329818725586,38.816402435302734,119.12933349609375
314.56615829467773,475.7458267211914,38.43278121948242,123.077880859375
314.9206085205078,469.35353088378906,39.04623794555664,133.2318878173828
316.75195693969727,448.6256866455078,44.769283294677734,153.02244567871094
316.2231636047363,437.30101776123047,42.230159759521484,164.6236572265625
314.7028388977051,434.04469299316406,47.441646575927734,165.6058807373047
316.528528213501,436.1187210083008,47.58045959472656,163.74627685546875
317.55728340148926,435.2920150756836,47.755218505859375,163.352294921875
317.729793548584,429.1929702758789,47.95103073120117,170.0032958984375
319.01573181152344,437.08270263671875,47.76620864868164,162.80650329589844
319.5384159088135,437.6069641113281,50.41200256347656,159.5488739013672
322.34060859680176,445.5630187988281,46.407562255859375,148.22361755371094
322.4891586303711,439.82361602783203,50.74696731567383,158.31369018554688
323.86027908325195,443.91455841064453,50.284481048583984,151.06378173828125
325.03908348083496,430.3460235595703,50.98833465576172,164.32579040527344
324.93614959716797,437.7714080810547,53.97938919067383,158.0087127685547
326.51415634155273,437.0619888305664,51.19550704956055,153.71194458007812
325.7119941711426,437.7537384033203,49.72231674194336,151.2780303955078
323.7624225616455,427.7897262573242,52.028656005859375,163.63458251953125
323.42956733703613,417.53733825683594,53.34637451171875,176.0299530029297
