401.0,355.0,21.0,21.0
395.90314960479736,358.2011470794678,20.779600143432617,21.39284896850586
390.63879680633545,337.3120975494385,22.0120792388916,21.358646392822266
385.5082845687866,319.6562614440918,18.04454231262207,18.484256744384766
383.38454246520996,301.91954803466797,18.01346206665039,19.621231079101562
382.18700313568115,290.45301151275635,18.155656814575195,18.6577091217041
379.7043933868408,281.73099994659424,18.27969741821289,19.6035099029541
377.9925785064697,277.4574728012085,18.472408294677734,18.299551010131836
376.861047744751,277.6243667602539,18.49979019165039,18.580982208251953
374.605149269104,283.77284145355225,17.771528244018555,18.60896110534668
373.1830883026123,290.76915645599365,17.97610855102539,19.028318405151367
372.1538667678833,304.2858257293701,18.71021842956543,19.628135681152344
373.5309133529663,320.09107875823975,17.62668800354004,18.14808464050293
373.8782548904419,342.6401319503784,17.513425827026367,17.236425399780273
375.8776569366455,368.3486375808716,16.681224822998047,17.037874221801758
375.88946437835693,357.0675525665283,17.085763931274414,17.72447967529297
374.2793369293213,332.2714157104492,17.921611785888672,17.61100959777832
373.65224266052246,310.61676692962646,18.070919036865234,19.212055206298828
372.9943904876709,294.1539316177368,18.00448989868164,19.575584411621094
371.980185508728,281.10522747039795,18.418306350708008,19.450504302978516
372.1466646194458,272.37292671203613,18.404592514038086,18.27696418762207
371.9561777114868,268.19630336761475,18.787992477416992,18.7991943359375
371.77332401275635,268.20787811279297,18.46266746520996,18.27216148376465
371.62483501434326,273.033974647522,18.784914016723633,19.106212615966797
373.8984079360962,281.6319408416748,18.811155319213867,19.028078079223633
378.1732006072998,294.32121181488037,18.799320220947266,19.952804565429688
380.533203125,312.99811363220215,18.208534240722656,20.00236701965332
382.6553716659546,335.8017120361328,17.85264778137207,19.00208854675293
380.01486587524414,334.99091720581055,20.982742309570312,20.997709274291992
363.11279582977295,339.11121463775635,20.651918411254883,32.57297897338867
387.73827171325684,349.6021318435669,18.977291107177734,19.294696807861328
385.7288885116577,321.3406066894531,18.132295608520508,18.61235237121582
384.0464448928833,294.01368713378906,18.945844650268555,19.87138557434082
382.28740978240967,273.7395372390747,17.744211196899414,19.273448944091797
379.77205657958984,258.13453483581543,18.570449829101562,20.592920303344727
377.19243240356445,246.36566925048828,18.714210510253906,19.933469772338867
377.5686149597168,240.3397216796875,19.37975311279297,19.331029891967773
377.5569829940796,237.0228509902954,19.481027603149414,19.191394805908203
376.85894870758057,238.95967769622803,19.359365463256836,18.802757263183594
377.7311849594116,244.0364408493042,19.51847267150879,19.76457977294922
378.93787574768066,255.1347894668579,19.642200469970703,21.01144790649414
378.57856941223145,271.17928409576416,19.521434783935547,20.458377838134766
380.5424156188965,293.70248889923096,19.543746948242188,21.956295013427734
383.7077445983887,317.1728219985962,19.735923767089844,21.551563262939453
385.7298536300659,317.9755048751831,20.9870548248291,24.130508422851562
389.52492904663086,346.2604627609253,21.119407653808594,21.417617797851562
382.3064184188843,376.8709936141968,22.812509536743164,21.21977996826172
382.33903408050537,368.1572742462158,25.51714515686035,26.04087257385254
398.76899242401123,376.3363742828369,22.59819221496582,24.02092933654785
399.03959941864014,372.7574701309204,23.002038955688477,25.615337371826172
412.12014961242676,387.25433349609375,25.212291717529297,24.519559860229492
397.31586170196533,399.8909091949463,25.26631736755371,26.809755325317383
397.8910503387451,408.52212619781494,27.675662994384766,29.280048370361328
381.89620304107666,369.45775508880615,28.923368453979492,25.708816528320312
410.3516511917114,359.1656904220581,23.95937156677246,29.026290893554688
385.57765197753906,360.2027807235718,27.012710571289062,23.15520477294922
396.81629943847656,381.39294624328613,21.49230194091797,26.608430862426758
419.159481048584,383.7211217880249,26.600616455078125,26.847129821777344
429.49802684783936,396.0319890975952,31.22972297668457,32.61298370361328
440.0959758758545,402.80579471588135,33.17562484741211,35.78329849243164
458.8550090789795,429.27621364593506,28.125545501708984,38.516090393066406
440.2075881958008,390.56154346466064,36.387779235839844,35.69414520263672
393.82047843933105,379.54253101348877,40.73296356201172,42.391700744628906
424.3872833251953,371.70618534088135,37.940616607666016,39.03569030761719
419.02452659606934,396.89462184906006,48.47374725341797,53.220890045166016
420.8671760559082,355.70325565338135,38.91787338256836,35.49720764160156
435.62849521636963,365.1774377822876,27.13310432434082,33.99609375
399.60249614715576,359.1736421585083,31.930631637573242,30.919662475585938
395.3000545501709,345.32363414764404,32.302703857421875,35.57407760620117
396.6517906188965,365.46146869659424,31.380542755126953,48.44733428955078
404.9828586578369,315.2850637435913,40.10100555419922,45.901611328125
424.77422046661377,368.496545791626,22.92497444152832,29.362070083618164
444.0282516479492,383.912823677063,29.192363739013672,33.13608169555664
400.09543228149414,397.39819049835205,43.54319381713867,45.70698928833008
390.5784912109375,417.2940092086792,32.63444900512695,63.57868194580078
346.10899353027344,434.3904676437378,44.76810836791992,56.185508728027344
369.6008186340332,457.1664056777954,38.072696685791016,46.7900505065918
377.7491626739502,429.2697286605835,52.168052673339844,53.049095153808594
391.3112258911133,430.4470510482788,44.859371185302734,44.67430877685547
420.9272003173828,428.71888256073,54.31093978881836,60.41728210449219
425.57632637023926,397.34658336639404,70.04387664794922,67.74546813964844
394.8161163330078,331.0216474533081,59.978084564208984,55.40351867675781
401.3507671356201,291.03208446502686,65.01907348632812,68.98214721679688
399.6223888397217,206.0175428390503,86.05792236328125,70.64177703857422
399.74727058410645,276.13824367523193,84.31291961669922,91.85887145996094
374.791711807251,263.35541439056396,92.58988189697266,100.75363159179688
306.50453758239746,267.3939085006714,113.65092468261719,115.54578399658203
415.4238796234131,180.79111576080325,80.01622009277344,60.57352828979492
413.3511714935303,228.99570751190186,92.09074401855469,90.11173248291016
454.63196754455566,202.93273830413818,100.7281265258789,100.234375
512.8025875091553,91.38444423675537,95.60960388183594,116.07502746582031
374.48132514953613,153.01474666595462,80.97303009033203,64.45721435546875
457.9292049407959,107.57099819183352,82.90029907226562,91.69895935058594
368.0074005126953,160.86211872100833,47.84267807006836,47.59651565551758
396.2831058502197,106.42963123321536,42.36510467529297,43.6864128112793
396.0777950286865,113.93271541595462,51.83905029296875,49.579185485839844
391.50243949890137,111.7510099411011,44.56819152832031,51.48222351074219
421.0490970611572,105.63328075408938,60.87786102294922,60.91081237792969
394.15173721313477,94.8875951766968,57.845523834228516,75.0087661743164
429.2659492492676,181.73716831207278,31.18167495727539,37.2867317199707
427.9832534790039,226.3003149032593,36.36741256713867,37.63321685791013
399.966365814209,202.3682451248169,36.42190933227539,45.71379470825195
366.9440326690674,182.8396520614624,47.4378662109375,53.763427734375
397.43834686279297,250.70242595672607,51.55107498168945,57.173561096191406
387.8958797454834,218.8726224899292,62.984962463378906,66.51677703857422
330.96363639831543,243.13053798675537,70.6904525756836,70.9288330078125
393.7277202606201,236.2790937423706,74.21187591552734,66.89582061767578
398.13385581970215,213.9157018661499,71.3172378540039,74.84346008300781
395.4293842315674,244.1580572128296,69.35530090332031,69.66215515136719
497.4193305969238,226.9028787612915,55.12919235229492,55.881587982177734
454.1394691467285,174.43518733978271,42.92263412475586,46.57025909423828
418.60088539123535,165.43556880950928,63.14460754394531,56.908180236816406
382.66836166381836,136.08299922943115,49.04452133178711,42.61254119873047
390.9689235687256,149.53115367889404,47.49254608154297,52.87232971191406
381.0851707458496,119.51970195770264,61.24209213256836,57.67625427246094
386.88097763061523,115.7019510269165,54.9998893737793,56.46884536743164
473.40670585632324,124.84351825714111,44.67035675048828,33.72892379760742
447.22562408447266,166.0321283340454,43.4726676940918,40.66830825805664
397.8346195220947,141.77282810211182,43.288612365722656,44.56222915649414
397.0502815246582,99.79362773895264,42.33403396606445,45.150146484375
390.21839904785156,104.48812580108643,49.5999870300293,49.48991012573242
404.9615421295166,100.35352230072021,63.534568786621094,66.60482025146484
382.8549404144287,81.91767024993896,70.01162719726562,73.25640106201172
412.3239517211914,187.1378583908081,42.492305755615234,41.43403625488281
388.6230688095093,194.00913619995117,31.860143661499023,31.547208786010742
353.62897300720215,196.20283031463623,29.629920959472656,30.846939086914062
317.97655487060547,195.9851884841919,32.297725677490234,32.02956771850586
282.1289520263672,195.06993961334229,31.79700469970703,33.52724075317383
248.51032066345215,191.29693508148193,33.402523040771484,34.421775817871094
227.21784114837646,187.26888370513916,30.067087173461914,33.71603012084961
208.8797550201416,185.72111988067627,29.341480255126953,32.435482025146484
188.97977447509766,183.3759241104126,29.492149353027344,32.638736724853516
177.93503856658936,181.58630275726318,27.10942268371582,32.15321350097656
168.84664630889893,179.76945400238037,27.503461837768555,32.48826599121094
162.29747772216797,180.1018190383911,26.703155517578125,32.28757095336914
157.90879249572754,182.2150297164917,26.815975189208984,31.957916259765625
156.70092010498047,182.86376857757568,26.751792907714844,32.36241149902344
160.36579132080078,182.23765563964844,26.61884307861328,31.978994369506836
165.80814266204834,180.23545742034912,26.412858963012695,32.532875061035156
169.96478366851807,180.93047523498535,26.725248336791992,31.36528968811035
181.65185928344727,183.18783283233643,29.225059509277344,32.0237922668457
197.01932907104492,184.31925010681152,29.885520935058594,31.682680130004883
216.68428134918213,185.62436771392822,29.389646530151367,31.75705337524414
241.18028831481934,185.95550060272217,29.003742218017578,31.386009216308594
266.0476121902466,181.27609634399414,28.429052352905273,31.90510368347168
286.42313957214355,176.9571189880371,29.561573028564453,31.5849666595459
310.20177841186523,176.84782314300537,29.635398864746094,32.5806884765625
337.4647045135498,179.62231826782227,28.441486358642578,31.410818099975586
358.6499261856079,180.46849632263184,29.257841110229492,31.36448860168457
377.3464365005493,178.32388401031494,27.006864547729492,32.55363082885742
395.44615173339844,139.8364839553833,29.178314208984375,34.661529541015625
392.0212001800537,132.3914918899536,35.32014846801758,40.55506134033203
394.2946968078613,102.52075481414795,39.76599884033203,46.23398208618164
415.9169521331787,111.90929126739502,55.64519119262695,52.07203674316406
394.5834369659424,113.00317096710205,55.80012130737305,59.82392883300781
407.06482124328613,176.417799949646,43.69143295288086,40.00846481323242
446.1638813018799,168.83190631866455,56.201168060302734,47.5548095703125
435.50585174560547,179.74510860443115,68.44058227539062,48.288387298583984
496.08572006225586,220.96259784698486,68.58052825927734,64.90681457519531
554.5633430480957,136.5772829055786,81.66297149658203,81.86394500732422
518.5662460327148,217.05806827545166,98.87265014648438,99.63241577148438
485.58603286743164,114.16312885284424,96.92554473876953,121.09854888916016
384.41326904296875,46.362900733947754,181.52174377441406,145.3631591796875
370.72225189208984,222.4318208694458,164.97720336914062,126.5370864868164
382.91407012939453,114.26640796661377,99.47247314453125,118.92931365966797
392.8881721496582,0.3851327896118164,122.70642852783203,118.52561950683594
409.26611328125,124.56423282623294,158.4303436279297,144.18005371093747
427.36817169189453,0.8478860855102539,255.57040405273438,132.78639221191406
398.3715667724609,224.08377170562738,163.53871154785162,166.6022186279297
394.09998321533203,86.55165195465082,123.01510620117188,146.2751007080078
538.7914237976074,188.0575456619262,93.6429672241211,81.94129180908203
496.5562400817871,98.23041248321528,107.59484100341797,108.65213775634766
514.9762077331543,204.6278162002563,88.59404754638672,95.74136352539062
402.04948806762695,99.88214969635004,112.8725814819336,90.31100463867188
317.5792350769043,48.15528202056879,106.84630584716797,152.01275634765625
399.91415786743164,145.94975376129145,105.82874298095703,158.05345153808594
371.0188446044922,2.2765207290648846,98.56398010253906,108.67271423339844
388.9342288970947,82.44785785675043,61.936214447021484,123.6333236694336
303.81292724609375,1.7430162429809002,146.52268981933594,71.82770538330078
447.5806884765625,85.64524555206293,92.63279724121094,120.07732391357422
475.08191680908203,245.8418779373169,104.47418212890625,101.56583404541016
627.4295177459717,175.2807264328003,58.39958572387695,50.27949142456055
643.550121307373,123.2702054977417,72.74800872802734,60.6017951965332
562.5739364624023,219.26385974884033,39.39622497558594,28.129898071289062
570.0646343231201,205.1205816268921,41.21547317504883,38.70808792114258
578.4827060699463,244.47375011444092,45.063289642333984,48.3939323425293
554.8056526184082,187.29569149017334,52.48412322998047,57.95985794067383
566.4766464233398,120.06749057769775,80.63642883300781,81.75874328613281
551.4065818786621,5.005448341369629,114.80033111572266,87.40906524658203
527.2608451843262,100.59429264068604,95.7104263305664,126.75682830810547
624.1199684143066,110.227707862854,115.16100311279297,123.6711196899414
780.0279541015625,199.01982593536374,117.009765625,108.39785766601565
858.5797271728516,210.98502445220947,68.21548461914062,69.0404281616211
846.8193588256836,117.97561359405518,68.49516296386719,76.57083129882812
826.1348094940186,212.38345050811768,62.53371047973633,76.19094848632812
845.5190553665161,207.12322521209717,31.005605697631836,39.03641128540039
846.0636405944824,240.35247135162354,42.61731719970703,37.84667205810547
809.5344276428223,245.02620601654053,58.92057800292969,46.36454391479492
814.9208831787109,256.5636034011841,67.12284088134766,77.76289367675781
814.3299827575684,262.5161409378052,71.01481628417969,86.87652587890625
797.4848556518555,261.2140016555786,96.51909637451172,88.2747802734375
703.8825302124023,199.761456489563,79.24797821044922,85.33447265625
695.1933250427246,189.93663120269775,62.68879699707031,65.68950653076172
619.6795387268066,162.20780658721924,64.18623352050781,74.23973083496094
568.2346000671387,64.60193347930908,94.13626098632812,76.61038208007812
595.1388854980469,167.11951541900635,78.2501449584961,86.5864486694336
546.7684440612793,63.49057865142822,106.31826782226562,87.4383316040039
601.197624206543,184.70015048980713,65.18277740478516,65.06905364990234
543.294849395752,166.05090427398682,78.61442565917969,87.39092254638672
616.2665252685547,183.84079837799072,63.852134704589844,71.64798736572266
539.4641036987305,241.924241065979,72.8890380859375,57.440147399902344
517.562858581543,142.92101764678955,73.94561767578125,81.28531646728516
482.92750549316406,198.452618598938,104.29954528808594,88.71561431884766
408.58964920043945,119.43972873687744,122.23172760009766,88.61824035644531
328.16295623779297,230.0906572341919,95.64700317382812,101.16678619384766
452.77789306640625,155.89788913726804,100.45387268066406,139.29643249511722
330.12129974365234,110.22818088531491,120.98277282714844,116.31321716308594
378.53114318847656,0,194.1231689453125,69.38914585113523
382.78321075439453,107.94782304763794,71.04548645019531,98.21847534179688
417.7110366821289,216.27942323684692,120.38392639160156,102.6718521118164
402.74451446533203,138.3654675483704,88.12739562988281,85.3407974243164
473.7001266479492,96.44920778274539,83.53596496582031,107.83390045166016
371.7327117919922,178.51437807083133,52.6295166015625,67.72782135009766
401.52367782592773,113.17589235305786,86.75861358642578,68.02925872802734
396.7059955596924,202.01181650161743,58.042781829833984,63.36519241333008
395.2344627380371,178.66154146194458,42.59644317626953,36.90880584716797
396.30347061157227,123.463125705719,39.853309631347656,43.27632141113281
391.23395347595215,103.62438631057739,44.6813850402832,60.29976272583008
409.56759548187256,179.8959822654724,23.92436408996582,31.92576026916504
402.0810089111328,140.2182993888855,41.74018859863281,31.893672943115234
396.1808624267578,137.4612593650818,35.01032257080078,40.36461639404297
392.3301124572754,125.67024564743042,38.40260314941406,47.56413650512695
379.8332796096802,171.54739713668823,31.566770553588867,38.043155670166016
367.65587043762207,190.51786470413208,26.750797271728516,25.980073928833008
356.36964225769043,172.04331922531128,32.2771110534668,33.09035873413086
347.9325284957886,172.1086049079895,26.0222110748291,31.568689346313477
339.4054527282715,175.04978322982788,25.451797485351562,30.711868286132812
329.36657333374023,176.21587800979614,24.980300903320312,29.816804885864258
317.82280254364014,175.8268256187439,25.074365615844727,29.574844360351562
302.4689016342163,176.01814699172974,27.171876907348633,30.34385108947754
287.6154270172119,175.7477011680603,27.16946792602539,31.1312255859375
275.1028528213501,175.4148850440979,26.74018669128418,31.359914779663086
263.22824001312256,173.26651048660278,26.352876663208008,31.44622230529785
250.08763885498047,172.94384050369263,25.749717712402344,30.92107582092285
239.04780864715576,173.47797060012817,25.85814094543457,31.13079261779785
229.96455764770508,174.09776830673218,25.246139526367188,31.147048950195312
226.01959133148193,172.41460943222046,25.82816505432129,32.35674285888672
227.04511737823486,171.13825368881226,25.34834861755371,31.372276306152344
233.7815170288086,174.158944606781,25.667930603027344,31.18109130859375
237.70806884765625,173.13109159469604,24.992340087890625,31.20730972290039
241.81204319000244,173.4204716682434,25.091344833374023,30.91912269592285
246.6073875427246,171.3209261894226,25.00086212158203,31.465641021728516
251.16511058807373,168.48582220077515,26.033044815063477,32.606353759765625
257.4184169769287,165.88824796676636,26.037128448486328,32.318111419677734
270.80061435699463,167.347083568573,27.707304000854492,31.48331069946289
284.0452299118042,167.84873723983765,26.617151260375977,30.991256713867188
297.0391798019409,169.18327951431274,25.12522315979004,29.6857967376709
312.8936767578125,170.07844972610474,26.521530151367188,29.627161026000977
333.7945861816406,170.0772786140442,28.229034423828125,30.49167823791504
359.5467882156372,170.07862424850464,28.14211082458496,31.26632308959961
387.25487327575684,171.27033185958862,38.31070327758789,32.24227523803711
398.1726608276367,129.55425214767456,38.65364074707031,42.8503303527832
407.6877689361572,109.82435178756714,45.24775314331055,55.65952682495117
399.3413772583008,95.2366042137146,76.71348571777344,73.01115417480469
402.581356048584,202.66784620285034,82.6595230102539,53.8726692199707
407.8232765197754,270.6421523094177,67.22808074951172,66.80735778808594
431.78742027282715,185.65293836593628,45.74184036254883,58.599185943603516
459.0774841308594,239.0038447380066,53.85784912109375,55.12399673461914
425.72536849975586,183.28588438034058,44.79138946533203,49.26469039916992
414.83447265625,116.79330778121948,55.76197814941406,58.00136184692383
401.97283935546875,82.49730253219604,88.33808898925781,63.97990798950195
399.2241897583008,0.5319724082946777,151.77450561523438,52.40342712402344
515.2778129577637,59.86961889266968,71.33794403076172,73.87767028808594
527.9914321899414,64.6565489768982,102.04946899414062,77.43982696533203
516.182674407959,113.27883672714233,89.05904388427734,101.16455078125
488.9061584472656,220.26393270492554,127.71656799316406,102.23445892333984
397.94652557373047,135.90050649642944,82.94767761230469,92.07111358642578
459.6578674316406,73.13275289535522,89.70486450195312,90.27715301513672
395.77968406677246,174.7682662010193,59.86763381958008,73.5204086303711
393.44876861572266,105.3085265159607,61.45564270019531,73.68254852294922
407.5664367675781,178.52669286727905,63.550323486328125,66.26116943359375
390.42613220214844,112.74926900863647,79.48342895507812,74.3277359008789
422.69335174560547,196.42543172836304,91.47825622558594,74.6508560180664
419.0963134765625,160.59653615951538,49.559234619140625,46.076622009277344
461.8228225708008,134.04140996932983,61.12379455566406,60.40296936035156
499.55592346191406,198.85389852523804,67.60220336914062,60.162025451660156
518.4638595581055,108.40555334091187,73.68952941894531,81.43960571289062
471.1985893249512,189.13996267318726,99.4125747680664,68.14049530029297
459.1903266906738,105.69613027572632,118.33528900146484,90.16812896728516
453.6004829406738,229.40799856185913,113.76680755615234,124.06934356689453
508.3786315917969,62.06392431259155,164.50909423828125,130.55780029296875
394.6534233093262,114.42955923080444,95.25394439697266,95.54381561279297
490.2091407775879,68.60217046737671,102.99687957763672,111.36763000488281
531.9143218994141,190.6684775352478,175.28866577148438,98.30947875976562
520.3216247558594,6.702062129974365,187.23748779296875,153.96527099609375
744.8664779663086,154.13774633407593,151.3828887939453,171.09036254882812
