511.0,223.0,93.0,89.0
512.0735664367676,224.08363342285156,96.6375961303711,134.72198486328125
507.0856018066406,72.40341186523438,148.81561279296875,132.65281677246094
507.2996063232422,280.73466873168945,180.68313598632812,117.81678009033203
615.5072059631348,337.92637634277344,110.01067352294922,229.90748596191406
485.32701873779297,308.46327209472656,158.9554901123047,181.36537170410156
515.0474166870117,419.89483642578125,231.2419891357422,141.6522674560547
501.86939239501953,618.7316780090332,243.7980499267578,99.64899444580078
444.92559814453125,644.725959777832,371.5638732910156,75.27404022216797
446.50787353515625,636.3249092102051,376.6748962402344,83.67509078979492
454.12042236328125,633.413480758667,364.1905212402344,86.58651924133301
459.36915588378906,649.7672414779663,283.8228759765625,70.23275852203369
463.6180725097656,658.8820281028748,278.5893249511719,61.117971897125244
475.3783721923828,661.1850192546844,268.74859619140625,58.81498074531555
477.1295166015625,660.8750833272934,263.7407531738281,59.124916672706604
572.3331985473633,457.7359730601311,135.6616973876953,132.1900177001953
565.0030746459961,550.2784916758537,130.31040954589844,169.72150832414627
476.5038604736328,654.0645273625851,309.20965576171875,65.18904876708984
474.92478942871094,646.9591310918331,280.11004638671875,73.04086890816689
457.22776794433594,630.4285783022642,197.75531005859375,89.57142169773579
463.97088623046875,669.3570370301604,289.9691467285156,48.73806381225586
523.4776153564453,630.7591156587005,103.92156982421875,89.24088434129953
470.5745315551758,656.7977707199752,242.35765075683594,63.20222928002477
486.2729034423828,660.6574531700462,273.2799987792969,58.80152893066406
473.63233947753906,659.4788547661155,289.48919677734375,60.521145233884454
508.5194892883301,437.9722574306652,92.71831512451172,112.59479522705078
504.0335388183594,405.26024800073355,107.01455688476562,131.3036651611328
496.25515365600586,384.8330324245617,120.84882354736328,144.3567352294922
497.8119773864746,337.30350666772574,127.89588165283203,175.9716339111328
482.8375778198242,337.15865498315543,138.19105529785156,158.6622772216797
487.07923126220703,333.8225877834484,131.8976287841797,154.458984375
500.00215911865234,331.364114577882,119.00410461425781,151.25709533691406
499.7023468017578,208.4172037197277,115.45040893554688,125.16266632080078
508.14342498779297,214.34047871362418,122.20774841308594,128.7981719970703
507.7447738647461,217.84202748071402,124.44917297363281,141.86618041992188
517.0848693847656,223.3910692287609,108.4495849609375,161.91616821289062
509.72888565063477,228.21580677758902,121.30571746826172,139.31845092773438
503.01441955566406,244.7127016140148,137.69570922851562,213.50465393066406
498.33155059814453,257.5697572780773,151.59922790527344,244.95704650878906
496.50569915771484,268.90956288110465,148.9713897705078,267.7828063964844
493.5226821899414,283.98666554223746,187.16197204589844,269.2911376953125
490.6717300415039,298.96388417016715,199.5598602294922,260.9582214355469
511.39061737060547,446.82633381616324,147.68238830566406,152.6130828857422
508.29259490966797,433.2889612270519,143.8379669189453,111.09981536865234
543.3360557556152,480.98288136254996,122.84381866455078,113.67034912109375
504.7942314147949,536.02487355005,102.12104034423828,146.14886474609375
497.6291809082031,666.719281966798,287.9679260253906,53.28071803320199
489.6871032714844,667.1724537885748,291.1642761230469,52.827546211425215
474.2567901611328,667.3549093741458,312.9750061035156,52.64509062585421
602.3842391967773,430.09905502886977,118.24671936035156,192.23855590820312
478.59153747558594,641.690050817444,306.9757995605469,78.30994918255601
487.47601318359375,644.5881818418275,291.31817626953125,75.41181815817254
476.20140075683594,651.9745947661286,315.0392761230469,68.02540523387142
491.8349151611328,648.7010501296463,291.0174255371094,71.29894987035368
499.5003662109375,649.9799386695595,282.52783203125,69.80074310302734
485.203369140625,641.0467645362587,292.42388916015625,78.9532354637413
470.417236328125,613.57871063727,320.04144287109375,98.85675048828125
477.7293395996094,622.127481541811,403.47607421875,97.872518458189
473.0342559814453,606.1032381463938,318.8727111816406,111.05863952636719
463.499755859375,602.6215486932688,302.810302734375,115.75236511230469
464.5538024902344,607.1709070611887,336.873046875,112.7416000366211
457.03273010253906,625.5717707086496,338.5165100097656,93.91112518310547
475.3883361816406,621.1077814508371,323.49468994140625,98.89221854916286
658.9823608398438,314.3946728909459,108.88861083984375,184.97955322265625
668.2092628479004,262.695599099442,100.05260467529297,222.0931854248047
650.4222564697266,243.46606876496935,122.93038940429688,227.06689453125
608.4817886352539,235.43903782014513,173.7513885498047,227.9336395263672
509.5887145996094,240.37973453645367,129.736083984375,284.6497192382813
524.771598815918,328.6293835843053,237.0351104736328,196.65902709960938
506.5623474121094,276.4588818753209,144.269775390625,177.71798706054688
656.8536491394043,203.79563953523302,96.0639419555664,88.9972915649414
667.3747177124023,210.6943249905553,105.58772277832031,208.06417846679688
594.8970718383789,192.65859272126818,137.23817443847656,101.9878158569336
689.5871753692627,199.84162952546737,59.626766204833984,69.35498809814456
689.719898223877,206.4713788235631,70.01216888427734,128.31271362304688
663.4854927062988,217.17687656526232,108.46102142333984,197.6567840576172
666.3637161254883,266.52269794587755,97.98002624511719,90.64922332763672
663.3582038879395,226.90727665071154,105.31566619873047,200.17572021484375
666.4012832641602,274.97898532991076,105.36091613769531,160.73548889160156
683.2754096984863,234.2591443264928,84.95586395263672,211.61907958984375
691.4712333679199,242.3622937405553,74.94330596923828,214.95001220703125
647.0515518188477,242.79854251985216,131.6059112548828,230.84271240234375
636.3853073120117,259.65263797883654,131.46495056152344,228.62005615234375
645.158618927002,269.98838474397326,88.21349334716797,236.4949493408203
645.4337577819824,281.6761670315709,120.55609893798828,258.834716796875
631.0902099609375,328.3054547512975,129.59793090820312,216.91708374023438
500.61500549316406,333.5119824612584,285.21051025390625,258.0966796875
478.608154296875,592.7039265835729,468.9307556152344,120.7535629272461
477.0525665283203,621.793198128983,417.61663818359375,96.97455596923828
485.3035888671875,621.7974667752233,333.0265197753906,94.63929748535156
482.56605529785156,650.8545499051061,365.77734375,68.72935485839844
462.9526824951172,621.8669362271276,292.68621826171875,98.13306377287245
476.5273895263672,640.3298761946185,326.87615966796875,79.67012380538154
474.51531982421875,642.4870206168405,325.3385314941406,77.51297938315952
471.3229064941406,654.3955565120335,315.0396423339844,65.25096130371094
475.1680450439453,667.7761049892064,314.6837158203125,52.223895010793626
618.0128936767578,666.6868443799792,170.96685791015625,53.31315562002078
618.4139499664307,530.2414934790521,59.72739791870117,115.94636535644531
632.1337890625,669.8903792059808,152.67483520507812,49.49374771118164
598.0096321105957,532.4391062415033,74.20035552978516,92.35934448242188
554.7552795410156,655.6821444189935,209.6214141845703,64.31785558100648
568.2646141052246,486.1343842822507,93.53035736083984,115.44381713867188
556.0447616577148,449.95939648928197,107.4805908203125,129.30615234375
516.1299896240234,431.4474717456296,131.33168029785156,148.7989044189453
515.711296081543,440.44557202639135,136.88818359375,122.88858032226562
506.62193298339844,412.58062756838353,138.47254943847656,138.44522094726562
527.9306945800781,384.121635563989,114.67149353027344,153.7417449951172
516.6383743286133,378.9181977588132,128.46981811523438,148.067626953125
523.1711158752441,355.81505597414525,123.79752349853516,154.31004333496094
513.4971084594727,344.5456620532468,117.28353881835938,153.90235900878906
509.8343620300293,332.47445691408666,123.00508880615234,152.56936645507812
496.82295989990234,356.8591538745359,144.10205078125,150.68223571777344
512.6341018676758,329.3219987231687,131.38967895507812,168.10633850097656
512.1790542602539,226.723198063989,153.64926147460938,238.52195739746094
502.9666442871094,246.44997418703588,138.00694274902344,249.44505310058594
491.9237060546875,369.07865155519994,147.72825622558594,145.1300811767578
501.69920349121094,364.42813885988744,141.9290313720703,159.84193420410156
510.96851348876953,392.4590836841062,142.23654174804688,124.18025207519531
512.2688064575195,356.13893140139135,146.22482299804688,182.1873779296875
520.7915306091309,383.25968945803197,102.62096405029297,189.32861328125
512.1235198974609,443.6845246631101,148.2648468017578,143.01593017578125
521.7847900390625,431.9973985034421,142.8658905029297,138.2429656982422
501.6813507080078,450.8393327075437,135.3651885986328,152.82923889160156
498.54673767089844,621.2698365527585,131.90736389160156,97.46737670898438
528.5426330566406,508.0720521289304,134.1818084716797,168.18341064453125
535.5566177368164,647.7207871753171,272.4851989746094,70.80506896972656
493.19945526123047,658.6233731585935,311.5152282714844,61.376626841406505
561.7958145141602,509.3848677316405,149.23736572265625,135.2769775390625
485.88350677490234,639.1003714242675,322.5401306152344,80.89962857573255
494.74617767333984,608.0047755558837,200.05227661132812,111.99522444411627
479.16529083251953,643.1269681612426,314.21728515625,76.87303183875736
476.71614837646484,648.7468031724181,243.02999877929688,71.25319682758186
593.4392547607422,661.4741267601593,220.4294891357422,58.33492660522461
644.1426963806152,481.899810735379,88.85350799560547,86.3379135131836
640.0067825317383,457.3307609001739,95.25210571289062,89.91525268554688
615.878490447998,426.5002936760528,71.21602630615234,143.41807556152344
613.2346115112305,444.1281241814239,93.7496337890625,109.763671875
637.8744163513184,391.906703893338,94.46721649169922,147.59365844726562
641.8513298034668,312.70306009450985,122.91332244873047,263.7113342285156
496.76549530029297,547.32699960867,299.6065368652344,172.67300039133
490.24095916748047,633.8045024593644,329.1170349121094,83.6423110961914
473.4854507446289,624.6536197384171,347.46533203125,95.34638026158291
470.44396209716797,621.079659448066,347.4832458496094,95.3317642211914
491.1630630493164,585.6920289854195,300.69195556640625,134.30797101458052
485.2685012817383,573.6832718779636,330.00360107421875,146.31672812203635
478.47583770751953,578.8297722304858,334.62646484375,141.1702277695142
484.19844818115234,576.3786159736413,336.2220153808594,143.62138402635867
481.87545013427734,610.9087598911176,332.5408630371094,109.0912401088824
478.9395523071289,652.5024298723166,327.7113037109375,64.56857299804688
473.1791534423828,657.8024233873313,190.9729766845703,58.50123977661133
502.0148696899414,634.2390784318869,262.3932800292969,85.713623046875
482.3754577636719,607.2773436601584,161.5387420654297,107.06580352783203
474.91492462158203,678.7339228685324,160.97323608398438,40.331844329833984
500.21236419677734,596.9051627214377,86.60653686523438,120.11669921875
489.6139907836914,639.6534689958518,258.23699951171875,80.34653100414823
473.6181411743164,676.2695273903819,163.09042358398438,43.73047260961812
535.2778244018555,624.1441173328863,143.98507690429688,94.47225952148438
615.1004867553711,658.7734279407964,193.13198852539062,59.67387390136719
497.35984802246094,676.1007995380864,134.7374725341797,42.44167709350586
541.9670219421387,682.8822669758306,85.64754486083984,36.68303298950195
535.1465492248535,687.5970420612798,65.03723907470703,31.38736343383789
475.5237293243408,680.0190124287114,67.00724029541016,39.98098757128855
507.0889949798584,652.4057216531985,60.560577392578125,61.41939163208008
537.310037612915,683.5419120676272,77.67476654052734,36.338539123535156
577.6818332672119,687.0228576547854,69.8008041381836,32.97714234521459
609.078462600708,693.8075466099855,52.850563049316406,26.19245339001452
586.0208206176758,672.7919168444214,37.32969284057617,28.674732208251953
538.8092975616455,698.6715126009522,46.778724670410156,21.328487399047845
547.0170631408691,662.2432613358765,42.09659194946289,17.179317474365234
