689.0,446.0,154.0,74.0
726.9854736328125,301.5944290161133,141.88394165039062,75.08491516113281
714.8197784423828,282.8615913391113,159.9241943359375,92.29988861083984
682.3533401489258,292.1865768432617,211.2393341064453,129.2537384033203
537.8058166503906,288.4694366455078,365.1419372558594,141.26455688476562
266.18177795410156,390.06765365600586,282.3222351074219,103.65894317626953
148.729736328125,377.22218322753906,290.27081298828125,103.99142456054688
156.98838806152344,369.2872886657715,348.2751770019531,111.97632598876953
143.86325073242188,378.3574333190918,333.12139892578125,111.79642486572266
162.1837921142578,377.0836601257324,383.6457824707031,108.87198638916016
151.0323028564453,363.1698417663574,359.8761291503906,122.3320083618164
92.04101562500006,363.41316223144537,409.26776123046875,118.72842407226562
1.5443420410156818,334.48569488525396,414.22320556640625,148.9624481201172
72.85301208496105,342.448829650879,471.3557434082031,144.8286590576172
50.999633789062614,348.8283157348634,496.6068115234375,143.64585876464844
93.2321014404298,332.2252349853517,457.4537658691406,143.47262573242188
122.46395874023449,339.81802368164074,437.14056396484375,151.09002685546875
98.20704650878918,357.1964035034181,413.0647277832031,151.07679748535156
79.39218139648449,347.8691177368165,454.32183837890625,132.22740173339844
92.15731811523455,358.52413940429705,462.47802734375006,128.5059814453125
20.28669738769554,373.8300170898439,497.5558166503906,126.49212646484375
106.79541015625023,351.81474304199236,457.96844482421875,154.63375854492188
79.42716979980491,368.03822326660173,511.4474792480469,139.99026489257812
92.89466857910179,354.5402603149416,481.3491516113281,148.65476989746094
109.6554870605471,372.67355346679705,493.7071533203125,136.403076171875
138.40550231933616,360.6459732055666,446.1289978027344,160.471664428711
101.6596374511721,367.9770507812502,450.15484619140625,139.38702392578125
76.93009948730486,363.69416046142595,497.66708374023443,139.31370544433594
42.2211608886721,376.43750000000017,419.866943359375,138.72290039062506
46.24378967285185,359.2488555908206,403.8636779785156,139.84512329101562
35.21595764160185,377.60063552856474,485.19436645507807,126.21883392333984
186.7546539306643,353.0465621948245,410.6819152832031,152.7888946533203
47.15202331542986,377.02625274658226,486.91293334960943,129.9154510498047
70.75352478027366,347.1919555664065,508.4903259277344,164.43267822265625
106.07829284667991,365.0411529541018,487.2636413574219,151.74038696289062
65.45056152343773,328.6794586181643,526.4754028320312,153.45968627929688
42.53604125976585,351.7292861938479,560.733154296875,143.9717254638672
10.676086425781477,325.8647842407229,543.7385864257812,153.3993377685547
14.542938232422102,323.10674285888695,543.0731201171875,172.81153869628906
14.042785644531477,330.5158920288088,622.1682739257812,152.3365020751953
13.579589843750227,327.5414962768557,575.9910278320312,176.75233459472656
20.197998046875227,323.04737091064476,656.7150268554688,162.41514587402344
176.08618164062523,313.98384094238304,576.1983032226562,170.30636596679688
4.354370117187727,323.7760391235354,535.8695678710938,173.9545135498047
5.116333007812727,324.6240234375002,522.2669067382812,174.9622802734375
14.554382324218977,328.8018188476565,596.8627319335938,171.8988037109375
18.868103027343977,325.4161071777346,613.7412719726562,185.72137451171875
8.413940429687727,338.7073898315432,535.6420288085938,180.72328186035156
5.378753662109602,343.47268676757835,544.5020751953125,179.64080810546875
9.285858154297102,360.1170654296877,569.670166015625,178.1873779296875
5.977783203125227,345.72669219970726,552.0429077148438,170.62889099121094
7.561706542968977,355.091491699219,608.6226196289062,170.63623046875
10.540466308593977,317.1903228759768,531.6571655273438,186.50338745117188
12.032531738281477,336.9556884765627,514.7063598632812,184.6165771484375
0.8270874023439774,344.3796310424807,556.8926391601562,172.60841369628906
0,353.30166625976585,471.7079010009768,174.42791748046875
0,331.5247726440432,550.0810012817384,184.30116271972656
0,348.66291809082054,482.28030776977545,183.10458374023438
4.298662185668945,342.90471649169945,555.48681640625,206.62538146972656
22.246355056762695,334.00466918945335,636.1981201171875,207.79058837890625
55.850725173950195,354.3927688598635,657.9046630859375,209.95323181152344
426.7474536895752,378.3955688476565,536.7469482421875,200.0142822265625
491.03672981262207,355.81101989746116,413.75665283203125,196.81924438476562
525.326982498169,402.94454193115257,482.6619873046875,162.0792999267578
529.8556079864502,204.00535583496116,244.27783203125,263.2950744628906
524.0978031158447,217.2238616943361,233.72972106933594,308.6975402832032
513.6279315948486,201.57894134521507,247.53994750976562,225.89247131347656
529.3683032989502,295.2152099609377,344.15673828125,185.57147216796875
196.9995288848877,354.38819122314476,293.7251281738281,150.8286590576172
86.48935127258301,333.19639587402366,355.967529296875,147.62954711914062
81.83716011047363,309.0325851440432,410.30316162109375,132.49855041503906
72.02644538879395,316.91340637207054,385.1411437988281,139.72708129882812
76.05171394348145,308.3443527221682,386.7957458496094,144.2604522705078
65.06791877746588,299.1588897705081,423.7372741699219,154.89712524414062
80.14795112609869,302.7823257446292,409.03607177734375,162.32237243652344
40.31743049621588,314.48355865478544,402.1232604980469,153.66563415527344
49.35571479797375,310.5089263916019,360.040283203125,127.89889526367188
52.15478706359875,298.9494323730472,374.1251220703125,144.10150146484375
77.287919998169,266.8224105834964,396.1045227050781,166.2820587158203
18.533967971801815,291.2326278686526,375.98992919921875,156.6778106689453
73.53517341613775,238.02606964111357,400.8580017089844,206.90452575683594
0,259.1349411010745,404.23024177551275,191.95680236816406
6.347207069396973,0,357.18170166015625,308.43865966796903
0,296.3153228759767,333.8429346084595,148.59756469726562
0,258.12743377685564,301.59892702102667,143.70631408691406
0,256.8717193603517,303.51627564430237,146.87692260742188
3.4265490770339966,247.8249740600587,256.7641296386719,154.23707580566406
31.383717656135502,266.55269241333013,321.80078125,121.17049407958984
15.795918583869877,278.18439483642584,326.02655029296875,114.87986755371094
3.3799334764480022,225.80551147460943,222.78253173828125,203.3582763671875
91.87424194812769,308.95705413818365,338.0594177246094,117.81971740722656
166.14490234851831,258.69897460937506,281.2858581542969,153.76043701171875
100.40523254871363,276.42431640625006,332.7144775390625,144.17083740234375
43.22476685047144,283.9385299682618,293.2669372558594,147.1210479736328
7.157704472541752,271.43019866943365,340.049560546875,134.2459259033203
11.87076294422144,140.98139953613287,357.4615173339844,260.9422912597656
13.98642456531519,120.40917968750006,430.4551696777344,275.88726806640625
151.98543274402613,315.2156372070313,558.1871337890625,161.68109130859375
112.83981812000269,317.75756835937506,420.64523315429693,196.2288208007812
33.73619568347931,307.8163070678711,478.62176513671875,177.26954650878906
109.94972717761993,292.53419494628906,530.9122314453125,163.16445922851562
163.91402161121368,291.4600830078125,531.8680419921875,165.86553955078125
260.72328674793243,288.3208923339844,537.1148681640625,199.8524169921875
36.32091248035431,274.64744567871094,700.1157836914062,207.78659057617188
0,273.3960723876953,386.8646289110184,173.82620239257812
0,281.14623260498047,354.0635858178139,133.0080108642578
0.13639190793037415,273.7789421081543,303.1906433105469,123.2590103149414
23.901788026094437,263.5688247680664,312.105712890625,143.77171325683594
