1
2
0
0
0
0
1
2
0
0
0
0
1
862.4628,606.1288,56.1596,50.1534
839.5932,619.8554,66.2953,73.9865
2
0
0
0
0
1
784.6038,548.5682,51.4653,59.5951
768.2847,557.6061,114.5420,48.4437
2
0
0
0
0
1
2
0
0
0
0
1
2
0
0
0
0
1
2
0
0
0
0
1
2
0
0
0
0
1
402.1424,440.5464,36.8516,25.3726
367.8936,440.3371,37.7120,24.0437
331.3131,440.0020,35.6723,24.6162
291.5724,438.6989,35.6237,26.4013
251.8723,440.9274,33.6781,24.4164
211.4120,441.1973,31.8648,26.2188
170.3334,444.2244,29.2333,24.4884
131.8575,443.9312,29.2436,26.5652
2
0
