1
486.2065,401.1542,38.0799,43.9465
2
0
0
0
0
1
498.7996,379.0037,44.4182,41.7380
503.5233,389.2061,44.4612,41.0519
507.8526,389.3298,46.4479,38.7366
508.1072,384.3689,46.5739,37.9790
2
0
0
0
0
1
480.2811,291.6737,43.6712,43.1943
2
0
0
0
0
1
480.5531,287.5735,41.5630,39.9467
2
0
0
0
0
1
498.3661,467.2668,38.8000,35.2406
2
0
0
0
0
1
535.5885,325.9369,42.9037,41.7535
535.2881,334.1163,39.9402,45.5613
535.8126,352.0051,40.8544,43.1691
547.9296,335.1592,38.4497,43.7289
558.4321,340.9687,38.2157,40.8091
559.1395,353.9394,36.4282,41.5664
565.3024,366.4545,32.8846,43.8388
565.9440,407.3274,32.4608,40.9449
583.6920,403.6051,32.1168,39.5176
595.5573,409.7459,34.4585,36.1809
2
0
0
0
0
1
505.3268,251.2673,43.5206,39.9121
506.5237,250.0448,42.5699,40.7235
487.4997,237.1777,38.5292,44.1188
490.0606,243.3445,41.2392,41.3197
477.9487,247.6537,44.7233,40.2367
486.4769,253.6873,46.2090,40.3140
460.4098,261.0231,44.3740,40.3588
460.7205,243.8395,44.7074,40.3055
460.5606,242.7785,44.1702,40.8985
2
0
0
0
0
1
406.0965,357.4466,49.1490,39.6429
2
0
0
0
0
1
427.4244,359.0240,42.1803,45.8149
389.4261,375.5783,39.5477,46.4361
2
0
0
0
0
1
399.8679,411.2359,37.4197,40.9773
391.9063,398.4075,42.3547,36.2319
392.2365,408.0568,43.0001,34.4374
392.1263,404.0548,43.4932,33.6274
393.6971,377.8645,40.2779,37.3527
395.4711,376.0346,39.3369,39.4601
409.5461,377.3804,41.1669,38.8246
379.2094,358.9455,37.8009,42.9777
380.2064,343.5637,38.2067,41.4048
2
0
0
0
0
1
2
0
0
0
0
