1
151.5620,61.1702,38.3928,64.7354
153.4966,67.4361,42.8331,59.2148
160.1001,62.6053,37.7209,64.9097
165.9663,62.7720,36.5197,65.2792
149.2205,61.3513,33.2151,69.5935
123.5957,66.8752,31.4662,70.7879
121.8302,71.9236,31.7451,70.3860
121.3640,70.1153,32.4314,69.8069
2
0
0
0
0
1
139.6041,52.8032,43.7775,53.8597
2
0
0
0
0
1
2
0
0
0
0
1
226.2960,79.9391,45.1467,49.0610
230.5591,83.2627,43.2444,49.2063
233.6490,85.8353,41.9787,48.6040
236.6041,89.3621,40.9918,49.1889
237.2369,92.8143,40.5801,48.9679
236.8818,96.6948,40.6959,47.8172
235.8606,101.5965,39.6682,46.7545
234.5251,102.5516,38.2608,45.6125
234.6991,102.7487,36.8461,44.7662
2
0
0
0
0
1
2
0
0
0
0
1
2
0
0
0
0
1
76.3422,27.4277,35.8343,47.0860
102.3046,15.8647,37.5535,44.9748
2
0
0
0
0
1
111.1191,74.1635,48.3685,67.2520
2
0
0
0
0
1
131.2208,50.6270,46.2523,53.8216
2
0
0
0
0
1
2
0
0
0
0
1
130.0372,49.7680,53.5031,46.5648
111.8272,50.6629,58.5027,42.7815
2
0
0
0
0
1
151.2266,76.2119,56.1554,57.4399
152.6912,77.3439,56.1096,57.4948
2
0
0
0
0
1
2
0
0
0
0
1
234.6226,87.4227,27.4170,35.1602
236.1996,88.3606,27.4206,35.1555
237.2789,90.4676,27.4267,35.1460
238.7800,99.2173,29.2055,33.3587
239.5404,102.5332,30.4396,31.5278
239.4077,102.3767,30.4383,31.5274
239.6354,103.0140,30.4304,31.5249
239.9764,103.6077,30.4284,31.5231
242.0276,115.3234,31.1065,30.3976
241.4329,114.9675,31.0989,30.4062
240.5167,120.8289,30.3677,30.8728
238.3343,121.7832,31.1180,30.4741
239.6921,122.8997,30.8371,30.3509
241.5150,121.4153,30.5671,29.8455
239.5824,117.3687,31.0137,28.8849
239.3851,102.1433,30.4801,29.2881
238.9238,101.9679,30.1194,29.1747
237.7381,87.1477,29.2265,29.7805
213.4359,109.9923,28.7782,29.3466
2
0
0
0
0
1
97.6886,99.6999,50.6744,62.5241
87.6583,106.3126,47.2855,66.9453
87.3037,107.1590,47.2935,66.9395
151.0167,79.9879,49.6604,65.5311
98.0842,52.6141,50.6971,63.3894
2
0
0
0
0
1
154.8563,63.8366,33.2114,56.3045
2
0
0
0
0
1
229.5777,114.1653,42.4020,39.2987
236.1898,120.1121,40.9249,39.3924
237.8692,121.0871,40.2752,39.4607
235.3292,120.2423,40.2780,39.4560
237.0987,125.0852,38.7117,39.1007
244.5430,125.4366,38.2601,38.2242
243.5697,124.1011,37.4769,37.6088
241.8686,123.6235,37.5038,37.5797
243.6440,126.7656,38.0326,36.8407
242.1688,125.9870,38.0467,36.8249
244.8851,120.9176,37.6227,36.5403
244.3768,119.8584,37.6458,36.5166
254.5291,121.5114,39.7412,33.6059
2
0
0
0
0
1
155.7597,57.9661,34.9332,36.8790
133.3990,57.9418,37.3666,34.3722
176.1537,42.7956,37.2188,35.7327
154.5420,60.6118,34.7036,37.9667
177.8564,50.3733,34.3393,39.9172
2
0
0
0
0
1
240.4021,68.3021,37.9201,34.3357
241.6207,70.2400,37.9172,34.3364
243.4649,75.0926,39.6652,33.7032
242.6282,72.9766,40.0906,33.5298
240.8954,69.6728,40.0886,33.5312
238.1958,66.0177,39.3192,33.0353
236.1153,63.2683,38.5565,32.3714
235.5836,59.5897,37.7765,30.8142
233.6294,58.8223,34.3902,31.8384
235.9138,54.6205,32.7622,31.9210
240.9091,73.7144,32.3798,32.3385
2
0
0
0
0
1
162.0620,61.1416,28.5579,42.7090
2
0
0
0
0
1
74.0643,28.0781,29.7790,43.2067
73.8218,23.0776,29.7782,43.2074
77.1610,22.1691,29.7930,43.1940
76.8158,16.8287,29.7890,43.1996
2
0
0
0
0
1
125.7268,67.7249,34.7738,42.4131
2
0
0
0
0
1
78.4792,102.6642,53.0658,41.7084
2
0
0
0
0
1
155.8379,125.4842,41.1259,56.6809
2
0
0
0
0
1
168.3207,112.9011,51.5701,52.0884
2
0
0
0
0
1
112.6909,141.2451,46.5370,60.1413
2
0
0
0
0
1
121.1430,134.0543,48.5678,56.5632
2
0
0
0
0
1
144.1826,60.8286,49.7483,53.6426
152.2444,63.0910,45.3283,58.4523
2
0
0
0
0
1
137.7720,48.8007,48.4696,45.7908
145.0790,55.5363,47.6795,45.9922
152.2697,57.1175,45.3696,46.7539
2
0
