1
40.1315,57.1048,73.2867,82.4473
43.9300,68.6045,69.3209,84.0635
37.4467,72.5735,73.9894,78.3137
46.2004,67.5590,71.1537,81.4369
54.9812,70.1494,70.9448,81.3822
60.3400,66.1638,73.5536,83.4398
63.9786,60.9694,73.9818,88.0788
97.7379,93.2176,74.2063,87.6359
92.5391,82.7496,74.9932,88.2276
110.7379,95.6743,70.9729,90.0594
114.3345,80.6540,69.5271,91.6970
118.0716,77.8167,69.8342,92.4266
121.4715,76.2758,70.2616,94.0287
135.9603,76.2290,70.0287,89.8186
160.9449,78.7265,70.4527,87.7182
135.5888,64.8998,69.9106,87.6242
2
0
0
0
0
1
241.1654,77.8746,66.6595,75.6583
245.8927,63.6103,66.7041,73.4969
244.9694,46.8680,66.9183,72.7935
237.7295,38.7854,64.7138,72.2066
287.9105,76.8149,65.9085,70.9359
299.7349,76.7835,60.9294,78.6367
291.3168,113.3803,65.1849,74.4198
281.8644,122.9120,65.5187,73.3502
284.4848,93.5720,58.6398,83.5333
280.6492,130.8001,62.2593,79.9639
266.1516,144.2902,69.7598,72.5700
2
0
0
0
0
1
151.2393,112.7389,62.6949,71.7601
150.5476,98.3507,62.8248,71.6677
138.3502,109.5022,65.2775,68.8523
130.0661,118.1244,65.2948,67.5862
127.9100,99.3111,65.1991,68.8274
123.0874,108.8443,67.2338,71.1968
118.4213,113.9417,68.6503,72.8623
111.6639,90.8006,66.3197,75.2244
111.0465,99.4431,64.4214,77.7837
113.3565,108.2501,64.4767,78.8737
100.7947,94.2169,66.8262,75.4070
113.9833,103.8157,68.9746,75.7762
115.4797,103.7994,67.7591,76.5109
125.1642,102.5504,65.8625,76.9608
2
0
0
0
0
1
241.3368,76.7490,56.2841,77.6998
260.3051,75.1614,57.6776,77.2077
261.7315,64.3200,57.2947,76.0184
264.5514,36.6883,55.9425,75.7911
2
0
0
0
0
1
275.1472,73.9748,69.7022,83.0047
266.3223,84.0747,66.5412,81.1349
242.4067,85.2209,65.7415,79.1155
223.6757,85.1590,66.0884,76.3989
172.3014,95.7911,68.6653,76.3189
168.8076,86.5700,69.8036,74.7935
124.4268,105.2976,73.7320,73.3188
103.1822,102.9343,77.6952,73.0669
83.2673,98.0684,81.2439,71.6987
63.1535,94.0287,82.8215,70.4343
47.4884,90.8018,80.9948,69.4570
49.5112,88.3310,78.3713,70.0860
72.7973,77.6019,74.0722,73.2013
2
0
0
0
0
1
7.2739,72.8994,69.0209,92.8483
11.3081,69.2907,72.8274,91.0402
10.2288,72.9873,75.3224,90.3602
1.8997,88.1862,77.1901,89.4412
11.5911,92.0114,78.5244,90.1205
-6.3649,20.5060,71.2035,96.6421
-2.6554,7.8575,67.2998,97.9746
-2.0574,4.3669,65.0307,98.6349
-10.0691,53.0820,58.0087,106.9774
0.6111,41.9272,57.8370,109.0448
2
0
0
0
0
1
166.5033,95.6335,67.5033,79.7004
185.8838,85.5371,69.0723,78.1274
186.7744,86.3682,69.0723,78.1274
185.4252,87.9643,69.1914,77.9884
2
0
0
0
0
1
358.0687,89.4109,70.0750,81.3259
341.1345,79.3360,71.9104,81.7668
339.9029,80.7528,69.2186,89.1670
329.3613,67.0592,72.5156,90.5546
318.5053,81.5938,74.9395,89.5132
318.0750,78.2413,75.5182,88.8089
316.6141,72.4949,72.3170,95.1901
308.1559,70.3203,71.1181,98.2924
288.4850,61.4382,75.8974,96.1503
261.3506,51.7447,77.5469,95.3692
271.4189,52.5777,79.6618,94.9484
271.0497,50.6667,78.0697,102.4796
258.9340,47.9692,78.9732,101.6164
248.4580,46.5152,73.8239,105.1647
256.8196,55.7582,76.3551,105.0331
277.6000,111.1441,72.3703,105.8120
259.6321,147.0595,75.5839,101.8481
2
0
0
0
0
1
207.9455,111.9834,87.5747,89.7909
232.6853,110.1589,84.1624,94.4971
201.2110,149.1665,97.4771,86.0063
200.2612,150.9760,97.4774,86.0060
198.2297,153.0673,97.4776,86.0059
186.9935,163.2853,100.6071,83.6315
186.3018,165.4281,100.6070,83.6316
190.6591,168.1323,109.3017,78.9835
180.3446,167.7010,109.3015,78.9837
165.8927,179.4547,107.6042,83.8537
182.4516,142.5120,108.0832,84.6461
207.5241,93.0381,102.3978,88.0342
178.2128,119.4919,105.7970,87.4348
2
0
0
0
0
1
311.4106,70.9047,61.1364,71.2049
309.5469,71.2853,62.4016,70.2037
303.1146,59.9926,64.6938,68.8354
299.3627,56.2860,68.5547,64.7727
301.9884,74.7037,68.2238,64.3831
295.9532,75.4114,71.1328,62.4588
292.2553,77.3959,66.9564,66.0048
283.9817,77.2669,65.1472,67.6376
283.0479,68.6394,64.3543,67.4162
284.0766,51.0802,61.5862,67.2416
284.3760,39.5530,60.6746,66.7872
2
0
0
0
0
1
215.6524,62.4356,92.7105,102.6847
211.4536,57.2501,94.9630,105.1857
180.6399,66.6062,100.8353,104.0530
171.6916,64.9479,105.5505,99.9114
182.1898,66.2783,116.6871,91.4881
193.8025,57.3093,109.9591,99.7478
202.5281,49.6546,104.0005,105.6769
189.2715,55.1578,102.2561,109.2991
193.0666,50.4058,99.8301,113.0566
177.4023,50.6093,101.6998,115.1629
188.6880,110.8087,108.8460,108.8138
184.6960,125.6968,110.9084,107.1527
183.7318,141.0742,112.6602,105.7987
177.6907,149.0618,112.6602,105.7988
2
0
0
0
0
1
224.6616,77.1484,71.3470,73.1522
226.7545,81.9834,71.4495,70.7530
225.4841,74.7938,71.0798,72.6010
227.3071,76.7450,69.9037,73.4336
230.9219,81.3233,71.6031,72.3072
229.4320,90.4508,69.1159,71.7409
233.8367,91.3695,68.7819,70.2412
241.8361,73.5940,68.1278,76.5263
264.4530,40.2825,64.7840,79.4107
261.0892,11.5366,65.9869,77.2138
270.9926,33.3465,64.1554,77.9950
292.0058,31.0488,66.2787,73.9485
295.6126,26.7106,65.4673,73.2814
245.5695,84.5832,66.4804,73.0466
234.7878,72.6520,69.2747,72.1866
273.5503,32.1892,68.3059,73.3753
2
0
0
0
0
1
153.7608,88.9259,81.5404,80.5862
151.7510,91.2933,82.3847,78.9627
150.2979,94.4263,80.9115,80.8672
195.7567,135.3045,83.3785,78.4694
202.1385,136.9856,85.7830,74.8361
200.8720,147.0963,84.9970,75.9998
193.8884,146.9994,86.2897,77.8142
2
0
0
0
0
1
242.5036,70.9105,66.1214,76.6308
238.3952,65.6518,68.0589,74.4746
226.0895,77.2242,70.3333,74.6742
224.7483,72.5101,69.9136,76.9755
187.3810,94.7998,71.1968,75.5795
239.5243,139.8117,69.5424,74.6768
236.7536,175.0173,71.7506,73.2432
2
0
0
0
0
1
219.4136,67.5057,77.3774,79.9029
222.0293,57.1461,78.2479,85.0523
230.3983,53.5182,76.0614,86.3365
231.7178,48.9719,74.6398,90.0000
231.4136,53.9929,71.4133,96.3543
237.0781,53.5097,71.2193,97.5580
237.9003,49.9602,69.4923,100.3829
227.5904,47.0096,68.4539,102.0680
224.2286,46.1543,70.0934,100.4749
220.8253,54.4933,71.1660,98.6671
229.4742,49.2421,73.1874,95.0302
223.0718,53.8902,76.2277,89.2443
218.0040,56.8209,76.2277,89.2443
214.9928,67.3801,78.3861,87.7127
193.5043,125.4992,81.7581,81.3369
202.7115,129.6010,83.6203,77.8598
213.8942,129.7206,83.9756,74.4651
206.2489,120.2142,88.1876,72.7897
201.7050,120.0252,89.1600,73.9193
209.7327,121.4120,91.3472,73.8445
191.7650,129.2111,94.5540,71.6784
243.2077,171.6371,91.6433,70.5830
224.4160,173.1277,94.5877,67.3600
225.9187,178.3868,92.8815,68.0643
227.4460,171.1494,92.2116,68.6583
202.6743,139.3494,90.8325,70.8997
197.5638,141.8221,96.3184,67.2590
199.3743,139.9781,98.4520,65.9937
205.2211,139.5226,98.8366,64.1475
206.1289,142.6870,97.4811,66.1068
202.3481,147.2616,97.3990,67.1909
204.8885,144.4516,99.5315,66.3613
212.7171,149.5479,98.5436,69.4463
2
0
0
0
0
1
124.1958,79.8934,88.8508,91.2850
126.1747,77.5647,87.8160,96.8400
135.8511,71.5248,84.7659,97.8879
125.3304,53.3501,77.9452,112.5601
122.4198,58.5096,75.3035,118.8876
2
0
0
0
0
1
249.2058,65.3964,86.1013,106.6950
255.7744,108.4156,88.2017,105.4820
264.5495,120.4985,89.2290,102.6366
256.9415,109.9681,91.7685,103.8914
254.1209,97.7252,93.1044,105.4805
249.8848,99.9850,96.7750,106.0984
249.4384,90.1610,98.2646,105.4225
244.3622,94.5502,101.5358,104.6758
255.6496,104.7477,94.7833,108.3358
243.2892,112.8741,92.1810,110.5817
229.3903,114.1357,92.8953,106.1832
227.2739,71.8439,87.2468,110.6748
231.8300,78.9754,85.3052,113.2227
241.8796,94.9819,88.1585,109.1862
252.8898,92.7378,90.5209,106.3025
247.2312,89.9183,90.9718,104.8904
206.0185,169.6524,92.7632,106.0035
197.0550,175.2910,104.0183,96.4462
211.5293,121.5462,106.6963,96.5620
237.9357,111.0936,96.9207,105.1322
231.8138,105.3277,96.8868,105.9349
228.7596,96.9838,96.8867,105.9350
229.5329,58.3771,88.9640,116.7805
229.7200,52.1762,83.3070,120.7325
231.8000,60.4679,79.9292,124.5014
242.8750,58.1303,76.9038,129.8674
198.9265,73.3673,87.7267,125.1605
205.0268,78.4343,87.7267,125.1604
201.0710,83.8603,87.7267,125.1604
255.7342,109.8785,87.5722,123.7192
254.3678,113.0291,93.1301,116.6560
258.3487,110.7245,93.1301,116.6559
257.4886,120.9660,94.1176,113.1377
255.5388,119.7328,94.1405,113.1158
215.7254,162.9563,102.5905,104.5383
184.9497,183.0039,101.3201,105.8134
2
0
0
0
0
1
255.3167,128.1281,64.7956,79.8655
246.4408,172.1345,70.2962,74.8938
248.2642,182.2114,71.7745,71.3102
2
0
0
0
0
1
326.2079,72.2437,71.1750,80.1495
306.9309,71.5296,69.7555,81.7549
275.7700,40.0617,70.4214,80.2728
2
0
0
0
0
1
151.2561,118.2731,62.4255,72.8326
206.7738,180.9097,64.1166,75.0776
254.0261,177.9762,64.6311,73.8643
268.2644,179.7279,65.0440,73.4681
205.3433,132.5417,67.1094,72.9020
210.1488,179.2173,66.6857,76.2062
2
0
0
0
0
1
149.2647,86.2597,70.3438,83.3682
