1
264.5825,118.0498,87.4161,62.8938
2
0
0
0
0
1
345.6284,114.1666,70.1088,81.0749
2
0
0
0
0
1
328.7698,159.7661,82.7382,57.4157
342.5781,158.6065,79.5845,55.5562
347.5709,159.5643,76.5916,54.2906
351.5438,159.8829,74.0835,53.3681
353.6718,158.7790,72.2999,53.3754
356.6439,160.2789,72.2618,53.0993
355.6242,161.0719,72.3176,54.4460
356.5990,161.4398,73.0753,54.8341
356.8699,163.1647,75.6859,53.4279
359.8954,167.5226,77.0524,52.3261
359.7674,168.3680,77.9757,51.1704
360.0764,170.7080,75.8179,51.9294
359.4071,169.5711,75.8175,51.9248
361.7586,168.0101,75.8167,51.9249
369.0894,165.8134,75.8174,51.9241
372.8509,166.0553,75.8193,51.9204
370.1488,166.0414,75.8195,51.9189
368.3647,164.5039,75.8184,51.9199
365.4922,159.9050,74.6993,51.6134
364.2601,159.1662,74.7009,51.6107
367.1819,160.5765,75.9967,51.9780
369.0902,153.5917,76.0150,51.9255
365.8334,149.2576,76.6971,51.1424
369.5157,152.6466,76.6968,51.1033
375.5588,161.5510,76.6826,50.9947
383.5408,162.2885,76.6930,50.9056
376.1365,156.1645,76.9130,50.5734
376.9955,157.3912,76.9709,50.4317
371.9238,160.1637,77.1647,50.3304
373.7877,160.9428,77.2447,49.6728
377.5085,162.5143,78.7997,51.0199
376.5984,163.5544,78.7368,50.7612
377.9630,169.5703,77.2523,52.3784
371.5649,162.6571,77.3214,52.2778
371.1847,163.4773,77.7681,51.7311
372.9572,166.1655,78.0264,51.1280
382.1067,167.1285,76.9402,52.1941
375.1617,167.7079,77.0470,52.0446
382.9326,175.2675,76.4234,52.6385
380.8103,174.2469,76.4700,52.5105
374.5968,166.9421,76.5119,52.1607
383.0346,169.2776,76.8465,54.8129
388.4414,171.8202,77.9477,54.2731
390.9785,172.3145,77.5278,53.9529
390.4817,173.7518,76.7918,53.2734
389.4968,172.2329,76.4756,52.7700
389.4824,171.3522,75.9494,51.8247
384.0006,169.5817,75.9405,51.7938
381.0636,166.9946,75.9329,51.7862
379.3402,165.6232,75.9288,51.7636
379.2741,163.3768,75.9248,51.7567
376.6745,160.4971,75.9245,51.7563
372.9650,160.2174,75.9238,51.7551
371.2414,159.1337,75.9221,51.7520
366.3673,158.2035,75.9220,51.7518
367.2023,159.2773,75.9213,51.7503
365.5672,158.9101,75.9222,51.7484
364.9344,158.1098,75.9299,51.7265
358.4543,159.5629,71.2453,55.3116
359.4256,158.3728,71.2464,55.3086
347.3505,159.8557,63.2699,64.5378
350.9838,153.9620,56.5004,72.7122
352.8088,151.7961,51.9829,78.1852
354.1652,149.5986,49.4207,81.1031
354.8686,146.7971,46.8763,85.2802
322.7022,150.8964,43.9560,91.0232
373.6755,118.4413,49.3701,85.5310
331.3253,116.7318,49.3326,83.8731
321.4691,66.4770,45.7490,88.1192
331.7910,115.4258,46.1777,86.9660
2
0
0
0
0
1
340.4040,120.3884,24.4695,44.7528
334.4171,119.2453,24.6198,43.8755
338.6916,113.2162,24.0138,44.1303
338.3040,112.0798,23.6306,44.2226
332.4821,128.5313,24.5846,42.7962
331.3842,140.6379,24.1032,40.2613
321.3200,141.8135,24.8192,39.0108
2
0
0
0
0
1
333.6271,102.6117,26.9208,37.1291
2
0
0
0
0
1
327.4714,107.3373,34.6115,33.6779
2
0
0
0
0
1
293.5931,134.4715,34.0529,34.4980
2
0
0
0
0
1
336.7132,130.4123,28.8175,40.7639
342.4160,118.2360,26.0549,43.1907
2
0
0
0
0
1
324.9848,110.5390,41.9293,42.7072
2
0
0
0
0
1
328.9008,127.6990,50.6400,35.7909
316.1583,130.2015,52.1779,32.3877
266.0970,129.1201,49.4670,33.5451
2
0
0
0
0
1
249.7721,134.9288,56.5066,32.4912
2
0
0
0
0
1
2
0
0
0
0
1
319.2234,142.7627,46.7835,37.9959
361.5270,139.1096,49.4992,36.3642
2
0
0
0
0
1
349.2455,121.1955,56.0220,34.1842
357.8748,120.4128,56.8318,34.4812
361.5496,116.6157,59.9840,34.6948
354.8187,118.5253,61.8151,36.1198
359.5038,114.3948,64.2569,36.0754
357.1315,115.1250,66.1738,36.6032
355.7317,114.2999,66.1274,36.6317
357.5470,115.1491,64.3053,38.7594
357.7083,113.5157,63.5379,40.0136
360.2295,112.4620,63.5369,40.0090
373.6105,113.7782,64.5419,37.8089
374.6708,111.2505,65.9065,34.7515
373.1129,112.5790,67.1977,31.6986
377.0181,113.0559,67.7390,28.5770
368.2933,114.1786,68.1668,26.9912
377.3952,110.6755,68.5572,25.2218
378.5632,110.8014,68.1799,24.7843
370.8202,111.7183,67.7192,23.6576
387.3256,107.7138,67.0684,23.2822
391.0893,103.8888,66.8994,23.2027
388.2341,104.9179,66.1874,22.7271
389.7906,100.7248,65.9405,22.7622
389.2232,102.0008,65.4077,22.3604
388.4642,98.0730,64.8175,21.8997
383.8130,98.9147,64.6509,21.8749
384.0721,98.8696,64.6462,21.8351
386.0276,99.1985,64.3468,21.7215
390.1862,95.9931,64.1230,21.6977
396.0876,96.5185,64.0357,21.6902
399.5589,95.8254,64.0248,21.6894
405.6089,90.5837,63.8854,21.6746
410.4679,95.9692,63.6196,21.6818
410.1988,95.6063,63.5804,21.6851
409.4537,94.8129,63.5649,21.6965
411.8528,95.7598,63.5524,21.7042
413.5078,95.9392,63.5404,21.7153
412.5477,97.1673,63.5110,21.7366
411.4018,97.5909,63.4712,21.7677
411.1704,97.7454,63.4373,21.7919
411.7124,97.1684,63.4162,21.8114
417.3076,107.4528,63.0276,22.0489
421.3116,105.4104,61.9625,22.9557
427.0494,102.8021,60.0344,24.6227
420.5427,97.0925,58.7716,25.7149
420.1339,99.8184,57.0890,27.2775
418.5078,98.8771,56.6249,27.6944
417.6928,98.0662,56.1558,28.0219
416.9967,102.2837,55.2222,28.8913
415.6109,102.7164,54.3080,29.7438
413.8710,101.7631,53.4354,30.2269
413.1420,106.7180,52.7516,30.8954
412.7979,107.3515,51.5534,32.0563
412.8663,108.0661,50.6240,33.0069
414.4673,108.0274,46.8514,36.4676
415.0954,107.8279,45.0124,38.1127
415.4933,108.7318,44.3113,38.8321
415.0754,111.8649,42.4851,40.4206
415.1218,111.6576,41.8719,40.9202
409.2381,113.6610,41.4998,41.2064
414.1008,113.0634,41.1005,41.5964
413.8573,114.0616,40.6613,41.9471
413.5323,113.3858,38.6585,43.4806
414.7058,117.5779,36.0308,46.1308
413.8878,113.7678,35.3243,46.6878
413.7299,112.8378,33.9246,47.6477
408.9019,112.9280,33.6360,47.8935
402.5339,112.8001,33.5867,47.9184
402.6333,114.7856,33.5515,47.9430
407.9931,116.6896,33.2950,48.1114
407.5087,119.4415,33.2554,48.1339
2
0
0
0
0
1
440.9647,140.6619,48.4349,37.4223
439.3930,141.2006,48.4273,37.4287
436.7536,144.2380,48.4246,37.4296
439.6832,150.2918,48.1278,37.6411
2
0
0
0
0
1
439.4254,191.2467,31.3657,45.4821
437.7689,194.5526,32.5994,44.2165
430.1389,185.8451,33.1524,43.5144
429.3566,186.7955,34.0591,42.1297
424.1560,182.1108,35.1302,40.9692
418.8832,177.9200,36.1055,39.7985
419.6317,178.5647,38.1718,37.9716
414.8250,175.3148,40.3801,36.0330
415.1523,175.6291,42.5553,34.0811
410.1052,173.2727,44.6604,32.2069
407.4803,173.5298,45.4008,31.6292
406.0774,173.7532,46.2757,31.0121
400.5206,169.8596,46.7970,30.5212
398.8586,169.6510,47.3494,29.9256
393.9431,169.4675,48.1681,29.2047
389.4237,166.1369,48.4408,28.8529
387.3377,166.3223,49.1944,28.0960
384.0512,165.9135,50.4156,27.0194
380.5298,164.8235,51.6619,25.7700
380.7220,163.8499,52.4697,25.2082
378.9129,163.3989,54.7005,23.5590
378.2860,162.0872,55.3022,23.2225
2
0
0
0
0
1
403.1194,171.0384,43.8413,61.8492
2
0
0
0
0
1
2
0
0
0
0
1
388.9943,195.5160,44.0952,57.6649
387.9732,197.2697,43.1280,58.4228
383.6995,200.4589,42.7979,58.6484
2
0
0
0
0
1
375.5085,207.3024,49.9845,59.1305
379.9761,205.0266,48.2972,59.4469
381.7690,205.9614,48.1935,58.3137
369.3405,213.4772,47.5520,59.4698
