1
711.3129,231.0379,26.2346,23.9229
709.3489,227.3989,30.3512,28.0412
708.1774,230.1693,33.3083,27.2963
710.0584,228.2034,34.6010,30.4559
2
0
0
0
0
1
719.4889,230.3676,25.9083,23.7846
716.4486,228.0596,31.0738,25.4068
721.7689,232.0251,32.4395,24.2382
721.8560,230.5556,34.0922,24.2229
712.1090,227.6218,40.1428,28.7648
712.0812,225.6543,43.2815,32.5052
708.7880,220.8263,46.3328,34.8357
2
0
0
0
0
1
708.1474,227.8775,29.7238,29.1268
705.8614,228.1171,30.4301,33.0344
702.8233,224.1575,32.6721,35.7295
702.6693,230.3417,35.3383,29.5407
702.2769,226.7644,28.5226,32.4657
698.0863,226.3869,32.8351,32.1546
695.0080,224.2047,34.2587,33.2120
692.0215,226.3183,32.6563,35.7718
687.5813,223.7998,36.9178,38.4316
666.7754,252.8511,34.5366,39.6559
664.8762,253.3637,32.7970,38.3781
675.5973,222.0112,36.9211,42.8252
677.3018,224.7509,33.7006,38.4524
654.2090,252.9645,32.0647,41.1981
2
0
0
0
0
1
642.8000,225.4000,27.6000,30.8000
642.8000,225.4000,27.6000,30.8000
642.8000,225.4000,27.6000,30.8000
642.8000,225.4000,27.6000,30.8000
644.9944,223.1518,30.1751,32.3836
2
0
0
0
0
1
692.0059,228.9040,30.4165,29.4439
695.4707,228.6195,27.9276,32.1205
695.4707,228.6195,27.9276,32.1205
2
0
0
0
0
1
727.2733,238.3415,30.6322,28.9310
723.5002,236.8577,32.3823,32.0584
723.3891,233.6827,36.0830,34.9707
2
0
0
0
0
1
731.9824,235.3002,29.6361,30.9800
727.3636,235.6884,33.5478,30.6122
725.9294,233.4998,33.9873,35.1289
722.3333,227.8943,39.8793,40.0807
719.7429,220.4597,42.8154,45.1076
717.2115,213.6647,47.2920,54.1244
2
0
0
0
0
1
694.5970,238.5376,31.1113,23.8397
672.5261,264.5155,36.2205,29.4767
2
0
0
0
0
1
654.5828,241.0483,29.9667,33.1597
2
0
0
0
0
1
664.3303,238.9759,30.9633,28.1299
675.4125,236.7508,29.2270,32.8754
2
0
0
0
0
1
714.9874,238.5461,27.8296,31.1314
719.1102,241.4722,32.2430,30.8307
719.8747,242.3289,34.4017,26.0929
719.3419,240.3161,40.2262,30.7007
2
0
0
0
0
1
738.4007,241.2809,36.7458,31.8434
736.1524,240.2371,36.0989,35.4240
736.6180,240.3631,43.0483,34.0863
735.2206,240.5511,47.5788,32.0119
735.8024,241.6716,44.6208,32.5375
736.2094,242.2849,45.2106,31.9626
731.1920,240.3686,47.9519,32.0956
728.7005,242.5457,52.1172,27.2007
722.6682,240.8134,56.6213,32.7687
719.7874,237.4069,52.8186,37.2736
717.4405,235.5757,57.1460,38.4206
721.3543,241.8364,66.7916,33.1694
701.6608,236.6884,63.8389,33.9117
2
0
0
0
0
1
688.4744,238.5501,32.2931,32.5203
682.1003,240.2544,34.4638,28.8180
682.1003,240.2544,34.4638,28.8180
663.4936,237.5236,35.4527,30.5093
2
0
0
0
0
1
659.4794,240.3251,29.8695,29.8568
2
0
0
0
0
1
709.4218,242.2168,28.2934,27.8385
708.9633,242.3165,31.5494,30.6572
708.9633,242.3165,31.5494,30.6572
2
0
0
0
0
1
736.9810,246.5216,29.2580,30.9608
740.2023,247.1336,34.2727,24.9291
740.3184,245.8752,33.6964,31.5628
740.0405,243.0806,37.9298,34.0522
741.5557,246.5649,39.9040,28.6348
744.6705,251.1507,36.2063,25.1328
745.6407,252.2809,37.4710,23.1738
742.0126,251.0161,43.9652,25.4329
732.2822,245.4011,47.7403,30.5747
729.8400,249.4184,54.3176,27.6101
724.0893,244.6463,57.0873,30.1510
726.2130,244.0750,56.9120,34.4346
721.2339,245.4645,52.6598,32.2221
719.9141,244.1387,52.9793,35.3629
719.6911,241.6364,48.3544,38.6166
718.8670,236.7965,49.0653,44.6649
707.4207,244.3211,39.5632,36.5113
726.1092,247.3416,46.4138,29.6273
725.5010,249.2356,45.9316,26.9983
725.5010,249.2356,45.9316,26.9983
731.0318,250.1761,43.2171,25.2544
689.1979,245.8704,43.4865,28.1473
689.5876,241.3837,41.2956,34.0120
683.5160,239.5311,38.8311,35.7813
681.2288,237.1412,34.4152,37.9568
681.2288,237.1412,34.4152,37.9568
681.2288,237.1412,34.4152,37.9568
681.2288,237.1412,34.4152,37.9568
681.2288,237.1412,34.4152,37.9568
2
0
0
0
0
1
684.4448,235.2172,35.4116,42.7779
684.1154,239.4503,41.5378,36.7420
677.5689,239.8461,47.2347,34.9692
677.5689,239.8461,47.2347,34.9692
691.8269,238.0513,46.5961,40.7438
699.9391,241.7707,46.2213,37.3451
691.9885,241.2311,49.6444,41.1511
2
0
0
0
0
1
714.9925,241.1489,36.0366,37.4892
724.6904,226.7406,33.0104,46.2818
724.6904,226.7406,33.0104,46.2818
2
0
0
0
0
1
720.0596,231.8871,35.1106,38.7550
719.3663,229.7751,40.4732,51.7799
712.1754,214.3047,46.4400,57.4405
716.9895,210.7825,45.3793,48.6436
714.5093,210.0518,51.3534,42.6754
722.2696,194.1321,52.1161,48.8877
715.7166,197.1688,52.0221,62.2543
720.6088,179.1406,48.7399,72.4226
720.6088,179.1406,48.7399,72.4226
720.6088,179.1406,48.7399,72.4226
720.6088,179.1406,48.7399,72.4226
720.6088,179.1406,48.7399,72.4226
2
0
0
0
0
1
654.3244,240.3201,34.8814,40.4314
2
0
0
0
0
1
649.8186,226.9538,33.6339,38.0382
638.4318,223.6197,43.4472,35.3197
637.4411,218.5900,46.4793,35.2690
639.6221,217.8831,46.4261,47.1683
636.5840,209.0085,51.0054,52.2882
636.5840,209.0085,51.0054,52.2882
653.3083,196.9228,51.8884,50.6280
653.3083,196.9228,51.8884,50.6280
653.3083,196.9228,51.8884,50.6280
2
0
0
0
0
1
2
0
0
0
0
1
2
0
0
0
0
1
2
0
0
0
0
1
702.2834,209.9753,32.3694,33.5154
2
0
0
0
0
1
686.8499,230.9118,33.6216,32.6130
694.5364,227.4841,32.9400,37.0561
694.5364,227.4841,32.9400,37.0561
694.5364,227.4841,32.9400,37.0561
2
0
0
0
0
1
2
0
0
0
0
1
691.1250,230.2500,32.5000,36.0625
691.1250,230.2500,32.5000,36.0625
704.2923,205.1370,32.0144,37.2744
704.2923,205.1370,32.0144,37.2744
2
0
0
0
0
1
692.3718,251.2284,32.1661,33.1344
2
0
0
0
0
1
2
0
0
0
0
1
2
0
0
0
0
1
684.1377,234.5772,38.0582,35.2995
679.9070,229.2550,36.8671,41.9680
679.2986,231.1798,38.8728,36.7286
677.2171,229.9132,31.9859,40.0601
2
0
0
0
0
1
666.4129,233.5649,31.2096,34.2332
662.8241,234.9546,38.5088,35.7745
660.2695,235.4879,42.1028,35.2290
654.0653,236.4568,50.9299,35.1725
652.7992,232.7811,54.6909,39.8174
