1
631.9119,658.6425,57.5074,27.4673
637.2672,652.3832,56.5905,28.2704
633.2946,651.2864,56.0558,28.9679
640.4208,644.3646,55.1299,30.1598
2
0
0
0
0
1
463.1151,633.5923,52.0523,25.5349
2
0
0
0
0
1
333.4470,499.1251,43.6263,41.0084
333.4470,499.1251,43.6263,41.0084
333.4470,499.1251,43.6263,41.0084
2
0
0
0
0
1
181.7524,607.6277,39.9028,35.1733
191.2510,626.8413,39.5945,35.7798
176.4628,623.3558,40.2985,35.0619
2
0
0
0
0
1
259.5276,772.8508,33.1028,45.1655
264.4220,783.4495,33.6910,44.6017
269.2137,803.8220,33.9287,44.1844
279.3432,793.9987,34.3051,43.6659
284.5333,798.7342,34.5749,43.4293
2
0
0
0
0
1
386.0892,841.5925,27.6688,48.5961
390.9139,861.3831,28.3881,48.3031
388.1058,877.2946,32.9951,44.5228
393.8344,877.6163,32.6042,45.1362
378.7865,892.1240,32.6286,45.4580
383.8289,902.5013,32.9128,45.7333
412.8335,882.7608,33.0741,45.6243
412.4174,892.2938,33.2938,45.3948
420.8889,888.5897,35.3115,43.8381
431.0696,878.7375,35.9283,44.0931
410.9010,898.1443,35.2376,44.8214
416.1230,893.2828,35.4982,44.6968
415.2390,903.0072,35.2859,45.2186
2
0
0
0
0
1
394.8951,878.4607,25.9423,45.6063
398.2346,892.0631,27.7847,43.6573
387.9077,900.2070,27.9354,43.9316
395.7198,892.5466,29.6956,41.9507
386.1296,892.5982,30.5156,41.2241
399.0936,893.7571,31.6760,39.6696
407.6552,898.0693,31.3760,40.1257
416.3110,893.3676,31.4337,40.4192
396.9454,870.6396,33.3920,39.9000
414.8275,885.1752,33.7777,39.1412
414.1719,890.0648,34.2007,39.0573
414.2692,894.2578,32.8210,40.8115
414.5683,889.5746,33.3828,40.4836
418.4379,898.5948,34.4417,39.7896
422.4900,903.4036,36.2458,38.2327
431.2580,898.7172,35.3319,39.0288
435.8262,897.8392,34.5593,40.0292
444.8563,889.5719,35.6395,38.8564
444.8563,889.5719,35.6395,38.8564
433.8886,885.9777,36.2111,37.9904
438.7796,890.5507,35.1487,39.6115
423.0439,881.7551,35.2307,39.4391
432.9901,891.3468,34.9520,39.7941
427.5992,886.6102,35.2603,39.3630
421.7438,882.0967,35.5972,39.1815
406.7851,881.7610,37.4869,37.4357
391.5634,887.4213,38.7610,36.4398
396.4036,887.2518,39.2054,36.0902
386.3250,892.0787,39.9051,35.3649
410.4775,900.6304,38.3366,37.8229
395.8505,886.7775,39.5485,37.0671
394.7321,886.5703,41.4085,36.0299
394.1767,887.2567,42.1273,35.3810
389.2812,886.3201,42.3609,35.6814
414.7125,890.5672,41.8076,36.5192
399.2711,885.5789,41.7448,36.4304
418.5779,895.3681,42.0444,36.4139
424.0125,899.5851,41.7210,36.6675
428.6411,900.8470,41.7593,36.3964
433.8089,905.6472,41.2990,37.3611
2
0
0
0
0
1
416.9907,891.0522,51.1269,25.7560
402.0920,887.4393,50.7467,25.9720
397.5246,888.3722,50.4172,26.2546
402.8705,883.9640,49.9033,26.4806
397.7793,884.5565,50.0859,26.4585
404.4167,878.8635,48.3447,28.2172
394.3719,874.6509,48.3254,28.2579
2
0
0
0
0
1
431.6601,880.4756,67.4282,27.0439
432.4102,879.8392,66.5974,28.0480
432.4102,879.8392,66.5974,28.0480
2
0
0
0
0
1
574.9427,851.8765,47.0806,25.9366
583.3030,864.2104,47.1749,26.6722
596.7938,868.3419,47.5184,26.7261
610.2956,872.6163,47.8992,26.5023
619.2401,873.1878,47.7633,26.6042
2
0
0
0
0
1
608.6242,857.1907,63.9037,23.2805
624.2610,841.7819,63.7382,23.4960
646.2203,841.2058,62.6587,24.3624
614.4502,819.0065,62.6711,24.6350
614.6563,813.7925,62.6359,25.2185
609.6085,809.4305,62.9727,25.3081
2
0
0
0
0
1
665.9489,829.5955,41.7576,35.5947
665.9151,829.3847,41.5405,35.4973
2
0
0
0
0
1
698.7712,787.1169,40.2081,34.7003
698.7958,783.2897,40.1924,34.5272
703.5504,788.2351,40.1514,34.6261
2
0
0
0
0
1
793.0170,678.8875,46.1067,33.5588
795.8130,674.4610,48.0079,31.7156
800.6969,675.4904,48.0392,31.6494
804.5689,675.8380,48.9133,30.7942
804.4368,676.8112,48.7754,30.7964
804.4368,676.8112,48.7754,30.7964
793.7330,691.7654,48.4302,31.4124
760.4006,700.0919,47.8442,32.0513
765.7650,694.7375,47.7435,32.2260
780.9947,714.9298,47.8428,32.1917
776.4097,729.3341,46.5856,33.4802
777.3359,733.5867,45.7975,34.2769
777.0093,738.1700,45.2595,35.0020
767.2856,736.9962,44.0294,35.7179
767.3348,731.8002,44.0452,35.9106
762.0638,730.9623,43.9525,35.6597
762.2597,750.6020,43.7313,36.0170
757.6906,755.7969,43.1013,36.5516
752.8799,760.2675,43.0066,36.6260
738.2980,770.0285,42.7660,36.8853
722.6276,774.4644,42.2284,37.2095
722.0208,780.6078,43.2253,36.5458
711.7618,780.8925,42.9568,37.3040
702.3748,744.9637,42.3453,38.1550
674.8124,762.8775,47.4611,34.7885
685.9529,757.8531,48.0853,35.0168
673.7045,764.8027,50.9232,32.2874
673.5211,769.8150,51.2815,32.0504
673.3297,769.1845,51.8514,31.4349
2
0
0
0
0
1
682.2333,754.8566,40.9128,37.0381
686.9948,760.0975,39.6575,38.6890
686.1895,759.8762,38.6525,39.8947
684.8395,755.9542,39.0713,39.1411
685.9967,761.1938,38.4398,40.3575
685.5513,757.3857,39.5513,39.1351
685.6920,747.4961,39.4462,39.2548
691.8668,742.1990,38.9105,40.1724
692.1085,741.6949,38.6202,40.8190
691.4721,747.2552,38.9907,40.2518
691.8395,742.4924,38.3632,41.0352
686.3853,752.7881,38.4335,41.0131
686.2875,752.3759,38.2448,41.3207
680.9845,752.3572,38.6805,40.9421
686.2816,752.8397,39.1097,40.6271
2
0
0
0
0
1
589.2230,662.2629,45.4132,31.3641
2
0
0
0
0
1
399.2307,656.8663,58.9244,25.2754
388.8450,649.6404,57.4437,26.8237
2
0
0
0
0
1
311.6620,809.8188,22.9254,58.0673
334.8855,830.3336,24.4149,57.5212
349.2414,830.7676,25.4595,56.9875
363.9137,836.2558,26.2057,56.5238
379.3654,846.1196,26.3554,56.7278
394.6652,847.6209,28.2097,55.0425
420.1815,848.6486,28.8519,54.1936
435.2239,853.1820,28.3680,54.7761
449.2250,858.5145,29.1260,54.0282
453.9913,873.8543,29.5567,53.4404
459.0792,873.8984,30.1879,53.0758
459.2980,863.0076,30.0331,53.3181
452.9016,878.7012,30.0662,53.4987
446.6861,878.2209,29.8787,53.7611
446.6861,878.2209,29.8787,53.7611
2
0
0
0
0
1
304.1627,822.1678,52.3326,25.0667
298.8024,821.5217,51.9529,25.5328
2
0
0
0
0
1
131.1297,664.3550,48.2205,29.1561
126.6275,660.3054,48.1475,28.9503
116.3957,656.7138,48.4528,28.7976
121.5927,651.3295,47.8821,29.4976
2
0
0
0
0
1
149.9962,666.2286,45.8569,31.9779
150.5992,665.7656,45.4026,32.4270
151.3170,660.1132,44.9449,33.0287
151.2146,649.7980,44.5461,33.5708
151.2146,649.7980,44.5461,33.5708
2
0
0
0
0
1
143.6259,483.4532,28.3738,63.6216
153.4293,473.5720,30.7650,61.4695
2
0
0
0
0
1
221.6636,317.3011,36.0382,36.1647
2
0
0
0
0
1
217.0226,308.1519,28.1027,52.2056
221.2015,296.8051,27.8402,52.9635
2
0
0
0
0
1
212.6306,315.1433,44.2716,43.2383
203.1465,324.4069,42.9128,45.0992
231.6248,325.2554,43.2191,44.4804
241.9290,325.3344,44.1182,43.9002
247.2259,314.6119,44.1800,43.4877
248.4994,310.1235,43.5026,44.1714
238.2475,320.7708,43.2631,44.3021
239.0177,326.0443,43.3054,44.1806
245.0193,320.2032,43.9931,43.5551
252.0800,318.7704,43.5355,44.1268
253.4836,312.9077,43.1912,44.5793
258.7351,306.4142,43.8017,44.1363
264.7054,300.5888,45.0571,42.9722
258.4375,310.5877,44.6327,43.3600
2
0
0
0
0
1
302.7878,245.2350,33.8492,42.6089
278.6207,211.1810,33.3419,43.8456
268.9738,220.5595,33.3883,44.3738
266.9948,212.0340,36.2789,42.0499
266.3207,212.8787,37.0210,41.6829
261.0686,218.1948,37.3869,41.5481
249.7365,239.0570,39.7606,40.1224
2
0
0
0
0
1
272.8198,225.3349,39.6563,36.6274
262.8241,225.5646,39.7833,36.6782
2
0
0
0
0
1
289.6619,234.8400,37.7408,42.1653
289.0316,238.7779,37.6209,42.4437
289.1403,248.5986,36.8987,43.4550
290.1034,248.6325,36.6703,44.0643
290.2531,248.8989,36.8776,44.2387
289.5019,258.8144,36.9325,43.9361
2
0
0
0
0
1
225.1702,271.3314,53.1865,26.4592
226.3103,260.8068,53.0770,26.6663
2
0
0
0
0
1
191.4344,322.5413,34.9724,37.9373
191.7143,326.9207,36.0110,37.5189
190.2891,332.7855,37.2429,36.6959
2
0
0
0
0
1
345.2706,194.8026,55.0910,26.4912
375.5842,184.4889,53.8957,27.3091
2
0
0
0
0
1
527.9549,264.3199,63.0613,24.7858
2
0
0
0
0
1
620.1061,191.7780,29.7058,50.7844
609.4655,210.2768,30.2809,51.4932
608.3098,214.2264,30.5057,51.4812
607.7651,218.2341,30.1511,52.1301
607.7651,218.2341,30.1511,52.1301
606.8808,218.2689,30.1960,52.0889
2
0
0
0
0
1
513.4903,177.7538,29.2467,59.8802
523.9224,167.6964,31.3198,59.0129
546.4315,156.1401,32.1700,58.4696
574.8608,178.9590,32.3707,58.8373
580.8604,173.5758,32.2847,59.1536
569.0424,167.6856,32.3981,59.1125
2
0
0
0
0
1
730.4078,333.3686,49.2770,28.4477
716.1127,328.6444,49.2346,28.3719
2
0
0
0
0
1
756.8127,552.5024,25.2919,59.0450
2
0
0
0
0
1
621.1736,587.5629,43.4878,44.1042
2
0
0
0
0
1
551.0696,356.0939,29.5653,44.6752
2
0
0
0
0
1
518.4568,156.5424,28.1024,49.8969
508.1891,162.5196,28.2934,49.8238
492.1740,163.3562,30.1633,48.0716
472.2542,152.9562,30.2077,48.5735
485.5981,177.5022,31.5609,47.8835
446.9057,179.1539,38.1082,42.9345
445.9857,193.2143,38.0318,43.4102
2
0
0
0
0
1
266.6672,248.3228,52.1516,26.9052
2
0
0
0
0
1
253.2838,539.0943,25.9099,55.4254
242.8414,544.7827,26.5220,54.7715
252.9491,544.8574,26.7409,54.5486
2
0
0
0
0
1
154.2693,657.8904,36.6408,42.4215
143.3236,657.3419,36.8219,42.2625
148.5706,672.4646,36.8845,42.6234
142.9045,676.9951,37.0053,42.8314
137.6657,676.6548,37.2347,42.7224
148.3643,691.6105,36.8860,43.9819
143.2246,691.1909,36.6398,44.3340
158.1493,685.8611,37.0468,44.6310
183.2824,721.9101,36.5653,45.7437
198.7347,736.8748,36.1816,46.2739
224.2750,741.7354,35.7992,47.0006
239.0041,762.7245,36.2910,46.3757
243.3157,778.3366,35.6122,47.0553
252.8655,788.8114,35.5304,47.0718
273.1080,793.9810,34.8856,48.0803
293.7163,794.3860,34.7215,48.3618
2
0
0
0
0
1
434.1934,756.2737,56.3823,23.2997
429.3779,755.5136,55.8741,23.8458
2
0
0
0
0
1
542.9193,848.3178,50.6243,28.1716
542.0823,852.3440,50.8324,28.1727
546.5971,846.7007,51.0337,28.2310
562.2924,845.0225,48.9713,29.3756
572.9035,839.8045,48.6680,29.7861
576.9296,844.4832,50.1431,28.2869
2
0
0
0
0
1
562.2285,808.7075,42.6666,32.3087
561.9286,799.2848,42.7008,32.2310
566.7269,794.2604,42.3680,32.6702
2
0
0
0
0
1
616.9837,810.0680,48.0354,34.6228
2
0
0
0
0
1
2
0
0
0
0
1
2
0
0
0
0
1
645.3433,801.8078,51.5359,29.9952
645.4818,811.8661,50.6926,30.6702
640.0818,817.4232,50.2026,31.2002
2
0
0
0
0
1
657.5192,782.4493,57.7102,29.7646
670.0366,769.9507,54.0681,33.4448
680.0281,780.3324,55.1172,32.5756
685.1816,764.0334,54.9323,32.3673
701.2722,747.7532,55.5421,32.6415
708.9485,734.2347,51.7222,35.9684
693.4990,751.0601,52.3645,35.8571
693.4255,738.9904,52.1183,35.9941
710.1249,739.7490,52.3871,35.6262
710.2455,745.0820,53.1332,34.7429
714.3893,745.5623,55.0267,33.4194
713.9429,750.9459,54.8241,33.6663
714.2064,749.8997,55.0758,33.6467
720.8416,760.7370,54.0643,34.6307
727.0894,753.6730,53.7781,34.9386
