1
2
0
0
0
0
1
374.1473,36.8704,43.1220,49.0347
2
0
0
0
0
1
357.6965,48.0963,37.2067,48.5737
2
0
0
0
0
1
321.0426,22.3293,37.9141,40.1370
343.5010,8.7239,41.8708,37.6066
353.7146,3.6430,42.2794,37.7162
2
0
0
0
0
1
333.2152,19.1032,41.5662,49.6125
2
0
0
0
0
1
385.7049,87.9537,39.7744,34.6652
2
0
0
0
0
1
408.4671,41.9835,52.3052,58.8221
360.9217,38.5699,48.2895,66.2386
358.8831,89.0171,47.6485,66.9575
2
0
0
0
0
1
302.1013,25.4420,48.8088,53.7312
303.3887,57.8977,48.7990,53.9882
297.8798,83.9726,48.1403,54.5706
2
0
0
0
0
1
336.2423,43.6149,48.8198,72.3378
2
0
0
0
0
1
331.3380,6.8437,56.9603,74.5631
261.1231,43.5510,60.6143,71.2289
2
0
0
0
0
1
2
0
0
0
0
1
352.1177,178.9629,76.6172,84.1006
354.1108,167.8796,75.9348,85.3559
2
0
0
0
0
1
175.7645,0.0000,99.4466,112.6574
149.7408,22.5096,92.2749,122.5400
150.6696,17.9410,90.0420,129.8170
2
0
0
0
0
1
