1
274.8267,163.5131,71.5194,185.4342
277.7911,150.3648,66.1536,199.8899
270.9687,148.0837,73.9327,201.6751
281.5654,146.2130,64.3316,205.1642
290.4099,133.8590,57.3023,217.4084
275.3054,130.9895,69.9753,221.0105
258.8829,113.4036,87.2361,237.2323
263.4029,84.5408,94.1820,263.3666
249.9825,185.3245,232.5146,166.6755
250.3468,55.8210,109.6606,296.1790
273.3537,141.2614,91.5758,208.6308
194.6028,155.9185,150.7636,187.2458
2
0
0
0
0
1
268.3995,120.8181,78.0427,216.4947
271.4495,132.2055,74.3776,214.1119
2
0
0
0
0
1
224.7802,125.6436,80.8410,195.9704
2
0
0
0
0
1
2
0
0
0
0
1
2
0
0
0
0
1
259.2458,128.4062,115.0384,177.3263
2
0
0
0
0
1
2
0
0
0
0
1
2
0
0
0
0
1
2
0
0
0
0
1
259.1491,168.6569,101.7655,131.6710
2
0
0
0
0
1
248.7304,150.2343,125.4943,141.7051
2
0
0
0
0
1
278.0768,215.2114,193.7025,107.2274
2
0
0
0
0
1
274.3467,151.7324,118.1663,137.9547
2
0
0
0
0
1
323.4963,188.7580,85.8144,106.3101
381.2684,229.3031,108.7786,59.9672
334.8958,176.3748,70.4630,116.3480
2
0
0
0
0
1
314.1645,48.7975,113.4146,128.4233
2
0
0
0
0
1
2
0
0
0
0
1
2
0
0
0
0
1
223.4054,173.6064,154.0658,132.1136
2
0
0
0
0
1
2
0
0
0
0
1
2
0
0
0
0
1
2
0
0
0
0
1
206.8824,180.5756,169.5743,147.2856
2
0
0
0
0
1
2
0
0
0
0
1
2
0
0
0
0
1
2
0
0
0
0
1
251.2751,156.6425,129.9829,150.1482
2
0
0
0
0
1
2
0
0
0
0
1
2
0
0
0
0
1
288.4372,123.2322,87.2497,189.1083
216.5360,209.8542,90.1460,104.5754
195.6097,221.0846,109.7183,95.8334
209.0587,218.8923,103.0277,94.4418
2
0
0
0
0
1
261.1524,127.2328,96.6175,186.5891
272.3312,96.4822,82.1753,220.4971
242.0689,130.3778,89.8796,181.0766
255.0412,128.0589,81.6600,186.0767
236.0837,134.4248,89.3343,182.8074
240.1256,132.5920,80.1771,180.1076
245.0452,141.5056,89.1279,174.6239
252.6584,106.9310,83.2815,203.8768
313.7617,231.2708,130.4560,79.8223
2
0
0
0
0
1
315.4847,204.7112,124.3784,101.1809
284.9277,137.5803,72.4520,170.2396
324.0406,209.5382,112.8949,99.8266
294.6520,126.6992,74.3914,179.9057
254.1469,124.7636,125.3336,184.8710
236.8339,100.1598,135.2721,208.8163
252.9922,68.2003,135.1324,235.0590
326.8078,4.2276,135.6128,310.0602
2
0
0
0
0
1
2
0
0
0
0
1
357.0045,150.5466,73.9987,174.4308
384.6814,221.6666,75.1911,102.6858
382.8246,240.1894,63.0346,85.1316
379.5619,274.5096,54.3773,53.6408
379.3842,287.5210,36.2340,42.8677
379.5206,288.7912,27.5573,38.8375
412.7000,242.5625,28.2130,72.1645
410.7420,250.9114,26.7790,65.4047
376.9599,291.9191,27.7697,34.5311
380.8469,294.6005,23.6444,30.6829
384.9279,283.3636,20.2693,41.1833
408.5303,256.0286,21.0042,60.8527
397.2881,295.7154,30.1297,25.2847
387.3861,253.8472,18.8794,47.8819
418.1086,255.9882,20.1675,61.6374
436.1011,248.7514,24.6033,58.4544
451.2845,269.9841,53.6763,48.8016
452.7372,265.0951,50.5380,55.0212
454.7997,271.8908,44.5674,48.3650
2
0
0
0
0
1
312.9578,121.3711,135.6668,189.0551
2
0
0
0
0
1
352.3181,179.7003,69.7526,141.2592
339.9702,202.2298,63.4366,116.3970
2
0
0
0
0
1
2
0
0
0
0
1
2
0
0
0
0
1
2
0
0
0
0
1
2
0
0
0
0
1
2
0
0
0
0
1
2
0
0
0
0
1
2
0
0
0
0
1
2
0
0
0
0
1
245.1094,236.8219,176.6460,106.8631
247.3562,85.4389,98.2134,249.6851
241.2920,89.8546,103.2164,253.6525
2
0
0
0
0
1
227.8502,62.1435,114.5322,289.8565
259.6352,47.9242,81.2782,300.9393
2
0
0
0
0
1
287.5745,57.8580,73.7236,288.2026
2
0
0
0
0
1
256.4238,93.6188,156.8735,253.5015
249.6601,83.6543,152.8843,265.5454
272.1213,81.8964,150.7258,268.8112
276.0415,101.5345,137.4143,247.0381
232.8661,70.7136,177.3193,271.6271
317.6707,49.7575,130.6032,299.7252
2
0
0
0
0
1
259.1977,83.6885,132.9216,268.3115
