1
134.7125,448.3827,24.5954,60.2346
2
0
0
0
0
1
155.0794,580.4330,21.3173,64.6980
159.6302,559.6480,21.9207,64.8472
154.1142,554.6243,22.3585,64.4351
148.3532,577.3593,24.0212,62.6235
153.9826,583.6909,25.1061,62.2302
149.6462,578.3460,25.6393,61.6462
142.6190,583.9557,26.5121,60.8817
145.8499,584.7977,28.7506,58.6781
146.9923,591.8263,29.3069,58.2650
146.5386,591.8119,29.7901,57.6885
143.5497,592.7068,32.5066,55.2823
166.4630,619.8820,32.3219,56.3668
159.7823,647.9459,33.7416,55.7603
147.1384,647.9492,34.3092,55.6637
157.1099,666.3100,37.6584,53.1793
162.6826,681.9776,35.8796,57.4230
162.6826,681.9776,35.8796,57.4230
2
0
0
0
0
1
404.6972,857.6911,46.1284,30.8964
409.1586,881.5549,45.6118,31.7683
424.6035,885.2708,43.8585,33.5389
424.0672,890.5448,43.5740,33.8099
428.4982,890.8841,43.4440,33.9760
434.2831,885.3220,43.1718,34.2266
2
0
0
0
0
1
582.5912,787.4495,30.0098,45.6226
577.6079,792.4946,30.9639,44.8923
581.7644,787.8918,31.3484,44.4775
564.1233,746.9547,28.5850,49.8204
562.5718,758.3951,31.6346,45.2208
572.2522,767.1924,31.8483,45.3333
571.1443,766.6810,32.8160,44.4243
567.0706,771.1856,32.9423,44.5110
567.3592,770.8107,33.1932,44.3630
567.2523,765.4285,33.4113,44.2046
566.2657,769.6512,33.8109,44.0193
571.4200,748.4777,31.7441,47.4673
572.6799,746.9976,27.4987,52.0103
578.1818,746.0918,26.8755,54.2332
573.5168,739.1438,24.3304,58.3843
572.4586,734.3674,25.2024,58.1595
571.9423,728.5564,24.0439,60.7847
576.4425,738.4742,25.3379,59.8173
571.9442,732.4027,25.8168,59.9556
570.5529,737.1810,26.9104,58.4574
565.2469,747.9232,27.9561,58.3807
564.2346,747.6683,28.7858,57.7314
569.3293,743.9619,31.2957,55.6372
563.0389,749.6560,32.9637,54.1951
568.2565,749.1412,33.0338,54.3179
571.7023,748.7045,34.2191,53.1519
571.0469,742.5691,34.4240,53.0570
564.1387,749.0697,36.9213,50.8298
558.3844,743.6732,37.5057,50.2397
552.6215,744.9526,39.7793,47.8674
562.2352,750.4624,41.6951,46.2688
557.4340,749.4300,41.6829,46.1371
536.0258,759.3742,40.7927,47.3389
551.7395,753.8650,40.7299,47.2758
552.7079,747.6716,40.3732,47.9303
552.7079,747.6716,40.3732,47.9303
551.7297,741.7292,40.6859,47.7356
551.7297,741.7292,40.6859,47.7356
541.3871,736.0243,40.9462,47.7754
535.6230,729.8562,40.9885,47.6387
2
0
0
0
0
1
612.7716,592.7715,50.0911,29.4446
2
0
0
0
0
1
730.0693,712.7358,31.3633,41.3680
738.7457,721.3043,31.1711,41.3756
737.9690,726.2506,31.1501,40.8595
741.9175,740.5764,31.6340,40.3196
741.9308,749.3303,31.4329,40.5768
2
0
0
0
0
1
618.9071,802.0837,41.1379,41.5022
613.3365,801.1718,41.0547,41.5554
608.7129,800.3545,40.8462,41.8192
609.1683,810.7770,41.2211,41.5004
608.5268,799.8211,41.8112,41.0172
624.0775,805.3397,42.0992,40.8263
613.3412,826.1132,42.3651,40.6965
2
0
0
0
0
1
478.3301,865.8327,40.0418,39.2195
464.5671,875.0305,38.4573,41.1842
2
0
0
0
0
1
390.4467,842.7207,51.4662,23.5474
2
0
0
0
0
1
320.5075,772.6906,40.2814,33.2582
324.6440,777.7631,40.4646,33.1786
320.0253,783.5356,41.0401,32.6770
2
0
0
0
0
1
453.1478,723.1122,67.4800,20.6104
463.9647,734.1564,66.7721,20.9895
2
0
0
0
0
1
366.8358,465.3636,40.5611,35.3665
363.6703,464.3929,39.8306,36.4197
2
0
0
0
0
1
249.5244,280.3795,32.2535,44.6440
263.7892,274.9441,32.2071,44.3331
263.6828,276.0255,33.0431,43.3876
263.4305,276.0769,33.8393,42.6512
263.1686,280.7360,34.2393,42.9125
2
0
0
0
0
1
320.3006,232.7501,29.3107,56.2195
308.6823,238.4817,29.5397,56.3208
308.4743,238.7542,29.7086,56.1613
2
0
0
0
0
1
230.1077,314.3040,37.5541,40.2695
219.8708,319.3447,37.2048,40.9578
215.4233,314.0762,36.9609,41.3849
2
0
0
0
0
1
191.4220,518.5203,47.6662,28.8495
2
0
0
0
0
1
122.4544,510.2289,50.8690,30.3916
112.1423,506.1230,51.0323,30.4385
88.0635,530.5485,48.4621,32.9437
140.4092,511.7757,53.3387,31.4638
150.4552,527.1779,53.0167,31.8027
160.1941,525.9977,52.8024,32.1241
160.1941,525.9977,52.8024,32.1241
164.3117,519.6379,52.6370,32.5549
169.2079,519.2468,52.1440,33.0186
169.2079,519.2468,52.1440,33.0186
169.2079,519.2468,52.1440,33.0186
168.7626,507.8383,51.7116,33.3588
158.2093,502.1778,51.0312,34.0340
152.4100,497.3001,51.1929,34.0345
150.9391,513.4454,51.3260,34.0085
155.4555,513.4682,51.5955,33.8540
160.0458,514.3859,51.5948,33.8685
159.2716,515.4014,51.1506,34.0511
153.8912,499.4630,50.7774,34.2469
2
0
0
0
0
1
172.1521,490.5778,24.6692,58.6714
172.1044,486.4490,25.9235,57.6178
2
0
0
0
0
1
169.7980,521.4803,33.0340,40.4979
158.9226,526.8916,34.9201,39.0657
2
0
0
0
0
1
183.6628,587.2490,31.9648,52.0525
2
0
0
0
0
1
176.5329,630.5851,29.3965,47.9469
175.7595,621.0291,29.5932,47.7568
174.3113,617.1832,30.5441,46.1902
173.8328,611.7161,30.1196,46.8212
164.8448,602.7242,29.9663,47.0327
164.5988,588.6895,30.2098,46.8929
164.6094,588.5195,30.2351,46.8831
164.1467,588.8703,30.3906,46.7509
163.3839,588.9899,30.4420,46.6979
2
0
0
0
0
1
157.0892,654.1026,33.8822,47.9470
152.0100,669.8544,36.4191,46.1212
150.6687,701.1456,36.9196,45.3912
2
0
0
0
0
1
193.0523,647.7811,32.6160,47.6312
199.3174,653.0233,32.6502,47.7784
204.4221,658.4752,33.0816,47.1118
208.0008,658.7689,33.4250,46.7869
218.1491,613.7207,33.7379,46.2250
187.6254,646.3621,42.6522,40.0430
197.4341,658.2027,43.0726,39.7917
176.1139,647.9713,42.5174,40.0969
171.0024,653.4044,41.3868,41.6898
2
0
0
0
0
1
2
0
0
0
0
1
366.4605,772.0702,38.9418,37.4855
355.4934,773.6057,39.4647,36.5383
355.3290,763.3900,38.4900,37.8949
365.0106,758.5141,37.8259,38.8070
364.4066,762.8973,37.9936,38.6959
2
0
0
0
0
1
445.9510,726.6507,42.4696,34.5769
466.2462,716.6335,40.8012,35.3984
461.0503,725.1377,40.2753,35.2601
460.1903,725.0809,40.5991,35.0812
2
0
0
0
0
1
591.1180,807.1502,28.4030,48.9645
585.7507,808.7267,29.6550,47.8979
590.5926,808.7017,29.6525,47.9257
2
0
0
0
0
1
333.0302,825.7640,55.7497,23.8491
328.3865,820.4455,54.9881,25.0574
2
0
0
0
