1
614.2367,218.2882,44.5107,36.5645
635.0539,216.9651,42.4630,38.6597
630.0953,220.2995,41.6682,39.7187
629.5264,218.7871,40.9446,40.6032
624.9512,213.5753,40.9213,40.6682
624.1958,213.5280,41.1759,40.5811
628.7693,213.1593,40.3846,41.5725
581.2308,196.2109,39.7538,41.8511
559.8030,190.0565,40.0774,41.7569
558.3348,152.8562,39.6227,42.5760
562.8235,152.6276,40.6942,41.5898
575.6799,192.7337,38.8774,42.6782
559.5443,181.9140,40.2603,42.0622
554.7585,149.7849,37.5638,42.8049
2
0
0
0
0
1
574.7322,187.5314,26.4512,41.4276
574.6940,185.9562,25.7073,44.1290
574.7319,184.6894,24.7720,45.7808
570.0338,192.0285,23.9958,47.4150
565.5358,196.2256,25.8375,46.1508
566.3892,199.7378,25.1266,47.4276
567.0063,202.8459,24.5956,48.5788
566.6960,197.3984,25.0829,48.2685
566.5487,196.1793,25.4369,48.6866
566.6810,199.2040,25.4539,49.6083
564.5421,180.8672,27.1591,47.6841
563.9412,189.8091,27.4945,47.6331
560.6099,198.2867,26.3552,49.6035
561.8486,180.5056,26.0513,47.8567
562.1435,163.3341,27.2394,45.8908
567.2844,194.5164,26.3975,46.5364
571.6134,203.0517,26.0083,46.9824
545.9210,175.4447,31.1183,40.0003
538.6701,159.3744,28.3450,42.1984
535.5717,141.0019,27.2379,43.3527
2
0
0
0
0
1
553.9372,191.3381,41.9050,45.7332
540.0483,172.9900,45.4738,40.5565
539.5486,179.0946,45.6829,40.2258
539.3766,174.7249,46.0220,39.4186
539.5992,170.6765,46.5002,38.2537
536.7106,163.4278,44.4348,40.0532
547.4283,141.9703,43.4381,41.3607
562.4982,145.4314,42.1283,42.4548
2
0
0
0
0
1
554.5570,185.7013,40.7550,43.2686
580.7831,191.5775,41.5171,42.1829
573.7593,183.4750,45.7238,38.4077
578.5466,184.8771,47.0190,36.5318
583.4468,186.1241,47.1195,35.8365
588.8467,196.4644,45.6437,36.6589
593.5370,186.9638,45.1122,36.3717
597.3020,192.5741,45.5752,35.7863
601.2119,192.7535,45.9493,35.2183
600.8961,182.7327,44.3967,36.2605
600.8281,182.9888,43.4283,36.7410
605.4333,182.1324,41.5758,37.7594
600.1713,183.0940,42.0854,37.3807
604.0013,184.7228,42.1135,36.5267
608.5433,185.1759,41.6002,36.6700
608.0914,186.2582,41.5363,36.1652
616.8502,192.7673,42.0673,35.1560
616.2970,188.3905,41.6207,34.8920
616.4459,188.5979,41.0032,35.0676
617.7537,188.8048,40.4402,35.3172
617.8372,189.8497,40.7742,34.7423
625.0064,183.7747,38.4165,37.2629
625.3463,189.2263,38.3232,36.8376
629.1533,189.7832,38.1898,36.5981
628.4297,190.2554,38.1898,36.2254
634.0981,187.8916,36.3790,37.8806
635.2808,181.9276,35.1383,39.8554
639.8398,185.6626,34.1666,40.6632
638.8230,191.5991,34.5946,39.6959
646.9058,197.3647,35.9043,38.0438
655.8311,197.4336,38.1781,36.5035
660.6405,169.6079,38.1979,36.5797
2
0
0
0
0
1
585.7748,202.6670,56.2509,49.3515
606.5322,214.9467,55.5991,49.4445
618.4947,197.8602,57.8180,47.1433
613.7033,204.5524,58.4419,47.3976
598.9352,212.1799,62.9460,44.6039
585.7032,212.3366,62.6276,44.7624
2
0
0
0
0
1
620.9086,223.3888,34.7086,43.7920
617.0126,227.3905,33.8761,44.8808
621.3555,221.8996,33.3574,45.4780
616.1234,224.8787,31.4910,48.1012
614.6194,219.3561,31.9929,47.6414
614.2180,213.7317,30.8905,48.3854
608.5341,212.9675,29.8391,49.6878
608.0254,217.0103,29.3276,50.5090
606.9504,216.3909,28.8059,51.2486
595.3195,201.5367,30.2358,50.8261
600.0256,196.5928,31.8595,48.9240
600.4035,211.7181,31.3719,49.1156
605.1171,201.2037,32.5953,48.3370
595.3754,220.7334,31.0979,50.0610
595.7322,219.7214,29.9812,51.7499
595.2605,219.1767,29.5054,52.2677
589.4181,223.2127,29.0079,53.0686
588.2795,216.6905,28.3674,54.2819
587.5942,220.6728,28.1667,54.7239
578.3699,215.7154,27.9130,55.2104
572.4520,230.8723,27.9252,55.3011
2
0
0
0
0
1
561.3514,213.2752,44.2589,49.4195
565.3649,213.5853,46.5928,46.8701
571.6146,218.2723,46.4109,47.1256
572.6018,222.8064,45.4333,48.4051
570.6856,195.6328,50.7404,43.9678
578.1956,195.3259,48.2947,44.3150
571.1730,179.3106,49.6766,42.9559
576.4707,173.2309,49.6133,43.8030
558.4080,160.7176,47.8495,46.1595
2
0
0
0
0
1
563.5189,214.0527,45.6798,57.7732
555.4968,186.9842,45.0431,58.7355
549.9474,166.5441,44.9012,59.4381
2
0
0
0
0
1
591.5231,184.2563,56.9551,50.1356
591.6988,185.8802,60.2295,46.9485
611.7534,177.5808,57.8513,49.0777
604.9988,191.9424,58.7826,48.3083
650.0450,172.5276,60.7614,46.6650
601.3748,199.2628,64.0544,46.7104
628.7258,170.9604,63.4417,47.8943
601.6890,198.2355,64.2770,46.6936
603.0611,199.0267,64.5804,44.8584
598.6172,210.2175,62.1033,47.9178
593.7374,214.8008,60.0393,50.1283
588.6340,220.0223,58.5308,52.1382
2
0
0
0
0
1
610.1164,184.8438,56.8226,47.7322
616.0835,187.1858,58.6219,45.6623
622.6328,182.0932,58.4749,45.0666
622.0043,190.9669,58.3363,43.0670
617.4721,177.3272,57.5410,44.2627
623.0269,185.2883,57.7500,43.2776
623.0638,177.9729,55.2146,44.9887
606.6303,201.5744,51.7025,45.9765
613.4600,175.0190,48.6989,50.0973
2
0
0
0
0
1
611.8934,205.7861,32.9744,47.8114
616.1229,209.6523,31.9769,49.1470
614.9951,214.0200,31.2626,50.0564
614.2792,207.7574,30.4916,50.9784
612.8850,212.2929,29.8625,51.4449
611.9407,215.1518,28.5317,53.6289
612.3210,218.2791,27.7305,55.5430
611.4122,222.9808,27.6420,55.7802
610.3676,221.8560,27.3813,56.3720
610.4341,221.0860,27.3070,56.7474
611.5331,214.7694,26.8291,57.6439
611.5413,208.4611,26.5822,57.9898
610.2687,213.2639,26.5132,57.9585
608.7321,212.0559,26.1787,58.5631
608.2294,221.5461,26.2194,58.8656
607.4452,220.6187,26.1418,59.2064
606.2377,220.3636,26.7632,58.7267
605.0405,219.6121,26.6873,58.9849
604.1937,218.3608,26.5454,59.2836
593.8364,192.6222,29.1667,55.4022
597.0248,188.8844,30.9479,52.9108
598.0521,203.5449,29.5664,55.4580
597.7795,201.1532,27.9708,58.6675
602.5648,200.0189,27.6332,59.0910
599.7200,190.5139,30.7393,55.6781
582.1380,181.5543,34.4626,51.3865
560.7738,175.6006,32.9325,52.3849
561.7882,164.5705,33.3914,52.1609
555.8569,168.7542,31.8387,52.6585
554.5375,174.3375,32.3901,51.2030
563.3972,149.1785,34.0674,49.7084
2
0
0
0
0
1
567.8900,213.8405,62.6261,48.6261
570.7808,203.4196,58.0052,55.0448
545.9598,192.4673,61.9569,51.1144
539.8120,192.9061,62.7543,50.2764
533.9853,186.1076,62.7531,50.6907
531.3917,202.6587,66.5504,47.4846
529.7512,197.1360,68.1935,45.4348
520.6362,190.7934,68.3674,46.4102
526.4091,199.7171,69.8584,44.7113
511.4874,208.2899,72.1254,41.8969
526.0267,207.0230,68.5356,45.3726
503.9624,202.5814,70.2165,43.4350
503.8359,203.8203,70.4852,42.9460
496.7287,196.2843,68.2708,45.4820
484.5477,186.0474,64.8412,49.1081
490.6109,192.7631,64.4767,50.6400
495.9729,208.5492,66.5573,48.8779
480.7605,194.0258,65.1764,50.3659
473.1476,194.9570,64.6738,49.6647
471.4640,196.6445,65.2735,49.3718
470.8819,211.6630,66.3299,47.4873
469.2314,213.0923,66.9538,46.3145
456.1033,206.3746,67.1992,46.2509
456.2852,213.6138,68.7470,44.4084
449.3744,215.1461,70.1399,41.8335
439.0646,198.9333,66.2990,45.2885
446.0555,170.2925,63.7354,46.9546
460.8147,170.8194,63.2046,47.0765
2
0
0
0
0
1
440.5063,229.9600,41.4372,60.3671
438.9774,218.8045,41.6101,58.9511
439.4334,204.9775,43.1607,57.9446
2
0
0
0
0
1
436.3788,232.2866,39.1500,49.6313
435.4366,219.7852,40.3405,50.0956
438.8346,220.9205,43.0257,47.7133
437.4168,228.5296,45.3649,45.6645
430.1647,227.6316,45.2653,46.6614
421.7982,214.3003,41.9479,49.5222
421.4313,209.2398,41.9909,49.0703
426.2975,197.0187,42.4049,49.0961
2
0
0
0
0
1
414.4698,235.9445,66.1930,47.7810
401.4237,229.3573,65.1274,47.5582
395.8884,222.0585,64.0042,48.2940
402.6447,214.4173,63.4707,48.9537
402.0904,197.7800,61.6159,51.2162
417.5892,188.8018,58.6493,53.5187
417.8315,194.9611,56.2236,55.9355
417.5500,186.4855,54.8760,57.5573
2
0
0
0
0
1
422.7829,250.1494,48.3192,39.7625
417.6339,269.2365,45.0231,45.1463
416.8089,267.9655,44.8503,45.8253
416.6755,246.4045,44.8012,44.6964
415.5619,264.0703,45.4894,44.9666
420.0579,245.6665,44.7285,46.2598
436.7585,227.5599,44.6926,46.7394
2
0
0
0
0
1
421.7351,257.4406,54.4413,42.1567
428.3527,263.5340,52.8326,43.2075
434.3203,268.8458,51.0791,44.7227
434.6785,272.7171,47.7527,48.4478
434.1918,271.2750,46.3124,50.3138
445.6167,246.9038,46.4558,50.5246
444.5179,254.2737,47.8787,48.3399
468.4333,243.0769,48.1689,47.0232
474.1604,243.7401,48.7497,45.3558
474.6880,237.4086,49.0934,44.9699
486.5865,242.0697,46.5743,47.3675
424.8126,255.0079,49.6296,43.4081
436.0505,260.7336,48.3660,43.7352
436.1981,265.8761,46.1209,44.3127
442.0700,265.0979,44.5698,45.4344
448.0769,270.1639,42.3843,47.0782
453.5505,273.8544,41.0009,49.0153
458.4968,272.6349,39.1392,51.1082
459.0878,283.8759,39.4984,50.5635
459.2882,282.2883,38.5604,52.2936
458.7776,293.7786,38.5706,52.1208
2
0
0
0
0
1
478.8386,245.3443,25.0227,37.7647
483.1443,241.7639,25.2971,37.0667
485.7168,243.6825,27.5453,34.0253
486.5000,232.0498,28.1961,33.4821
486.9172,236.4978,28.6215,33.0840
487.1383,240.1356,29.0136,32.6861
496.2169,242.5698,27.9417,33.5607
510.8219,256.8142,27.2255,34.2324
507.6983,240.7386,25.4046,36.2455
510.6379,235.0115,26.8620,32.6124
513.8403,235.2723,27.3104,32.0438
520.7112,223.7338,27.5874,32.1055
517.5585,234.7124,25.6077,32.8341
525.3501,231.2935,25.7782,32.5017
528.7082,229.4346,26.4922,30.0323
532.7269,221.8635,26.4365,30.0821
536.1496,222.8349,26.4888,29.2242
533.1503,228.4618,25.5386,29.8826
533.4515,224.8085,25.5088,29.8206
544.4601,221.9983,25.3629,29.0825
544.2140,222.3672,25.4883,28.1315
541.8081,219.2204,25.2072,27.6599
536.6063,214.8411,22.2776,29.9454
535.9691,205.5123,22.7249,28.8437
533.5625,198.2922,21.8766,29.0444
2
0
0
0
0
1
540.3643,199.0563,55.9366,43.1658
538.6382,192.4055,57.5415,42.1382
537.9260,192.4155,57.1414,43.1278
543.2795,194.4768,58.7225,40.9645
555.5814,206.8516,57.5267,41.6955
556.1407,205.1187,55.1880,43.0077
542.3192,188.3643,57.8800,39.3583
559.8595,205.5363,55.7505,40.9774
565.2839,205.3770,55.3944,40.9774
572.3472,214.8332,50.8396,45.8924
573.5911,218.3757,48.3969,48.9959
573.8205,216.8563,47.6725,49.9538
573.9350,209.8462,46.0398,51.7112
573.4245,203.0806,45.6329,52.0802
573.3811,196.0220,45.3229,52.1091
576.4444,190.9971,48.6527,49.4657
569.2264,190.3183,48.8597,48.9738
569.1815,189.8925,48.4226,49.1042
568.8188,189.0772,48.3281,49.0131
567.7268,183.0221,49.7290,46.6681
547.7358,161.5640,52.9861,44.2117
558.3849,169.6191,54.8517,40.6490
559.6891,178.9223,51.4442,43.5879
555.4331,189.0750,50.0129,45.9655
555.6096,171.0023,48.4298,46.5890
544.7353,169.8106,46.2223,48.3126
543.6552,146.8128,46.2493,46.9366
543.4017,128.9148,46.4891,46.7759
2
0
0
0
0
1
557.3710,154.3443,26.4109,43.8439
552.7946,153.5359,24.9642,44.8810
548.7872,144.2069,24.1559,45.4327
2
0
0
0
0
1
566.9069,156.4711,24.7849,56.6850
561.6574,142.6367,27.5645,53.5581
562.3376,138.8251,27.8816,51.5804
558.7971,138.8381,28.3723,50.9563
559.3512,134.0454,29.0070,49.7440
559.7461,138.5580,29.4144,49.3785
555.9555,138.1378,28.6635,50.4161
566.5786,145.4000,26.0801,55.2709
560.6197,158.4796,25.4967,58.4966
560.5226,156.8383,24.7539,62.4710
565.1401,156.2623,25.0859,63.1112
560.1114,135.4031,25.8969,62.1657
559.1890,151.0412,25.1355,63.2374
564.0356,161.0060,24.9850,63.3486
564.2438,133.4565,23.3817,64.2290
567.8326,133.1852,24.3943,62.8429
558.3484,134.0938,25.1609,61.5841
556.9233,133.8719,25.1198,61.9819
563.8348,137.4227,24.0430,64.6674
557.6229,131.7272,23.2841,65.2684
556.8649,128.5408,23.9634,61.6533
566.3373,138.6416,23.4247,62.1274
570.2794,143.0175,24.1938,61.4059
569.2726,141.7803,24.2201,61.5060
568.2966,141.1697,24.2501,61.2167
567.5740,140.8959,24.3387,60.7098
565.9776,141.3774,24.5641,60.0144
561.0359,140.7265,25.1987,59.0029
564.6636,140.0854,26.1715,58.0225
563.7245,144.9454,25.9353,58.2991
562.9742,144.4866,25.6154,58.1787
558.7891,149.3016,25.7329,59.2137
559.1025,143.3484,25.7365,58.9546
559.2087,147.4321,25.6179,59.4959
559.5239,146.0690,25.6714,60.1947
559.1835,149.9190,25.2009,62.1263
558.3433,144.1214,25.0432,62.6079
558.1836,144.2713,25.2616,62.4520
557.3923,143.7182,25.3176,62.8967
557.7092,143.0023,26.1919,62.7160
557.1166,142.4942,25.9552,61.9070
556.6201,141.9230,26.1520,61.7615
556.9506,147.2808,25.8129,63.3144
556.2734,141.0059,25.6976,63.1046
555.8616,140.2220,26.2654,63.4994
559.7875,134.4329,26.2755,63.0381
555.8838,144.3297,25.5493,64.7891
551.1544,138.1698,25.0717,64.7686
549.4562,136.8970,25.7345,65.8622
548.7029,131.1511,25.9310,65.6132
551.4524,126.6379,28.3215,61.9452
549.8686,127.2126,30.5436,59.7438
545.0598,127.0836,28.9393,58.0929
550.1996,130.6271,28.2424,60.7036
545.7932,129.7880,25.5383,62.7531
546.1257,124.8751,26.3152,59.8365
545.8397,125.0334,26.5852,58.4371
544.4006,125.6973,26.5454,57.5149
544.7205,124.7213,25.8654,58.1924
545.6750,124.5055,25.8684,57.8360
544.1445,124.5169,25.3545,57.6867
548.1722,124.5969,27.3447,55.5605
544.1946,128.7699,24.7731,56.1249
543.2802,122.8877,23.4192,56.8234
544.0262,123.6695,23.9176,54.4073
547.0766,124.4288,24.6479,53.4653
542.2980,108.4682,23.4130,56.7371
546.7195,120.1624,25.8494,53.3092
542.2180,108.7111,24.6204,55.8018
545.6279,124.2617,24.7323,54.4171
545.0371,124.1161,25.0262,53.6742
545.0225,119.9743,25.4751,52.0046
547.4407,125.9601,28.6072,49.4309
542.3882,111.0633,27.6234,50.8726
538.9435,104.7897,26.9258,52.8634
538.0790,110.6414,27.1538,52.6190
547.4896,105.2364,29.3387,50.9228
541.5388,104.0451,28.4191,52.8049
551.5792,120.1094,30.8962,50.5319
545.7419,120.2592,31.2467,50.3595
541.0225,114.7758,29.1516,51.8134
540.6293,123.8369,28.7212,51.3639
544.8115,123.2871,29.7108,50.3575
545.2527,108.6086,31.2122,48.7242
536.0950,106.2908,29.1921,52.0485
533.4537,125.0721,27.9255,53.4602
533.7922,124.0201,27.2275,53.7144
533.8914,124.0660,26.9550,52.6917
534.8599,119.8447,26.7006,51.7549
541.3662,124.1830,24.5836,53.2298
540.1258,119.4498,24.8020,52.4420
539.8008,123.1398,23.7351,54.6376
540.1702,122.1948,22.8522,54.6043
540.6024,124.5361,20.1971,59.8867
540.4512,115.9050,19.6505,58.5570
540.9139,116.6900,19.6556,57.2308
539.8355,117.3581,20.6281,54.6462
534.8806,135.5195,20.2860,54.5913
533.6834,139.4792,20.5977,54.8657
529.2775,138.9283,20.4156,55.1767
550.6628,117.0443,24.8832,51.5253
531.3231,130.2810,24.3353,51.3900
528.6284,139.3103,22.7313,51.7285
532.1921,153.7779,23.4387,50.8465
536.6129,167.6267,24.0034,50.0956
541.1355,121.2988,25.9260,49.4861
532.7176,135.2784,25.8177,49.2205
529.2615,143.6082,25.2300,50.2072
538.3621,166.6462,24.5751,51.3423
2
0
0
0
0
1
545.2681,127.8344,28.7996,41.9532
515.7061,108.9525,33.0402,35.9854
537.8021,118.3681,33.1089,34.8572
509.8437,108.4477,36.7919,30.9469
531.5792,117.1001,36.9609,31.3542
508.3125,109.0210,38.3394,29.4927
535.1985,120.7380,36.6334,31.8323
507.5673,108.9561,37.7234,29.2977
534.0120,119.9605,36.0879,31.2626
506.6375,108.1878,37.3510,28.8796
532.9569,118.9899,35.6703,30.8955
503.8381,108.0134,34.9995,28.4006
527.2370,115.3033,35.8724,28.9647
535.6382,122.2834,33.9000,29.6371
502.6561,107.1305,33.6157,27.6140
529.6160,114.4139,33.5757,28.1862
501.7987,106.8532,33.1882,26.7873
525.4052,113.7082,32.2542,28.3438
503.6223,106.7640,35.6637,25.8941
526.6667,111.2633,35.5978,26.0695
501.9036,106.9291,37.1629,24.9348
525.9188,117.5451,35.8881,27.5620
533.7618,125.3750,34.4969,28.5717
501.5467,105.4745,33.8617,27.5212
526.6641,115.5629,31.6021,30.2147
530.4170,126.4389,30.7708,30.9617
524.9355,131.1710,27.0271,36.9760
520.8965,130.2478,26.4445,37.9048
516.2474,134.2017,26.1069,38.3356
516.5428,142.2073,26.2327,37.8569
516.4683,141.9483,26.0753,38.0656
515.6069,145.5511,25.8173,38.6234
519.1444,109.4826,25.7125,38.1394
515.6230,120.7684,24.8035,38.4905
515.1219,128.2312,24.9747,38.2365
514.7390,140.4639,25.0120,37.9794
511.2690,139.7572,24.6509,38.5323
519.0419,151.8818,24.5054,38.7579
515.6175,111.8971,24.2671,39.0687
514.6210,116.8128,24.5255,37.5371
513.4645,123.9465,24.5433,37.3182
512.6498,131.5586,24.5913,37.2706
511.7616,146.2774,24.5115,37.6853
514.7510,111.5981,24.5206,37.4435
513.9127,119.2710,25.1053,36.9850
513.3863,127.2735,25.5049,36.5495
512.6833,126.8838,25.6332,36.0790
509.2141,126.1102,25.1920,36.2694
506.1601,133.1759,24.7881,36.6488
505.8532,145.4374,25.3203,35.4877
514.3538,152.5129,24.4578,36.6990
513.4597,117.3214,24.2264,36.8449
512.5297,124.2766,24.0970,36.8817
510.1320,127.1086,23.4245,38.0995
503.5331,126.4232,22.8308,38.9680
502.2448,142.4783,23.6504,37.4807
2
0
0
0
0
1
487.5788,93.6384,56.6124,43.8571
508.3080,113.0370,54.8379,43.5336
512.4658,107.5087,55.3003,42.1988
511.3033,119.9683,53.9675,42.3567
511.5165,119.9830,52.8592,43.2667
511.4434,119.4127,51.6267,43.7664
516.4020,106.8589,51.0728,43.7730
515.8083,118.4260,49.6052,44.2259
515.3901,118.2312,46.9120,44.4136
516.0391,117.8056,44.9855,43.8395
521.0498,119.4058,45.1978,42.2459
520.4446,123.7248,43.6627,44.1204
520.4509,123.5317,43.6910,43.7880
528.7184,119.5679,49.0405,39.0795
523.3990,124.1416,46.4952,40.1929
522.7532,118.6289,45.1118,39.9431
499.3030,104.8603,49.1619,35.2299
517.0200,119.0210,47.1289,37.0267
521.9473,123.8837,46.4523,37.8245
521.6724,103.4236,46.9319,37.0592
521.0399,124.3253,45.8224,37.1151
525.6793,124.1405,45.5171,37.1859
504.3592,111.0216,49.0081,32.7452
525.7197,121.4119,47.7220,33.0367
504.2937,112.4289,50.5514,29.9094
523.9454,123.1393,49.5049,30.9302
503.3187,115.2218,51.5341,28.1769
503.0992,116.5090,52.4415,27.1467
503.4956,115.9453,53.2790,26.6053
499.2385,121.1159,51.9395,27.5295
499.6833,117.2685,51.3977,26.8908
503.8022,113.1599,51.5071,26.7003
527.8307,127.7493,49.9323,28.0460
504.1151,118.6072,49.8963,27.0831
534.5830,130.5983,44.6570,31.1058
539.6526,135.0254,42.4777,32.4406
539.7192,138.3146,39.8494,34.5026
540.0280,136.7596,38.7843,35.9259
539.9752,136.5388,37.7798,36.9758
539.7353,136.2049,37.4216,37.4223
539.9245,135.6791,37.2615,37.6483
539.7507,135.5720,37.0344,37.5581
540.2235,131.5442,37.3921,36.4371
540.3300,132.4780,37.4607,35.6991
544.2196,132.9949,37.0508,34.8640
543.8747,141.1214,36.4709,35.1862
544.2644,140.4973,36.6938,35.5467
548.0151,139.1342,35.3402,36.7659
547.9936,138.7547,34.5931,37.5468
552.0111,138.6170,34.1000,37.9516
551.1122,142.1319,33.1237,38.0560
551.2717,142.0596,32.9031,38.6183
551.5282,141.1031,32.7281,39.3456
555.6735,140.8413,31.8018,39.8608
555.5331,140.8867,31.5840,40.2303
559.4731,140.6041,31.6428,40.2145
558.7360,139.7936,30.2803,41.0870
558.5011,139.4744,30.2280,41.7966
558.4201,143.4261,30.9988,41.3153
563.1002,142.2962,30.4886,42.0323
535.8595,119.6978,40.7532,33.4864
536.2856,110.0916,39.4563,34.3823
2
0
0
0
0
1
552.0471,137.3750,31.8628,42.9551
548.8474,137.3925,31.2449,42.6661
557.6691,136.8477,31.4471,42.1154
566.5893,122.4803,31.4612,42.0852
566.1279,121.9400,30.0663,43.4376
569.7874,111.1712,33.2405,39.6480
563.9276,105.3920,33.3676,39.6007
563.8098,106.0591,34.0310,38.7767
563.6547,87.5240,34.2144,38.6466
2
0
0
0
0
1
563.8976,130.6228,42.4149,43.5591
541.0248,119.9047,45.5966,41.0126
563.0319,130.9192,45.0155,39.8719
541.1130,116.3936,48.5492,36.0384
562.4389,127.9502,47.0669,35.7444
566.9627,137.0141,46.5796,36.0355
540.5450,121.0696,47.4763,35.7861
566.4335,126.4154,45.9463,36.5933
544.3329,117.0545,49.7673,33.3695
565.8537,130.4696,46.7144,36.2527
544.2437,116.4137,48.9041,34.1080
565.4742,129.5827,45.8103,37.1587
543.6116,115.5661,49.4357,34.2778
534.9340,102.5361,44.2850,37.3717
526.1958,88.8747,38.9373,43.3287
2
0
0
0
0
1
565.4583,122.5862,52.7230,41.9314
560.1418,126.2141,49.8845,45.0389
560.7590,113.1465,48.7122,45.8155
567.4702,98.6326,46.0382,49.4054
561.5396,93.1357,47.0222,48.8346
555.3810,73.7896,45.7148,49.6134
554.3730,60.4635,45.0516,50.2657
2
0
0
0
0
1
559.5007,102.5193,49.2278,40.7975
565.2934,96.6760,48.8002,41.3205
565.5806,98.1238,49.2692,40.2828
559.7311,91.7924,49.1035,40.9119
555.2452,78.9146,48.6760,41.5394
2
0
0
0
0
1
556.5128,126.4278,41.1534,45.3310
552.0059,131.0356,39.6512,46.2183
556.9966,130.8794,40.0365,45.4331
557.1818,134.8845,39.6543,45.9482
557.3011,139.3410,39.1769,46.3096
557.7159,137.5450,38.5973,47.1891
557.2189,131.2104,37.5543,46.7852
556.9341,135.5743,37.1658,46.1776
556.5495,135.1006,37.5203,44.8417
547.2360,116.9654,34.4541,48.3549
542.3438,110.4325,33.8915,48.9958
538.3821,110.7793,33.9138,48.2336
532.6314,116.1284,32.9763,49.1746
528.2954,101.4639,32.9004,48.1713
533.2532,96.5176,33.6803,47.5505
533.1209,96.4451,33.8621,47.2755
532.9369,95.6562,33.9171,47.4459
2
0
0
0
0
1
585.5829,113.8248,48.2661,41.2250
585.9119,113.9631,48.0853,40.2475
590.5641,110.0780,48.5973,38.4173
584.7839,105.7195,49.3350,37.8078
585.2060,107.4701,49.9983,36.1851
586.1832,107.9738,49.3698,35.9120
585.4173,104.1381,49.0759,35.3919
584.8492,104.9911,48.8433,35.0886
579.3185,104.7467,48.1744,35.7156
2
0
0
0
0
1
574.2264,119.6959,52.3350,46.9818
574.0502,124.5975,51.1353,48.0790
580.4170,129.1897,48.0989,50.6575
585.1089,116.7874,48.7861,48.4061
579.6093,116.4994,46.7838,47.9550
579.2133,116.9954,47.3534,44.8826
578.7072,122.6906,46.1479,44.8436
584.7866,126.2838,44.1774,46.9996
583.4077,115.2491,44.5837,46.2139
576.2001,120.1537,46.0797,45.6130
581.5956,125.0419,45.1957,45.6961
557.3177,106.1825,49.9183,40.1592
574.9497,118.7562,48.1982,39.6313
579.7585,119.2917,46.8215,39.8192
578.4699,119.6986,46.0154,38.9734
577.7189,124.6480,45.7765,38.9922
576.9835,124.1500,46.1381,38.9398
576.4987,123.2048,46.0247,38.9281
552.3799,108.7160,50.9512,35.1724
572.7150,119.3928,50.3691,36.0655
572.4985,119.8226,48.0004,36.5596
550.6992,110.3101,51.0510,33.7590
571.7005,121.2502,49.9440,34.2755
549.4509,111.1186,52.4612,32.2182
569.8556,121.4251,52.3884,32.5647
571.0110,120.8646,50.0327,34.1278
550.0629,106.5993,51.0410,32.7625
573.0146,120.3806,46.4240,37.2429
578.8619,128.6735,42.2244,41.4758
588.6053,100.6349,41.8851,41.8396
581.9260,88.2032,41.7671,42.1464
591.8998,86.7021,41.2703,42.7424
580.2552,86.5953,40.8040,42.7912
584.2299,71.0280,41.8538,41.6643
2
0
0
0
0
1
564.1842,97.3159,36.3423,35.9243
551.1034,81.6126,32.3201,40.4771
550.7408,63.7860,32.2766,39.1326
546.9911,63.7059,32.1350,39.0824
2
0
0
0
0
1
559.7413,116.0502,52.4595,45.0156
564.8015,115.5036,51.6990,45.2411
563.6107,115.7834,50.4696,45.6139
568.6215,120.5078,49.1562,46.5566
560.9720,119.8076,48.8436,46.9449
565.5532,102.4582,48.9709,45.2200
558.9694,97.7183,48.4078,44.2953
563.4754,115.2767,48.5322,44.8284
567.3824,116.1186,49.4491,43.6574
565.8096,115.4685,49.4757,42.9781
561.1724,102.3620,46.9227,45.8794
555.3074,89.9297,45.7754,46.9155
554.8674,62.4655,45.8826,44.3385
2
0
0
0
0
1
559.9407,110.9279,39.9469,40.6917
559.9032,120.8203,39.2700,41.1335
559.8645,120.3766,38.8154,41.3342
561.2300,123.1835,37.5470,43.8144
554.3568,93.9499,31.3384,49.9079
578.1953,101.2673,33.2494,47.2387
577.0317,101.9007,34.5328,45.3035
580.6097,102.4536,34.5032,44.5933
573.7512,89.6021,36.4689,41.7828
580.9998,96.5175,39.8118,38.0936
580.2928,98.0418,40.5720,36.6911
583.9139,98.7738,41.7146,35.6015
572.9462,95.2640,42.3932,34.6662
573.0946,90.5368,41.8713,35.0416
563.2220,101.0477,44.5499,33.1644
563.2999,104.5623,45.1550,33.8244
567.9218,94.9264,43.9216,34.2038
562.2347,85.5714,43.7510,34.6255
2
0
0
0
0
1
544.7562,91.1513,56.5333,40.5572
545.5348,98.5529,57.5580,38.3502
564.6887,111.2637,53.6987,39.1662
564.9589,112.1101,51.9968,38.9546
570.2696,113.1682,49.3038,38.6973
546.3124,92.0356,50.5472,37.9963
541.3184,85.7701,48.5840,39.1834
535.7526,84.0885,46.7665,40.6318
531.8544,72.6908,44.8114,41.4864
2
0
0
0
0
1
561.5954,115.0569,53.2190,44.6794
566.3893,114.9795,52.7631,44.5372
546.1744,99.1709,56.4365,40.3102
547.9553,79.1118,52.7896,43.7619
559.4706,61.8136,51.9584,42.9416
2
0
0
0
0
1
574.4209,116.5323,18.9752,45.2003
574.0739,124.0312,19.2030,45.0183
572.9617,131.4328,19.7321,44.5291
568.7150,139.4475,21.0586,43.1488
573.4175,151.0065,20.5701,43.5032
2
0
0
0
0
1
578.9619,98.0760,20.3173,46.1222
578.3125,98.5046,21.2009,44.4624
581.6801,94.5654,22.9143,42.6568
588.2903,90.9268,24.9371,40.5343
598.3096,96.2344,27.2563,38.5260
598.2498,103.9119,27.4601,38.3159
572.1547,109.6111,29.9731,35.7169
563.5384,121.5814,28.9963,35.9656
563.4938,125.3844,28.6610,36.3485
552.2198,119.5445,25.4156,39.6931
547.9387,115.1538,24.8521,40.4051
547.7805,123.5099,25.0063,40.1431
543.4399,127.7768,24.7056,40.5214
546.7327,124.2161,25.2111,39.8277
543.7685,132.1317,24.6132,39.7839
546.9639,132.7180,24.9667,39.2628
546.4700,132.6649,25.3016,38.8657
549.8955,136.8752,25.4894,38.6890
542.7076,127.6499,24.0941,39.8358
2
0
0
0
0
1
589.0720,104.3592,49.0480,42.7416
568.1292,120.1197,46.9556,43.9633
572.5029,94.0811,51.0214,39.5484
555.5696,92.6055,48.0756,42.3403
551.7865,69.8618,47.1897,42.0888
551.2825,58.6157,47.3278,42.0101
2
0
0
0
0
1
577.7379,111.9328,55.7045,51.6967
576.8660,118.1824,54.9252,52.3642
582.5843,110.3573,53.3749,52.5333
581.7100,115.9499,51.6395,53.8174
581.3282,109.0188,50.9196,53.5486
580.6772,109.3360,50.1216,51.1002
580.6930,109.8404,50.1658,50.3091
585.6561,114.9440,49.4232,50.9692
585.0706,114.3769,47.2477,51.7771
589.9495,113.7014,46.6113,52.1328
589.5774,124.9616,44.9651,54.1701
595.3964,117.3863,44.9915,54.2110
582.3551,123.2392,45.0916,54.2560
588.5764,115.2619,44.5526,54.6982
587.3326,114.5278,43.9576,55.3062
580.6679,95.6071,44.0734,55.4379
565.1120,83.0803,46.0104,54.2397
552.9695,68.9908,44.9840,54.9617
2
0
0
0
0
1
571.1692,107.5011,44.4517,40.2701
560.5468,101.2373,44.2968,40.6490
555.1848,89.5667,43.5839,41.3760
550.0063,83.7690,42.3175,42.4570
2
0
0
0
0
1
596.8204,87.7728,51.2430,47.0620
603.2518,104.7725,48.9119,50.6715
605.3120,95.0397,53.9235,46.2193
605.4566,107.2096,53.0188,47.0542
609.5418,89.6370,54.4592,45.7896
608.9206,91.1568,55.0271,44.6772
607.9680,92.6577,55.4194,43.6928
613.0087,93.8781,55.8555,42.8374
606.5602,94.3305,55.6481,42.4769
610.9093,89.4574,56.0287,41.8241
598.4083,90.3021,58.5286,40.5429
592.6772,108.4038,56.6206,41.5690
594.2602,112.7771,55.5314,42.1772
606.0771,95.6826,56.2686,41.5080
594.2282,107.4525,55.7617,41.7261
595.3538,117.3276,53.7347,43.8561
613.2324,100.1036,54.6144,42.3551
613.0812,95.1761,55.0486,41.6412
618.3036,106.5531,54.0265,42.3916
612.6675,95.6556,54.4369,41.6825
599.0779,96.6173,55.5981,40.9942
586.1682,93.9564,53.9437,43.2521
561.3941,81.9876,54.0261,42.6214
2
0
0
0
0
1
612.8730,109.0595,52.0344,48.8714
611.8127,108.9497,51.8992,48.0562
612.3919,108.4928,49.1003,49.5814
611.5148,113.6725,48.7419,49.9091
616.6776,112.7401,47.8372,50.5461
614.8449,95.1396,49.9042,49.2923
613.6612,108.3318,48.3571,48.9202
612.0819,107.8316,48.7681,48.0609
612.6520,107.3172,46.6379,47.2009
612.3510,107.3918,45.5403,47.6566
617.0831,106.8552,45.1519,47.8156
615.3185,106.7014,45.1057,47.4058
619.6411,95.2347,46.2224,46.7959
612.8204,107.4449,46.2838,46.2900
612.3625,107.1450,45.5067,46.4029
611.6810,107.1130,45.7927,46.5396
611.3663,112.2910,45.5063,46.5959
616.5812,111.1227,42.9784,48.8269
615.2416,99.9525,43.3647,47.5077
625.7256,94.2321,44.0133,47.4920
652.7211,94.7570,47.0597,44.4663
2
0
0
0
0
1
584.0422,91.7886,47.6348,44.7446
565.8510,93.1250,49.0935,43.3095
554.4500,87.8671,48.5298,43.0111
554.1934,81.7265,48.3478,43.2225
554.6674,104.7332,48.3876,43.4242
555.2482,92.9467,48.5867,43.3087
2
0
0
0
0
1
587.3624,80.4392,54.7854,44.3570
586.5677,82.9155,56.4747,42.0666
580.4883,83.5411,56.0935,41.7817
563.5115,75.4922,54.7917,42.8307
551.6842,66.2957,50.4368,46.1107
564.3942,45.3260,48.7914,48.7581
2
0
0
0
0
1
614.1993,97.8672,54.2980,46.8034
592.2509,81.0880,57.5228,43.4654
591.1526,81.7568,57.9500,42.6603
591.1692,82.4026,58.4261,42.2644
571.8386,88.8619,59.3073,41.5766
2
0
0
0
0
1
604.6635,102.7759,51.9327,45.2965
622.9897,79.6265,54.5718,43.1356
629.2678,80.9158,54.6351,42.7625
629.5882,82.1180,54.8931,42.3246
617.3486,83.0893,55.8813,41.4699
611.0516,101.7321,55.5038,41.2624
611.9170,107.1410,54.1719,41.5500
611.8036,111.7064,53.5328,42.4737
612.0290,111.4767,52.1191,43.6916
613.2137,115.8726,51.3302,44.4584
638.5782,115.1572,49.8456,44.8232
637.2664,120.0576,49.1562,45.2683
648.4396,119.5933,49.0332,45.3948
641.8398,99.2794,47.2986,47.6409
647.4175,98.3962,46.3462,48.5244
653.2064,92.0651,46.5570,48.3941
2
0
0
0
0
1
635.6425,103.8814,57.0891,50.9265
641.3577,89.9169,57.6075,50.8571
635.3492,88.2380,55.0604,53.6468
634.8472,100.9699,53.4640,54.5284
634.4186,106.7226,52.7686,54.9861
640.3978,105.8421,51.4017,56.0064
639.2675,104.7085,50.9624,56.0943
644.7680,103.9424,51.0509,55.9066
643.9044,109.3108,50.2606,56.2453
643.9606,113.8247,48.4756,58.4912
637.2354,105.4496,48.3663,59.0621
643.8062,109.9772,46.8969,60.8374
649.9290,115.4873,46.3741,61.5707
649.8431,114.0598,46.2043,61.7956
649.6815,112.8459,45.6857,62.5195
648.4813,104.5936,45.8685,62.2618
655.4862,87.4132,42.0699,67.7591
646.9265,87.9094,42.9156,66.9782
652.9237,80.7224,43.1741,67.1031
650.2596,94.2992,44.7231,65.2954
648.9667,88.1351,45.5862,64.3777
645.9102,89.9252,47.9763,60.7155
651.6206,90.0419,48.2830,60.5408
643.2149,102.1281,46.9032,61.2412
652.7959,84.0190,52.6095,56.7079
643.2390,45.0121,54.4087,53.6642
657.5864,36.7034,54.6017,53.9392
2
0
0
0
0
1
633.0084,107.0786,47.8221,46.4761
627.9650,94.1532,47.4302,47.3682
622.6594,94.8908,46.8872,47.2578
618.4745,79.8378,43.3832,50.6016
642.6695,51.0341,45.2886,49.0146
643.1260,49.5638,45.1986,49.0653
2
0
0
0
0
1
645.0046,109.5410,49.0629,51.1645
671.4022,117.7610,50.5815,49.7192
670.6144,110.3526,50.1411,49.9488
651.4960,107.7876,49.0156,51.4235
645.0591,95.0996,52.0876,49.3171
644.8668,88.3436,52.5393,49.0281
650.0105,62.1985,54.4930,47.7030
637.4700,46.9259,52.8463,49.5728
629.9219,44.7223,52.4727,50.5063
629.5305,42.5913,51.8635,51.5207
629.6968,41.5847,51.3149,52.0298
616.2250,41.2112,50.8744,52.4950
2
0
0
0
0
1
668.8157,98.5782,57.1667,52.2047
646.9072,86.9222,59.7153,50.0209
645.6775,81.9197,60.6449,49.0324
638.4958,82.6188,60.6400,48.7717
643.8270,76.3005,60.7804,48.6921
644.6661,83.8787,61.2854,48.1745
658.8644,103.2441,58.3151,49.2033
670.7507,89.7186,58.8890,49.0658
657.8219,48.8880,56.8468,50.8856
665.3301,41.2899,55.9851,52.0932
2
0
0
0
0
1
683.6425,89.7053,48.4032,39.4509
689.6485,83.7013,47.8954,38.9556
690.4727,77.7542,47.4829,39.4570
689.0101,79.0226,47.6414,38.7157
688.5844,79.6264,47.3375,38.4501
698.2620,85.3542,47.8672,37.8372
697.1280,86.6864,48.5175,36.9623
701.6245,87.3292,48.7833,36.4686
692.4769,82.8248,48.1239,36.4715
691.6512,83.8361,48.1222,36.2199
691.4662,84.0053,47.9028,36.0564
696.7531,93.8608,46.3080,36.7912
695.6992,84.5479,46.5916,36.1615
699.8243,90.8811,46.7551,35.4221
693.7465,80.1490,46.3313,35.7010
698.1863,95.4026,46.9160,35.6489
2
0
0
0
0
1
687.2746,106.0888,55.4392,50.5291
687.3093,118.6822,54.0618,51.9311
689.1647,122.4623,52.2393,54.4513
690.0857,118.9768,49.0385,59.2136
689.9076,117.2863,46.7377,60.9020
690.8220,115.9985,46.0703,61.9449
696.8297,114.9778,45.5251,62.6990
702.0797,114.3978,45.3073,63.0302
700.8170,119.5644,44.7085,63.8729
694.6773,118.6575,43.7976,64.8614
693.9019,110.9428,43.3563,65.1852
693.7919,103.0129,43.0000,65.7526
701.5347,87.9971,44.6641,64.3748
2
0
0
0
0
1
694.7533,95.5806,50.4961,41.8305
695.5782,90.3231,49.9454,40.7121
701.5656,85.3001,49.1331,40.0590
700.9265,86.3643,49.1678,39.4078
700.6704,80.4900,47.8474,40.4659
696.1648,75.5096,47.7815,40.4607
695.3886,77.3577,49.2781,39.1561
705.8174,76.1780,48.9032,39.5124
716.7814,81.7524,49.0894,39.3046
2
0
0
0
0
1
687.0252,106.4770,56.0479,47.6948
693.9467,118.1570,52.9587,50.8628
693.8557,123.4365,51.5077,52.6372
699.3226,121.8866,50.6282,53.7294
693.2785,126.2111,49.0828,56.1377
693.6462,123.4623,46.9774,59.4158
694.0840,121.6962,45.7762,61.4866
685.7668,101.8046,45.7913,59.4579
691.8575,87.8398,44.5609,61.5191
692.0307,86.2434,42.7482,64.7159
690.2272,100.3939,42.7844,62.3834
690.6605,112.1444,42.3260,63.3893
697.1686,116.2370,40.8496,65.5312
696.1549,114.8958,40.5811,65.7542
696.1549,114.8958,40.5811,65.7542
708.9799,80.5929,41.7604,64.8456
700.6555,59.2717,41.6147,64.7243
718.5079,40.0900,42.1884,63.7213
2
0
0
0
0
1
698.7350,96.8276,46.1233,41.0567
708.0155,91.8181,47.7587,39.5320
697.8951,81.0596,46.5354,40.3208
699.0093,74.2824,45.4509,42.2533
698.0773,73.4979,45.4169,42.6219
702.3459,78.7351,45.1312,42.6415
707.0145,78.8872,45.0425,42.6372
700.8332,56.6609,45.2244,42.4110
2
0
0
0
0
1
679.1638,111.5336,50.1116,51.4533
679.1185,115.9489,49.4264,52.2174
679.8776,118.8887,46.8737,55.6966
680.7800,116.9974,46.3982,56.4320
681.7734,120.8979,45.1747,58.2571
682.1020,120.0983,44.5585,59.0578
681.5121,119.2217,44.4725,59.1391
666.9916,92.9568,43.5613,60.0839
680.4803,99.8320,44.4215,59.3772
671.6746,100.2440,48.3665,55.9280
671.6456,107.1056,49.2905,55.2727
670.4060,99.9410,49.7233,55.1808
677.5156,100.5149,50.4510,54.4877
678.4514,100.3797,50.0662,54.6712
685.4337,94.2114,50.7827,54.1529
671.1303,88.0160,51.3807,53.8470
671.1303,88.0160,51.3807,53.8470
676.1321,73.2738,51.3340,53.8383
2
0
0
0
0
1
723.4361,123.1311,61.3549,51.6013
724.1893,124.4649,62.2729,50.7430
711.1290,115.2430,60.2220,52.8681
710.8360,122.4677,61.5697,51.5869
718.9469,128.8866,61.0126,51.9673
726.7336,129.7407,61.6091,51.0703
733.5444,131.5222,65.8412,47.4111
734.2955,130.8484,64.6744,48.9510
734.8067,139.0951,65.2594,48.4120
734.7072,133.2864,66.6876,47.4176
730.8992,152.4082,63.2600,50.5071
736.9185,125.9958,68.0543,47.0115
751.6307,124.8602,67.4478,47.6782
764.8664,140.0728,68.3602,47.0044
771.5441,139.0741,68.1866,47.2693
2
0
0
0
0
1
771.2893,153.0763,48.8466,33.7077
731.9815,166.2182,44.8502,36.1882
752.1642,151.7539,46.0092,35.1114
2
0
0
0
0
1
718.5627,192.8427,53.1698,32.8693
729.6363,187.4565,50.4666,33.6164
746.2861,180.6196,46.9617,36.4843
2
0
0
0
0
1
719.5099,194.2746,34.1078,29.3794
2
0
0
0
0
1
727.3520,154.8546,41.5154,40.9791
712.4866,150.2431,40.7660,40.6060
2
0
0
0
0
1
714.7902,169.5476,28.9865,28.6955
2
0
0
0
0
1
742.9704,217.6040,20.2035,39.7224
738.8022,228.1093,20.1752,40.0585
748.7410,235.5327,20.8925,39.4428
748.7410,235.5327,20.8925,39.4428
2
0
0
0
0
1
749.1077,197.6441,14.7786,47.9587
752.7180,204.7398,15.1617,48.9346
753.0347,209.1514,15.3893,48.6906
753.1885,225.3038,16.1963,47.5474
752.6100,225.0960,16.1682,47.6029
749.5609,221.0669,16.1198,47.7040
2
0
0
0
0
1
720.3005,159.9421,32.2416,52.1190
709.3671,163.9661,31.9923,52.7542
702.7255,158.8017,32.9115,51.9001
702.3356,159.1904,33.8837,50.5508
697.6639,164.6039,34.4935,49.9118
699.3477,164.0264,33.3289,51.8336
693.6238,154.6414,34.4713,50.5985
702.4420,155.3979,35.8534,48.7739
697.4092,158.5687,34.4718,51.9105
693.2779,162.8911,33.9132,53.5679
692.0511,167.4022,33.5991,53.9780
680.9163,157.3217,33.8885,51.6266
673.5724,158.4058,34.8295,51.0322
679.7113,183.8159,33.6166,53.2117
690.3853,184.4390,36.2195,50.9880
2
0
0
0
0
1
660.8077,278.9143,40.1973,41.9290
2
