1
183.8541,17.2882,48.5300,36.2521
185.7390,20.2523,48.3907,35.8374
182.0062,20.7520,48.4103,35.9605
185.2067,24.3590,48.2949,35.3912
185.5550,26.2015,48.3648,34.0862
190.0694,27.7719,45.8866,34.7320
179.2108,33.2639,44.1095,36.4890
176.2723,34.1738,42.1387,36.7013
171.8795,39.6615,41.8152,36.7267
156.6717,12.7967,40.9404,35.7350
2
0
0
0
0
1
177.5959,39.2828,46.4341,33.1071
147.4440,19.1118,46.8160,31.8497
2
0
0
0
0
1
173.0532,51.5534,46.0799,37.2289
167.1926,47.7927,44.9929,37.2072
166.4714,49.2181,44.9726,37.2119
2
0
0
0
0
1
168.8670,55.4898,48.9384,36.1231
169.7005,52.1933,45.7284,39.0867
169.6142,58.9331,44.0870,38.4717
171.1227,58.3408,44.1583,38.3699
171.6932,49.0502,42.3544,41.0440
172.6774,57.2396,42.6670,39.7482
172.1418,47.4632,41.6461,39.3608
181.1862,55.6790,45.2418,37.0343
158.0162,23.0943,44.2507,37.5407
2
0
0
0
0
1
180.2223,57.3570,38.0038,38.8230
184.8254,59.1388,39.8244,36.3075
182.4964,57.1617,38.7821,36.4870
183.4058,56.1261,38.1208,36.2023
186.3785,55.1045,36.7156,36.4511
187.0159,55.7972,36.0884,36.6266
188.5225,59.5879,35.4443,36.0939
187.0790,58.2039,35.2710,36.1337
191.3745,55.5565,33.7492,36.2408
192.9301,53.9369,31.7964,38.3632
200.9386,48.5053,31.9230,38.2642
213.8820,29.1790,32.2834,36.6922
203.2296,14.7139,33.1855,35.5515
206.1653,11.4682,34.0997,34.2418
2
0
0
0
0
1
199.7012,61.8266,34.7520,37.4037
195.8198,52.9921,34.8213,36.8217
206.6153,54.9365,34.9141,36.1963
211.7354,46.8655,34.8107,35.8853
212.4223,43.4566,34.6871,35.5294
232.3393,66.0178,31.8294,38.2377
236.6871,51.8950,31.7909,37.0766
241.2345,38.4682,31.7986,36.9674
2
0
0
0
0
1
221.6076,57.4749,30.9709,32.3267
219.1729,59.5203,30.4859,31.8930
240.1461,58.8992,30.0554,31.9777
248.7330,59.7578,29.7335,32.5083
221.1927,50.3240,27.2878,35.4795
228.1227,44.3384,28.2613,33.2584
226.8566,47.1791,28.6129,32.0131
218.6302,42.9148,28.1096,31.6283
213.7343,43.8431,27.3641,31.1477
194.8863,54.6442,26.8212,31.6642
2
0
0
0
0
1
217.0620,50.7347,34.9471,36.7255
218.1273,46.9425,35.1692,36.4160
215.3490,34.4842,32.4121,39.5046
215.9896,31.8833,30.8713,40.0350
214.2777,35.4931,28.9182,41.5418
206.7170,25.6371,28.2126,40.8934
219.3445,30.8679,29.4864,39.1769
245.4850,14.6978,28.5162,40.5809
2
0
0
0
0
1
220.9370,21.7764,16.2445,30.8584
213.1246,31.7600,15.3075,31.2069
213.9295,23.4079,14.4080,31.8380
205.2270,23.0047,14.0702,31.8847
205.2876,12.0155,13.8640,32.2324
219.8883,16.9170,13.1148,33.7588
205.5156,14.6264,13.6008,33.1803
219.4790,14.0021,12.9695,34.2140
208.7214,7.7719,12.3738,34.7450
220.5501,15.5288,12.2606,35.3901
226.5752,25.4582,13.0891,34.2519
226.9435,26.9594,13.4545,33.7728
207.0546,45.1964,13.0245,33.9386
222.1168,16.7252,12.6269,33.9820
222.2558,9.3081,12.8210,33.2678
213.1567,2.2361,13.4970,31.9821
213.4123,-1.4605,13.0136,32.0608
2
0
0
0
0
1
239.7662,8.4284,13.7885,39.6425
236.0345,16.4974,14.1977,39.4550
239.1972,-1.0903,13.9363,39.0307
227.4850,-0.2742,15.6149,36.7456
240.4575,10.0445,15.4863,35.6890
230.6102,1.4431,15.8555,35.5980
244.7055,8.2266,14.6960,37.3529
231.8773,1.4340,15.3154,35.2231
244.6778,13.0822,14.9663,34.0956
248.0429,31.7309,14.6285,33.8066
238.9417,40.4941,14.3947,33.4451
256.1617,24.7879,15.7358,31.8689
260.7036,30.5317,16.2263,31.0693
246.8522,47.4071,15.4903,31.4639
260.8454,26.4645,15.2565,30.5941
2
0
0
0
0
1
2
0
0
0
0
1
251.7137,111.4491,13.8428,53.7733
2
0
0
0
0
1
2
0
0
0
0
1
225.1134,137.4921,21.6308,52.3856
225.0175,138.9140,21.8382,52.4068
230.8286,146.6337,20.2439,53.3915
230.1627,143.4444,20.0981,52.8181
236.1083,118.8374,18.4375,55.5895
2
0
0
0
0
1
207.4941,159.2737,36.4791,54.6345
205.6790,158.1424,35.7849,55.7352
203.9881,160.2278,36.4753,54.3835
228.9543,124.9965,34.6024,54.9337
2
0
0
0
0
1
186.6659,179.1940,56.0328,49.1413
180.9857,177.2720,55.0079,49.3692
182.0732,177.3702,55.3900,49.0507
188.0667,172.2475,55.2829,48.6478
188.8918,176.7108,53.7294,49.5392
196.2363,175.6818,56.3963,45.9031
219.1783,176.9122,55.0420,46.0814
173.4879,187.3033,53.5246,48.9984
215.4307,168.5261,51.2462,48.9329
2
0
0
0
0
1
213.2543,174.3532,70.3081,50.1447
146.1433,199.6924,69.1288,51.3007
150.2189,195.0102,66.1031,53.4881
151.7288,195.9118,69.6742,50.9668
209.3141,168.7860,66.1530,54.3334
136.5046,205.4673,67.0322,53.9325
2
0
0
0
0
1
134.4021,210.2855,72.9384,53.0419
191.6728,183.5253,69.3730,54.8357
2
0
0
0
0
1
190.3702,183.1889,56.8254,66.0009
118.0803,220.8666,63.8530,62.1702
177.5011,188.3678,57.3872,67.7381
117.9113,221.2917,59.1491,64.5321
173.8208,186.3233,55.9244,68.3949
109.6702,221.0606,60.4123,63.0980
172.6792,185.7667,56.4691,67.7472
105.6946,218.4829,61.6941,63.3758
168.7962,183.4696,57.8666,68.2680
2
0
0
0
0
1
163.9563,181.9656,61.5906,66.5850
2
0
0
0
0
1
134.7425,195.9568,61.5584,56.2055
75.8454,222.8061,62.3963,56.7707
2
0
0
0
0
1
57.2744,270.6997,47.3143,51.8682
56.3314,268.5975,47.2962,51.8787
2
0
0
0
0
1
2
0
0
0
0
1
2
0
0
0
0
1
190.4194,195.1207,45.4819,35.7934
2
0
0
0
0
1
182.1679,193.9486,45.9023,47.6838
183.7133,190.4282,46.2780,45.5592
191.9513,176.9264,42.8636,47.8098
187.9503,185.6075,43.8845,45.7282
183.5699,187.4082,45.1342,43.5164
182.6707,186.1107,47.6244,40.2537
182.6395,191.6559,47.6443,39.4142
183.7670,196.3918,46.8508,38.9681
2
0
0
0
0
1
182.4309,198.1966,55.6552,53.6082
183.3307,196.3214,55.1428,52.7195
184.1982,195.3104,55.7151,50.9721
191.2595,196.6885,56.7266,48.5534
184.2334,196.6101,55.3180,47.0457
184.9346,197.1634,53.2051,45.7005
165.9526,177.6357,52.7525,45.9876
206.9602,201.0088,51.9741,47.6833
176.9605,180.6793,51.5394,47.4307
164.2742,177.3306,49.0298,48.6609
2
0
0
0
0
1
202.7101,199.6561,47.5657,56.1549
183.1611,196.3664,47.9998,54.3629
232.8645,187.8911,50.6530,52.7661
207.3345,171.4750,48.0544,53.1891
207.5410,162.6446,48.0854,53.0711
209.3953,160.6279,48.0881,53.0385
2
0
0
0
0
1
220.4208,203.5759,60.7154,56.8397
271.6826,162.2522,60.8105,57.0634
221.5523,194.4971,60.4623,56.5601
278.1899,166.1583,64.9262,53.1108
226.5638,193.5096,61.8035,54.0832
285.5238,160.6952,65.9432,52.6354
328.5596,164.7802,61.2198,55.5456
333.8781,150.9408,53.6341,59.5290
337.5297,145.0393,51.4802,60.0873
340.0480,139.8438,50.5059,60.5017
342.7093,139.0897,50.9874,59.5173
345.5668,137.2289,50.7248,61.1685
348.2946,135.1385,51.3205,61.8946
347.5147,133.0684,57.1526,58.4142
348.0396,133.6577,62.0990,56.0531
356.1220,129.5973,62.5718,56.2296
351.4836,130.5967,66.6046,55.7193
355.9570,130.9145,67.2443,55.5703
355.4581,130.8618,69.8406,55.9816
356.9957,131.6396,71.9900,56.1632
358.2744,129.1638,74.2245,56.7986
361.1160,129.7177,75.3790,57.1656
363.0947,127.8903,75.4886,57.1680
365.3997,127.2991,75.4659,57.2339
363.7043,127.4281,75.5379,57.2219
363.4430,125.4709,75.5670,57.2132
364.3530,124.6582,75.6263,57.1961
361.9665,123.6106,76.6733,57.9764
363.7467,123.1529,77.4524,57.0782
362.9796,121.2190,77.7074,56.9355
362.5961,123.2683,78.2813,56.8413
362.7787,122.5322,77.9481,57.0713
360.0045,120.6351,78.7803,56.8913
359.0607,117.3349,78.8487,56.8080
361.3910,116.4264,79.0276,56.0750
