1
414.0836,186.4816,28.9222,31.9944
427.0407,189.5672,27.6389,33.4023
427.5200,192.3410,27.0284,33.8326
428.6260,187.9454,26.3092,34.8609
428.6006,187.7957,26.2498,34.9285
429.2837,187.7397,25.9261,35.8920
430.2470,187.2170,25.5062,36.3999
430.5960,187.5423,25.3563,36.4548
431.9412,187.4917,24.7730,36.9045
2
0
0
0
0
1
398.1111,190.5206,32.2564,31.6924
2
0
0
0
0
1
394.3484,187.9641,31.9266,30.1140
392.2195,186.7964,30.9799,31.2606
392.2195,186.7964,30.9799,31.2606
392.3045,185.9703,30.3024,32.1464
388.3801,189.4400,29.9002,32.6328
380.2694,173.3751,30.2817,32.3598
376.1660,169.7198,31.3670,31.2801
371.8548,173.3681,30.9791,31.5821
368.0090,170.2696,30.6831,31.5048
406.6945,185.6796,30.1414,31.9564
414.1605,185.3532,29.3141,32.9969
2
0
0
0
0
1
393.8893,191.9583,33.2122,30.5905
394.2832,195.2141,32.9357,31.0137
394.2832,195.2141,32.9357,31.0137
394.2832,195.2141,32.9357,31.0137
394.2832,195.2141,32.9357,31.0137
394.2832,195.2141,32.9357,31.0137
394.2832,195.2141,32.9357,31.0137
394.2832,195.2141,32.9357,31.0137
391.2303,193.9016,32.4132,31.3604
388.2593,193.6075,31.8447,32.0803
388.2593,193.6075,31.8447,32.0803
388.2593,193.6075,31.8447,32.0803
388.2593,193.6075,31.8447,32.0803
388.2593,193.6075,31.8447,32.0803
385.0337,190.1359,31.4529,32.6744
385.6795,181.6540,30.7400,33.6483
373.0001,168.8346,30.8712,33.4230
2
0
0
0
0
1
400.3568,186.5416,37.2578,30.3310
401.3540,192.7592,33.1598,34.4744
401.3540,192.7592,33.1598,34.4744
362.0657,171.9683,32.9308,34.4974
2
0
0
0
0
1
393.7170,193.3259,37.8447,30.3877
397.5283,188.4386,37.4407,30.6766
393.8775,191.6236,36.2312,32.1564
389.0693,187.3752,35.8133,32.1386
389.8704,187.2200,33.8071,34.0059
389.6925,191.3528,31.8729,35.6178
390.2083,189.1775,29.0489,39.8048
390.9212,189.2139,28.4908,40.1385
391.0107,185.5655,28.1542,40.6526
394.4323,185.3766,28.1750,40.7426
394.4323,185.3766,28.1750,40.7426
386.4666,186.0888,27.0428,41.6613
386.2710,186.3731,26.7681,41.8296
386.2260,182.1383,26.7474,41.7587
389.4919,183.0259,27.2853,41.0537
389.6736,187.2716,27.7063,40.4758
384.8802,187.6966,27.5761,40.4485
385.2626,187.0094,26.9508,41.4740
389.1976,178.1962,26.9506,41.3953
389.1976,178.1962,26.9506,41.3953
383.3828,187.1477,26.9952,40.8138
382.3250,191.3793,26.9761,40.7343
381.2173,183.1940,27.5925,39.6017
380.7821,183.1773,26.7829,40.3136
377.9655,190.7856,24.6913,42.8136
378.7300,190.1810,24.1430,44.3148
377.9791,185.5490,24.1565,44.3527
377.9791,185.5490,24.1565,44.3527
376.8750,190.2657,23.9704,44.4927
375.6790,190.2305,23.8817,44.6161
371.7034,190.4158,24.0109,44.2528
371.6737,187.2441,24.1578,43.3808
367.6152,191.7657,23.9531,43.7160
351.7710,186.4833,30.9623,38.7929
361.5354,195.3286,29.6605,40.5616
362.6338,189.8831,27.1374,43.2220
361.8806,189.6505,26.5450,44.5600
344.8024,188.8602,34.3119,37.9364
310.7830,189.0957,37.0200,36.4268
347.0374,194.6315,37.4670,35.6951
355.1842,194.7408,37.6718,35.2724
365.1898,194.5228,35.9935,36.9654
356.6031,197.1315,32.2525,40.1944
337.3020,190.4122,36.1273,36.8106
310.0856,187.6940,35.2482,35.6815
339.5588,197.3112,37.3828,34.6501
349.3581,199.9597,32.8494,38.7118
346.2637,197.5915,29.4566,42.4818
344.6623,190.4497,30.4860,39.8508
344.2320,199.0957,28.9500,41.0923
323.3892,202.2062,27.9575,41.9558
333.9259,195.3442,30.4848,39.3139
342.7628,199.9191,29.9483,40.1624
341.6858,200.4742,29.7149,40.5130
341.6858,200.4742,29.7149,40.5130
342.0965,199.4694,29.0446,41.5723
341.1328,200.2073,29.0403,41.0605
340.3807,199.9413,28.9979,41.0996
340.3807,199.9413,28.9979,41.0996
332.3745,198.8430,27.4576,42.6630
315.4807,193.0524,33.9271,37.2085
324.7239,201.9641,32.2845,39.6808
329.5703,201.0172,31.9694,40.2464
342.2921,211.4509,35.1257,37.1001
2
0
0
0
0
1
292.6173,207.5148,64.9690,36.1014
294.7859,213.5916,61.8389,39.1802
294.7859,213.5916,61.8389,39.1802
307.1353,206.3828,61.8207,39.3560
307.1353,206.3828,61.8207,39.3560
307.1353,206.3828,61.8207,39.3560
308.3100,192.1976,60.9393,40.2534
2
0
0
0
0
1
264.2075,209.6512,72.6578,36.6717
270.3901,208.6262,71.8968,37.2693
270.3901,208.6262,71.8968,37.2693
270.3901,208.6262,71.8968,37.2693
270.3901,208.6262,71.8968,37.2693
270.3901,208.6262,71.8968,37.2693
270.3901,208.6262,71.8968,37.2693
270.6372,209.0400,71.8987,37.3044
270.6372,209.0400,71.8987,37.3044
2
0
0
0
0
1
231.0935,202.7243,74.5726,41.9939
232.9167,201.7063,69.0887,46.9020
240.5082,208.3674,67.8275,48.1606
240.5082,208.3674,67.8275,48.1606
240.5082,208.3674,67.8275,48.1606
240.5082,208.3674,67.8275,48.1606
208.6942,159.9801,69.3517,46.1548
2
0
0
0
0
1
168.1825,213.0509,81.9105,38.2749
176.8121,219.7664,80.6076,39.7891
185.1452,218.3193,79.7915,40.5276
155.1872,217.5625,78.3465,41.6138
118.5648,201.7719,77.1524,42.5634
2
0
0
0
0
1
162.1812,219.7061,83.7042,39.5995
86.3329,210.5738,83.1904,40.1489
64.4271,193.2770,80.5958,42.7572
2
0
0
0
0
1
64.2141,199.2628,83.9222,42.3070
2
0
0
0
0
1
92.5627,219.5720,82.8123,44.8129
52.1449,204.8148,82.3533,44.6724
35.8289,195.9476,80.8270,46.3328
114.0099,212.2484,78.6579,47.7619
43.5565,209.8991,74.6885,50.8260
44.8055,170.7540,74.6004,50.6547
2
0
0
0
0
1
109.9277,214.2657,89.9710,50.9547
130.9889,195.0779,84.3265,55.9544
134.9192,175.4636,80.3444,59.2057
153.0594,167.1311,80.6528,58.2773
2
0
0
0
0
1
47.8166,211.5751,85.0177,54.4404
22.8556,192.9641,83.2617,55.6134
23.1448,183.8437,82.2203,56.4868
24.4976,174.2437,82.7568,55.8735
25.4318,156.3251,83.0483,55.4303
61.3417,155.9831,83.3103,55.0675
18.5711,207.8379,84.1639,54.6975
10.5355,189.9573,83.0583,54.9317
11.4514,181.3459,82.5822,55.2885
11.4514,181.3459,82.5822,55.2885
89.2711,183.3267,82.4686,54.1060
13.6095,214.3909,80.4718,57.2703
90.7038,182.3577,79.8416,56.5532
11.7460,214.7809,83.3132,58.4124
84.6941,181.3213,81.7239,57.7854
4.8610,214.5140,83.1400,61.7659
0.0000,195.9807,79.0015,62.3155
0.0000,195.9807,79.0015,62.3156
