1
177.1225,20.8460,22.0558,67.3267
178.7029,20.5236,21.0696,67.1068
180.0780,16.1931,20.4486,64.6708
184.0362,16.7470,19.4401,62.1745
184.0362,16.7470,19.4401,62.1745
184.0362,16.7470,19.4401,62.1745
184.0362,16.7470,19.4401,62.1745
184.0362,16.7470,19.4401,62.1745
184.0362,16.7470,19.4401,62.1745
184.0362,16.7470,19.4401,62.1745
184.0362,16.7470,19.4401,62.1745
184.0362,16.7470,19.4401,62.1745
2
0
0
0
0
1
147.3102,29.6957,46.7314,87.8053
153.5130,25.8855,35.9767,88.5560
147.8235,30.5931,45.2229,89.2084
145.5636,30.1555,43.8336,89.7028
146.8155,36.9855,31.3661,77.6169
150.5467,56.0109,35.1409,73.0076
150.5467,56.0109,35.1409,73.0076
150.5467,56.0109,35.1409,73.0076
150.5467,56.0109,35.1409,73.0076
150.5467,56.0109,35.1409,73.0076
150.5467,56.0109,35.1409,73.0076
150.5467,56.0109,35.1409,73.0076
150.5467,56.0109,35.1409,73.0076
150.5467,56.0109,35.1409,73.0076
150.5467,56.0109,35.1409,73.0076
150.5467,56.0109,35.1409,73.0076
150.5467,56.0109,35.1409,73.0076
150.5467,56.0109,35.1409,73.0076
150.5467,56.0109,35.1409,73.0076
150.5467,56.0109,35.1409,73.0076
150.5467,56.0109,35.1409,73.0076
150.4571,116.5622,39.2978,72.5372
149.2967,120.4993,39.6154,73.7574
149.2967,120.4993,39.6154,73.7574
143.3003,127.4544,48.3421,76.9118
137.4858,128.1301,52.3389,67.5900
136.8807,128.3533,56.3531,75.3591
137.8944,128.7554,55.5590,66.7150
137.8944,128.7554,55.5590,66.7150
137.8944,128.7554,55.5590,66.7150
137.8944,128.7554,55.5590,66.7150
137.8944,128.7554,55.5590,66.7150
137.8944,128.7554,55.5590,66.7150
137.8944,128.7554,55.5590,66.7150
137.8944,128.7554,55.5590,66.7150
137.8944,128.7554,55.5590,66.7150
137.8944,128.7554,55.5590,66.7150
137.8944,128.7554,55.5590,66.7150
137.8944,128.7554,55.5590,66.7150
137.8944,128.7554,55.5590,66.7150
2
0
0
0
0
1
161.5219,105.6268,25.3431,38.1388
161.5219,105.6268,25.3431,38.1388
161.5219,105.6268,25.3431,38.1388
161.5219,105.6268,25.3431,38.1388
2
0
0
0
0
1
157.3459,104.1075,35.3397,58.7425
157.3459,104.1075,35.3397,58.7425
157.3459,104.1075,35.3397,58.7425
157.3459,104.1075,35.3397,58.7425
157.3459,104.1075,35.3397,58.7425
157.3459,104.1075,35.3397,58.7425
157.3459,104.1075,35.3397,58.7425
157.3459,104.1075,35.3397,58.7425
144.3040,100.4636,49.2828,59.7917
144.3040,100.4636,49.2828,59.7917
161.9672,100.3828,35.8582,60.6732
144.5084,89.4238,38.1496,64.7582
144.5084,89.4238,38.1496,64.7582
144.5084,89.4238,38.1496,64.7582
144.5084,89.4238,38.1496,64.7582
162.3686,96.0397,32.4602,54.1485
149.2076,99.7888,35.6802,52.7966
146.6941,95.6781,33.1665,59.9475
146.6941,95.6781,33.1665,59.9475
146.6941,95.6781,33.1665,59.9475
146.6941,95.6781,33.1665,59.9475
146.6941,95.6781,33.1665,59.9475
146.6941,95.6781,33.1665,59.9475
146.6941,95.6781,33.1665,59.9475
146.6941,95.6781,33.1665,59.9475
146.6941,95.6781,33.1665,59.9475
146.6941,95.6781,33.1665,59.9475
146.6941,95.6781,33.1665,59.9475
146.6941,95.6781,33.1665,59.9475
146.6941,95.6781,33.1665,59.9475
146.6941,95.6781,33.1665,59.9475
146.6941,95.6781,33.1665,59.9475
146.6941,95.6781,33.1665,59.9475
146.6941,95.6781,33.1665,59.9475
146.6941,95.6781,33.1665,59.9475
146.6941,95.6781,33.1665,59.9475
146.6941,95.6781,33.1665,59.9475
146.6941,95.6781,33.1665,59.9475
146.6941,95.6781,33.1665,59.9475
146.6941,95.6781,33.1665,59.9475
146.6941,95.6781,33.1665,59.9475
146.6941,95.6781,33.1665,59.9475
146.6941,95.6781,33.1665,59.9475
146.6941,95.6781,33.1665,59.9475
146.6941,95.6781,33.1665,59.9475
146.6941,95.6781,33.1665,59.9475
146.6941,95.6781,33.1665,59.9475
146.6941,95.6781,33.1665,59.9475
146.6941,95.6781,33.1665,59.9475
2
0
0
0
0
1
160.6095,62.4684,32.7157,58.0024
160.6095,62.4684,32.7157,58.0024
160.6095,62.4684,32.7157,58.0024
160.6095,62.4684,32.7157,58.0024
160.6095,62.4684,32.7157,58.0024
160.6095,62.4684,32.7157,58.0024
160.6095,62.4684,32.7157,58.0024
160.6095,62.4684,32.7157,58.0024
160.6095,62.4684,32.7157,58.0024
160.6095,62.4684,32.7157,58.0024
160.6095,62.4684,32.7157,58.0024
160.6095,62.4684,32.7157,58.0024
160.6095,62.4684,32.7157,58.0024
160.6095,62.4684,32.7157,58.0024
160.6095,62.4684,32.7157,58.0024
160.6095,62.4684,32.7157,58.0024
160.6095,62.4684,32.7157,58.0024
160.6095,62.4684,32.7157,58.0024
160.6095,62.4684,32.7157,58.0024
160.6095,62.4684,32.7157,58.0024
160.6095,62.4684,32.7157,58.0024
160.6095,62.4684,32.7157,58.0024
160.6095,62.4684,32.7157,58.0024
160.6095,62.4684,32.7157,58.0024
160.6095,62.4684,32.7157,58.0024
160.6095,62.4684,32.7157,58.0024
160.6095,62.4684,32.7157,58.0024
160.6095,62.4684,32.7157,58.0024
160.6095,62.4684,32.7157,58.0024
160.6095,62.4684,32.7157,58.0024
160.6095,62.4684,32.7157,58.0024
160.6095,62.4684,32.7157,58.0024
160.6095,62.4684,32.7157,58.0024
160.6095,62.4684,32.7157,58.0024
160.6095,62.4684,32.7157,58.0024
160.6095,62.4684,32.7157,58.0024
160.6095,62.4684,32.7157,58.0024
160.6095,62.4684,32.7157,58.0024
160.6095,62.4684,32.7157,58.0024
160.6095,62.4684,32.7157,58.0024
160.6095,62.4684,32.7157,58.0024
160.6095,62.4684,32.7157,58.0024
160.6095,62.4684,32.7157,58.0024
160.6095,62.4684,32.7157,58.0024
160.6095,62.4684,32.7157,58.0024
160.6095,62.4684,32.7157,58.0024
160.6095,62.4684,32.7157,58.0024
160.6095,62.4684,32.7157,58.0024
160.6095,62.4684,32.7157,58.0024
160.6095,62.4684,32.7157,58.0024
160.6095,62.4684,32.7157,58.0024
160.6095,62.4684,32.7157,58.0024
160.6095,62.4684,32.7157,58.0024
160.6095,62.4684,32.7157,58.0024
160.6095,62.4684,32.7157,58.0024
160.6095,62.4684,32.7157,58.0024
160.6095,62.4684,32.7157,58.0024
160.6095,62.4684,32.7157,58.0024
160.6095,62.4684,32.7157,58.0024
155.2371,41.4967,26.4774,61.3420
155.2371,41.4967,26.4774,61.3420
155.2371,41.4967,26.4774,61.3420
155.2371,41.4967,26.4774,61.3420
155.2371,41.4967,26.4774,61.3420
155.2371,41.4967,26.4774,61.3420
155.2371,41.4967,26.4774,61.3420
155.2371,41.4967,26.4774,61.3420
155.2371,41.4967,26.4774,61.3420
155.2371,41.4967,26.4774,61.3420
155.2371,41.4967,26.4774,61.3420
155.2371,41.4967,26.4774,61.3420
155.2371,41.4967,26.4774,61.3420
155.2371,41.4967,26.4774,61.3420
155.2371,41.4967,26.4774,61.3420
155.2371,41.4967,26.4774,61.3420
155.2371,41.4967,26.4774,61.3420
155.2371,41.4967,26.4774,61.3420
155.2371,41.4967,26.4774,61.3420
155.2371,41.4967,26.4774,61.3420
155.2371,41.4967,26.4774,61.3420
155.2371,41.4967,26.4774,61.3420
155.2371,41.4967,26.4774,61.3420
155.2371,41.4967,26.4774,61.3420
155.2371,41.4967,26.4774,61.3420
155.2371,41.4967,26.4774,61.3420
155.2371,41.4967,26.4774,61.3420
155.2371,41.4967,26.4774,61.3420
155.2371,41.4967,26.4774,61.3420
155.2371,41.4967,26.4774,61.3420
155.2371,41.4967,26.4774,61.3420
155.2371,41.4967,26.4774,61.3420
155.2371,41.4967,26.4774,61.3420
155.2371,41.4967,26.4774,61.3420
155.2371,41.4967,26.4774,61.3420
155.2371,41.4967,26.4774,61.3420
