1
207.7962,28.5758,73.5655,80.1086
221.4557,31.3514,66.5356,86.7785
223.8011,28.2561,61.2752,90.5835
219.7061,24.9389,58.4149,91.4929
220.9887,26.0397,56.2609,94.5643
222.9426,23.8271,54.7452,94.8982
225.7855,27.9216,50.5623,99.2384
226.8853,26.2028,50.0871,99.4549
229.0606,28.2377,49.1495,99.4632
228.8026,29.5228,48.8308,99.0180
221.7995,32.8118,49.7162,100.1638
257.8352,67.5518,52.3376,96.1558
257.5183,70.0743,53.7930,93.9530
252.5283,68.1382,57.3765,89.5647
188.1737,34.2086,65.4613,83.5963
242.8880,76.9861,66.8706,81.1248
250.0369,80.8553,64.2752,83.0818
249.5473,78.8291,62.1436,82.8404
248.8326,83.6374,60.8189,83.3839
184.8412,42.5217,67.4520,79.6404
241.1445,85.1873,64.6967,81.3862
241.8346,87.6081,62.9009,82.3977
241.5602,88.7336,62.2346,82.8718
241.7633,84.6604,61.0081,82.9758
241.6391,87.4465,60.3454,83.1429
241.9834,83.2442,58.8692,82.6618
242.8211,86.2694,58.0453,82.4300
242.2462,88.2832,57.6650,82.3659
242.7367,84.8695,57.0078,81.8071
244.0311,82.5212,59.7365,79.0044
243.9199,86.0363,58.7002,78.7554
243.3358,88.7097,58.2842,79.2690
244.6401,83.8813,59.5818,77.7986
244.6037,86.9440,58.3205,78.1309
244.6806,83.8501,56.8714,78.7676
244.6805,87.8901,56.4842,79.1908
245.9269,83.6962,57.6119,77.9431
244.8719,87.2320,57.0205,78.4727
230.5483,62.5402,51.0238,89.1448
232.1089,57.5465,48.4130,95.2056
232.6272,51.1862,46.0932,102.1771
200.5505,18.3933,54.6601,94.5784
188.2787,8.3472,55.3162,93.6677
196.6070,12.3172,57.6058,91.4936
199.2893,15.7252,59.3569,89.9118
192.0088,16.3153,60.9889,88.0714
191.3735,16.7595,61.6299,87.3783
192.3726,18.7453,64.4109,84.7281
191.6367,20.9218,65.5352,83.4535
191.4964,16.3426,63.4506,86.2321
231.9426,51.7385,58.6690,95.3924
199.5706,14.8496,60.8180,92.5165
224.9107,45.7467,54.1793,103.2288
235.6197,72.0150,52.6086,105.3595
242.9146,65.6919,53.2554,105.0017
240.6657,71.7508,53.9965,104.3016
246.5454,64.6882,55.8312,103.0316
243.7424,69.5434,57.2630,102.0471
241.4747,73.2022,58.0849,101.4443
233.1897,79.5345,57.5185,101.4870
232.7635,84.5497,57.6501,100.1812
232.8122,89.5691,57.3791,100.2686
233.0777,81.5475,56.8802,100.2276
233.1125,85.2806,56.9748,99.3240
233.9813,79.8251,56.5961,98.7898
2
0
0
0
0
1
101.3199,54.1621,69.6349,92.3688
2
0
0
0
0
1
190.8573,101.1195,82.2887,89.8482
203.2324,99.6876,81.9988,90.0991
205.5170,114.3022,79.8069,91.5023
2
0
0
0
0
1
109.8700,82.9864,87.0984,80.8464
99.1112,86.5699,97.1245,73.9478
97.1061,90.9002,109.4348,65.5423
78.8738,99.6484,110.1241,65.3364
87.1758,83.5942,106.7271,68.6281
86.3723,76.1592,98.7109,76.0321
176.6368,139.3766,93.6891,81.5176
2
0
0
0
0
1
84.9515,83.8351,102.8545,81.4851
81.6183,88.1271,98.3601,90.6027
85.0137,80.7970,95.0775,95.9630
73.9402,114.7217,94.9238,95.6753
89.3144,86.4694,87.5467,105.7753
74.7770,95.8833,92.1493,108.2563
91.6743,71.8508,87.5148,118.2159
101.4566,106.8765,103.1741,101.6686
92.3098,66.2316,94.3714,114.1163
86.1559,58.5894,96.1426,114.3729
84.7115,65.5598,96.7585,114.2030
92.9577,56.6812,95.9353,119.0726
89.5233,45.8687,97.4764,118.0123
86.1442,47.4343,99.1229,116.9086
46.5463,131.9012,104.2370,112.7791
34.7007,133.5009,104.4134,112.7093
52.9564,123.7821,104.3386,111.0127
46.7355,127.7343,104.4638,110.9527
2
0
0
0
0
1
2
0
0
0
0
1
232.5958,105.2710,43.1276,103.3328
240.5488,113.5290,43.3486,100.8235
238.6735,113.6887,44.1906,97.4722
246.6314,121.6353,46.0646,92.6372
246.5416,122.6449,46.0598,92.6396
245.6399,123.1249,46.0605,92.6368
245.1217,121.0810,46.0596,92.6380
227.6904,80.5489,45.7149,93.4283
227.8502,82.6976,45.6659,93.5219
233.7241,89.0626,45.8615,95.7083
231.6193,94.1241,45.8560,95.7279
234.9680,75.0719,45.1913,100.2067
233.2849,94.0926,45.1216,100.3312
234.5441,77.7151,45.2720,103.8047
232.5345,96.5125,45.1270,103.9575
234.2397,83.9402,43.6563,111.7397
226.9931,77.2548,43.7874,111.1996
231.8354,82.5852,42.3295,114.4696
224.6677,75.5074,42.7831,113.6160
228.7824,84.5109,42.8451,115.5149
232.7759,88.7981,42.1077,116.8564
233.9733,93.8020,41.6392,113.9201
224.0036,84.7584,40.7833,115.3566
232.5980,91.3805,39.7905,116.2017
232.8593,94.3540,39.2705,117.6451
232.6798,108.8233,38.9814,117.4035
204.7917,55.9199,40.4100,117.2179
234.8447,107.7461,42.1730,114.4127
198.0491,30.2624,41.8348,119.6426
227.0148,112.7498,44.5870,113.3248
238.5763,113.9119,45.5684,111.0514
240.8077,115.7626,46.3800,109.5115
242.5167,122.1184,46.3837,109.5041
244.3881,119.4903,47.4797,106.9684
253.6030,113.9692,51.2268,102.4538
253.5156,115.4572,52.4566,100.8869
254.6364,117.3503,52.4576,100.8856
254.7962,118.7553,52.4588,100.8841
253.6110,121.0401,52.4600,100.8826
254.6761,113.5168,53.8024,99.0751
254.2298,114.0867,53.9970,98.8047
245.9059,115.9027,54.7729,97.6748
246.4483,116.4079,54.7742,97.6730
249.4405,116.4588,54.7770,97.6700
249.7842,116.2420,55.2587,96.9998
251.5475,117.8259,55.2592,96.9985
251.9427,117.4402,55.9074,96.0200
251.6464,117.5983,56.6456,94.9589
250.5057,118.3365,58.0236,93.0599
2
0
0
0
0
1
227.6048,127.9211,58.5335,67.9938
2
0
0
0
0
1
102.7979,60.2285,59.2294,93.8343
99.9337,56.2341,59.2295,93.8348
96.8032,53.6315,59.2270,93.8466
89.2370,51.3941,55.1648,103.0304
90.8058,48.2371,55.0787,103.4043
88.8598,51.1508,53.8514,106.1156
91.0139,47.1192,53.8657,106.1295
165.6161,94.6047,53.7883,108.9109
2
0
0
0
0
1
67.3512,43.1926,91.3817,89.1141
43.5452,49.7519,85.7133,96.0852
83.8530,40.6493,81.1005,104.0079
69.0234,30.1347,87.3811,99.5967
81.3801,38.6501,83.8374,105.3029
67.6281,19.4017,87.6884,101.7677
81.5574,38.5666,85.3012,108.6489
63.6637,28.7728,89.0399,107.6021
56.8296,34.6569,94.1259,106.4137
75.7284,37.6659,92.6824,113.2303
47.2357,28.2180,98.1311,106.0829
62.7484,35.7985,95.0294,109.9680
2
0
0
0
0
1
72.1646,43.2163,105.5692,62.6426
125.1658,46.6199,103.1323,63.8346
127.4987,54.5570,103.4302,63.7175
125.7383,46.0937,104.0879,63.2929
120.2793,11.8779,99.6164,67.2981
121.9282,10.9785,99.6116,67.3033
113.8016,17.2755,98.1861,69.1829
125.2874,16.5930,97.8158,69.6737
125.0875,17.4577,97.7424,69.7747
127.0030,23.4248,97.7327,69.7890
126.6762,23.3772,97.7051,69.8275
128.2027,29.9298,97.5365,70.0694
93.6341,42.4782,98.9488,66.3448
84.7749,43.7399,98.8744,64.5017
84.1255,45.3905,97.6795,62.6684
61.6929,58.3830,92.1244,69.4868
74.3278,44.5992,90.2834,71.0855
110.5902,37.2741,97.1066,65.8633
116.3845,37.7602,97.1296,65.8485
119.5553,38.5438,97.2363,65.7871
117.6177,37.7812,97.3455,65.7074
118.1655,15.0008,96.7962,66.4823
117.2576,11.8215,96.7960,66.4825
117.7226,8.8632,96.7968,66.4822
2
0
0
0
0
1
2
0
0
0
0
1
134.4221,91.8134,88.5487,74.1020
129.1013,89.2590,88.6197,76.6643
2
0
0
0
0
1
223.3934,140.2713,78.2260,72.3765
211.8524,166.7230,77.1132,73.6523
265.7297,148.3165,64.4800,84.7362
193.1838,114.4604,79.7862,71.6473
225.6914,127.6145,77.9256,70.6257
238.3472,128.7682,75.1796,70.0493
238.0367,142.6996,74.4995,69.6442
238.5826,155.8330,73.0961,70.0812
260.7386,159.1569,65.7817,76.7201
265.8685,155.5587,59.4392,82.5449
264.6249,151.7550,56.3476,86.0729
254.7638,151.0974,56.3553,86.0621
264.0919,142.7808,55.4410,83.2399
257.6411,141.7714,55.3585,81.9665
256.5030,140.8589,56.5363,79.7242
256.2232,137.8313,56.6448,80.0819
242.6745,147.7256,58.2620,77.9158
247.6253,145.5415,61.0820,75.7894
244.9311,158.5536,68.4177,68.4645
224.3826,165.7991,66.2153,70.8615
271.5370,124.1074,57.4501,83.8030
270.1525,122.2146,57.4485,83.8056
268.4720,124.3982,57.4482,83.8062
2
0
0
0
0
1
223.7055,64.6531,68.8632,89.2584
218.0170,55.8553,64.7186,97.9960
188.2009,48.8635,68.6810,93.6011
210.9174,51.3704,66.7751,95.9601
220.1177,94.4405,65.7401,97.4087
228.9996,100.7448,65.5539,97.7464
229.6236,107.3200,65.5108,97.7778
2
0
0
0
0
1
81.3766,51.1114,69.3454,106.1841
82.9256,48.2467,69.3183,106.2508
84.1634,46.9068,69.3178,106.2529
85.0855,52.6834,69.3170,106.2552
85.2606,56.1398,69.3097,106.2704
87.2614,62.0028,69.2926,106.3115
88.9570,65.3034,69.2911,106.3181
90.6400,63.2923,69.2910,106.3184
81.9401,50.4667,69.0508,106.8648
160.7127,116.3639,72.2806,107.0735
173.8202,125.8526,72.0280,107.4380
2
0
0
0
