1
201.6886,379.9890,51.8086,104.5190
221.1044,388.7348,52.3543,105.8931
212.6340,387.3221,45.7154,111.1027
200.3462,343.8558,50.0764,102.1326
199.4604,283.8077,48.4017,107.7172
188.6932,293.8629,47.7911,106.9132
2
0
0
0
0
1
309.7000,397.0660,64.6928,110.9946
327.1373,389.2617,72.6728,99.3391
330.8518,393.4023,86.0846,87.5314
325.9991,397.0474,96.4386,78.4056
306.2411,396.0580,96.0775,77.8665
2
0
0
0
0
1
503.1805,444.6715,138.4143,125.3821
522.1208,442.2358,131.1632,131.4073
544.8760,490.2047,122.8082,140.8885
608.5328,544.1458,128.1842,130.4789
2
0
0
0
0
1
581.8311,421.3255,151.2438,161.6777
546.0953,342.7418,149.7932,157.5649
512.3483,235.0399,133.2640,178.7711
615.8705,380.0225,112.7994,207.7247
675.3278,411.0573,125.4497,193.5528
2
0
0
0
0
1
542.9431,37.1159,147.4507,203.9022
521.5817,0.0000,148.8967,175.5901
500.0767,0.0000,150.0416,157.6446
2
0
0
0
0
1
628.3911,262.2183,267.8202,145.0680
506.6476,170.8971,242.4418,170.6338
594.2304,265.0190,226.0923,183.0537
567.0708,266.0229,224.2993,181.4429
572.3056,228.9850,209.1603,200.6679
551.5696,245.6574,198.1709,215.2893
558.2881,219.8326,191.4634,220.1223
498.1076,213.6240,220.0138,183.2205
542.6642,216.5722,231.8120,165.8864
538.3059,194.8022,238.7767,165.0923
535.7335,190.9055,231.0366,170.3262
530.5139,214.9541,231.4541,170.2516
553.9032,289.8902,234.4637,164.7505
632.6628,177.5239,216.2382,179.0330
702.4222,190.0362,223.9215,169.1240
722.2806,241.5764,231.4792,163.1235
748.5143,291.6006,229.5704,164.3839
2
0
0
0
0
1
742.7394,430.9858,116.4877,170.3656
777.2759,483.0419,113.8021,172.6488
774.3216,501.2974,119.6561,165.2396
773.6667,501.1501,119.4180,163.8448
771.9484,483.0818,116.1072,166.8387
769.1986,482.3809,114.5581,167.6582
770.2979,497.4890,107.2246,174.4362
770.7597,479.4650,101.9373,175.8313
753.7567,484.5977,96.5514,170.3527
770.2930,482.9106,96.4358,169.2898
766.6775,479.2086,97.0601,167.1052
715.8915,399.7891,106.5441,162.9764
766.5443,468.7255,100.4998,166.0718
713.1642,436.8405,109.1090,162.3966
765.6240,464.8962,100.2472,172.5118
766.0937,461.9146,96.1219,176.2866
715.3144,391.2883,98.1975,181.3120
766.7283,443.2099,95.5656,187.2430
764.6550,456.5200,91.5392,192.7174
728.1260,437.8287,94.6083,193.3920
699.9902,344.4546,85.0736,202.3471
682.0120,368.6821,87.4930,196.9517
697.9514,335.1036,84.4633,200.3177
701.4355,314.5366,79.9060,209.4392
682.8472,352.9066,81.0765,206.6087
772.5618,380.1900,71.1451,229.8350
698.1260,348.5229,75.0942,216.1750
772.8812,394.1823,70.6022,231.5795
708.3088,360.6139,85.8489,217.8225
688.3339,343.4055,86.3102,215.3610
770.3840,369.5597,75.5350,238.9614
724.2956,413.6833,93.0176,221.1873
699.9094,357.0957,98.3420,210.2861
2
0
0
0
0
1
699.3336,273.2312,76.0247,299.2593
693.4559,251.7393,78.2378,299.0280
