1
156.5267,212.9132,83.1715,115.7936
2
0
0
0
0
1
2
0
0
0
0
1
225.0861,200.3239,53.7563,115.2284
213.9853,207.4620,54.9105,112.6436
214.8300,208.7761,62.3593,111.7254
208.9237,209.1125,59.6798,108.7135
171.7902,211.3695,94.5171,143.4203
2
0
0
0
0
1
221.1004,226.2996,51.9157,112.3423
138.1976,214.0674,99.4801,141.8250
2
0
0
0
0
1
239.6114,227.6633,65.2044,112.1125
238.3338,223.1098,75.9217,118.7382
2
0
0
0
0
1
276.9416,235.2361,82.3454,114.8132
278.0800,235.3557,84.9270,113.3353
278.5809,235.5383,86.3990,116.3832
292.1678,228.8033,71.2440,124.7334
316.5152,228.2538,76.9812,126.1967
330.5410,233.6502,56.9261,124.1496
288.5735,232.3631,63.7503,121.5733
260.6170,236.0617,87.0846,87.5611
276.2114,230.3853,68.5986,120.3882
294.2569,248.2572,54.5285,107.9549
313.8965,246.3978,68.7344,105.9247
280.7049,229.3820,64.6345,102.9784
266.5515,227.7783,65.5596,90.4233
292.0573,246.7793,41.1653,104.2376
301.4078,237.6514,39.9677,118.5791
316.8527,249.0862,52.9861,102.6233
320.0487,247.8465,60.6203,103.5844
305.5805,264.9214,78.6442,88.4452
315.1259,244.0625,72.9477,109.2435
316.4750,243.7039,68.3440,108.4401
319.7824,240.1958,64.1055,113.2708
2
0
0
0
0
1
228.1314,247.0317,61.1330,113.4463
200.6647,239.0536,77.6574,83.2207
207.0220,238.0534,61.3349,78.4342
221.5800,253.4254,53.7353,89.9889
210.7357,257.7556,45.1585,89.6172
194.0313,251.0376,52.9060,92.0146
180.9442,230.5470,64.6968,76.5567
183.3141,252.9309,54.1120,92.7795
171.2448,230.8229,49.3251,81.3603
167.8864,230.5858,38.2837,114.4718
158.5078,232.5988,50.4979,71.7080
163.6103,233.9383,40.6952,111.2003
145.9157,229.7141,54.5501,61.3803
152.5404,237.4871,45.5900,79.5429
127.8535,226.1028,58.5885,83.6972
127.0403,222.3922,47.0340,105.0886
124.3625,220.5105,41.9665,108.7315
120.7515,219.9853,38.0399,112.3782
119.6985,219.5418,44.2556,115.4076
118.0315,219.6989,40.3409,116.7900
108.5440,219.1409,48.2766,116.3454
104.2921,219.1213,52.4836,117.0729
106.0095,219.8432,91.0545,118.4881
110.9035,217.4578,92.8811,120.1575
108.0102,214.7542,90.6979,124.4572
104.3048,213.8345,63.9729,116.2614
101.1608,211.3737,50.6523,114.2655
97.6892,209.3117,53.8284,117.1161
94.0995,209.4031,53.4788,116.7376
96.8898,209.6736,51.4021,117.0282
100.1920,209.8621,47.1901,115.7810
98.3204,210.0048,48.1057,114.3842
95.9961,208.0774,52.4633,115.4954
94.6977,206.0003,60.6523,117.0359
96.3578,203.7394,76.1932,114.4218
101.2138,200.1385,63.1684,110.3643
103.6964,198.0077,54.7427,112.7987
106.5780,195.1483,39.7955,113.6096
110.2234,195.3923,39.9900,112.8332
113.1556,194.7980,38.0266,112.9632
117.9550,193.8592,31.8872,115.9959
124.0462,193.6157,30.0441,105.2350
129.7409,192.7779,43.3612,63.7171
135.0215,192.0970,28.9886,67.7339
141.8322,190.7115,34.2261,52.5304
143.9974,188.8478,33.4212,47.8691
146.8923,185.7374,29.5097,55.4403
150.1197,185.1123,33.7212,46.4911
158.6177,182.8555,32.2028,49.6788
155.8842,183.5536,23.4860,58.8983
157.6469,183.7611,22.0321,56.7258
157.7173,217.3298,28.3823,43.7782
2
0
0
0
0
1
178.0056,171.9499,74.8259,118.2132
181.1966,167.9269,76.9332,121.8440
183.7247,173.2806,76.8326,119.3913
186.1937,170.8089,44.0527,113.8555
196.6528,174.2223,43.2101,105.6042
196.2048,171.3287,43.3923,109.3994
201.8673,171.3494,38.0769,140.0375
204.9000,168.6187,42.6624,116.9328
203.6874,163.3985,54.1013,123.5833
204.7977,165.0218,47.0599,115.8475
202.5110,163.5689,72.3245,116.2251
206.5595,167.7523,61.9682,124.0569
196.4505,162.2875,57.8460,117.7743
207.5274,163.0176,52.4044,104.2308
205.2447,163.2384,52.2722,115.8614
210.9302,162.6154,50.5652,114.7176
210.6760,173.8782,73.8802,105.0495
212.6268,160.0968,50.6441,145.0899
210.7762,155.4251,55.4272,157.7034
214.3089,166.0349,54.6778,156.8769
219.0644,170.2468,56.8146,143.3487
161.5827,269.7712,100.2034,89.7831
212.0678,152.5383,58.8906,118.2979
218.9701,151.4261,54.1554,122.5513
223.6338,152.3045,48.1816,123.7160
229.2012,151.4876,46.4403,124.6766
221.0435,167.2164,54.1123,108.4967
214.8768,172.9229,58.1810,128.6469
225.2880,152.6133,49.9193,180.7497
230.4605,186.3433,57.8736,155.6407
228.6711,176.1881,58.3848,114.7716
232.8048,169.8980,58.3808,88.3794
233.4428,170.8429,55.6819,99.6491
241.6166,158.2148,46.6189,100.5421
242.7447,161.3250,48.7482,99.8618
244.6488,159.8593,50.5997,107.7969
243.4025,171.0467,67.0018,87.3917
249.8647,160.5593,54.6640,101.6177
250.3950,166.1756,48.7662,91.0724
255.7870,161.6509,46.2467,96.5977
262.7680,159.8721,37.0149,96.7570
270.5989,147.0760,34.1964,112.1448
268.7813,164.7080,36.6665,91.2081
272.9285,153.7575,28.8198,121.4110
273.4960,168.5215,32.3339,118.4931
270.3981,140.0568,39.5020,137.9115
270.9715,166.3219,45.9641,101.9246
270.6147,155.8493,35.5924,102.8959
269.0744,158.0882,40.6656,99.1837
260.6794,162.9594,41.8589,97.4027
263.9440,160.7237,65.0293,94.7389
260.2668,164.5669,76.1901,89.8252
257.0595,164.0192,84.6636,92.3215
263.3007,166.1869,80.6391,90.5211
267.3862,164.6935,66.6879,90.2567
271.4488,162.4457,48.8359,91.3356
274.4838,155.2743,43.4197,100.4907
276.6779,156.9518,47.0034,98.3985
277.2501,155.1080,44.8951,99.3116
285.7006,149.4517,35.4542,106.6243
279.8221,150.6384,37.0277,100.7276
280.5774,153.2850,36.4927,95.9803
278.2435,157.7528,40.0572,93.5898
276.2049,164.2869,41.9636,88.4969
275.3166,153.5737,36.5221,98.7843
279.2647,154.7976,32.2108,100.0427
277.8649,161.9288,36.5522,88.3393
291.6918,147.6436,29.8875,104.1279
281.5279,157.2204,37.4933,94.7765
282.5748,159.2446,41.5665,91.7916
265.7125,175.0530,59.1441,84.7068
268.2266,174.4019,63.0762,86.6630
269.7127,162.5880,54.7675,96.2143
273.3880,162.5240,44.6363,95.7762
277.0477,159.6176,40.3796,99.7404
282.0712,166.9438,41.4007,88.3945
279.4605,171.6873,40.7531,87.1993
286.7718,157.7442,38.3442,99.2440
274.7245,162.6385,40.8380,98.1195
272.9585,157.7760,43.3206,103.3864
288.7191,154.1981,32.3608,106.6932
291.0536,154.8698,30.6448,105.6599
292.1012,159.5632,36.1660,99.8758
289.6905,154.9145,38.4947,105.0432
290.3672,159.4036,38.7232,101.4583
273.7221,159.9037,53.1466,108.5584
273.6553,194.9341,50.7331,75.8660
275.9279,183.1885,52.6134,86.4166
272.2121,182.5094,56.7064,93.0262
269.6008,169.5450,55.9459,110.0190
247.2534,161.6468,77.0653,106.8503
253.3641,166.2184,58.8624,107.1528
253.8833,157.9078,60.4318,120.7728
259.5379,181.5225,52.5082,96.6583
254.9256,159.7375,60.6553,118.8360
254.4814,161.1161,71.1399,119.8445
212.8437,153.1029,131.2500,137.7446
2
0
0
0
0
1
277.8149,171.3699,28.0017,105.2538
266.4537,169.7816,37.2654,116.4886
271.4781,166.6761,36.3932,117.6027
2
0
0
0
0
1
236.4682,174.3033,60.7341,122.1393
2
0
0
0
0
1
224.0399,182.9114,54.5271,104.6696
222.0591,183.0769,55.2421,110.3608
2
0
0
0
0
1
183.4195,183.0047,78.3098,102.0455
2
0
0
0
0
1
2
0
0
0
0
1
2
0
0
0
0
1
2
0
0
0
0
1
183.7154,182.9008,50.5475,126.1250
191.3800,180.0961,44.1489,124.8656
185.5887,179.0813,49.6832,125.6545
192.6104,178.6806,47.1487,125.5008
170.0178,178.6608,66.4380,118.0889
175.6370,210.5552,58.5452,100.6531
172.8730,187.4640,44.2861,128.4960
180.9732,193.8172,64.9604,103.7174
182.1426,197.9349,57.7151,98.4144
182.1358,189.4628,58.1557,113.6324
205.9719,104.2357,49.1114,121.0150
210.6251,102.6542,46.0185,118.0989
215.5383,102.2434,47.4180,119.8261
215.5880,105.5276,51.3293,119.6072
220.9479,104.2829,47.2239,114.0021
221.5039,104.2758,48.4334,115.6001
223.9240,103.5624,47.2490,116.2427
227.6769,104.0372,48.2799,118.6247
227.6205,104.6483,50.7006,117.2632
2
0
0
0
0
1
2
0
0
0
0
1
131.0786,205.0281,80.9518,120.2085
2
0
0
0
0
1
125.2273,194.7921,66.7898,126.6022
120.4067,185.7384,76.2536,136.4238
103.0390,186.3869,98.2590,127.8092
2
0
0
0
0
1
121.0045,205.0525,36.1345,130.0192
120.8259,211.6577,34.9718,123.5612
123.4970,208.6184,32.6507,127.4775
123.4612,201.6657,39.7932,135.4422
124.4872,202.8407,40.7987,135.6616
125.5854,204.8015,31.2238,132.1624
125.9431,202.9702,35.8942,137.9899
127.2945,202.9181,37.9173,138.3726
128.4200,202.4006,39.9167,137.9680
130.5484,204.9666,32.2399,137.0167
131.8734,221.4623,34.1506,120.1051
133.8000,209.4050,34.3839,133.9230
135.5369,204.8138,34.5968,137.5981
136.5608,207.6985,35.0576,132.0603
137.3728,205.8897,36.6285,132.3696
139.8477,214.3168,41.6072,124.3441
137.4654,219.3124,39.3579,118.4174
137.5211,209.2785,41.6365,127.4635
142.1889,205.3583,40.8262,134.1305
132.1637,207.4713,67.9625,123.9435
110.6771,204.2344,106.3709,120.8185
2
0
0
0
0
1
137.9067,220.4021,37.1048,111.6491
138.3024,235.7450,41.8016,99.6975
137.6431,204.7235,37.8173,130.3680
137.1428,230.4366,50.7241,107.5215
138.2438,216.8469,34.9601,116.8020
138.2398,212.0457,31.7128,122.1002
138.5988,214.6112,34.3589,119.5750
138.9482,219.9936,32.3664,115.2429
145.9911,206.2866,30.8141,137.1655
136.9798,219.0025,30.8082,119.2431
140.2528,203.8386,35.7127,140.3653
118.0481,200.8033,71.7339,108.2480
2
0
0
0
0
1
2
0
0
0
0
1
2
0
0
0
0
1
2
0
0
0
0
1
2
0
0
0
0
1
2
0
0
0
0
1
94.7499,156.3487,64.1584,123.6602
2
0
0
0
0
1
122.1346,141.6857,39.3254,121.1796
2
0
0
0
0
1
135.4911,231.0171,76.8931,105.9020
2
0
0
0
0
1
176.5919,218.5643,43.5139,130.4277
165.3975,218.5020,56.9585,131.7854
153.6462,213.2442,69.6550,123.0482
136.1980,213.7952,94.0436,119.4718
2
0
0
0
0
1
127.2931,106.3130,50.4496,118.7535
125.9732,114.3780,52.3176,112.4592
2
0
0
0
0
1
2
0
0
0
0
1
173.6280,223.9902,76.6069,122.8193
2
0
0
0
0
1
179.3817,228.8049,81.2734,105.4848
2
0
0
0
0
1
212.6331,232.2093,81.7154,115.6004
225.9790,225.4996,57.4130,96.9120
198.6848,229.8238,89.7532,118.7059
2
0
0
0
0
1
268.2528,233.8464,70.6943,109.7866
264.5062,193.0825,80.6942,152.5741
255.6458,114.2568,94.5083,145.3791
2
0
0
0
0
1
320.9346,222.1772,57.8789,116.9472
335.3372,222.6196,56.8771,111.2021
334.8079,221.5434,67.0784,110.0483
2
0
0
0
0
1
395.4214,217.2893,40.5956,107.3352
362.8428,209.2935,40.6623,137.4038
402.9483,224.0376,65.5181,113.9595
380.4398,214.2281,87.2122,114.8154
2
0
0
0
0
1
399.9417,202.8135,64.6606,127.3331
399.8681,201.1012,61.8422,130.5001
398.4870,199.9253,59.6412,115.5434
394.1895,197.0509,59.0590,116.2446
392.5490,193.8340,58.6307,120.5739
392.5789,209.9173,54.2948,101.2348
387.9895,191.1526,57.6341,119.1036
385.4316,185.4375,52.2917,122.4598
379.8320,181.9346,52.7168,124.5857
378.2671,182.4623,52.4870,125.8911
372.4119,180.4296,60.6284,123.0677
367.9741,180.2210,44.6772,122.2801
367.4256,181.9254,42.9255,119.5717
363.1369,183.3962,40.9565,118.9674
358.9761,178.1605,51.6298,127.1498
353.6971,181.6727,53.9058,124.6043
351.4221,181.7337,61.5144,118.1090
346.7467,181.3410,60.9631,117.0639
346.2152,181.3125,59.9191,114.7863
344.1911,179.3201,59.3695,112.7277
342.0737,179.3642,54.6291,126.6954
340.6907,178.7142,48.0814,105.4443
341.1119,176.8790,52.7246,108.7451
341.2194,193.0354,57.2664,88.0429
340.4893,190.0606,56.5368,90.6276
339.5360,172.5168,57.9529,101.6129
339.7199,168.9929,46.5263,132.7644
341.8099,170.4233,60.5775,108.4810
344.3098,168.3136,51.5497,112.0178
346.9648,169.8472,49.7540,108.1448
341.6157,170.5646,46.8377,110.5376
341.1462,173.1275,46.5227,107.9486
346.2728,174.5607,43.1446,103.7579
347.6552,174.6220,44.9028,103.6212
352.9359,175.4514,37.0903,102.2979
356.6175,175.7703,31.1612,102.7673
335.9799,175.8382,52.9591,103.9448
347.9689,174.9184,38.7188,103.1041
348.5553,175.8371,36.7685,103.3697
345.6245,180.4145,34.6859,98.5936
344.7304,175.3450,37.8941,102.4464
342.8127,175.5246,37.8035,101.9206
342.0969,181.7523,31.5271,103.0648
345.5685,175.2787,35.7272,101.4781
346.5930,175.4147,33.0662,101.5743
333.5374,176.9959,53.0240,108.6618
333.5659,201.4547,41.9142,88.9893
332.7425,191.4544,40.4294,100.2368
333.4612,180.9644,43.3189,108.3237
331.7339,180.6331,62.0302,112.4240
313.3237,177.6696,94.6965,115.7652
321.3808,181.4798,69.1409,109.5313
306.1661,177.9242,98.4907,108.1074
304.9497,170.5768,107.0818,134.6821
313.6945,170.8153,107.6912,124.7921
2
0
0
0
0
1
313.0981,173.5572,49.7128,112.3917
312.1756,171.0329,51.4350,113.5504
310.4214,173.0419,47.7872,120.8057
309.4138,174.2443,51.6492,121.5725
307.7697,185.0558,43.4430,106.5658
304.7021,183.9068,46.6397,110.9190
318.7232,179.1839,35.4748,108.4480
309.9170,179.2358,43.2570,106.7395
319.3292,178.6965,34.3699,106.8345
306.7318,179.0146,45.9205,103.7986
307.0787,179.7428,48.5344,104.6951
293.7425,178.9875,46.2485,118.6616
291.6641,190.9651,62.9419,106.8180
289.6480,179.2506,51.8394,118.4999
275.3858,175.3075,70.8702,119.9337
265.8155,168.6872,96.9087,127.5455
273.6664,173.1680,76.8545,122.3218
279.8964,170.8823,66.4339,127.2658
282.3651,177.4239,58.0114,115.0919
283.7361,170.2525,57.8419,121.2281
282.6256,171.5420,60.7237,122.4060
286.5696,169.2390,46.9194,120.7784
305.1249,170.4033,38.4789,121.3720
290.1890,170.4492,47.9136,123.2195
287.3769,172.6999,54.2609,115.9559
298.7105,172.6408,44.6552,115.1722
283.3697,170.8470,56.0295,103.3079
290.8783,173.2457,54.2631,114.5153
281.4875,171.5287,61.0167,113.2120
263.0615,171.6193,74.9826,115.7545
267.3131,171.4064,80.9395,115.9138
266.7409,171.2628,88.3638,119.7401
236.8264,157.7237,122.7672,137.6243
2
0
0
0
0
1
281.7636,161.4657,56.3786,117.3922
280.2603,164.6344,56.9376,118.8292
280.4140,163.8665,57.9818,117.9521
282.5858,166.3695,56.3092,123.0997
283.2395,163.6285,58.1732,116.1500
267.6609,164.0464,74.2971,118.6389
2
0
0
0
0
1
307.4777,160.5887,55.4774,112.6083
2
0
0
0
0
1
313.1243,159.3198,43.0660,110.9773
326.1466,157.9707,48.1459,80.5953
326.8284,159.1697,49.5477,74.3706
317.7354,157.8335,50.6682,81.8418
336.5610,155.0236,45.9530,110.2215
332.6333,153.1543,51.6580,114.6230
2
0
0
0
0
1
324.2151,135.5779,42.7428,85.6697
329.8269,110.4480,35.0819,144.9916
2
0
0
0
0
1
329.8433,163.0946,37.9970,105.0868
327.5409,156.0243,33.9565,113.3576
332.8342,158.4949,29.6058,111.1626
2
0
0
0
0
1
265.5287,111.4385,65.2645,135.7084
2
0
0
0
0
1
2
0
0
0
0
1
309.0207,166.8519,33.6195,105.3910
317.0408,165.7566,32.6966,108.9856
319.2763,220.4694,58.7336,71.2361
324.2267,231.0247,62.8366,53.0999
328.8110,236.0901,47.2197,54.0933
340.7315,211.8573,60.2824,83.4260
361.2657,182.0726,51.8860,133.8986
2
0
0
0
0
1
322.7945,214.8795,73.5468,117.2628
2
0
0
0
0
1
329.1487,224.2466,61.0756,94.6048
2
0
0
0
0
1
328.5201,222.9238,65.2211,100.5746
2
0
0
0
0
1
319.5159,203.3914,80.0657,115.2238
2
0
0
0
0
1
318.9794,207.7362,73.9603,107.2706
2
0
0
0
0
1
331.3215,198.9456,57.2058,116.6388
303.9911,190.0829,97.5677,120.2687
323.9267,132.7386,65.1501,176.7045
2
0
0
0
0
1
308.9125,205.9892,66.8967,107.5582
2
0
0
0
0
1
320.9674,202.9867,35.3928,97.9994
316.4239,194.0641,53.5907,113.1683
2
0
