1
676.1948,136.3589,31.0955,70.6326
677.5824,136.9109,31.1979,70.5726
651.4910,123.4104,30.7244,73.2834
688.0405,93.1363,35.1332,70.1108
2
0
0
0
0
1
638.5833,148.2290,30.6932,66.0398
632.7656,136.3109,30.5530,66.0701
631.1939,130.2512,30.5251,66.3390
638.3394,129.7020,30.5131,67.4320
629.8678,132.1140,35.1896,63.2946
610.7828,124.1222,33.9709,66.4433
604.0607,118.6355,34.7288,65.7362
2
0
0
0
0
1
627.5679,153.8620,33.8551,58.0300
621.4321,139.7399,32.0609,62.4221
615.7466,133.0053,31.4093,63.6960
615.5829,125.3046,32.5669,64.4977
616.2653,118.2829,32.3468,65.4972
616.3892,99.2792,32.1141,66.4616
2
0
0
0
0
1
632.7363,146.6564,31.2993,56.6118
625.9289,141.3157,31.0386,56.9782
625.8160,129.5190,31.0819,57.5057
624.6406,123.1117,30.9207,58.2458
619.9304,116.7761,30.6266,59.3325
620.4663,112.3059,31.0408,58.8877
609.3667,112.2482,31.0848,59.0169
2
0
0
0
0
1
635.9055,133.1596,28.1050,53.7539
626.6718,128.3224,27.6447,53.9436
2
0
0
0
0
1
639.6388,139.7935,30.9702,53.0032
627.5870,139.0552,30.8165,53.7764
2
0
0
0
0
1
641.0316,144.9501,30.8179,56.7652
635.5652,151.0989,30.3174,56.8860
2
0
0
0
0
1
656.3328,145.8422,29.6432,54.7095
659.7465,149.9480,29.9633,54.5266
670.1178,127.1858,28.4706,57.4186
665.8593,121.8420,27.8840,58.3813
667.1243,109.6804,27.6575,59.2244
2
0
0
0
0
1
658.0750,167.0357,28.0616,51.4403
646.9833,146.8875,28.3663,51.1979
639.9840,137.8231,31.0999,48.8542
2
0
0
0
0
1
639.9016,151.5988,34.4156,54.8584
640.7822,151.1629,34.7300,54.9363
634.2508,150.7936,34.7120,55.0962
633.5609,149.9010,34.9243,54.9673
640.8419,155.8665,34.8975,55.3281
633.8914,149.9885,34.9464,56.1165
621.4222,149.6921,34.8663,56.2216
619.9673,149.3566,35.0255,56.1968
2
0
0
0
0
1
652.2693,159.5335,29.0857,58.8058
636.8885,158.9191,28.7859,58.9322
663.2109,162.2671,28.9769,61.1234
673.4854,166.9378,28.6857,61.3871
2
0
0
0
0
1
664.6871,174.4855,29.6489,53.0645
2
0
0
0
0
1
628.3644,150.9234,31.7172,57.9610
657.7505,145.2174,30.7246,60.0734
2
0
0
0
0
1
625.8998,157.1732,30.3479,53.6416
647.0908,173.3675,30.5248,53.0922
653.6942,141.7170,29.9926,54.7202
2
0
0
0
0
1
633.8140,139.1013,31.3282,61.5388
651.9265,121.3314,32.0608,61.5079
659.3936,127.0268,32.0536,61.8827
666.6107,127.1725,31.7662,62.3891
2
0
0
0
0
1
641.9399,173.8816,40.5454,57.7842
643.7997,178.1084,39.9651,58.5155
637.6237,160.1637,38.8986,60.2826
639.5288,148.7351,38.9827,60.9789
629.0289,128.6686,38.1660,62.5020
2
0
0
0
0
1
633.8983,154.8604,44.1677,60.6949
633.0394,155.2330,44.0164,61.5154
633.9457,149.8431,43.9873,61.6117
628.2400,143.0196,44.1296,62.1181
642.9467,149.0182,43.4469,63.9207
628.9698,142.8290,43.4977,64.0155
2
0
0
0
0
1
654.9659,155.1910,38.0559,83.1731
640.2319,155.3334,40.4109,82.0348
639.8586,152.4519,39.5398,84.2319
640.2265,143.7480,39.9756,87.3839
639.7620,143.8080,43.3726,88.7552
656.6198,140.7553,41.9076,92.7575
638.5131,134.1131,45.5358,92.4582
639.7225,143.6030,46.5905,92.9485
641.2142,143.0186,46.6650,93.9354
642.4800,135.3928,46.6731,94.1803
642.1131,135.2032,48.1455,96.3007
642.5768,127.6092,48.1400,97.5150
644.1989,128.1615,47.9271,99.8994
645.9766,120.1179,48.2095,100.7118
646.8596,120.9922,49.7538,100.4656
649.8679,129.5173,49.3168,103.3843
648.2509,122.0829,49.7389,102.7267
