1
2
0
0
0
0
1
144.8421,245.0277,49.0696,80.4569
134.6614,194.8714,48.0684,82.9171
2
0
0
0
0
1
218.6849,205.8596,37.6798,82.5252
189.3088,229.4868,37.1569,81.1625
226.1071,207.7264,36.8153,80.2899
196.6248,237.3615,37.0423,79.3979
197.2602,281.8973,36.1687,80.0346
2
0
0
0
0
1
173.1605,213.2678,47.1035,94.4457
2
0
0
0
0
1
248.9952,214.2894,46.5516,79.9824
250.0750,197.8378,46.1674,80.5015
252.8612,222.9935,44.9041,80.2925
246.4701,230.5896,44.6522,79.4783
238.9732,230.5748,44.4935,79.4169
230.8726,231.0622,44.7714,78.7937
2
0
0
0
0
1
318.5342,257.8779,55.1522,85.2574
265.6187,239.2279,56.9642,88.0843
257.8939,246.5131,55.7797,91.2032
258.5495,245.7155,55.0472,93.2528
243.6869,252.0204,51.4552,94.8795
260.1909,241.7287,50.7638,99.6637
268.1157,250.4427,51.7310,100.7925
306.6330,251.0498,52.6133,98.1649
307.3489,249.8297,50.9255,99.9661
318.3105,258.9436,50.2554,100.6494
326.1370,295.3173,49.9498,101.5228
333.6455,286.3335,50.7856,100.6063
2
0
0
0
0
1
224.2328,235.0237,56.1204,75.3367
225.8483,233.4732,54.5963,75.9906
243.0457,258.5508,54.6237,76.3330
244.1928,256.0235,52.7551,80.6013
238.4631,263.5652,51.3455,81.6337
238.8879,256.0219,50.0311,82.3771
237.3952,257.1917,50.1180,82.1895
236.7086,256.2217,49.5378,82.8870
228.0053,263.9129,48.6178,82.7600
217.9035,270.7989,48.9140,82.4338
210.4259,261.3406,49.0826,83.2506
209.4429,261.8228,50.5471,81.6360
198.6288,254.8960,55.4828,78.6481
183.9578,261.4686,53.1832,79.8460
176.6439,268.9238,53.3293,79.6119
176.5541,252.9382,53.7105,79.1237
163.8896,258.2538,49.4667,84.3144
171.6469,274.4571,47.9740,85.3224
181.2842,281.2811,46.8923,86.9988
180.4530,304.2014,46.1071,87.7691
181.2215,312.1308,46.6031,87.1916
2
0
0
0
0
1
116.6311,222.8984,36.6708,92.6426
124.9458,235.3005,34.1901,97.3124
123.4251,253.3230,39.7987,89.3815
127.1756,257.5797,46.8525,80.8154
100.7485,220.8418,40.5457,89.2478
95.5428,224.1179,36.6006,95.7106
92.1849,234.6855,41.9058,91.0555
92.0243,223.1562,39.9278,95.5464
108.9384,255.5093,57.5723,81.3092
105.4961,257.6895,62.5234,75.1960
97.6939,248.6855,64.5965,73.9471
111.3532,237.6008,56.9800,80.3301
111.1499,234.7048,54.6571,83.1352
104.5302,209.0394,53.5298,83.9431
99.0665,213.8974,49.9203,89.9566
99.6509,204.2505,46.1994,94.9820
132.8507,222.6389,50.9611,91.0859
119.4209,204.4182,47.1883,92.4482
113.3934,201.6875,41.8852,100.3283
137.9156,208.9392,42.5646,101.7265
138.0691,219.0771,44.3535,98.2472
138.9188,218.5713,44.8607,97.5627
140.6934,218.4647,46.3570,94.4811
145.7539,221.7967,53.9137,87.8634
150.5690,233.7698,60.2936,80.0775
156.7664,226.3338,63.6918,78.3326
155.2675,246.2886,66.7313,74.5628
154.5578,229.1372,68.9592,73.1288
170.2803,230.0611,69.9657,71.7760
161.3951,220.4576,70.9271,72.9367
154.0747,228.7981,70.8026,72.7320
171.6314,227.1297,67.6258,72.6888
167.2299,215.1618,63.4974,74.9136
178.9157,210.0629,56.8910,81.1333
186.3237,218.4281,56.3651,80.3311
187.1891,218.3814,58.1609,77.8559
195.3435,218.4249,55.8568,77.5682
200.9133,226.5945,57.2194,73.9380
207.1437,225.2677,56.8349,74.2188
179.5291,187.2441,49.8033,82.4982
196.6456,203.1878,51.0411,81.8495
203.9342,201.5656,50.1876,81.4499
198.1586,199.1838,48.0806,84.6454
204.9229,214.5552,47.6456,85.0067
209.6888,206.7932,50.8392,80.8874
208.3092,208.9894,56.0915,75.8856
215.7512,209.0171,56.1806,75.9205
223.2478,208.6063,54.7667,77.3826
221.5905,200.3319,55.6457,77.2189
220.8317,209.2331,56.8634,75.8674
225.3654,202.3662,58.3568,73.2144
222.9363,211.9965,59.9116,70.6204
222.6247,228.1906,59.9481,70.4460
214.9411,243.6379,58.9463,71.6655
208.6010,242.4002,57.6123,73.1027
2
0
0
0
0
1
237.9888,129.1948,36.7944,107.9893
239.6776,109.1045,36.9851,108.9926
231.3167,108.4669,38.6011,107.8553
2
0
0
0
0
1
230.8684,174.0118,41.5458,78.8317
233.2259,172.6447,41.0708,79.1495
254.5489,180.0803,41.9989,78.9217
254.5481,186.2112,41.7679,79.0183
261.1691,176.8067,40.4435,80.6602
254.9196,182.9311,39.3137,80.7907
257.6049,173.7345,38.9556,81.6154
259.0829,151.5972,40.2245,80.0831
261.7831,151.5215,39.3757,81.9152
264.1957,171.6540,38.5879,83.4691
270.4871,209.0142,37.3580,85.0980
271.6095,192.4571,37.5129,84.4828
273.2531,175.9541,37.8442,83.2479
280.6218,154.7648,38.1280,83.4247
281.2571,141.7347,39.6874,80.8710
287.1440,133.5741,38.5721,81.7066
284.5241,126.4872,39.1150,80.8809
278.0326,110.8434,38.4520,82.8904
286.0941,119.2424,38.6184,82.3583
278.4137,119.2156,38.3281,83.1660
294.6686,126.2039,38.1304,83.4658
286.7811,117.5656,37.6801,84.1469
285.3122,117.7536,37.6928,83.9722
278.4721,101.9044,36.9959,84.7803
278.5364,102.3231,37.5609,84.2086
279.8951,116.6105,37.4433,84.6849
280.1960,108.2229,36.5076,86.4874
286.8037,116.1816,35.6923,87.5975
285.5251,124.5708,35.7126,87.6712
283.7827,124.4106,36.1352,88.1639
267.7657,125.5488,35.6522,89.0480
274.2249,125.1039,35.2602,90.7901
264.8752,164.5863,37.2437,88.8729
263.5508,164.1928,37.9355,88.5016
275.9764,181.8765,42.1519,83.4892
267.3230,182.1452,43.5578,82.0491
278.6809,134.9148,36.1730,96.0037
285.9845,118.4861,36.1528,95.7376
292.8279,92.5768,35.7236,97.4816
303.4883,59.8297,35.9748,97.8628
280.9232,152.0569,37.1182,95.3672
287.1317,145.3275,37.1031,95.1491
285.8111,152.0570,36.1223,97.5535
277.3383,165.9799,36.5660,97.7618
284.1330,133.9858,37.3873,95.9765
299.1602,142.8720,36.8964,96.9880
288.4632,136.3361,37.6423,94.5338
296.5402,159.8834,36.8027,96.3759
294.3849,152.9412,37.5806,95.7748
310.4882,159.3414,37.5730,96.1741
277.6219,176.2733,41.2420,93.0867
276.0912,194.8367,46.8129,85.1942
275.2933,196.5533,49.2441,80.9446
273.0703,196.1341,52.3369,77.5679
271.8791,196.4987,53.1809,76.3298
271.6102,194.0299,51.3681,76.6378
266.6364,184.9485,50.4944,78.5515
269.8781,190.8809,49.2107,79.7851
265.2299,191.4137,48.4241,81.1630
266.4121,198.0557,48.1479,81.5963
268.3701,197.1980,47.2206,81.2144
270.9829,203.4801,45.8514,80.8730
271.5495,202.2996,45.0055,80.7035
272.0861,209.1045,45.1580,79.4662
265.3801,209.0173,45.4861,79.1796
267.1304,215.6323,45.1497,80.1052
266.9085,214.3679,45.1433,80.3720
268.0093,214.2115,45.4023,80.5458
268.5718,212.6578,45.2860,79.9693
267.1185,211.0060,45.2202,79.5177
265.9689,209.7434,44.3704,80.0233
264.6142,208.1815,44.0917,80.1354
258.4715,206.3448,42.2809,80.7264
258.1801,204.6664,41.2770,81.3292
251.4428,203.2721,40.0697,81.9171
250.7943,209.1759,39.6862,81.7514
248.8516,214.7500,38.8369,81.6428
246.8565,214.4354,39.5413,80.5343
239.6017,220.9657,39.7200,80.3781
239.2679,227.5126,39.9297,80.5917
232.8471,235.9129,41.9734,78.1244
225.8064,258.1714,43.0378,77.1088
217.1096,264.1680,42.6506,78.1710
216.9393,264.6383,42.5275,77.9061
218.3980,270.7565,42.3358,78.5645
212.3944,271.0815,42.3516,79.0062
212.6025,271.5068,42.4631,79.0407
213.6149,271.8829,42.4264,79.1748
2
0
0
0
0
1
219.3966,194.4166,43.6016,113.1296
217.0046,203.7564,45.4785,111.9257
214.1088,211.5266,46.9388,111.0103
210.7677,210.7758,49.9882,109.0347
207.9482,183.6363,53.9224,106.1195
192.4488,204.7616,50.6942,108.6375
208.8793,185.4816,53.8394,106.7556
197.6924,203.8652,50.3355,114.2347
195.2399,184.4815,50.8087,112.9021
186.2053,194.4590,49.5694,113.3435
193.1021,195.8179,48.9823,113.7765
184.7383,188.8824,48.8514,113.4118
2
0
0
0
0
1
193.3487,213.8456,40.5472,112.1713
195.1649,212.3715,40.0708,112.3445
193.3941,209.1204,39.7073,113.2564
200.9529,191.7494,38.8596,114.6242
200.5154,200.5845,38.2944,118.5878
202.4660,191.9958,39.0502,118.7199
210.4611,193.5130,38.3320,120.0100
212.8248,193.0954,37.3568,121.7802
213.8173,191.2029,36.4901,124.5413
215.4676,193.1419,37.5817,121.7804
218.6300,194.7162,38.1305,120.4182
221.0964,203.2024,38.9904,120.0258
228.7136,183.5572,38.9745,120.1769
221.6658,183.7274,40.1091,118.9101
230.2928,192.9064,40.4225,119.4936
230.8045,183.3581,41.0195,118.9635
210.0104,104.2855,41.4720,118.4539
210.1412,86.0603,42.6873,115.4267
219.3388,64.5692,41.8057,118.0379
2
0
0
0
0
1
147.4753,173.7770,55.7262,93.6609
145.6987,173.7887,58.8178,91.2152
144.6831,174.3013,60.9893,89.2882
2
0
0
0
0
1
148.9680,185.9754,53.5568,98.9018
146.4086,189.3033,55.5666,93.2783
155.2291,180.5022,53.3169,92.7153
154.0164,180.4767,51.5836,93.9771
154.4406,181.1947,50.4923,91.5941
155.0211,182.5869,50.3342,88.3213
153.9821,183.6126,50.2682,85.4170
151.2073,185.6694,51.0294,83.8515
148.4849,179.5991,54.6129,79.2975
149.3538,187.5862,54.2156,80.0221
148.8047,180.5957,56.9230,75.8150
148.1892,180.5702,57.9124,74.5126
146.9066,181.5018,60.2950,71.9635
146.6083,181.3977,61.8630,70.6516
145.4420,181.1520,62.9547,70.0453
153.0045,187.9053,61.2007,71.0068
143.7563,187.5360,63.2875,69.5282
131.2068,208.1637,53.5783,80.0313
132.9274,206.0376,46.7327,85.5114
124.5511,224.8383,43.0458,95.6407
125.4801,230.7821,42.6318,99.7731
132.2373,197.1150,42.0145,97.8240
127.2247,218.5858,40.4392,105.8534
126.9928,214.5217,40.4866,112.4520
132.3252,206.2219,42.8767,114.1944
127.1900,213.3759,40.4609,119.1216
135.2126,204.6469,40.6265,119.5020
133.5733,214.3791,41.0237,119.5518
134.2604,192.2014,40.8163,123.9763
140.6226,203.1592,42.3037,122.9040
141.2518,204.8512,43.1391,123.0439
140.2318,204.9332,41.2639,125.8918
141.6226,214.3781,42.0541,123.5946
142.9050,205.3178,40.9611,125.6852
142.8489,216.6195,42.6095,123.8262
141.8266,218.7254,44.7571,118.3159
139.1275,218.3608,46.0421,116.4009
142.6463,206.8452,42.9742,122.7228
142.3929,226.8773,44.0885,118.5748
142.0304,203.5525,41.0485,124.2961
139.4944,215.6785,44.0753,120.0903
148.2083,205.6189,43.2002,121.9304
139.9854,206.4781,40.9171,122.3052
150.8633,208.3129,40.1506,121.4509
148.3089,220.1099,41.2644,117.6394
140.8370,221.1891,42.8411,115.5909
139.1851,219.9092,42.3805,116.0714
146.7570,219.3558,42.4991,118.2890
147.8914,214.9540,42.6072,122.4538
137.0316,205.3120,40.8821,123.1642
142.8931,226.0335,43.0849,120.7037
140.8171,196.7884,44.0786,116.8753
133.8344,217.7493,42.7480,116.2470
141.5159,218.8190,42.0225,118.6166
142.7975,217.2148,41.4269,121.2609
141.1264,219.1471,41.0457,120.9526
139.7731,166.0975,38.6247,127.0995
132.4877,207.8230,39.8204,126.2829
132.3919,216.5132,40.2535,125.3384
142.5647,191.5207,37.9415,134.0732
135.5241,213.2263,38.6183,134.0638
134.2408,216.0675,39.4023,127.9398
145.0536,212.6692,38.6660,131.3592
146.2547,208.9972,36.7224,136.1832
148.3723,185.1580,35.2711,141.2542
150.3916,193.0293,34.6308,145.4477
148.5716,188.1783,40.0891,131.7529
149.2614,152.0252,37.9414,137.7515
142.8622,139.6866,36.7456,140.6698
2
0
0
0
0
1
143.6158,219.5171,31.4557,132.0014
160.4926,209.4562,33.8403,132.5753
148.3794,236.0902,41.8198,118.1250
146.9746,240.2278,45.6585,111.4290
146.1403,250.0374,46.5968,107.6370
131.3575,240.1058,42.4483,110.9578
140.8038,242.2492,46.3764,106.4464
142.8622,243.7346,47.2389,105.2504
137.7064,240.8087,45.0934,107.2604
166.2832,246.0834,41.4206,113.9910
145.9258,256.3416,42.6665,108.9856
161.8405,254.4560,42.8603,109.0802
159.4240,254.9753,44.4776,106.4575
148.7087,258.4279,50.5513,97.3751
142.8639,268.2248,47.2435,100.2402
142.2607,260.0637,49.7817,94.5445
141.7453,264.0621,53.7839,88.6277
138.5386,268.6595,59.8602,80.5319
122.5316,229.6207,53.7955,87.6697
114.6842,180.9825,48.3741,93.9769
150.3255,253.6544,48.5970,92.8508
134.4494,233.7490,45.6959,98.8504
121.3216,234.6957,41.3584,101.5579
155.3951,254.0109,41.3581,99.1339
140.7681,252.1837,39.7455,101.5363
141.1632,261.4521,42.7429,97.4426
131.9046,242.9134,41.9788,100.0115
134.0551,242.2743,41.3099,100.8386
126.2866,223.8724,38.7792,104.3098
134.7091,243.1170,39.5725,101.9391
132.9351,241.1517,38.7313,102.4865
124.8317,231.3463,36.2123,106.2147
132.6620,239.2363,35.1519,107.7647
132.7467,238.7474,34.7830,108.8238
125.1699,231.9823,34.2586,107.3588
142.0402,240.4032,34.6804,106.7611
138.6116,241.2963,37.2153,106.1714
131.1774,241.2314,36.5951,105.3197
125.0103,236.0902,36.3295,102.4428
174.4093,212.4227,36.5693,102.3633
138.9095,238.7937,37.3364,102.1995
137.1578,239.2187,37.2933,102.5579
129.6728,240.7785,37.4678,100.6717
131.7085,239.9253,37.3777,101.0587
125.6850,239.5594,37.7023,98.7207
151.6096,238.9486,37.0410,99.9539
141.0721,238.5801,36.6922,101.3687
135.0471,240.3994,36.6223,100.4935
140.7033,240.7846,37.5479,100.5018
134.7530,243.4859,36.8686,98.4409
177.8953,220.8686,36.2209,97.2444
166.8710,266.5284,44.0970,88.3394
135.3248,255.3316,41.7035,92.4288
158.5809,258.0328,44.0927,88.2103
175.2524,268.0817,46.7660,84.4547
170.9778,309.3861,43.0946,84.9896
171.8836,316.7255,41.7242,84.5386
164.8391,310.0792,40.0561,84.8903
187.9243,318.7016,42.5512,82.1142
2
0
0
0
0
1
197.2226,212.7747,40.2439,112.6085
198.8792,215.5493,40.8788,110.0093
201.8303,242.6814,40.8169,108.4633
210.6196,221.0767,38.9251,116.9997
203.3369,240.7024,40.0500,113.0954
205.2651,215.1711,41.1059,113.0934
206.1140,232.8876,40.1394,114.3474
207.9798,251.8897,41.4211,111.4677
216.0710,252.5424,43.1826,108.8633
253.2964,232.0059,43.8846,109.6387
2
0
0
0
0
1
231.8223,249.3698,54.6863,93.7709
225.1807,249.0913,53.2098,95.8586
232.6310,263.8887,59.7024,88.6393
234.4852,272.3967,59.6399,88.1644
235.2115,262.4734,59.4976,88.1293
262.5039,310.5521,57.9470,87.6998
269.3033,323.6442,60.4174,85.7922
276.3454,327.6304,65.7014,82.6253
264.9030,329.9759,67.5322,81.0591
291.1124,234.1393,64.5920,82.5725
2
0
0
0
0
1
370.0248,174.5213,42.4681,103.4802
386.3850,165.7895,42.1292,104.6461
375.3373,194.2626,42.6395,105.4676
376.5880,239.7365,43.2367,105.4687
369.0800,200.6140,41.9449,109.4470
366.0190,183.4501,43.7216,106.8890
359.2199,186.0945,43.7932,105.7073
2
0
0
0
0
1
392.6740,237.9553,39.5338,89.0625
384.5200,237.8848,39.3127,87.9508
2
0
0
0
0
1
406.7939,240.3931,41.2029,93.3163
407.0417,240.3944,42.5113,90.8223
404.2895,232.6769,42.8954,89.9351
396.8877,233.2758,43.4206,88.9907
396.1934,233.0333,43.4216,88.9418
393.4720,225.3397,44.1572,87.5923
385.5225,224.7151,43.9707,86.5279
377.3907,224.9942,44.8344,85.4213
376.8646,231.5548,43.5571,85.9886
374.6597,239.0695,43.9633,84.5086
359.5363,262.7916,44.7842,83.7883
365.7193,278.5681,44.8732,83.5726
364.5807,286.1377,44.7892,83.5013
351.1828,203.0333,42.4734,90.5787
350.5426,219.7976,43.5996,89.1577
351.7086,235.5223,43.6635,89.7190
349.5845,234.6762,43.8135,89.7506
347.6341,233.5669,44.2982,89.1599
338.9145,249.4240,44.0854,89.6174
330.4386,265.6564,45.0426,88.8085
330.1249,266.0093,45.2338,88.6018
330.9600,274.0901,45.2177,88.8574
347.8577,178.4941,41.5591,97.2449
354.7918,163.2189,42.4810,93.2257
348.8439,125.6084,40.0516,98.1609
356.5695,116.7222,39.8676,98.5365
355.4832,117.0979,39.6282,98.7390
353.2267,117.4359,39.3260,99.0045
352.4327,116.9414,39.2126,98.9496
350.1188,117.3288,39.0784,99.1606
341.0027,117.1403,38.5640,100.3340
342.2464,115.8643,38.0255,101.2192
335.5803,116.7967,37.8351,101.7238
328.1984,117.2225,37.4802,102.0506
2
0
0
0
0
1
347.4081,176.7520,34.7639,91.9283
344.6126,170.2182,35.8242,89.7855
342.5449,172.1370,36.7753,87.4451
342.3604,185.2516,33.5258,94.1230
340.6597,189.7202,32.6815,97.0669
339.3021,195.2666,33.0087,98.5655
333.0102,193.4059,33.7416,99.1546
332.3862,200.3171,35.2103,96.4002
339.0647,181.9384,33.6098,99.1396
338.5453,175.7286,34.2846,96.8014
323.6171,161.8579,35.2301,94.8847
316.5549,170.5217,37.3818,92.8707
318.2305,172.1066,38.1707,91.5356
334.3077,179.0107,37.6915,93.1715
315.8210,166.7542,42.8512,86.7290
308.0923,166.9922,44.4478,85.0264
325.7527,183.3887,38.0102,96.8985
326.8326,178.5983,35.3589,102.0347
325.0272,184.6931,33.9897,103.2323
325.3045,182.2452,32.5009,104.9239
323.3147,189.0465,32.8237,104.6741
313.7977,196.2246,33.7798,103.4020
319.9408,192.4803,33.4081,106.2163
309.5112,200.9640,36.0872,102.5025
304.0280,192.4399,35.9199,104.9656
298.1023,193.1655,35.4798,105.6975
300.1584,193.6265,36.2678,106.1234
307.5281,170.0292,40.0450,99.0362
293.6087,195.5954,39.0713,101.5585
287.4174,193.3859,38.2793,102.6566
303.7035,201.3828,40.9819,100.6452
314.5095,189.4359,38.5873,104.9094
304.8269,188.6893,39.0552,106.5915
304.1079,196.0652,40.3726,105.7343
276.9922,185.8889,38.4591,108.7693
300.4641,193.3692,39.6251,107.7845
292.0508,202.6081,42.5744,103.8008
293.1046,201.8207,45.5408,101.0375
303.3819,180.2102,42.2895,109.1690
302.4091,177.9377,40.9123,113.5624
301.0137,176.3894,39.9491,117.9766
290.6348,177.5905,39.1823,119.8776
299.5682,177.5225,43.9086,118.2905
298.5101,178.9653,48.1823,114.8957
299.1701,172.6137,48.6964,112.8815
297.7435,173.8540,50.8632,111.0426
310.7272,181.2279,49.8929,113.4788
309.4224,179.5379,51.1510,112.3172
279.2985,170.6530,55.4568,109.8424
288.7835,165.4851,61.8348,101.8583
300.5892,174.4688,58.8365,106.6196
291.2740,174.1729,54.5209,111.2399
293.9219,172.1914,50.9102,115.3271
292.2934,171.5090,49.1364,118.4776
295.0317,164.0204,47.7203,118.1954
295.5721,163.2382,45.8985,118.1338
292.5927,163.4871,46.1736,116.5559
284.0463,166.0927,48.7557,113.6780
296.2557,165.2795,44.2147,112.4725
298.4056,167.0871,42.9069,110.8730
299.1934,166.1515,40.1823,111.5438
288.7739,161.0147,45.6686,103.9334
304.8318,161.9965,44.8691,104.4541
304.1993,162.9486,43.2956,103.5715
304.3859,172.6191,42.3473,103.7681
311.5296,163.3699,40.2842,105.2553
317.8558,164.2543,40.0684,104.9067
316.7849,162.1794,38.0648,108.0174
301.6840,171.4355,37.1200,107.7811
320.1622,162.9583,36.7315,110.0618
328.1091,162.8765,37.1603,109.5417
327.1253,162.1276,36.9124,109.6759
317.6470,156.8049,41.4648,103.2572
309.8411,167.2680,41.1555,104.8588
310.8017,168.3316,40.8246,106.2728
301.0495,187.4483,42.9673,103.3974
291.6972,197.2674,42.9382,103.2922
2
0
0
0
0
1
343.6562,174.8899,36.1958,86.4357
341.1326,182.5765,36.4827,86.0232
341.7810,189.1959,36.0487,85.9979
342.4521,188.6682,35.7473,85.8703
2
0
0
0
0
1
329.2772,180.8770,36.5822,87.4041
321.9384,181.0439,38.0712,85.9053
2
0
0
0
0
1
319.6055,153.2559,40.9286,76.1027
319.8595,154.9552,41.7041,74.5192
321.1081,156.6523,42.2837,72.9098
323.4529,175.8879,41.8005,73.9274
318.8251,167.0874,41.3041,74.8808
320.7201,166.4758,41.4260,74.6176
313.6608,173.1111,39.2716,78.1855
2
0
0
0
0
1
339.7601,198.4233,31.5643,59.3895
344.2027,228.8146,32.7637,56.4885
338.2711,184.1798,31.6387,56.2941
331.1209,169.6707,33.0330,54.3434
310.3484,159.4019,32.2920,53.9606
353.8790,154.2971,32.1909,52.8431
2
0
0
0
0
1
2
0
0
0
0
1
341.3550,227.0443,41.6891,86.1097
334.9191,224.9297,39.3779,92.8497
336.1436,209.4764,39.3519,93.1613
330.9904,221.5180,37.7481,99.1418
340.5568,198.1469,38.0202,97.5390
334.4023,208.3937,39.6363,94.6097
337.1693,200.6260,39.6389,95.5648
346.1245,212.7570,35.7669,106.0677
339.5462,200.8077,37.8953,97.1908
344.7002,194.6176,38.6086,95.4018
339.0041,197.0017,38.7714,95.2596
340.3531,190.5457,40.1562,93.0760
341.2471,193.6055,42.0994,90.5490
341.4681,185.7148,43.7044,88.4232
349.8502,224.4453,41.7038,92.0994
348.3954,240.1212,43.0662,89.9411
347.7525,239.3512,43.9036,89.6799
340.9091,237.9278,44.3425,89.4241
342.0032,243.9084,44.6561,89.3508
337.3246,226.2155,43.9551,90.6454
339.7775,201.4403,44.2368,90.1028
333.9045,194.7016,44.5339,89.7857
336.4993,195.8604,44.8773,90.1174
331.2827,204.7402,44.3417,91.1828
342.2785,218.2426,40.5864,100.2263
336.7876,218.5521,41.2076,97.5786
339.0477,236.1149,41.6654,96.5280
340.1756,235.5451,41.6898,93.7139
332.9244,236.3417,43.9282,89.5931
334.6406,243.0437,44.8776,88.2769
336.4569,234.6310,45.2997,87.9709
338.6222,224.0717,41.1214,95.3196
339.5746,232.2703,41.3407,95.0044
341.0433,248.6264,40.7615,97.5599
340.2284,265.5806,41.8817,95.9927
339.8358,272.9454,41.8781,96.4103
346.9211,264.8781,44.3066,93.7009
2
0
0
0
0
1
331.0069,183.5539,41.6367,95.7059
329.3828,150.5566,41.4117,95.7124
323.3889,141.0757,41.1964,96.9325
330.1662,124.4823,40.5146,97.8416
303.5464,106.3623,40.0866,99.2250
2
0
0
0
0
1
