1
2
0
0
0
0
1
224.5090,186.6161,30.4441,64.5877
240.7034,199.4430,30.8483,63.0931
256.3714,169.2249,31.5252,63.1646
2
0
0
0
0
1
177.3297,288.1971,53.3183,46.9931
114.8463,294.3476,52.3011,47.6552
114.9718,289.3052,51.2605,48.4046
146.7457,277.4828,51.7130,47.9976
2
0
0
0
0
1
105.0831,238.0809,40.3062,40.8576
2
0
0
0
0
1
243.2372,268.7560,57.8955,46.5079
244.8805,269.5400,57.5646,46.0700
244.8805,269.5400,57.5646,46.0700
244.8805,269.5400,57.5646,46.0700
244.7674,269.3822,57.5426,46.0748
2
0
0
0
0
1
368.8236,328.0756,62.1342,48.0338
384.2723,341.6206,60.3141,47.7003
384.2723,341.6206,60.3141,47.7003
397.4814,340.2106,59.3276,47.6871
419.3511,346.1877,57.2959,48.5802
440.6468,351.9509,55.2402,49.2971
454.8327,351.7650,52.6390,50.3229
469.4554,370.7298,51.3611,51.1149
475.1188,383.0294,51.5170,50.4367
412.8989,344.1099,51.2399,50.1774
425.0592,349.8742,49.7529,50.6851
425.0592,349.8742,49.7529,50.6851
432.1196,343.9939,51.1201,49.7534
368.2754,286.8641,52.5913,47.1809
367.8445,292.2906,51.9526,46.6060
367.8445,292.2906,51.9526,46.6060
378.8201,299.0901,51.9645,46.4749
308.7099,274.4050,54.3328,45.9809
308.7099,274.4050,54.3328,45.9809
303.6003,280.0267,53.7013,46.4467
310.7666,267.4876,54.1917,46.1865
239.0558,219.0642,55.4959,45.1497
243.1170,231.1906,55.6389,44.3497
243.1170,231.1906,55.6389,44.3497
2
0
0
0
0
1
96.2480,146.4323,64.6934,58.1143
90.2173,161.6508,62.9361,59.4456
82.2530,161.1307,62.7915,59.5199
80.9986,161.1502,62.6358,59.6693
112.1676,167.7493,61.2457,60.7295
112.9688,168.2117,60.6438,60.3494
113.4932,177.2843,60.2774,60.1154
2
0
0
0
0
1
2
0
0
0
0
1
158.3841,67.2456,50.9689,73.9526
156.3652,86.1388,53.5749,68.4337
154.6221,88.9046,55.1584,62.3037
156.0414,103.9605,55.6712,59.9751
154.8777,103.3347,58.6346,56.6751
162.2688,103.3296,60.4953,55.3408
177.1182,89.7794,61.5258,54.5519
168.1415,91.9919,64.3070,51.9401
161.3431,85.4442,65.8747,50.6323
156.3306,86.3991,65.9197,49.4809
154.4128,86.4102,65.8508,48.7241
144.3910,84.6969,61.8260,51.1479
141.8093,70.4985,51.2212,64.5481
134.4045,69.9913,49.4900,67.0997
132.9978,71.7951,49.3037,66.2105
132.2905,85.9842,48.7672,66.8347
124.2041,93.7965,47.9030,67.4321
123.0867,86.2615,47.8889,67.0159
123.2662,74.0968,47.9937,65.5103
139.0127,66.7779,47.1760,66.7268
2
0
0
0
0
1
106.1509,110.0053,50.0142,63.6826
