1
267.9441,89.3617,30.6759,46.6971
265.9872,86.7195,31.4610,45.9301
262.0275,83.0068,31.1477,46.3690
266.5547,84.2478,31.4625,46.0431
267.0590,85.5197,31.6808,46.1093
268.1554,83.5642,31.4717,46.3018
266.9777,79.5290,29.1495,48.8043
265.8119,71.4383,27.8359,48.5782
261.4823,77.9260,27.4025,48.7529
258.4398,81.2948,27.2259,48.5312
263.6216,73.2698,27.1365,49.1766
258.9253,75.5933,27.1510,49.3243
264.5895,74.7635,25.0768,54.0444
264.6157,75.2054,22.7923,57.3913
2
0
0
0
0
1
2
0
0
0
0
1
2
0
0
0
0
1
2
0
0
0
0
1
2
0
0
0
0
1
2
0
0
0
0
1
2
0
0
0
0
1
2
0
0
0
0
1
2
0
0
0
0
1
2
0
0
0
0
1
265.6189,69.7151,26.6839,69.2939
2
0
0
0
0
1
277.1560,82.1928,30.8322,75.2280
278.5806,77.8174,30.3473,76.2271
250.3874,85.3734,29.0585,76.3070
271.3829,79.9198,31.2063,73.3372
273.2181,74.9902,31.3297,73.8616
271.5498,72.8206,31.3914,72.9346
237.2786,80.1536,30.7897,72.2452
263.8370,71.4653,28.9590,74.8069
2
0
0
0
0
1
268.0427,58.7945,29.1170,80.5436
246.6186,67.4783,29.6807,77.6008
269.5247,65.1906,30.1487,77.1030
276.8404,65.2627,30.7932,78.0249
277.9252,66.7233,31.3151,79.7094
285.5684,68.8028,29.0485,82.5984
286.5186,65.1881,28.2129,83.5986
280.7077,65.3748,28.7945,82.6628
280.5836,62.5032,29.1582,82.9611
273.8033,59.2623,29.6086,81.5937
267.0880,52.4314,28.8977,79.7586
2
0
0
0
0
1
225.5145,24.3288,27.5728,69.4184
2
0
0
0
0
1
258.6594,74.6520,30.1863,67.9845
264.8792,69.2924,29.1490,69.8350
270.5191,72.2943,29.1268,70.5916
268.9050,74.5313,29.6098,71.1200
269.7822,75.3780,30.8195,69.5005
270.3302,87.8348,31.5199,66.8318
278.6278,79.6474,31.3314,67.9911
284.5276,79.8099,30.6345,65.6192
288.9787,81.8906,30.0325,63.7490
292.0253,79.8656,29.5089,61.5093
296.8987,87.3786,28.9795,60.3024
301.3119,89.1427,28.5501,57.5496
307.5654,90.8047,28.8408,56.7555
308.5736,92.5439,29.6656,55.3282
311.1103,95.0271,32.6732,52.2879
311.1442,93.5584,34.2742,49.6955
311.0259,95.9076,32.0384,52.1798
306.8576,107.9656,32.9410,50.1285
301.1161,109.3924,33.6195,48.0878
300.4667,107.1197,34.6980,45.1538
297.4058,97.9639,32.0480,47.9633
292.0385,99.1460,31.2978,48.5101
290.7303,90.7057,29.4838,49.5876
289.8506,91.3367,27.8822,49.8477
286.0318,91.2335,26.4779,50.7968
286.1524,90.3569,26.2262,48.9680
282.9061,82.8697,25.0582,49.1009
281.5898,83.5596,25.1035,49.4631
280.9211,74.7833,24.2258,48.7105
279.5414,81.2846,24.1614,48.0810
273.8506,64.4586,24.1730,47.7589
279.7460,90.4668,24.0075,48.0014
280.5988,88.7232,24.2081,47.2685
285.8860,86.5884,23.2297,47.8219
286.5282,86.8489,22.7435,48.7308
289.8422,86.1205,23.1686,48.2968
294.4868,88.6026,22.9609,48.7267
298.4655,91.4550,23.2470,46.6286
289.2644,84.4259,23.9346,45.5061
293.5990,81.7701,23.4651,44.3514
298.2376,83.2668,23.5100,43.3368
302.2187,88.5107,23.2257,43.9636
302.1277,86.1531,22.9873,43.2039
297.6957,85.7303,24.4505,41.2790
303.0123,93.4762,23.5059,42.4422
298.5218,83.6617,25.2794,39.9753
306.9158,95.6975,23.7383,42.1084
301.6982,99.1479,25.6234,39.5230
301.7548,97.5545,25.5865,39.5605
306.4078,99.9366,25.2477,40.1848
2
0
0
0
0
1
316.6779,83.7592,18.9668,51.9484
319.4893,85.7742,18.3966,53.3772
322.8167,82.6838,18.7523,52.8364
322.8349,81.8436,19.2429,50.5275
324.0562,82.9575,18.8077,50.8585
327.3126,81.1242,17.8973,51.9823
328.3028,80.4841,17.3841,52.3059
332.8560,82.1007,17.0091,53.3220
336.9005,78.3801,17.3058,53.0104
339.8618,75.5907,18.1788,51.6613
339.9898,78.5157,17.7892,52.0336
339.3512,78.4122,17.5318,52.1135
339.0829,79.2648,17.1943,52.0721
337.8251,83.5186,17.2001,50.8255
339.1658,83.3979,16.8191,50.0622
342.5571,85.5713,16.5671,49.7709
342.9362,85.9522,16.5264,50.3734
342.3383,83.1709,17.2160,48.9960
343.6040,82.3148,17.2568,48.9658
346.4400,81.5503,17.1132,50.1590
346.9553,81.8784,17.4454,51.3615
352.0773,79.5622,17.0123,52.4685
355.3987,86.3422,18.4109,50.1469
351.2180,63.6247,18.6801,50.0257
346.4427,66.1030,18.7089,49.9160
363.0205,85.0293,18.9220,48.2682
363.0371,92.5364,18.7516,47.5001
359.5804,95.3620,18.4152,48.3610
358.3135,97.0959,18.5302,49.5243
356.4291,95.4020,18.7447,50.7913
350.7969,96.9830,18.9916,51.1205
346.7420,95.3995,19.1434,51.2997
341.6708,93.9556,18.7072,51.8851
337.6250,94.9308,18.5928,51.4524
337.1496,97.7871,18.4936,52.0537
336.5831,96.9875,18.6714,51.4437
336.6147,97.1721,18.7750,49.8269
335.6280,97.4460,18.7708,48.4812
335.5097,97.7625,18.3772,48.6801
336.2752,97.8454,17.5713,50.2538
337.1720,98.1258,17.2446,50.5342
339.5468,99.7450,17.3280,50.9570
340.8370,98.5601,17.3580,52.4785
341.9641,100.0374,18.6687,50.6448
343.4562,101.1081,19.2485,49.4140
344.9079,101.3057,19.1362,49.1300
346.8156,100.8024,18.8025,49.1440
347.7779,101.7774,18.9980,49.3286
352.5054,102.7452,18.6689,49.5060
353.1859,104.2829,18.9490,47.6126
353.6912,102.7833,19.0427,46.0014
353.7372,101.7215,18.4277,45.3050
357.3593,102.6369,17.8913,45.7379
358.2722,103.0955,17.3010,45.5617
357.9872,103.3501,17.2679,45.4192
356.7393,105.9662,17.0632,45.7671
355.5265,106.0551,16.9932,45.6109
352.1993,105.0088,16.9767,45.3267
353.5706,103.0894,16.3596,46.2248
353.7883,104.0802,16.7831,45.3300
354.2943,103.0967,16.7635,45.1274
357.8983,104.6259,16.7502,44.5102
360.8102,106.2993,16.6776,45.3595
360.8310,105.3916,16.7771,44.2936
363.9521,105.2969,16.9583,43.7413
364.5445,105.5247,16.5964,43.1854
368.1348,106.9057,16.4934,41.8916
371.5479,110.5722,16.0832,41.7496
371.4047,109.8357,15.9890,40.8163
375.2895,112.2463,16.1213,40.7309
377.7753,109.8000,16.1436,41.7467
376.5590,108.7088,16.5003,40.9102
374.6357,110.1521,17.1413,39.8079
372.9368,109.2414,17.3939,39.9272
372.7556,108.1171,16.6047,41.0019
372.5198,107.4142,16.4942,41.6629
373.3189,107.3036,16.1374,42.5914
373.5471,105.3338,16.0853,42.8306
372.8984,105.0099,16.5691,41.8047
371.8831,105.4155,16.8703,40.3253
371.7950,107.6207,16.5397,40.4061
371.4627,107.3930,15.9566,41.8576
370.8793,105.4978,15.6444,42.8487
367.3400,106.0361,15.5505,42.7444
363.6630,103.0371,15.8614,42.3587
362.1714,103.1613,16.2042,41.9495
360.1345,102.3573,16.4925,41.7169
356.5120,101.1929,16.2584,41.8511
355.1266,100.5440,16.0213,42.8860
354.5501,100.0962,15.4092,43.2212
350.6553,102.9367,15.4941,43.2737
353.2260,100.2043,15.7197,43.5695
353.1326,99.9415,15.8261,42.8210
353.1978,97.4807,15.4959,42.4353
350.3548,97.2773,15.5274,42.4722
353.8946,97.3401,15.4125,41.9953
357.5802,101.0583,15.3640,41.2433
357.4050,104.9470,15.0992,42.0868
360.4438,106.0032,15.4357,41.4123
360.3443,106.4509,15.2643,41.8444
362.7365,109.0941,16.3090,40.5991
363.2711,107.5521,16.1068,40.1969
363.1508,111.0941,16.1100,39.6293
363.2595,113.3206,16.3740,39.8542
363.8562,112.8100,16.2996,41.4654
366.8701,112.9454,16.3170,41.2205
366.6151,108.7239,16.2143,40.6620
366.0002,107.5045,16.1169,40.6199
369.1142,109.0366,15.8487,40.2040
2
0
0
0
0
1
389.7758,107.0124,23.1074,44.3974
395.0316,108.2495,23.3279,43.7804
