1
265.9842,97.5037,31.0782,45.2865
275.4846,87.5238,30.7745,45.5646
2
0
0
0
0
1
253.8890,88.1008,26.3248,56.6503
262.9833,93.5542,26.8098,55.9934
2
0
0
0
0
1
2
0
0
0
0
1
2
0
0
0
0
1
242.2427,84.8207,24.4754,64.8419
2
0
0
0
0
1
2
0
0
0
0
1
233.3779,82.7759,27.0715,65.1134
239.1024,81.4133,26.2236,67.4109
234.5701,70.1898,26.1535,67.5905
234.2567,65.7921,26.7173,66.5738
222.1486,55.6699,29.6058,62.7517
2
0
0
0
0
1
230.0808,85.9422,24.7962,68.7507
241.9566,84.3114,23.7404,71.9341
241.9566,84.3114,23.7404,71.9341
241.9258,78.9327,24.0116,71.5366
2
0
0
0
0
1
221.9322,92.5063,22.4365,57.6055
218.0824,92.2467,22.4295,57.7420
2
0
0
0
0
1
222.2964,108.9943,28.2792,59.9117
210.3248,109.0504,28.1606,59.7904
2
0
0
0
0
1
270.4067,82.4398,29.8925,68.7098
265.0157,87.5110,29.7048,69.4269
265.0157,87.5110,29.7048,69.4269
277.0314,85.8958,29.1884,70.9522
281.9447,74.3649,29.5447,70.4197
279.9032,73.9062,29.4553,70.1170
278.9627,79.5651,28.5906,71.6179
277.5446,79.5475,28.5006,71.9557
2
0
0
0
0
1
248.8000,72.3368,31.9289,75.0332
248.7634,66.7746,31.8137,74.9969
261.7937,60.3483,32.3590,74.0724
269.5097,60.3303,32.2490,74.0871
270.6045,61.7418,31.8722,73.3370
277.0803,73.0910,31.0637,75.8061
278.6725,66.0045,30.2506,77.5362
279.6112,66.1444,30.1048,77.8464
286.4626,72.9053,29.8801,78.4214
286.4626,72.9053,29.8801,78.4214
286.8311,59.1433,29.9301,78.1679
286.7536,65.0619,29.8491,78.9010
272.6545,58.6208,29.8264,78.8009
272.6545,58.6208,29.8264,78.8009
252.4554,65.4106,29.3765,80.0989
252.4554,65.4106,29.3765,80.0989
239.2714,46.0450,29.0512,78.9691
238.3932,38.7976,29.0739,79.5741
236.9296,45.8982,28.9785,80.3255
238.0662,46.9770,28.4929,81.0164
237.5120,47.3557,28.4731,81.0796
236.8787,61.9111,28.2933,81.5204
230.2870,62.0599,28.0527,82.1819
230.9686,55.9514,28.2249,81.4934
211.7799,77.4143,28.7590,81.5173
212.4326,96.6716,28.6956,80.8445
213.0565,124.0234,29.1490,79.8406
2
0
0
0
0
1
272.5934,75.1743,25.6695,63.5671
273.4036,80.3174,25.5908,63.3088
273.4036,80.3174,25.5908,63.3088
279.8535,74.4523,25.3231,63.7399
279.8535,74.4523,25.3231,63.7399
311.8387,52.9899,26.4784,62.2796
290.6198,75.8143,26.3531,62.3666
301.7346,86.6348,26.4933,62.1234
301.7346,86.6348,26.4933,62.1234
306.9388,96.4809,26.1105,62.5905
303.0973,106.8899,25.7046,62.9290
297.4494,100.4882,25.4787,62.9877
286.8551,100.2830,25.5721,62.7711
286.8551,100.2830,25.5721,62.7711
280.9552,100.1273,25.8181,62.5598
281.9714,126.8373,25.5540,62.8874
277.5581,131.2517,25.5556,62.8373
277.5581,131.2517,25.5556,62.8373
272.0170,131.0642,25.4960,62.9124
2
0
0
0
0
1
285.2151,77.5615,23.1260,60.6260
270.7626,77.8948,23.4652,59.9049
270.7626,77.8948,23.4652,59.9049
270.7626,77.8948,23.4652,59.9049
2
0
0
0
0
1
293.6016,90.9088,26.9150,48.7955
296.9472,67.7147,27.1151,48.2162
292.4407,72.5562,26.8688,48.4498
281.8215,77.2893,26.7633,48.3625
2
0
0
0
0
1
291.0536,73.4452,24.2650,55.3483
2
0
0
0
0
1
315.5728,81.5755,18.0174,54.7356
307.5270,72.3054,18.1586,54.9154
306.1275,76.3181,18.2110,55.2992
2
0
0
0
0
1
349.3932,91.1223,20.6369,42.8891
2
0
0
0
0
1
352.9166,97.1488,22.4229,59.6113
352.8485,102.4101,22.5033,58.7921
348.3394,122.4410,22.4556,59.0014
2
0
0
0
0
1
352.8493,69.9338,24.6498,60.1230
346.7980,70.8225,25.7147,58.8791
341.1852,70.8643,26.0455,58.4149
355.7881,59.8381,26.2103,57.9829
351.0381,49.1000,26.1977,57.9544
2
0
0
0
0
1
342.0045,95.8307,19.4130,44.6859
343.3236,91.6929,18.6353,44.8322
343.3236,91.6929,18.6353,44.8322
354.8673,85.7001,19.8708,42.9188
352.0294,97.5085,19.5048,43.6183
352.0294,97.5085,19.5048,43.6183
344.0660,90.1831,19.5102,43.5337
343.8613,101.6974,19.1490,44.0200
353.1799,100.8878,18.4533,45.6996
353.4425,104.2314,18.2789,46.5397
349.5890,106.9497,17.6317,48.1973
349.3426,110.9577,17.6416,48.1199
345.2183,105.8733,17.6820,48.1588
345.2183,105.8733,17.6820,48.1588
356.9070,97.8758,16.7654,49.0335
365.5790,97.8428,16.8817,49.0280
365.1837,90.2111,17.5892,47.8352
364.9172,94.8256,17.6137,47.7473
364.9172,94.8256,17.6137,47.7473
364.9172,94.8256,17.6137,47.7473
364.9172,94.8256,17.6137,47.7473
336.2761,113.7809,17.4228,48.4971
2
0
0
0
0
1
363.4413,114.3682,19.9654,39.6151
360.4162,125.2400,19.9848,39.4303
360.4162,125.2400,19.9848,39.4303
360.4162,125.2400,19.9848,39.4303
360.4162,125.2400,19.9848,39.4303
364.0412,125.3806,20.0917,39.2708
357.0379,111.1833,19.9905,39.0822
357.0379,111.1833,19.9905,39.0822
357.0379,111.1833,19.9905,39.0822
357.0379,111.1833,19.9905,39.0822
357.0379,111.1833,19.9905,39.0822
357.0379,111.1833,19.9905,39.0822
357.0379,111.1833,19.9905,39.0822
357.0379,111.1833,19.9905,39.0822
2
0
0
0
0
1
359.5639,106.8914,24.0221,48.3474
350.0027,101.5654,23.9177,48.0520
354.2022,105.5169,23.0078,48.1141
344.6887,109.1142,22.9543,48.7273
341.6486,107.9852,22.6006,49.3311
341.6486,107.9852,22.6006,49.3311
354.3962,103.2704,22.5680,49.5252
363.2361,111.1807,22.8252,49.2982
363.2361,111.1807,22.8252,49.2982
363.2361,111.1807,22.8252,49.2982
363.2361,111.1807,22.8252,49.2982
363.2361,111.1807,22.8252,49.2982
363.2361,111.1807,22.8252,49.2982
351.4583,110.2276,22.4861,49.2238
351.4583,110.2276,22.4861,49.2238
351.4583,110.2276,22.4861,49.2238
368.1693,119.3665,22.6943,49.1586
372.4059,123.3903,22.7642,49.1983
372.4059,123.3903,22.7642,49.1983
372.4059,123.3903,22.7642,49.1983
372.4059,123.3903,22.7642,49.1983
372.4059,123.3903,22.7642,49.1983
376.6728,118.0361,22.8864,49.2911
2
0
0
0
0
1
384.3998,116.8093,22.2118,44.7138
388.8739,111.8617,22.2123,44.8383
