450.0,91.0,31.0,37.0
441.2625144179086,97.3377423740717,33.21776424737368,34.81091967080192
435.11473558685145,101.63522957714926,35.49683288055732,32.54828645879964
430.0117602774833,107.17597126711233,36.74057093673261,30.947205071671334
424.77088857657367,111.96301402914392,37.721420745717424,30.194896891358148
419.02986445554467,112.34997989448745,38.34385938389358,29.382990225646125
415.01609172172147,113.34089533316252,38.30412503586618,28.82235354404335
410.85917485211877,115.43784230676692,38.028662434129146,28.17252388020551
407.3072703974127,116.32938491657656,38.59088399078864,26.785997332775963
406.51171311146436,118.8456945503493,39.608818542829766,25.807198675276865
403.5365366554223,119.7239957095682,40.61447026015072,25.432461619824288
402.77568341514285,120.68484960747027,40.268283998552675,25.54917926957679
396.82488015359496,124.77295891258883,38.92819225657273,25.852050396278134
396.6842065235076,125.15097027940529,37.455231531441655,26.22920768488493
396.9745250524147,125.42338110261528,35.59530081727825,27.381415629071636
393.13800666305156,129.6999579204508,35.03379856402222,27.11636509703829
395.3254465195592,132.65770116053923,33.246342890847615,28.029823299936364
395.3282651596457,133.60197845104165,31.667047740381914,28.614203203413332
396.89896847274247,135.3392087151492,30.261658818198427,29.493570628536858
396.2158258208778,140.30649287255454,29.36923683700038,29.602406892888805
399.27740231508113,145.0353089427876,29.43422376406004,29.56947358207355
397.93294458436793,146.89814114362616,28.872824512962005,29.29316430582364
395.4627280499672,148.5031849998953,28.412559873633512,28.843589898949457
396.582010327415,150.40529639611842,27.65601498159507,28.83259382540581
397.12367444121065,154.05558911803075,26.29448082281706,29.524535389637776
397.45012261342623,155.5840431567898,25.12772353745261,30.76494290965388
398.86472134609124,153.1926831338786,24.87322165928082,30.92908309097428
400.2442951924078,147.0701329188332,25.480908368732152,30.110407504829762
401.1397778535508,145.35030477025904,26.06111833560014,29.562810374472562
403.13878349983065,137.6189030520969,27.846064120066785,28.55346491553321
416.61838429469526,121.71669389293079,28.31788326703192,28.391488809426935
412.5301924303895,105.82304719479612,28.160278805946223,28.447657327766603
400.3767409977824,114.43007296234885,27.586547363299072,28.958251407285154
393.30094588476777,105.51819084507657,25.842456208102746,30.87197669377061
389.4814465331729,99.50446052155061,24.783103051246012,32.576694878664355
394.39283603536063,92.718438005068,23.43432497765669,35.039420224739935
408.47377430193154,106.58497197649248,23.06982507720534,36.354554796539375
424.8270159631656,129.2754652293174,24.48823112851649,35.3277324144247
402.7279528657972,154.60130555091564,26.034810844981852,33.56567350584737
376.92091110324776,149.12877118313324,26.138945639611993,33.12172799733257
391.86388986424936,166.60767902011224,24.60754134026497,34.81016781653864
391.63789704257266,170.63032435718486,23.760433617949154,35.938769163572594
391.0945859297123,168.2323100050994,23.38838510831066,36.73800435921382
394.9687674115672,163.94466642060567,22.633693084999965,37.46566531894229
397.27775399035477,159.09663992969672,21.58674696790647,38.58016007322113
403.4112414916845,144.98711312704876,23.468579490881798,37.140310556568814
403.7637355325761,131.9515149810263,25.351893306147588,34.966832165996564
405.97532365967515,115.58923116324947,26.042091762032424,34.32706950980216
399.07560945381783,110.2877364761653,25.69650254984575,34.7231687777693
391.41656355095733,109.78965474788964,24.23573998544956,36.56485249227045
386.70950515302457,101.8103776070671,23.97391531402986,37.079944402089374
390.7293094215754,104.017566361383,22.51382080357007,39.74243304335992
404.0339365355536,117.11888866251621,22.172890473929122,41.05604477349094
403.33389324696685,119.08669177569637,22.177358850800474,41.04883810996635
403.60457475288763,120.05196557363669,22.26126644404618,40.90283557805816
403.0977878775689,124.77602943992773,22.469005066853114,40.568896993425305
402.9509805702743,125.16956185340548,22.540457866872007,40.4763044197924
403.23793436109594,126.07569950611295,22.574612731346022,40.420880906712966
401.52695461440595,124.1408374875362,22.824270217050834,40.071586961383574
400.8619427388912,125.71365829796056,22.861126615404086,40.02020627154987
400.0265400089849,161.42121484600113,23.346340735151564,38.7390195670703
405.2884689475745,157.99492152575309,25.58360365417608,36.799520559983364
420.30715713554775,142.10584019559272,27.189429106232378,35.54071117440568
385.14638175837274,163.79358816811504,27.92688867405902,34.73221275743717
398.5909236076563,142.17328226940367,27.208156003934278,35.96610687297515
391.2044370034634,149.8308704992604,25.521957917154005,36.92371178533196
391.50749414681724,144.28448149018178,24.555909509076074,37.79821854799611
396.7767101419136,135.28788849824636,23.435074335899895,39.79418353882494
408.6237435304249,137.56293946999784,23.31928705411651,40.76632509507782
422.69094499951643,159.50097698475224,24.9326525180331,39.16977200770773
402.777108971395,178.41169060349645,26.245691395565032,37.41666599824661
395.86194115269035,188.69949686042085,25.42587959492507,37.82194185109707
396.08857141007417,191.22542439665585,24.725227200598887,38.57763816259921
396.5276688600576,197.5657973102181,23.592299304406673,40.45859601742052
400.01422173870515,205.0197126242582,23.533743374687244,41.20657765282908
400.10410785633024,197.4039282033634,23.501769439226397,41.80126275896197
402.66836780021765,184.58859223851516,24.42435648123071,41.54505381402465
404.74468227655115,177.43030261929192,26.815521683684498,39.63528799021528
404.97058846098395,166.83758912196282,27.184084757323795,39.39230540845746
407.59251423387616,152.25667387628403,28.49361227037733,38.977719884190066
401.8849158827705,152.58381351072867,28.375149991265456,39.301092986230465
393.6020977489646,156.66917121750924,27.96387280672881,39.835123819007194
375.0880656252334,183.58403919802933,27.65969218114419,40.34696729522291
378.85719323596254,166.22653878991557,29.4633892835996,38.31645801013208
397.55841067505986,154.1107624984211,27.963797880746657,40.132372623150275
411.3341471714437,142.71605847017867,27.01752660917041,41.19679937165174
421.13136238357623,146.44235731042266,26.791927819426867,41.67426541568158
421.36123848918913,150.51711580502877,26.79702516965388,41.669691663774046
420.7767379701009,154.7218089136597,26.799167296316103,41.666708988077175
419.061205750961,157.48747314029643,26.799843999229093,41.66592529264668
379.09233081862595,186.60504479190894,26.632178519660872,40.58880963834744
371.75671439467396,192.8329821251242,26.989146116405237,40.162344380486275
372.87201531786275,192.04461371388297,27.619999233711674,39.18531757496275
372.6031621759813,192.2991997302579,27.802412243548865,38.95612065846581
371.7446741354599,191.53333860764786,28.4106196230383,37.719002113890966
371.9816634368963,192.8182823130469,28.47307370363327,37.626523350630116
371.28336615200686,192.41645385606157,28.49898698755404,37.577167702802676
370.7404884561445,191.7668040983056,28.52645535478081,37.54339241019389
368.25926486690173,194.2796292422027,29.268787348482427,36.22064038633098
380.3778636846999,182.79263101844117,30.625330176142942,34.65472556371239
382.6357426240339,182.52489488921907,30.640087014576924,34.63889944225853
384.072826246559,178.4790141981162,30.984678352595715,34.25226154773085
372.55759750607547,186.14622077293396,31.178649017156435,33.62264042080045
370.08252883599704,190.86208671492884,31.31089475956551,33.81542025556069
369.23077831823554,191.0914733432925,31.484103284102144,33.81930424184676
369.05081461010866,193.2877224526754,31.688932768732514,33.18502335782823
366.4960098470745,199.09520469024707,32.56344822436616,31.428387701959835
367.1821989636941,198.43524006947055,32.95823887063597,30.973684608803698
368.4869785503974,198.28479745778915,33.39325371952248,30.17823120244392
367.48751040498126,194.8186861976782,34.19132533769388,29.25861894864844
366.3077599282839,198.75288107939554,34.308437565807886,29.110170801272144
367.6189805888254,198.82789033225097,34.38593287306646,28.965117315439254
376.1388274944698,189.53477690675132,32.86656186146037,29.867708454768646
402.51051655703026,166.99043613558035,32.87446165992346,29.183204267130133
400.96523009784465,162.92337337382475,32.87412104413026,29.183739092399147
408.88171041216657,157.37117607162722,32.978237937764234,29.183972434282005
412.4887010329444,171.4243864769993,35.34711859653814,28.10404088135033
389.3283834536867,196.66711248939072,37.44488769670401,26.636407307495247
390.06398959390793,197.4161196632188,37.44506733253647,26.636231695419518
391.8721940621058,198.323379395337,37.44518857611824,26.63600025131707
402.78037630215033,199.0897032208204,37.13674340755258,26.697310620560536
401.0275184210056,186.81815987082993,37.36304427764536,26.447636471542463
401.78393213017006,185.77204217373023,37.36435877654519,26.445038014881288
401.61926823217175,185.61798525939275,37.36914679192501,26.43574819923286
396.4366838889705,164.7973577718196,36.55643614483147,26.740199738099875
396.14980955441297,151.4440074232976,35.34146897456043,27.162104674035476
397.28775223835737,155.05977886999975,34.60304858298235,27.169260263144633
399.93143538129914,154.86636526099193,34.60816610370901,27.160717206378106
401.1096363632918,153.7929403575704,34.612038693022576,27.1534580120615
402.50951528519334,153.9308071088627,34.6127540624153,27.15244333052562
404.2194892458145,153.45770374263643,34.6155480311266,27.14866062492118
404.7721013012175,154.24894305037404,34.61715010650076,27.146251909004985
405.5888309217841,154.83199036573018,34.61847770962109,27.14487042259507
406.24065725640935,155.56310693668152,34.61982176926773,27.142427629699068
406.89898401535396,156.03154717895833,34.62093599067444,27.141178181903875
407.6546400720083,157.09267914810815,34.622423140366195,27.139286777402425
408.69633413752416,158.28048543845196,34.62428514857093,27.136569675917066
408.5764709499934,159.64448126582047,34.624984276799644,27.135939461838632
407.7949075538358,160.04165090906756,34.62536692848979,27.13549452587319
407.23725169894493,160.58697701927628,34.62599810963082,27.134734812055193
407.3070569668607,161.09789489840597,34.62662921162523,27.13397907088564
407.33812619233794,162.37078636650108,34.62695437203508,27.133671140798906
408.4470295465292,162.99028691844214,34.634136839449084,27.127860692625106
408.77759403172837,163.34896043609348,34.635887216851984,27.126398044815577
408.7425119099422,163.23536635631245,34.641218378165576,27.121451966492142
409.67116666810426,163.23762688525042,34.64207817908695,27.120774682005457
410.11498495855045,163.81366743482334,34.64282939745758,27.120111076679773
409.90128749301243,164.51428876103165,34.6461378770032,27.116507818069664
409.3848082109588,164.54964256836087,34.64861546023737,27.114395501045788
409.18148857076943,166.22404214770833,34.64879743566157,27.114280891682554
409.3552240349029,167.2225462986581,34.64970477825908,27.11357257185391
409.02611134508135,168.38399934788652,34.657360838177155,27.108004940041354
410.2028051547601,168.40976694772024,34.65976311864573,27.105270838392812
408.7877440508839,169.08796343241548,34.66081785775494,27.104917512289976
407.3801108746797,169.82881586132592,34.66244361568085,27.10382672059307
406.88800841285723,171.76724224446139,34.66286541344849,27.103526297690674
405.7252646709128,172.95585566500156,34.66446984069671,27.102869204535146
406.07499882986275,173.39028616604506,34.665492712753476,27.102003226175555
406.261271386037,173.86935252555534,34.66598553470832,27.10140446272904
407.13250566417764,173.6299625776849,34.682458509608296,27.066956657282798
408.20170181763547,174.1021336588554,34.68386126761884,27.064797512672524
408.5340273035101,173.59605829900968,34.68718017835788,27.060271568011483
408.98989847077746,174.32435727354618,34.68887544872727,27.057074350025207
408.58106141773425,174.41405128006295,34.692731576908436,27.05192525720351
408.9406904893895,174.55798777025672,34.69459838066893,27.050090794767954
409.3191891217414,174.88921157970137,34.69795748259956,27.046394067564087
405.0674054943265,170.45907135969767,34.754763606142696,26.98417675824289
402.068573874035,166.25022625489862,34.85717891047695,26.918632562323406
402.9916818080921,170.75301454895438,35.00531550227031,26.79271371957321
403.20245339410053,170.67470991028873,35.03583311912324,26.757380290200377
404.2322160234228,170.71636960962132,35.03871440039569,26.7529713019394
405.45143797677576,171.01339308808556,35.0436079341805,26.747100118631547
406.8543185349142,171.18835341940567,35.046697106294715,26.74208590530924
407.1322815053438,171.61500194369145,35.06119894081843,26.728814639322813
407.5343917803652,172.8496133311157,35.06963139589891,26.722644852526702
408.1990515559511,172.92840677105877,35.07401285924587,26.71686140653565
409.2432455271137,172.49147313731083,35.11554516113757,26.686670813657088
409.95147692801703,172.104092820801,35.123055919664154,26.679189565783062
411.29311206059947,171.8789837769142,35.12315099950051,26.679029146180937
412.346360649376,171.9499294070823,35.12353472519147,26.678545643842238
413.42340032063913,171.40786796345378,35.12424792989113,26.677887003580057
414.95720466567997,172.15529694692125,35.12570123436207,26.676464300278838
399.5999728371511,161.8782107549778,34.65841936224502,26.220262614951867
399.81111422910857,162.50898769156018,34.294505190410845,25.556742408397863
400.6959666016442,162.70150857845022,34.208615924618144,24.62349484171385
401.10581413444714,161.78077041445607,34.06194151988955,24.01952992366941
399.2077957887584,162.1080359771176,34.15904985509634,23.53732354519357
400.8897824293184,155.73042680215238,34.975535596498325,22.029879961225074
398.1611679190212,156.5482250568769,35.58411654580367,20.774642594794706
399.51464232004474,156.26319530814132,35.314277214123955,20.353617516612804
394.83977973726587,149.74812209189452,35.88742824485509,19.618880907724577
389.42917704177955,149.12440693877764,36.31744882900395,19.4574080920101
395.8567950515926,148.69982140849413,36.34538579826954,19.384249011509596
398.34862516713343,152.6049512138847,36.33263611635167,19.035230169161085
397.6498573853459,159.92222551989818,36.63125646061975,18.481419624761074
393.3898845997308,157.75081054708315,37.41494209456356,17.866266553423365
397.14798646134386,154.68825297424434,36.26461981436114,17.78785281802803
397.69068353723856,150.22639023091935,35.58338297329604,17.505141193777078
386.38616100209805,140.61639197134383,36.4388517648905,17.399370195838266
382.93380855236853,133.7802007833267,36.38450887000746,17.600278878024877
381.42693331457565,124.6876630645844,35.18108767658687,18.42905205415695
379.26893975022176,127.45747415727003,35.075030528103575,18.527582468120425
381.2626385857304,129.92028522985996,35.07331081462114,18.529553554141703
394.49904014627,139.5944911012268,33.76566310430853,19.303955989874865
398.5871134923863,147.55600871300186,33.120390187558016,19.138388036222153
399.16413290267116,152.86604068881098,32.90202609395132,18.63168162854926
398.17140249357095,158.01588860006052,32.45609734191552,18.345917080464254
395.0054904712204,161.3916430051898,31.786524730580243,18.308439489688084
389.4090132945913,162.648773124667,30.19595552426812,19.412149002091716
390.31738989072005,161.21183728764782,28.16600644182249,20.86992577695252
390.4561136621468,159.246696791621,26.822237406773905,21.546971190469208
397.355117681995,152.05050942301006,25.941270191967494,21.814536662554353
399.0676500562148,147.4986936014183,26.011172904160247,21.612238168103627
400.7100117647391,138.20308821936163,26.732918736837096,20.446328799770665
397.83099989691874,130.11295333327757,27.76791858102872,19.635841583413363
395.72269264435636,120.946378987652,28.26721836599969,19.223066278692855
398.5248349971111,114.57485566804425,27.973854375822288,18.873102015503548
397.7420810482465,114.09758489439609,27.80997463259832,18.801090289598875
398.64966929824845,119.7536974572331,28.182474562343007,18.389101293685602
400.62022293913634,119.79704869669501,28.292226255024037,17.973630203807474
401.33923398799544,123.47516790684591,29.049997547579945,16.96515913656355
401.7663357510466,127.28193503991639,29.751323258271114,15.95479669583153
401.8223432355452,127.66934150509245,30.115908340200136,15.0072523212398
400.99074746238085,128.00562546844827,30.72864670049367,14.154588945438146
400.54081904325733,128.25859092133766,31.08780304349763,13.572237523883695
400.7246859149677,128.00966547256357,31.02314905419103,13.45018289002546
400.18213983135354,129.14103913190038,30.89572276782138,13.171667520204355
399.9184489248245,129.11848419541292,31.110612210274002,12.981952050285729
400.59204319837085,129.25904613240303,30.83736751655951,12.925647881195738
400.4518807099765,127.4589868739931,30.890064277200796,12.851497675481438
400.4036056145878,125.65107306907946,30.914315561234748,12.73637802922045
400.15902609526273,122.38505325628488,30.79387208895571,12.815994559106482
400.2469588943893,120.22957503140864,31.093893789286554,12.489169388833329
399.80011436399326,119.65002403377068,30.890376257518845,12.390089096893073
400.03445029324007,118.94566515898997,30.893202888405064,12.302997887447221
400.1758696550211,118.16039033180282,30.956097807421255,12.301743614399966
396.8685630927126,117.19292654865072,31.407861028931475,12.275010437944433
395.7492912787881,112.70174030680955,32.398224386585454,12.081213526179992
393.2928462483271,109.13311404797948,32.72119297305059,12.56020188368391
397.0683070507403,104.1162654227663,31.72931382199014,13.569317224930547
395.81582604253447,99.39441748266317,30.425635358360296,14.769662122470809
386.9931743165889,90.40907156688232,30.034384473703568,14.498601329520804
386.84993422955887,90.34936932326653,30.034899920361944,14.497606252247754
387.3315788293159,90.56669269508009,30.035162540172347,14.497173385344853
387.00940806995254,90.1036861731383,30.03554781490723,14.497014172758728
387.7956743172795,90.23437129944355,30.03575754399288,14.496844169343323
388.45083391816246,90.19777329424033,30.036415920390162,14.496331571003212
389.25477176334704,90.26310308631412,30.038043380007306,14.495241576947363
389.6942605010173,91.45943907802094,30.034183623840082,14.499682916745398
390.7113698008742,91.2163758600396,30.036139083040496,14.498057183337396
392.64671248484103,91.23082241991382,30.038909239551494,14.493315049813397
396.86735040926374,95.66249404787395,29.111735849659905,15.138510993722248
396.92111047958815,107.6318099641922,28.241143575946776,15.688505641188273
397.24901556650275,108.07778726359581,28.22569661851776,15.70080613452506
397.98126519343583,108.36689535001372,28.215771472775334,15.707786575954678
399.0047288256143,108.36864618072241,28.211319670378266,15.710670060711882
399.6129824541743,108.47195091535598,28.202330156368983,15.715984637722743
401.2215957340419,108.2011738666372,28.20016812223793,15.716734110602802
402.03068840881883,108.22891267624199,28.186678212022752,15.724165870994717
428.22700595891916,127.51891743077346,28.550493764898285,15.62401094567202
431.76645758306717,127.81324908666019,29.804407594239066,15.168748521149432
430.6990029590835,128.5256137023192,30.686880085118723,14.767235775808613
431.2514216327159,128.73882860966975,31.27351324166091,14.483954532360306
434.1649014924558,129.10156091071187,32.376624876093544,13.991422244552773
436.49246113579443,128.9649638795572,33.11145634167455,13.684119340023306
436.7093502461875,129.1595938452523,33.17957396582472,13.663052140967254
434.8844350666136,128.92595133109785,33.46588322588199,13.581821432219396
436.0629728292912,126.1278273647917,33.724053281200014,13.554429304406888
434.07420327288327,123.75697036236157,33.919804760119945,13.506146685274205
433.5965257941515,123.88955607388549,34.11083189346778,13.50415986925535
434.714342729997,121.56513322387691,34.19526995743043,13.525364368253213
435.286240224691,121.31052301412154,34.3500290308857,13.631004151977882
433.5471620119463,118.34004218532688,34.67491568861391,13.783005829556242
433.992585829339,118.26346941784445,34.83406323777319,13.89699684985073
434.7658559536258,115.45508764691881,35.16017468540477,14.051472965707116
435.4431680775943,115.38114206935153,35.217952948110785,14.103852483213613
435.3208843777882,112.58386700521744,35.30231115389725,14.210045067536464
435.4742158812346,110.11219416109033,35.34301102294289,14.26575790895842
438.9405942176295,107.49597097754618,35.63347517534844,14.242644831619225
440.96835822792036,105.35880465420833,35.876522556072835,14.169899154930688
440.1127026986838,105.5687347231918,36.01187178631414,14.16408169841935
441.81089822348883,99.7442398901964,36.27311380288137,14.130869025237784
443.3063993140752,99.69689622902882,36.767816997380095,14.105209980213784
442.0246803414552,96.86332009713779,37.081720097267876,14.037969124183826
443.2848418318399,96.70016541713454,37.28112558634708,14.045957315767632
444.6912273615164,93.75723298943855,37.603830639359906,13.964147915788512
447.076274974215,90.72216791604119,37.844157643729545,13.873900560141825
448.1068604897237,90.47031450953715,38.23435112992403,13.741588739307442
448.3762180430465,87.15679627117048,39.42312370657463,13.242705873999771
446.93876348713206,86.9320804644857,39.65474802073499,13.130074389415551
447.93914108115086,83.92232682288648,40.358197392023555,12.815436126654502
450.16371419196713,84.27485747062019,41.00241064075853,12.608045004832103
452.95376199465284,81.58643542319962,42.187888536973986,12.248399803713765
450.3130860069841,81.86752519145264,42.31341489738225,12.291349509151066
451.71419888010104,78.79893703151672,42.62810914550269,12.200520419782222
450.8175418657723,79.11704013609344,43.08696899535006,12.033429050659423
455.19630504041015,75.45213825951126,43.16012826161386,12.031359386923143
457.4984836534684,75.65950687689934,43.208044690435194,12.049208792266546
456.93915987983286,75.74728654870846,43.519343330712346,11.979445651665543
459.2532238976506,75.24996133702138,43.20748087811516,12.099408522587614
460.1146909269546,74.48068324524827,43.09497181492958,12.07708189935587
460.3660258593891,71.3457596743459,42.45853772779633,12.049287763847397
460.5975934717019,71.58264598196705,42.5646746637008,11.850195941890465
460.52717571238776,69.25443326864207,42.994438661285216,11.724538810862198
459.3055594143546,70.31917321751033,42.96408279070728,11.730001444711366
456.85707716751335,67.66018067722534,42.70869209029795,11.74714853165953
477.4879075576088,67.11945261762433,42.72966985991171,11.872844052678847
485.9043954639185,66.74954210883769,42.52363000615463,12.121891839461048
497.3736483082309,63.326516619328935,42.87443668020076,12.351499661282519
486.95942972981896,65.63378816656477,41.59119475987623,13.214590043068169
497.5747927841996,58.79229443676138,42.03365972167161,13.2088424944352
498.0942420634973,58.592680588010346,42.58000617631321,13.13917028625566
497.0898420332576,57.86856582746511,43.000884736586656,13.291471686733036
497.7795503597271,56.79382437868294,43.362985985068114,13.354666608986097
497.94661312122014,56.17277781171582,43.82843120135141,13.44786519450421
495.5659939145642,56.24083314378334,44.572804838051894,13.36575040042293
495.088643327484,56.2945010855891,45.11429803420211,13.489521513347665
495.9098875420939,56.50757999674719,45.6272222789326,13.6599787074919
494.8917924593034,56.57142857033145,45.925190799158266,13.840747368953377
473.7034308471482,56.72245811186397,45.58909587771674,13.873603476823456
471.8205140549944,59.31048382144668,45.41578985745576,13.986999365244717
475.1962478647514,58.76455254808367,43.70908914086549,14.397315641123415
473.5014834073803,58.44233767027448,43.170338894154355,14.39607951272384
468.731945479825,58.97241920394661,43.444346695065796,14.191614136820181
470.4235434535101,59.26760594054103,43.5135554851681,14.028818129403962
466.8003484063607,59.68087426515945,43.57161826699751,13.889006321761816
471.3713949837067,60.25130068044204,43.50202343383862,13.947472019371979
470.7701826441757,63.05488340813248,43.459984788353886,14.011363788264783
470.37873211532207,62.51122455945816,43.357120174331016,14.130849397142983
469.79994059641774,62.31328448312097,43.390425501225074,14.357393007330222
469.0326804612405,64.84687323576428,43.30398136365872,14.515302667876117
467.7193908980711,64.1948564514554,42.97686352382626,14.826135874765216
466.02830698357764,66.64803157717097,42.77189198475598,15.15387595155063
465.00434413257824,69.44901134784087,42.70510091848992,15.369884778741094
462.913686797728,71.9887704332167,42.55496703319778,15.458615738238446
461.28949133425033,71.96482661551833,42.38635528223566,15.54956628779806
460.31539935997665,74.55610360789436,42.230280455071906,15.641989033392697
458.76217118313605,77.3686790327005,42.14925206754221,15.629456153293347
457.2547970065372,79.68393543460132,42.07188716428536,15.606282254826173
456.1134781112493,82.81705829519673,42.063067540234066,15.496807239812126
454.91631813866417,85.37224835030065,42.04147509564911,15.434050287105489
453.217542943201,87.77091881112864,42.00849756108415,15.404620322785942
452.6904493291892,90.51270694631934,42.189668193267266,15.279098213476308
448.7075462489526,93.82089982871202,41.867015529582815,15.266553753470028
448.33121074370257,96.74296844384835,41.882263775781574,15.124664619663417
448.6021544167654,99.5516263214013,42.018333070376286,15.038128703119535
444.27544202554617,103.05975686959172,42.10070625521952,15.016683909991865
440.11075362171164,110.53400061615149,41.14797857070109,15.670804143923098
460.92893730481325,106.75186415485942,41.14154360806226,15.474282426919851
462.75333902294074,110.22277733074777,41.07373835410409,15.291220818948052
463.18414243069697,114.94033751335837,40.353497856459825,15.677740468375308
460.97879716365964,115.01563481342204,40.28096161441146,15.711475929326046
446.77718488514756,132.93550119081465,39.29165382280284,16.474385233866975
438.9256834416614,119.11320125385669,39.448074487790244,16.419217041376683
439.23752741238536,118.52757785812229,39.614428410260665,16.361732319822103
438.81988233032587,121.81112102798036,39.833756009434424,16.275756552920896
437.9925855191612,126.04832773198326,39.98716492984424,16.01672476722954
458.03186376873987,129.1106187361924,40.156823152366535,15.550577626670144
460.91087262788284,132.4952723546081,40.12842970547345,15.53866851834829
463.1449476530138,132.67513679421245,40.1129230496818,15.522716342020445
464.1889621270709,135.7290459813773,40.094583613820326,15.516172458047162
461.98407374409754,139.03869203049845,40.10460394818747,15.512176246798266
459.07708534504843,142.50244470939248,40.21159193479277,15.47267757617452
460.2703092150907,142.68763593793244,40.22590722952869,15.460590321349848
468.328340212958,163.57512391676696,39.090631557341545,16.460341231356594
454.92587366627373,174.87830926952805,38.35717925947475,16.899464605424257
448.5588318470197,185.45831955965875,37.85630043460386,17.218186624650194
447.3173407379403,199.27427339542336,37.63730325403526,17.362167396114096
448.26141292174174,213.44739495202154,38.09362295007678,16.97930700386503
446.6263799511817,221.5444694258357,38.50354904439507,16.4930333080067
449.7779588011449,225.40521092016206,38.96643166963344,16.179964683215097
453.02390101199956,225.69532390054312,39.26415906433042,16.009745364794604
459.96093665865516,226.1120134209041,39.46780269106318,15.794226402884266
468.7060405076159,226.32427445750164,39.80242409470419,15.617218219955602
477.9325108112513,227.04362763817244,40.43512916309259,15.734828830392896
486.6265531512632,229.55996215144208,40.82307216251217,16.15619985436018
492.05279337548467,231.1138171746327,40.39779203145199,17.01103210343489
496.7538277313839,230.97909431574433,39.9251342541017,17.872539996485497
498.75191556398994,232.55033800299867,39.226518565467515,18.73392787756154
501.1081130751628,232.62942893867614,38.810793026306555,19.463142580226997
501.43651014217784,233.73748261295273,38.49104348894856,19.900278773391314
503.79444512599184,234.59487548753114,38.17510638264872,20.392468722705566
505.8201708658384,235.71836028919344,38.67939382888935,20.620635637859387
506.80856217669356,235.87953964737528,39.38029026906872,20.603650143131496
512.4390813992819,236.24247107161136,40.73915348099639,20.709906640324345
516.5313631459927,236.8905666067498,41.904807806788746,21.22213634736835
515.9467794834763,236.80464160539267,43.14034162552335,21.307241818093463
517.1802557143163,237.72381135838546,43.55021235071779,21.758284054585328
517.2822700500569,239.05803958091116,44.33389075769357,21.860995841498028
518.3392475660439,242.9677649346145,44.35607464173521,22.052207212948762
516.6211803147263,243.52720329238758,43.77871512963032,22.76275917019312
515.0141461561238,248.1557911686105,43.241600890682925,23.583347928855673
509.80246822845777,252.68035843114993,41.68434780589059,25.42411265762204
507.03856607940094,257.6366701056697,40.25816259823652,27.574992573963385
501.2886681286696,260.6556953196047,38.976816264896925,29.656513831884396
496.66293391864144,262.71209894687934,37.93609985524133,31.748686473880568
492.06453236129005,261.75664001989634,36.21133791409698,34.55586202638246
485.64556843008404,263.74854362812124,35.49657622420179,35.61654037893287
474.05221220362375,266.31333560248316,35.5009366110823,36.39609367920198
464.04205918927005,268.3497596917466,35.89308788515109,37.42496583377446
458.08162998701346,266.16533945486765,34.67638353789427,39.76259040138915
448.28756539069764,267.0973908239176,33.43232507793802,41.93116483690379
442.16965025778404,268.937540978709,33.05361047529597,42.367504618263325
420.04917743164697,270.14194904195483,31.987316595099344,44.249593013713856
402.40283419012894,268.9864048245966,31.10440874830141,45.790164754838244
380.92809442396435,272.4942952582,30.7614879205232,46.770608291012806
358.4189253744915,275.8475357218677,30.600985382261914,47.072706140990604
331.4673871261477,277.34402234648036,30.078643025189763,48.65416049644057
