246.0,226.0,94.0,114.0
242.09227869234928,234.34161387640688,95.52590613916618,112.4171006926208
241.1336265419295,239.70598729519506,96.23235924753139,110.34898789587696
243.26865356233134,243.42411193131886,97.38159002728432,106.77972036839563
239.47360384000186,235.0134461126127,97.68797136281245,105.50559302143287
244.11555616909337,240.48822300240315,97.90564694297171,105.10543671041894
249.0635582204917,242.86810337898243,98.00518441274585,104.67362643486047
250.86629536248628,244.18054007141882,98.00725288197629,104.64733388723745
247.658111226501,247.75419449418,98.0059447051248,104.64416290105953
247.93197823204366,246.79094042828183,98.0045844785816,104.63220651049416
244.74858316668895,233.74835193322554,97.79115009528346,104.45383178857061
246.51583921137603,230.64437412148396,97.73527880066328,104.23295440424123
244.0370744506692,229.1932213985325,97.67856519616146,103.95771549475174
246.61327790717087,226.11082819983642,97.73343844215472,103.50414518743194
245.88416263416548,225.21833976567626,97.68880558103048,103.06513233063936
246.0480652183,225.5914955248311,97.60017437642739,102.211654939279
248.42070749324148,220.83165480076792,97.55571647144187,101.99402597785945
247.99642417956218,219.43118773132383,97.59401874981673,101.78595433175921
252.0508952163795,215.61218104266663,97.69853283005169,101.66188036395032
254.70135264360422,201.00701770363196,97.76776711119186,101.4243539536408
253.46426417426,200.32902242752616,98.32679030804377,100.69176771218171
253.07588803485422,191.8006247960719,98.43277533917848,100.31726758019276
251.52395676670295,192.85223628928156,98.4383073777393,100.12104227443749
254.6233921433179,192.00214914855897,98.42365217016373,100.07724866514326
266.31276006225534,180.34362054121505,98.39854258350954,99.84786575531938
271.497674939453,177.01080023138718,98.48842104292031,99.75290628494825
291.39720651347056,165.61456546579757,98.76648725889888,99.4717693250386
306.99888457320196,156.72899899273418,99.04328136221437,99.40775441349938
300.02347935010965,158.52375622674265,99.25435143669492,99.35055615336817
300.4856393056446,160.06828665592178,99.25131781054861,99.35118907972365
290.6041614448934,167.74317512913996,99.2496460753859,99.34313843638787
293.08922444562444,172.72439067884625,99.19936946967584,99.30391557366963
285.8154605562123,176.92583556902224,99.1974797527725,99.30106832719216
282.60928333927063,176.67941260634896,99.22297190867135,99.28264581563003
258.1001459297347,166.1859976905909,99.53094628218646,98.65256280534925
264.6702880578043,170.8972576238957,99.55000479185532,98.65154123738463
264.9606834311206,169.11325501673502,99.58802100342143,98.62352265371712
266.2647866250668,169.04827907546797,99.60819658307358,98.60941393942754
272.9539552352038,170.74149812139188,99.61019517059977,98.61029994235206
279.9456971096647,176.54147711481357,99.61956649369944,98.61868031152673
279.6999775422967,184.02197016651792,99.62840634021026,98.61792217442668
277.3280471959135,187.34741816430883,99.62567212712351,98.61349529505577
278.8621010384278,186.05902860431084,99.62540930980117,98.61162107948047
281.6094842065719,185.68626115859564,99.64597328814921,98.59354453502065
276.85429427273795,187.4678672100663,99.63479344054613,98.57874380140314
272.2178040259619,187.07327660852758,99.60727592537013,98.56923373174496
279.1961459735254,185.03917027687524,99.6816026579897,98.49384259332233
287.6440534323746,183.3439029596847,99.74294868999837,98.43975661841996
285.21290861930123,182.48647884095823,99.77783906229993,98.40880018840002
285.94769941257834,188.08195080624034,99.84296704853767,98.06996235219616
285.2013921151543,189.99151237576928,99.9183878729772,97.93065402865956
255.8708105938132,178.9481297243909,100.75704496473166,96.54078816686551
260.64368616061455,168.7311683026802,100.6694179918956,96.3972726557947
277.44795644540426,157.7956861448224,100.8973489799333,96.36507496894681
295.83100336419545,159.90503695743777,100.98068141188224,96.41443593526886
299.028767349776,161.19230125409746,100.97757945466765,96.41960137461852
301.39164884765665,160.5623039803168,101.00492114564337,96.40247461671412
300.4967709848374,163.81269162650142,100.99694642542008,96.41131331512864
297.9078792750821,167.55770859565894,100.98857595622826,96.41613430387653
298.79220998216624,169.0518205590447,100.98702846608646,96.41552238615348
296.62631161107896,167.88575839235722,100.99848314435727,96.40483036668424
293.21809270497454,164.97319796310137,101.00317769713617,96.40026935187437
294.17420882547685,164.26554290824342,101.01746163140166,96.38857011748935
294.8372308108952,164.63997338359073,101.01353093609283,96.3879423659143
288.4956447011165,163.95190925651707,101.02803250135338,96.37483142805263
286.04903926333736,162.83066378342056,101.02687758940554,96.37237017240241
280.43672161140705,165.81801733469578,101.02593649250932,96.37455411065393
275.1849365116323,166.36044253489786,101.08332825577949,96.3135915829457
243.34676438462617,160.56300662223617,102.01695095217462,95.81213276556892
244.08213639886117,161.8171969138562,102.08182189105085,95.74901795228732
247.94696935145276,165.30082316519037,101.74937707427706,95.4952711945531
248.48039719723377,168.47002090234804,101.7453102268236,95.49692737123873
252.0752768510888,174.2609609756903,101.74872957283061,95.49854427197852
257.35007140353787,127.59327134268739,106.57232085733679,90.28739186073825
252.10639459954965,134.00168245485943,108.55004521574047,87.8288250227467
251.72789354547308,136.4961064310881,111.86635013074785,84.19858019013951
236.98139159230226,128.07496253748116,113.17972947959436,83.13261335394034
232.8948126612716,127.8490649513046,113.18535918918984,83.12910807596843
235.22846104099267,116.5116636730011,113.10021956475745,83.28152789636937
238.88948909050185,116.13993899366959,113.14885571885188,83.26637481467517
258.698847271973,108.97319871877947,113.51708927656388,82.90625470985336
263.9269933157032,115.41845731961396,113.55083224617137,82.88969132745927
278.83273863286877,147.41110941505968,114.27071940419866,82.30424370395063
275.9322121656889,148.57301028889867,114.33827042739509,82.2556509063154
277.96307368243305,149.66561073055846,114.36664482127489,82.22582788783345
264.45083670226364,101.746559201135,116.73970772509517,79.05906339296946
256.9090384823577,105.74038854994784,116.74389265825428,79.03772854788284
264.7252319078076,94.49273559671664,116.99538642258884,77.5803138122554
265.1218943459451,98.34349532805216,117.00014288471934,77.57537428275086
266.2207318841179,100.61429255639209,117.03271983588537,77.54468890657637
256.527258746429,102.43685617402883,117.05790883282073,77.50922348885354
254.6829707269768,103.85933877573089,117.07683336339394,77.49051384537067
257.90581210817425,102.53866637816353,117.13067376384079,77.43645577986393
256.9645955316992,104.21195890558064,117.13347325170608,77.43322089707256
255.11964767630866,103.0136548578834,117.12716024704835,77.42167522011292
244.9992944092129,103.87880569547393,117.1410143642477,77.40712221264883
240.64070500752533,107.42198216814545,117.13415122884105,77.40907378695911
231.90057639145556,111.75367475174241,117.1987609542667,77.31528300300495
230.67596288262376,115.35021739221357,117.21911967816811,77.29836282597498
232.1516693900097,117.14937158438282,117.2309370348715,77.28988889331188
230.21379509369933,119.16137272805565,117.25961064198802,77.26617795346986
229.46124338136227,121.92914060131949,117.26519436088978,77.25991667059579
232.97913132636103,123.67225182858833,117.26500196698598,77.25228375081761
235.97239492605982,123.52362159653316,117.2595414713848,77.25372412773352
232.72956099619591,119.06788879637993,117.2327204891021,77.26974676539348
229.37949844554603,115.81533071713102,117.21671294956325,77.28415934112765
228.85002346228663,119.55872882499841,117.26506759442682,77.24451335580058
228.38421192036878,121.56746961915572,117.27132135596256,77.24124532949767
237.0728414944237,124.69070424771768,117.25918404928333,77.25428182112253
241.41282745944733,124.31056745167993,117.30123322214139,77.22874965138392
257.19587522817227,113.79315781143289,116.96813367163001,77.64208226805962
255.16201397263768,120.8425698209137,116.93853085768694,77.65515381031629
246.62377672584202,120.6084746980033,116.95158982393451,77.6450474782066
233.02416803787185,123.5363238453738,116.56916695634456,77.92877493801272
235.71145365915194,122.86367897325096,116.56643428342551,77.93196191622143
243.48155019173356,116.17223634624904,116.5605725399786,77.9364549506818
254.86032595035732,107.3927267141056,116.55621201699375,77.94081341784954
263.3227893836443,103.0837075392296,116.54360814846666,77.94892268282373
278.04423466589935,100.33597220813667,116.56461719638327,77.93093700040511
276.57672511729976,99.60494529960697,116.58671558015779,77.90504478398671
273.51210715735556,98.12160401588623,116.59381347666975,77.89561593937984
269.4310049342441,98.5210432198796,116.63580250693819,77.8500938689404
268.70465156904845,98.49761108851666,116.64756754593077,77.84074344518314
264.67883645938116,94.67901506380284,116.63226222601978,77.85053318900776
258.93385546155935,90.74786269068137,116.6359819273518,77.84451508597701
256.1119653622009,83.77651691290826,116.6147855292364,77.8543262399119
255.61444689344492,83.8465453862257,116.62010975159951,77.85055643114303
257.333640045792,83.68908577514956,116.62408623224478,77.84850938785533
257.57447510713376,89.265481071151,116.62404047441407,77.84855178077677
247.44454474623382,96.32323249479124,116.62458761283995,77.84804012154561
239.45201940486288,97.53363174667832,116.62119205992506,77.85036688480025
214.1155509157383,99.58638138204222,116.68781342538128,77.76640301064839
207.03262104332674,101.69657075053104,116.72764892398857,77.05190892104015
212.3296500916456,101.0791247986093,116.74601472414042,77.03857406306568
218.62403894110815,54.76878526117942,118.95274922461715,74.38181783519107
225.47887812907845,71.85933648063303,119.50161004850564,74.17211661088346
218.9061080925519,59.8064893852603,120.63616856180533,72.91731046593556
216.20952141554392,65.69470613541377,120.69262287971902,72.90462990294552
220.76367800923927,56.95126738529905,121.22055446619306,72.25024725608023
219.8256299788098,72.64910398181775,121.48952548318299,72.18823991082115
219.19874058559327,62.3328327756479,122.03434945851983,71.18121017960615
217.4097476985268,65.82298090056112,122.03498819247642,70.88566114886541
219.16072788335163,57.71533703485056,122.3692497561916,70.52067048368008
225.31083997061472,73.48319860137093,122.52918011505163,70.45071044268036
216.87455507951913,62.43542009075872,122.54979829812174,70.32041259024756
218.94219951707373,70.16997552081689,122.56395877146221,70.34781986520201
218.33167922477176,60.36456091949676,122.65106080511708,70.20115128036669
217.4099313886673,66.23718142565087,122.66157703663693,70.2117553379437
218.98771577037957,70.78636275988615,122.66732967480844,70.20137484720755
218.1390289509435,61.36683776746928,122.85294367489428,69.90375185840847
221.65459237868978,60.768544990588474,122.85516347238634,69.90043201666226
227.60480823137794,62.24033234870083,122.85653669102123,69.8969601160656
224.72039845153827,62.90693785704128,122.84442811578235,69.88678445876734
231.45708824065008,61.90960907166915,122.8625141061012,69.86780496362414
234.57008427088726,63.782079857508464,122.86325525332947,69.8671456375815
239.99895963621356,63.06326754316345,122.86413947140741,69.86457172558397
247.31201462211635,62.941788147108625,122.87220384652565,69.85615952145682
250.51636465891227,62.82762097367332,122.89557402821333,69.83351462361841
246.22377844254856,66.74768413125528,122.89624614813559,69.83287967579457
253.11756679658512,68.69981501046882,122.89445797613423,69.8340715993133
258.1846002817766,70.59288442754226,122.89394737171799,69.83359327046124
260.9309830274089,79.71544534149584,122.88434714458315,69.83195975432164
273.0565195288997,95.37875419081371,122.78367048864743,69.81628184450426
274.3104150440167,98.10707698891142,122.7549610891202,69.8058390032832
272.28308351186485,97.26761981337924,122.75595517759379,69.80264876679263
272.18058109279906,95.29934712546171,122.75583374507362,69.80270193796157
269.17752695513656,94.2185126896731,122.75496112440248,69.80302008245746
260.13350044131965,92.8906861406929,122.7709030222755,69.79136508830054
249.69758420158513,53.24010017085014,123.42128278873193,69.6278687540603
250.38973710736627,54.36727632751421,123.4254665811659,69.62599551711766
278.3878733248499,119.6946034933862,124.21165721992904,70.23963647345963
280.9174514241769,124.13210325642484,124.30196562851395,70.24214320348587
279.29847152080333,126.79438668085109,124.36620602913304,70.26436237681963
272.4877749404291,178.81371968459686,124.70268898785513,70.00022487274606
271.9810700813655,173.3786198958951,125.392773101782,69.97504729103092
272.0472586515692,176.22591516684776,125.42500743505408,69.9208962594711
268.2085771024492,179.7947078997086,125.41348389083801,69.92990150343566
265.54945216021093,179.94555779781257,125.41424081343114,69.92946405611805
262.05289116446977,183.17110712250417,125.39904438068858,69.92054842446555
257.7691910909163,184.24209445115952,125.41680768697519,69.89669253012484
252.97763400052008,185.93014525519555,125.42073352090482,69.88810815494762
254.92522101285746,185.7518810160697,125.4408729785146,69.87604642729154
256.378122893095,171.05964279503837,125.48753093755245,69.84144976449579
254.2042942794615,169.2083534698434,125.50169636260392,69.83660067478873
235.22910711251546,151.35734256205149,125.53592155709165,69.82750569960102
240.7471664253999,150.2062656993386,125.55549751140093,69.82758237004944
237.18018258445093,148.72535287090298,125.55963387921194,69.82675319789537
238.17049556042863,146.09627678704993,125.5633037722883,69.82509873260584
230.56603422586034,145.36310464894217,125.58263980202061,69.81379415456568
243.42608384919276,155.30330599178868,126.31651814019457,69.44594754492248
236.0697235260664,155.28448457156532,126.36897953962111,69.41704275315178
231.3069979221835,153.5378724624444,126.43900453126146,69.39700398425683
224.69338314828795,154.1302846206132,126.47439962928452,69.37112296339801
218.48721999474398,154.91979138040273,126.4998059610917,69.3545635482425
213.98392545683896,155.65366553973448,126.51154583188462,69.34844092480755
214.39549681668262,153.59868340489012,126.5142182533983,69.34808128855144
212.68674807565753,153.80608268863742,126.55013395215384,69.32283883096211
214.12878011339558,153.6824723929924,126.55926264477468,69.31383893251179
223.03369360285208,154.02920196604796,126.57655167843491,69.3012550877617
220.89687527065206,153.3864101445554,126.58586177041674,69.29484022515447
221.57913907726817,152.74383857858828,126.58964687366856,69.29125702728527
219.21883188240577,151.4262224185622,126.59469891979597,69.28737019908306
208.9980697062693,150.31467919439262,126.60644231198593,69.27997597649322
205.03150097786275,148.71271824527656,126.6085905033571,69.27889318264775
198.14412655177318,147.79577577137522,126.62100071723059,69.27038544742125
194.86956749902333,145.53269850864888,126.61990405527422,69.2530934320414
190.38767851803618,144.90689429434468,126.69633193485103,69.20864857028269
189.9557536687663,144.1000366590463,126.73834891692584,69.18303965264697
186.96372558959334,142.9839932356981,126.78391039295973,69.15707105081125
180.55845284017903,141.8570837574681,126.79835622900757,69.14804163004348
172.30384933756451,140.76708936719692,126.8145365008382,69.13716584759761
163.0507611091067,139.49099339081167,126.82828131712878,69.12694601524235
153.84312944405463,137.76262726380605,126.84919459535311,69.11188724027713
147.13796315192297,136.00064937207475,126.88870141209931,69.08842323728655
139.81495045906888,134.61169487642647,126.90276306794908,69.07987254421114
131.09421172174643,134.44248319048333,126.93690716857053,69.05959799505975
120.86078562292333,133.41937822413456,126.95001638525972,69.05216136327365
113.27565008958547,131.25112787382122,126.95552972335878,69.04854794723161
106.43644282879859,129.4193165501715,126.96155712182461,69.0444638665495
100.76400201063632,128.10535442624706,126.97406227804665,69.03588727897963
98.93462474893977,125.70917238134393,127.00013757742545,69.01679993369679
99.41528557537922,121.54387426319896,126.87555612029774,69.10956696161273
90.64359983540419,120.4035794484255,126.89428274856324,69.0964330079382
91.0462250751622,103.44139932332534,126.94650957636686,69.02257853645884
89.65392738119704,102.717809537385,126.94784962562836,69.0219804794409
87.77332712338239,104.76984411537829,126.96424075214328,69.01752498998874
88.57865058975207,104.20997833,126.96891676690602,69.01658993762979
88.00625819205229,104.0090947142948,126.97680995883577,69.01302120626782
79.24345749944679,102.61847114613488,126.99154327153698,69.00192091140478
72.33540954824602,101.08459060536387,126.99815373845269,68.9984172491419
64.64290086134551,99.38357122106656,127.00760081501248,68.99145347524077
55.33748345523571,97.79085517093927,127.01813006998111,68.9839009945017
49.15992927167949,95.56004526828119,127.02144991628057,68.98172323054295
40.36499049328696,93.88005234166118,127.02947360648848,68.97552413390811
32.642971861136026,92.41367552283592,127.05432523236261,68.95804097422588
24.797327429057646,90.65481635722207,127.0738974064559,68.94451002070927
19.230940622843605,88.40609481241478,127.08002211599091,68.94100134335609
17.842374877247586,86.03085917343714,127.0831713207297,68.93721875702307
20.927806568756225,85.13691447500527,127.08926125344729,68.9327781272602
23.436769397172256,88.52895617097366,127.08447246032372,68.93736002997066
22.447737107445846,89.22205651633851,127.05713781263421,68.96698756723777
19.706464952962897,90.9896555663677,127.03837415727516,68.98648578866683
15.619699603637962,87.84779980497255,127.0196660482468,69.00056401830525
10.491977537454765,86.6318053333775,127.0257615401713,68.9959732572107
11.087895682626069,86.24797805733661,127.02665221954763,68.99588565231006
10.207119053169357,87.49980695023305,127.01989564684179,69.00420124755965
9.957648721567985,87.25387945113845,127.0202113891995,69.00436015624271
14.748603090020438,89.4201927574052,127.00202430909391,69.02272288544502
19.308293348812995,87.16865865453312,127.00365838654054,69.02102033542138
24.721888926583198,86.0394715200431,127.00236635514564,69.01968929930193
23.387739887007356,89.47911273694413,127.00984776483321,69.01673914851989
17.385972582883795,91.3831077545513,127.01591533206471,69.01225048087453
9.568205204675934,93.85260991116766,127.02267926023336,69.01206176136127
-0.10366973499706233,94.9441171323856,126.99170570513111,69.04297506474451
-6.898238118112715,99.76840880987197,126.97972819829113,69.05358570238648
-11.400784830380971,100.54840038901399,126.94818622396289,69.06963577869871
-8.929400804980986,91.32719076534744,126.93924795755623,69.07405720803867
-7.756481083081823,74.88368128024732,126.88139288494321,69.12825528590491
-12.25744971512443,69.74271982060073,126.87773589548839,69.13177492303257
-17.720457260029477,71.26983075415563,126.87304972950014,69.13651134793018
-21.279756133127506,74.64292289027651,126.83032440517007,69.16746149417598
-22.23657778630944,78.57517799249877,126.77986448964063,69.21345563085696
-23.48305898471377,81.59623251916395,126.74997875717683,69.24330654990818
-21.7798223143768,83.27594566243371,126.74880674897665,69.2444094477101
-21.020077337316735,84.51559269479921,126.74779220817896,69.24505698950071
-18.83231055738834,86.49636677002772,126.74432896082217,69.24836164894971
-14.920706912579533,93.35331762669901,126.74112518072604,69.25128351348796
-13.850012011547548,98.14375622080436,126.74009716455075,69.25239465993305
-18.599387468317722,99.33669309728137,126.74277340157742,69.24943378120084
-21.935929171132223,101.0328379353497,126.74042746302918,69.24957250319649
-21.717336855870997,105.56297890909762,126.7132197321306,69.26875928281245
-22.106415348018714,110.30982412010708,126.70374603920283,69.27660427644295
-20.346535550185806,115.38815455657871,126.68726016904665,69.29012944628533
-21.87531475594728,120.89692708273358,126.65981687349257,69.31374211644874
-22.44137682112259,125.72550848419016,126.60815818790996,69.35654192950238
-26.8279064591797,120.79286336801744,126.55609176974929,69.40112007230925
-27.457703300336483,109.32545987508556,126.49269014700151,69.45761017890054
-25.767944029623834,100.66131309691681,126.06782796810978,69.90308169849487
-24.54564258081944,96.68420283566823,125.95284757759633,70.00866225593467
-24.46879151319606,83.89374641129942,125.3121734679767,70.32766371246039
-21.393041862464784,83.44472229084795,125.1870842693584,70.41349197598447
-12.050442167543267,82.9114532159111,125.18694538061399,70.41333312440096
4.015963270090445,79.52402773523619,125.18738951022938,70.41298514928839
13.231648675431707,76.98906206164372,125.1927309645615,70.40801873036003
23.30157730373081,74.77331050026015,125.19640359993107,70.40566488901582
30.838857293286303,72.22659200665721,125.20859079031472,70.3967773904429
42.95565675754722,73.92426862836712,125.2215223946298,70.38880140913858
54.21627306239997,72.1147751384473,125.26489549781492,70.3595027616131
51.05796281871233,72.387519761264,125.27277584618263,70.35501710084144
49.435149238477344,72.06682612121867,125.27306432829262,70.35477849973704
44.60400188258144,71.56559255631232,125.2733650596767,70.35454387021136
43.24461357517178,71.9722357858092,125.2734992012752,70.35423955318917
30.2114557720977,72.72014137347293,125.31003346587063,70.33499266600109
19.676676572774333,71.21708183091752,125.34848873036209,70.30845889619248
10.519077564501508,69.94309431403528,125.39725875313333,70.27721554235319
8.566171466903036,69.27967120117502,125.40083663245808,70.27644495727506
7.6326293832032945,66.61599621342938,125.29583639681954,70.35629260580102
4.527166911338973,64.62354600734045,125.30169847433724,70.35154491426488
3.636438058152507,62.808732378719164,125.30772562059818,70.34475239840565
1.9741283150345978,60.83309929107345,125.31682148241383,70.33679387276933
-0.5660252584592698,59.80343318838725,125.27295784921968,70.39776651717524
-7.158490472474902,59.67217229458303,124.99744573422116,70.66609522909327
-4.200783947614731,59.625676050323335,124.99599695604623,70.6648047999343
-5.9777302778989,59.901083410620856,124.94934826338886,70.70191640752148
-4.7019037744499315,58.183986652932184,124.95054645659468,70.69724068499904
-6.037732985668086,56.58348525628606,124.95463881801109,70.69124393796231
-8.486708282943944,55.5159110838998,124.95503024660822,70.68893562723251
-11.853534416674115,53.5789050199687,124.95599361025997,70.6851391842329
-14.021840784595135,51.82998731850174,124.95491551587129,70.68052578994086
-7.522479237512378,52.058263647824376,124.95539514997726,70.68021637808934
-1.7836134188176231,51.593480294127275,124.96261739289781,70.67659899820708
-7.342058244682093,52.295326806323196,124.94509618647245,70.71169748725823
-16.007653041210347,55.222208320400235,124.8646551490358,70.77980421389542
-15.995987829258695,61.62572636757737,124.73471117107204,70.92390089389417
-10.929663198727994,60.55465602141865,124.68467013297206,70.96965992193549
-6.801192461340378,63.305003506836506,124.66649342107524,70.98206032997551
-4.029314196446762,67.38443933039369,124.65568776943132,70.98944749481183
2.9466642150401583,67.06005378121436,124.65500391093502,70.984348666241
4.123627317079787,66.88483899346126,124.65531717066192,70.98383026563485
6.992404303930783,64.98936279220072,124.65558716012521,70.9834487543528
8.176906150051252,64.98465580831869,124.65575842515966,70.97645365654247
6.870113639664801,69.23665748030167,124.64884097400873,70.98159700294516
9.503261439615159,73.70632494007137,124.64239063091344,70.98594093930176
15.827899290988874,71.13557798535604,124.59695480243359,71.01725351709793
13.626609305121079,70.14804169599084,124.56724326644823,71.05344088388372
12.566442338968365,69.87353320624858,124.5616001594165,71.05967543748781
7.877468210866212,70.80657440634096,124.56614486642647,71.05506957786854
0.2756777621515667,74.05516929173149,124.48536392456133,71.14491164836558
-5.319302502292352,75.16294056847413,124.37026215944282,71.24947345546073
-9.303422867142373,77.82080037823042,124.0912256293162,71.50631176212613
-11.687080222308154,79.1242429408013,124.03955821531915,71.5289713719392
-13.229537097278559,82.5011934032928,124.02238494438593,71.54196192644837
-13.95299043991303,84.1999713251247,124.00952154622745,71.5507631327266
-15.478626370680132,83.21831885859186,124.00822306474407,71.55007475486396
-9.977275268159417,82.77779703441747,124.00852493379932,71.54774317576138
-8.045177044024747,90.53576784937829,124.0074030266219,71.5485499741845
-5.895286690666246,97.07132704717,124.0011432473341,71.55293206688229
-10.061380001568544,101.20518512224896,123.86563463293264,71.66898685941237
-10.442707976555567,91.6853513104869,123.53098361612507,71.96305855092967
-10.56945421108069,81.72321726383113,123.19005726145629,72.25833647090136
-10.601342679852564,71.15455065889236,122.96193830280367,72.4471318542408
-9.113612205829575,73.2879119965352,122.95975134729615,72.4501006462403
-5.696906737899901,73.15654766728659,122.95584823919559,72.45511950354047
0.5120853386071715,71.55165147151088,122.9609807701414,72.45238986521517
5.253577330494586,67.29413834141758,122.94379421068298,72.46339066611222
1.875274630851493,62.192582159082725,122.93935606138518,72.46685608101386
-5.949247169115907,64.12895770780558,122.94263912512614,72.46357724881167
-11.212017893661894,68.84292689121403,122.90209857348569,72.51300914414077
-13.898469670413867,70.73517258823955,122.85798895865467,72.56095645744143
-14.831168751426695,76.26695442540647,122.82342934461069,72.59858335012419
-15.817085806809509,78.9170350771812,122.73120538996189,72.69358510580936
-14.172617553258682,79.91012510579678,122.62416533099561,72.78650470372955
-14.307483940458361,81.77395973510238,122.61453366853011,72.7939891201977
-13.820687176205325,83.19664335987082,122.60514212681375,72.8028837458134
-16.74543106461862,87.66966368343938,122.58754063209493,72.81732664970167
-18.391777126800363,95.79135933747322,122.58200568469633,72.82217867354316
-16.9003919204453,97.19240216347794,122.55254242378064,72.84721833243157
-15.24835501236857,104.94400790142925,122.55099698897483,72.84823449477358
-13.213535903673353,112.3524670724721,122.55003238227165,72.84890686618886
-16.675555056898418,114.3194077384727,122.5503164734813,72.84849292234072
-25.502970942127014,117.8806502013785,122.55087234977346,72.84754758927204
-27.198619073195104,116.3360447718394,122.53050937118698,72.8676752345441
-30.56517380766804,116.57364292983169,122.49793423548807,72.90217820358986
-32.481532185663575,117.33822825012805,122.4611503544247,72.94240930402499
-34.34379296628045,129.61318711075882,122.4569321771941,72.94647145642065
-35.07307471266656,145.55190188888727,122.4501501680666,72.95284622145282
-33.3659579850679,160.73335803511017,122.44463935195314,72.95812278703926
-32.11055404962763,169.96337374423985,122.44158533010214,72.96132531653382
-30.3713722624962,179.17255317564735,122.4380340250501,72.96536788194143
-31.179017200514068,178.5386014052772,122.3939038876581,73.01467675238604
-32.50629313523559,179.23559735537194,122.38383893390473,73.02684103448568
-33.219621144718246,179.75117614395583,122.38468509264055,73.02590623086986
-34.21462413139744,182.04430941141095,122.37083655283061,73.04087556250623
-36.02422192858575,186.35900932093688,122.37016720656392,73.04157027165262
-37.66661416365977,195.1203729305702,122.36531935630791,73.04686391115064
-39.203307861325634,198.5052237892125,122.35032641487815,73.06238424739387
-41.76087362724719,205.295693960902,122.34712746805306,73.06573917684197
-42.505915751532676,208.86869344576655,122.34184633538318,73.07153130284654
-38.30945620177477,209.26364164435665,122.34335835006415,73.0702994850578
-33.9142484318947,210.28915168398248,122.34590202356084,73.0683502409197
-30.968351929801756,210.12344296885703,122.34699327383052,73.06752586776292
-25.235977740481573,209.9602931066434,122.34837324449435,73.06632995763434
-18.091774165096517,210.5281447760556,122.34859181088733,73.066013920255
-15.453308854758383,210.67856446708961,122.34886570376086,73.06574842362778
-18.667286511356416,212.4419710712567,122.34966599910415,73.06507733565498
-23.67084419777356,213.6404569470188,122.3565753782861,73.05634615992112
-27.88867191296754,215.4668155591807,122.33455964320774,73.08027898289956
-27.046673453418343,218.71432221291658,122.31438465976304,73.09468463981382
-28.610824997100863,223.0391304650687,122.31402826035745,73.09505630994809
-29.912298910873638,227.9060224600542,122.3109768565645,73.09824512881491
-33.24178892609134,231.3053186812832,122.31125165247231,73.09800683522165
-35.82066943602384,235.11176331359377,122.30885356131436,73.1004382531262
-37.05761594984799,241.15683362680778,122.20094946600734,73.20833668156877
-38.78844490651249,246.0877824136041,122.18694586314676,73.22179482849619
-40.418301696474735,250.604646723063,122.14637696473874,73.26416465165596
-40.37817925089785,253.78183653658746,122.14282875258105,73.26789211460338
-40.80438923719434,257.0603315309478,122.14112447714623,73.2696770740029
-32.17080998620884,257.4114003636133,122.14149260176214,73.26932181404821
-34.203303221505294,266.94524188750387,122.13798093774201,73.27283246133548
-36.038112515620156,255.82144463626938,122.1307418160871,73.2801887741072
-37.712158872138,241.31757125332905,122.11498083611436,73.29741315534434
-41.01675248425332,238.55724560160456,122.09199690632278,73.32273221773495
-39.2904513891002,241.38104140297344,122.09185309766937,73.32291006613856
-35.863532688629505,243.57998941207433,122.0921073410151,73.32273295433934
-30.48383808457273,244.29370175524684,122.09362816708123,73.32141293279689
-17.08533069162614,245.3589138287285,122.09431807784333,73.32065153798504
-9.497576409422699,248.91849918873078,122.0932861369716,73.32144875544999
1.905003357940629,249.75213371153217,122.093805923534,73.32066037028571
10.955779384775575,248.49059085804322,122.09335097679771,73.31890381499558
20.639041990136455,247.53730481106442,122.09233479927907,73.31742263003015
31.58658489630963,243.38365481098901,122.10753302929112,73.29576888719998
36.62706280451602,239.51184792888395,122.11817190892326,73.28371353443625
37.00026849833129,237.66141419022156,122.11923817193512,73.28291561030227
39.670301086565075,241.01903244888862,122.1143842724756,73.28717152842346
41.333450558074674,240.3948904427448,122.11572824708946,73.28602917581243
43.6503677206616,238.55535946056352,122.12183323008212,73.28110805263532
38.540469446793296,237.2773693091122,122.12847117033581,73.27610183667807
36.52172844775892,235.952601111492,122.13545323325442,73.2705602976534
40.98236110039751,234.36020463596896,122.13595707012811,73.26991032419994
43.06683606322029,231.49913049537244,122.14450786927503,73.26241383000234
45.74590258209507,230.69837057995437,122.14778735670248,73.25951347574934
48.16661536369847,230.17737694585855,122.17768871686604,73.2319689455783
41.88465491475798,228.8421841226508,122.18587688769624,73.2263933359666
42.62986145041299,228.0610734605697,122.1871438424406,73.22523084245601
44.55754154841982,226.03411510909666,122.19546901591852,73.21900550514941
37.826569907007304,225.24407316834743,122.21827770096523,73.20264990586634
30.826407121521804,224.33393646336143,122.22992052504902,73.19424399264193
28.88260278184341,221.95214103624625,122.23124580673125,73.19333756675141
31.470977721545175,219.93388751029758,122.23306286000594,73.19164996227671
31.616184216179278,217.8040121656889,122.23451369963522,73.19078911737539
33.12366775119916,218.02652012882749,122.25609548251599,73.1777018257418
26.46250692695358,216.88268104254132,122.26361496120734,73.17257051192499
24.48496878482503,214.64708760737028,122.26478208675778,73.17172578894431
25.86201001998534,212.96860189030676,122.26550232029457,73.17126700342105
24.532407065948284,211.8619202501847,122.26712308432572,73.17000277931642
29.071690414759196,209.5389032475281,122.27354211973612,73.16337593791941
30.755534687831968,208.13639719857483,122.27483278921252,73.16242928796218
31.930742964591715,206.44141883421176,122.28254406810575,73.15751215919018
33.21097003295546,205.86710644201497,122.28517691792001,73.15614829230807
36.21108975105947,203.87308571049502,122.30191860658992,73.14370910349253
40.30845012414344,201.96686619876292,122.30429182404502,73.14134452664547
47.23390401987036,198.8539009335293,122.304656615599,73.14092474964806
56.968924857590004,197.12832603779881,122.30435103940287,73.14070930864143
61.02186585441224,195.74786692528002,122.30445754826084,73.14051436686994
64.20775962229976,193.3909208291172,122.3049892339824,73.13902875157838
65.54610659919462,191.97319743906672,122.30795631573041,73.13681569586392
69.86680558959262,190.6342220516093,122.30938536893098,73.13445836721738
62.47181502938625,189.00940980072824,122.31479388802535,73.13060362665468
61.32514453834811,187.3618329829204,122.31644309001129,73.12938079551925
69.1595864397834,185.5174298754012,122.33951485354697,73.11133075979468
69.08118687015764,184.75769491347054,122.34211840099114,73.10914369360472
77.19004388520446,184.3609590018311,122.36968368303127,73.09371235917257
75.9644499816102,183.8541861313753,122.37309636471625,73.09163941817653
67.43025124086091,182.41937506290506,122.37562928322653,73.08985786096419
62.303387448307255,180.7489540983604,122.37981940037731,73.08710118585121
63.34031914913607,179.95909724512933,122.38050233584737,73.08614262821425
63.73150479671614,178.3969439310279,122.38216380273786,73.08477214765247
54.49513192648295,177.36768403122966,122.39003336827749,73.07942962348793
53.350784339452446,176.3082256893861,122.39103623391259,73.07888286341898
55.361170924929056,175.1382973236337,122.39118715429848,73.07711581181215
52.67363956606471,174.57864205142982,122.3924691446407,73.07582243719068
45.6848359229782,172.90884190037926,122.39760614730541,73.07252055575911
40.23267506495687,171.30103488131843,122.40460520862395,73.06799890509903
39.427067269619386,168.99180485264728,122.40817576450888,73.06413783359612
38.98725398667035,166.9296065711441,122.4103313006485,73.06107630105195
42.726894628975316,164.4070505219006,122.41120071565405,73.0606051514005
47.105229951062704,163.09081951081225,122.41140606330056,73.06097875080198
48.754361805591856,163.0689412838492,122.41213975643342,73.05979484483761
55.35761074022544,160.0141154691202,122.41665854213451,73.05244064925286
55.15006764863653,159.26614357284424,122.41853644927893,73.05094660706509
57.555021098941836,157.31112449120994,122.42320665132945,73.04807287839647
49.18759668100049,156.06708578012802,122.4320136933889,73.04189714199092
49.146321387620844,154.14705258321032,122.4349613755304,73.03983764318717
49.82947666809881,153.03965918014526,122.43542322782825,73.03938873917328
50.9849840317991,151.24331447190548,122.44257356428571,73.03546689428504
51.83574158903336,150.51563129690464,122.44393871314574,73.03448244091145
57.04641709797395,149.53409963733952,122.44490710749601,73.03328601635121
50.69500759221038,147.91793143448456,122.45788389490205,73.02401904757996
52.6199295090584,145.32047100775728,122.45890184900203,73.02368032995908
52.54696564249548,144.14902920797505,122.46374427035744,73.018069638218
52.77215561495671,143.43369522579582,122.46418217864733,73.01729271922987
55.41726533735801,145.42600800006824,122.44105257759473,73.03157950512718
46.39314585120303,144.10194087606254,122.44691789267813,73.02758171883683
45.925757982049184,143.09931720515632,122.44738027410945,73.02725411901412
46.65306190952059,141.54908036736828,122.44893749446877,73.02626876825357
45.19626872329567,141.46889888817293,122.44988424899869,73.02572196962616
48.42160875149507,142.7821877551461,122.44671300455056,73.0282726917955
47.49842356494082,142.27655970885993,122.44918448525641,73.0266310544942
48.882373176765064,141.25482637688995,122.45014154861049,73.0255782939957
48.384625441514395,141.141819695256,122.4508435444376,73.0248852269476
48.63044810150318,143.0263014231607,122.44889574042455,73.02637117108632
49.0713576652545,142.57726998993735,122.44963793894881,73.02593389305136
50.80306003270651,139.95959419368984,122.44962164703796,73.02580183915359
