478.0,143.0,80.0,111.0
479.92229667313495,143.9524654441327,80.01172846540612,110.79522723093623
477.9614149121644,140.26877416992662,79.47308711445291,110.84309550475128
476.08316229026184,136.09393613417743,79.13783601441651,111.65574040254357
473.206985644295,136.68072075726212,79.10505880555674,111.79252801176668
473.5206848541344,133.0904214541286,78.87359139135583,111.69787093794945
470.5272611234473,132.64035880223366,78.68735888523125,111.25094319074447
470.35787301986704,130.87729557512944,78.50261349023793,111.39642580034845
466.7822203052492,130.0555530206847,78.99692409983251,111.78209590584284
463.80002685451774,130.12793226923702,79.39073528718414,112.54343017168529
466.22218456581606,123.26341838630131,78.94246745675056,114.15159783776421
464.3215369908848,125.63061850241702,78.94867598437494,114.50180377618707
466.71369187666335,125.51244600362432,78.04977532956288,114.7759073141346
464.1835848597742,125.40038360166179,77.94725008645513,114.81690830598022
464.3123731460471,121.40471175928195,77.71897943391428,115.59480632728774
463.8243189993249,118.53895834636252,77.65081625824247,116.53786052785196
463.8719570880129,120.34879240013984,78.04212763508278,116.67366531878059
461.65394223977677,121.62979015879343,78.1049507161071,116.75756790518741
458.3583052917221,120.13258973278532,78.85697357080403,117.3662005820785
455.22380549167195,122.8826683207464,80.02733177533545,117.6154230410135
452.6248877118754,122.02318116627104,81.33431869830147,118.0008377176629
449.91891995889347,124.67393842572412,82.28083920334969,118.2058038925739
445.64262161697206,123.92092790819558,83.51059996495133,119.10389355212742
442.17577434770135,125.66639830246152,84.54566579179233,120.04367500022887
438.06805179869696,126.91948876645058,85.63140927542116,120.21416748457372
431.41358011585197,128.10449554382322,87.27561398602087,119.92180280792597
424.7431029350274,132.150842536493,88.49667241261142,120.85658990168798
414.4559438799704,134.66815961966637,89.4606027206014,121.64402585710636
406.5231954714447,139.95185797743477,91.0499021041811,121.22079227328346
395.5596936437907,140.75236148668353,91.123754438078,121.15811378319017
386.12937745852304,150.09243036666786,91.56550634596684,120.9061967721229
385.7270501390132,146.96169530202891,92.56281175016701,119.73633717422791
377.71529899597544,150.14628920901646,92.6937578457518,119.57746506459853
367.26360713070443,149.03239080218708,92.91393692541494,119.29362276006268
353.30916182557854,151.9229993527215,93.23263092616965,118.7810275805332
341.38098095233954,158.1505270815537,93.30905683585576,118.54918150397229
324.16916991493645,161.9621274629367,94.29908897535918,116.92827861947166
311.6971045305485,167.41728211613088,94.5862716545355,116.74590033572736
303.36085706238276,175.29819909305982,95.27939265898215,116.82438601535335
290.1586739009573,179.09492848936878,97.98644567311727,117.5222213206358
276.82876566344754,170.30912059868047,98.85004709076374,116.31377728755933
265.8711564988916,173.09996739810344,99.3178796319118,116.67042816732058
260.2157731175705,179.92058713366023,100.70789005452704,116.48630673056978
253.3471775681219,172.78645764344995,101.08093015244769,116.50328969475498
249.25771191493314,177.36019176902522,101.52668427376663,118.18797476391691
247.9435103344014,178.70858069673903,101.82289239126628,118.87188676787954
247.1607280273884,181.8762203473421,103.33600031715646,120.27769442651233
246.86406288312577,181.89251066636496,103.5350812260468,122.45963853440773
247.8342926611707,178.0502597895039,103.85407901973419,123.25127796818353
250.08821587649902,176.15291285281143,104.3989345391508,123.4874505708166
251.2866189987918,175.0836326477005,105.13442700252729,123.35513004346211
254.86056324402924,173.44722532489723,106.87415466958413,124.96162508038032
254.9575532520495,176.52965539267345,107.05430412770666,125.65807733420168
260.89348867488036,167.24805467496248,108.44632354846338,127.67580376352011
262.0551633759082,158.54412056666146,108.76225971083038,128.6058182050977
263.7201869453929,162.01903735214424,109.52402232146419,129.28997349140144
264.9405766060306,134.5391028907983,109.5215240594539,129.29796100540193
260.3333132419416,142.2100851872437,109.52153986996836,129.11533536362197
264.75269392154433,135.47870035703613,109.52459732027212,129.08768754356836
265.7297550604493,124.97716549929436,109.52040261089786,129.05935276381263
265.48401948629146,116.48526465063593,109.50201813119996,129.06275437568027
265.8292932798081,107.49007946504793,109.50011548978816,129.03694089370686
265.11678654460417,99.07910813105933,109.4834234948793,129.04248112638132
260.6239098483811,97.01770249429083,109.4779964674035,129.02215732911753
261.88586700380483,87.58147368407477,109.46726098193449,129.02613426717662
261.61187534447913,87.2591542956313,109.46630894682993,129.02314282937238
261.50011554303865,61.450387292445626,109.15532526859444,128.62792430278475
260.4041083234954,46.10253110708754,108.9800675690853,128.6324097142724
262.4878046981118,52.47270713362022,108.8025687331216,128.5171129743174
266.3726154400995,47.59925339333431,108.78881711456366,128.51802207232086
263.7430400459049,42.3814607134736,108.2321715276782,128.6923082987415
267.92317596690197,40.496896830025385,105.17479284745774,127.93019131084667
273.2099430992933,38.80004628017351,101.64444190939626,127.24264460400134
277.75086181125045,39.49912651221689,98.54759031388161,125.93350094252355
277.3837094145389,38.113414630554814,98.27446121600839,125.4990206988897
285.76929030501964,42.03338607945908,98.15012331810351,125.44190470156335
291.85609374751874,47.317587190623115,98.12611932311994,125.45253346983586
296.2859348486848,43.39449302716406,98.12659604107589,125.44245815921124
300.2538299038197,42.29673561741154,98.12321998567677,125.41518941319504
304.7751178778636,45.56767991302646,98.12300243602644,125.4000342204027
317.35378278922076,31.469128530847044,98.45654595010407,124.88246108144122
326.81238318231806,34.70740662744611,98.59435882052566,124.66342604073942
334.5757886271283,35.34130690367347,98.72883905334172,124.48573030662882
342.6787667803802,35.64713366201583,98.9587271682247,124.11926425132029
333.20719061968765,34.93306707477311,99.7379295231791,123.21000986400763
336.65715145143355,35.039476463207194,99.85445445011092,123.06963574214063
336.27508968512825,32.18892777597321,99.89412679844874,123.02458405349824
331.72042560095446,29.87962613586624,99.93112544561713,122.98457698977909
320.42959924523456,31.7676467015215,99.9447811782971,122.96368093140558
313.9826024901413,38.16031047193741,99.94895458960669,122.95875748145511
319.40981705479567,36.8126764815619,99.97044003396744,122.93523183160615
442.35080528407576,63.9801654917397,99.1176688976728,121.04850362814508
458.242333378411,65.1890925342126,96.9621208724545,120.09852919617626
472.1713710200443,70.73914825546518,94.74836321614104,120.15228261420579
479.94505036939006,76.46480714560558,94.59001780785478,120.66631117028973
488.3556500508006,77.81836677791577,95.27128846151327,119.91141437213815
496.00990760827546,83.75222689647582,96.03198149170505,120.26230013019628
502.68810757738333,87.45689374712492,95.85156307509578,121.54501068701573
508.6960150212766,90.78498707258458,96.08010052800755,122.29641061065085
511.9220890726353,97.07407668042691,95.59100803594681,122.81524010010538
513.5660702598391,97.4286277110136,95.19190278777526,124.05559330016244
511.1905016752624,101.22567768292706,94.81101996028556,124.6967381073121
507.3820222956919,104.73791217056348,95.13750907297265,125.68955829372139
502.7886608473752,106.98116874026059,94.52241693664712,126.51012017797831
493.84192813713554,110.0107927131975,94.57877565241454,126.97994833150021
486.12027490575156,114.90000106810149,94.24004438019715,126.50821516203648
482.1919027946989,119.07060224820408,93.88583393616483,126.24535428590113
477.5204313587828,122.9740936786397,93.21568095228406,125.61435628449644
471.4658765238417,127.02644757077678,91.17151131766187,124.78550261094007
468.26902531963503,129.11434379339133,88.37701182177831,124.03721565887501
463.54979131608707,132.6205792579399,85.57783658699192,123.26718304612308
455.5084588355294,137.82576706644292,84.93142897730645,122.05483313254723
446.98830239240186,140.8984726385656,84.67706222183787,121.34795910912096
448.26990345341073,142.73030745678133,82.19142400404604,122.49661304294098
448.7513333096671,141.09043473935816,79.29207959705246,123.4472933933299
431.25899070186426,150.85242538078316,80.60694211978694,122.40492908435685
428.15305686085145,151.79752125830416,81.4604938571409,121.76263125879638
426.8205093930025,150.739044876205,82.49836136726357,120.93146605157439
409.5576414719509,153.63625173838093,84.61441398182777,118.87221673113795
401.7798047862213,158.3302494333022,84.7647967496492,118.70944583622946
394.1040080152719,163.27874179991863,84.81254107127211,118.65887662271095
386.9240127174573,170.21356080113486,84.83433777346876,118.63727634000509
383.80907428780114,175.41893103648644,84.84552376058863,118.62407119339859
364.2837734060366,177.74884761549666,85.51703235395179,118.09496341913672
359.86040278376123,184.4830736022774,85.66424490434964,117.92791449122956
341.0461986937996,181.8319603724262,88.81034946488805,118.24023082519948
336.059669372094,186.581553967854,88.86182111794292,118.18987519257146
325.747689327852,187.92153581802313,89.00592090064073,118.07691307342517
318.00340370018523,216.0680798712074,89.97160874075216,117.14524464479105
315.86299841252765,213.0889833940663,89.99202092815834,117.12594955814914
308.25732389388685,211.87258536857655,91.47177301872362,116.12551306327597
308.28256906909667,214.40103025581226,91.64924760599094,116.03157876365808
305.0758669020444,205.78380386006427,92.1706360061049,116.44674520871857
305.112647366567,198.45710700577658,92.55375737166692,116.6874468472866
312.5259368567042,198.2846276589672,92.8089521493271,116.91138582732476
321.53288389960517,195.81998722066663,92.93939285661601,116.91282647107676
324.14046358180053,202.8156577614305,92.96413026651726,116.91109606154609
333.09323476369127,207.25330361415178,92.98636996145157,116.90683802462162
353.4593713695337,201.17199903124293,93.37582755421008,116.44702115741924
358.7606703626051,211.3434469218481,93.77150913960058,116.16870057152143
368.0259204176573,209.4580111407211,94.63786343013093,115.5330036065537
382.7886116318797,215.09072930638632,94.8357018268814,115.32904589003043
393.17853899565347,221.21318790352353,94.84281342318643,115.31702931526283
404.27407445568207,227.79580310555804,97.12738566108813,114.44590825567627
419.5197287679112,227.22521968894497,98.25967895008206,116.06799415199367
428.9176634934897,235.82767390144687,97.53069067873462,117.25526521612561
434.0432582117649,238.7842304300977,98.31008557751139,117.73742393693065
423.5155183314712,248.4644303499276,101.00519660946114,114.9106659124564
424.16906914680214,248.46348002187975,101.00485505150738,114.9119937130842
426.7446624658081,248.52061689562004,101.00623436961112,114.91012942316799
429.1847820517015,251.817596458705,101.00563005500206,114.91035183462621
458.44876492167776,242.07565967920377,100.91970761949293,114.90631035456619
451.6968911784183,234.24914153444593,100.28232847332137,115.54050013224102
446.8494049324141,230.5007614772125,100.0474694605081,115.6205989841957
439.6674461890554,237.54729872114132,99.7052330775965,116.34659435870375
450.89095348636613,226.1446977114384,99.45521517181777,116.54647830865161
432.9478708333246,230.14680383793194,99.53394258117238,117.00187127264454
433.9766273125551,219.05057039736946,100.28311793142724,117.15633423226069
432.7569458000222,220.28428712346908,100.27041215079835,117.17103869853369
433.0150202965009,216.5266731422709,102.52302693843484,119.17429232621329
434.4445496019762,209.129898437782,102.6969928769686,121.1507564690778
447.9075555682424,207.7978116935687,102.32727061728765,121.38329648506182
431.4250529027622,212.1297702906984,103.10508875342383,126.31862054751629
448.0774860601746,200.7558112689785,101.63165668847705,130.21431614832906
442.6175673630069,204.28481479768726,102.65317769945055,133.3913230527036
439.3139050998231,203.4254613897561,104.172493345203,136.87352912851463
438.5694677865243,198.51915971469526,104.83727147092699,139.86265854827744
424.92638896960256,202.08585469633178,105.66920737930661,141.59135678843455
419.69515950367753,196.8062129524381,106.9279996241449,144.086708811073
410.2027862078789,198.1423205176234,109.55282189933594,145.44542801450365
401.3281703966288,193.5778122187065,111.5540638672951,145.45348819143902
389.3853582841306,192.13649456902561,115.27699316126136,146.17065622853272
386.10534899269226,192.90333537496554,115.30005829488874,146.1573328214945
377.00501287706004,200.32077468173273,115.30484200686602,146.1492192683849
371.3386847975579,198.13468908064152,115.30636146237902,146.1448679295212
364.0677263045548,194.90605531918928,115.30656282643703,146.1440952149989
361.7329464684654,195.64956413564997,115.30659687529429,146.14196267862752
353.7789618908109,201.36587488325165,115.30681208620634,146.14163126063366
350.2473472817545,201.38137715244181,115.30742447921529,146.13982608777974
361.61347173834633,203.9170448323294,115.30686883385401,146.1370131813127
368.09803025196504,200.54039635281848,115.2652325042484,146.11597523280278
366.40078595409926,205.50663641445695,115.26170774663218,146.11529499813668
362.4144860643531,208.74030486145847,115.2611091122755,146.10881692600253
364.91568930011016,217.86997914882795,115.2611631204978,146.10539448346572
365.83724035775407,223.52775601358547,115.26730238113318,146.09446721879445
378.57505860324477,244.45088761878006,116.05467782252482,144.95619274741892
371.87292415954323,246.56803043005516,116.13580942660266,144.85765980278617
381.1030837804318,246.82400067853905,117.49368552784316,142.84240552598746
377.6490480561925,249.094437932681,117.60691759415008,142.7241541752048
383.43324726967535,248.3483495151636,119.02133395600272,140.70125937976172
377.12840018801467,250.96757548495032,119.08547777294959,140.6253626579312
367.0829347186134,247.08818701725198,118.98533815511152,139.96348815747584
362.5362178397746,257.8966093665182,118.98454316828229,139.95404626045703
382.96901431181925,247.61131311484002,121.16482958820663,136.70859491005365
378.8157973968685,253.39923144488276,121.2521109675466,136.6058121821581
382.33713004822084,254.06116238881623,122.73958463426335,134.3246743076197
378.9250267336058,256.84680825881316,122.91496990958105,134.13982284472544
384.27779150892854,256.6615260677322,125.03276360875253,131.0449161976057
379.5944269275938,260.0293465941264,125.143871815001,130.91210317063525
382.80013701432273,258.5066600934104,126.86709710357934,128.2059522005096
377.1229861189782,263.5566167758984,126.82645374961511,128.23657968331193
378.95130098530217,258.76456460272766,128.30002297250297,126.08216054637701
375.23332868174987,264.1463569950058,128.25712246013134,126.1076697330732
375.4889180947973,259.9066713205342,129.6114946289094,123.818228902451
371.98062227849715,267.1896639268125,129.56613224005594,123.84358184754825
372.1803295891008,261.2150017750409,130.1767002047556,122.84683261898691
366.36571310550784,269.9327968744265,130.1606666390436,122.8599652595711
368.3619400965812,255.89203884989652,129.06465793125,122.24868269412917
361.8992236339742,265.5671729378975,129.01675654402496,122.28161039520235
367.1962712184486,254.42735824933348,129.5071473827665,121.2065644793617
362.8000670171708,258.51917453816714,129.59425545420643,121.10271248030762
368.8694482730807,258.47951582025667,130.45727631335825,119.5840075744004
367.5165056674616,259.05066832498903,130.54266215211422,119.48884614346504
373.79814778189154,259.3784909783123,131.00646227384033,118.57402675811561
370.71996714192306,260.99756706599663,131.1144050318961,118.46247055671542
376.2725815255949,259.8507195512622,132.05419636800707,117.05226095743056
369.7234215693793,262.37006192062387,132.19675818565068,116.91231555662841
375.5163337570947,260.89649595926875,132.8995185193873,115.84177827844147
370.1080467886985,262.4886157688204,133.00104461987598,115.73722696996127
360.79088325266514,260.88963640078686,133.09792853093202,114.9404373520703
359.2953756460894,263.6791903733393,133.14214971103303,114.8977616732008
364.2445633096625,262.29126620066296,133.26509186588135,114.40208272820915
358.969598087228,268.93506356090995,133.1499803872274,114.48671376912873
364.03330115938974,257.84274615722273,133.23748665745472,113.81421471114679
361.3916750415407,262.35246563832095,133.2571089798228,113.78567960332045
368.4806204476145,262.37172575982726,133.69228770197685,112.91047495450418
365.78163525876255,262.15327663435403,133.79406877151428,112.82106621864183
371.4035812922508,262.60675025756257,134.222827041757,111.83610853235197
365.70339900893435,264.45858730870816,134.26443935771854,111.78631597989597
372.0219369522199,264.1936434344994,134.51372363960448,111.1220612674905
366.25945741725286,265.6668119894747,134.56005931934075,111.07505334302567
371.06991804931,265.0077293203884,134.82696974315374,110.45444659886945
364.6055455637271,268.3695254479773,134.87243586757887,110.41501982144442
356.0563185790526,265.7928767348887,134.22750070728918,110.44466431259352
357.01444022558536,273.8021878023902,134.190016440751,110.47619018784441
361.81031682436014,261.8535622751108,134.06334827280355,110.0611491434043
361.1294625558393,266.07505677840413,134.12033295101185,110.01471508371695
365.72437918693845,264.81264639655643,134.2346540848707,109.53205617974875
363.3731157665573,267.27602579844546,134.29525272967962,109.48827819948757
367.9438502288747,265.05943954953773,134.44984436717874,109.02859123837976
364.16362165147643,266.3015725123163,134.47896092291515,109.0071754066642
369.1163556677053,265.50968717510165,134.58368576155107,108.4323445586477
363.02016536317035,269.787616030546,134.4957042414096,108.50251395499777
357.52177487066274,259.3518435272573,133.85305422666892,108.53079915017383
356.86628424673495,266.4357116112819,133.8127879254676,108.54956353144112
362.30052221262736,264.5482272292318,133.74162473019393,108.39127161629624
359.8067924656124,266.5858460052912,133.76290866804104,108.37106584060562
361.9137519123168,265.88964067805733,133.7224011439559,108.17401016168415
359.48622015451167,267.82378925318443,133.73965891158036,108.16255314509692
362.64335186351565,265.19031693919555,133.653267865246,108.02322488489108
359.8205459852635,266.91076663442493,133.69576310945172,107.98963240399347
363.2330403678217,265.51789130366853,133.64160068405707,107.80422527627596
361.2511849827681,266.6203578424781,133.6633816369645,107.77844015741228
365.6240944785702,265.9378125609171,133.70201985208632,107.32787846929067
361.0387666382639,267.9104782942949,133.61785184800658,107.38520107815768
365.2521521878614,265.02843074766406,133.77088230825984,107.0538438627645
360.4936889493158,265.0495811392018,133.8326152657587,106.9935355609655
363.6573971395958,264.1942142703866,133.69299690842269,106.8677255001492
359.496346235606,265.7060429754024,133.72693839230558,106.82487801710431
360.3295181821254,264.0273340832827,133.0386379958754,107.04241275996188
358.01964572936674,271.0928034767577,132.97575045510376,107.09423039696203
362.71074448278307,258.66190611183026,132.87158143643023,106.82491970384332
360.8107886571779,261.8619483317592,132.89061502062393,106.79934555222395
363.35042505149056,263.45562937449586,132.80215882516882,106.62214534342911
362.7512306066989,265.6186840216527,132.8263165431441,106.59728412269331
368.7182792933005,265.4814727083593,132.9775987704659,106.19588675626093
365.1479989254248,267.23736315972656,133.00022194136739,106.17738483378164
369.5944856832769,265.8951248118404,133.07489597815348,105.72525817414628
365.59224442572145,265.90328076091885,133.11759508414568,105.68534864811116
370.1301132276987,265.79679685588746,133.3080689898958,105.16142840714092
367.28294376982075,266.5388273930356,133.3394154282347,105.13330293026432
370.94884255651067,266.3036283270243,133.43295898415784,104.74734438189373
367.56352286022695,265.83845805048367,133.4653552736979,104.7098040899051
357.56099341281197,266.5725494060502,132.80020237653574,104.9463835991547
358.2605244732333,271.9951893298059,132.76695279574733,104.97364517925568
359.6468114796545,261.8181524988076,132.48819182077727,104.57049380463113
360.62609976360534,265.2155116091933,132.50452467765734,104.54353013860828
362.83919074910534,265.2404383765577,131.46921852300267,104.92728209599453
362.45655351064227,266.85485613205776,131.48954258622484,104.91011006956771
367.260209358765,266.6626174980439,131.50747693795302,104.67880090437549
363.18314406531204,267.56008428437633,131.52520444105772,104.65946085092156
367.75776551767865,267.20694740348824,131.6142351569299,104.37177655672463
362.8508636490322,270.4127389773645,131.5037901988493,104.45096184158932
367.3275435818776,266.55679668458487,131.57571605398368,104.2035115768373
362.0133414639794,271.8873307823831,131.5268141145482,104.243751631668
364.75219119946917,261.8507988495622,131.335504948134,103.75362122240759
363.01360243577335,263.59610707618646,131.35502442308115,103.73226856119693
368.84759637005413,264.70203770878686,131.3999624654694,103.43391416149758
365.8874644573681,265.4075216645708,131.42273292841463,103.40384198376296
369.417077959553,266.0983927628933,131.4483605268586,103.12005322587682
365.7595308063253,267.7873639890456,131.47238723306378,103.09923867846419
371.8876812114215,267.5079363605078,131.52568057722925,102.92535418896921
368.10527361026686,267.3928677778007,131.55979128124747,102.89292598000905
361.36926496129195,266.00635958571206,130.68813964151417,103.18954842612179
361.08405002659237,269.4004583373261,130.65379902932693,103.2106251195184
359.95642021040396,265.3795972303702,130.3527863934084,103.22884593725094
360.0657545132623,272.05127594856486,130.31129320523425,103.25939463642081
365.1626374151616,260.7866348575562,130.28097764252448,103.04189451558166
363.89857511274624,262.4845960185262,130.30194611370348,103.02579802410133
369.22737983202285,264.99972542822644,130.30955407474744,102.76311494551503
365.05079873262764,264.813594611636,130.34727609562043,102.71372554314863
370.3032958072041,264.71338735628626,130.39146102361593,102.47955913172133
365.87950737603506,265.859236396994,130.45571269064143,102.41525586956546
370.51522351654995,266.46661745598544,130.5422201297655,102.2271729097934
365.7084087078119,267.6647415576292,130.56238680321087,102.2076220083704
371.07358442279303,267.64670690818656,130.6065476642031,102.04430465097144
366.960592775488,267.50784056182425,130.6377105547605,102.02020749898283
372.74417320896225,268.0805900867386,130.71345110840525,101.77317628791828
368.5955700531785,268.1355931654611,130.75466453056848,101.74268476806279
364.38212257846243,266.0675136500672,130.50459567384829,101.83796407244058
363.7348970128595,266.53790859579954,130.52702527299536,101.81884569071877
365.5683673939876,266.338531614116,129.56466457932743,102.29598428446789
365.2994901851107,267.8524371668984,129.57836351612423,102.28666182445659
371.4493074936071,268.20699677405275,129.64582484639703,102.08082289216853
366.3484937685607,268.0208681622789,129.66469205784242,102.06098171869972
372.51537722756575,268.02936806774835,129.7386037439582,101.90534075895512
368.422982796293,267.52857589544027,129.7700846917699,101.87767984619366
361.170009840772,266.5621422927833,129.29402548348807,102.07506698139352
361.8143860121899,270.801768507764,129.25723449109327,102.10157379062888
366.6081621079228,266.99910732547045,128.72862890912455,102.287360041477
364.5224410930608,266.96620821441894,128.74398163297093,102.27615325720703
366.73857153055707,266.4307082642642,127.92031994392197,102.60730919293982
364.1307592023078,266.2710388316764,127.94548534901679,102.58375168603564
366.8760661967845,265.60591632640273,127.40967816472023,102.84794032584774
365.2751759527768,264.8482832921551,127.43115555596445,102.824236519961
367.7908569644549,265.17045353550407,127.50768080067458,102.66926924035532
365.8474794105373,264.9836339442677,127.54825141639867,102.62663453090232
370.06388566034474,265.50261827281435,127.64198062668372,102.44546720485216
367.1632767229953,265.3091071501175,127.6907785528046,102.38802151826008
361.2954312662144,264.6472738733097,127.7022825690887,102.33617380300052
362.9613655492135,269.8811759357613,127.66248319979145,102.36613140447677
367.9202847906326,267.8617955992789,127.66460473892596,102.25270616054094
364.4058529544933,271.2890022040081,127.568352062938,102.32402842471524
362.86065743812856,262.48630309293316,127.5333065512491,102.20821616712885
361.4555446399972,269.73529344214165,127.45075971136991,102.26260554012299
365.44946968859824,267.1296304833131,127.48681632193147,102.17087712504693
363.2726785341417,274.57960615037587,127.45212682222028,102.20035961355329
367.09575828941325,263.4542654662204,127.46670577984727,102.04011797771376
366.18125539622156,265.8464182022226,127.48253457667532,102.02685199164084
364.57623685932185,266.7493785248517,127.22159482094598,102.07911389585921
363.08234360888486,269.2814101440398,127.24496648684374,102.05953098127449
363.80302350078415,267.4867430266525,127.08302362179975,102.07754658964527
363.68081820668965,274.76857911918694,126.95471638243018,102.19713913693727
366.81406140278796,268.4305077452025,126.312513780822,102.39214842390761
363.2702459862631,274.9589196492881,126.28330615867152,102.42568811823887
362.9795708325092,264.5160085478872,126.2700703322224,102.28927063598204
363.98580181258257,271.8723401346618,126.2337524474693,102.320874926117
364.4586639503985,268.06608015225,125.91479258853208,102.34396932712836
362.1353521803194,274.7318290680781,125.8745555673195,102.39111071666338
362.0096838355216,264.50008906665283,125.86654386442846,102.2425378020336
361.9865815403873,273.02242715828817,125.81315397340762,102.3039655158576
363.8378151217466,270.1032581275406,125.44688990898621,102.45428239433882
362.4967795143428,276.86641080990614,125.40867666181877,102.4944357316952
368.432215085163,265.29631536309057,125.59005161392824,102.16495919063397
366.2732249501074,266.9615339444035,125.61629623493056,102.14949347499899
366.97796731958994,266.8769810869013,125.18212772244793,102.38782077599237
364.4070883238889,269.059991801767,125.19914082172967,102.37878110056397
367.16285625774077,266.5297644282924,124.40144639231941,102.72841278843107
363.96484617262576,268.4002146492739,124.42570094899351,102.71337294217133
362.64444508743554,266.3270613467314,124.03786523332661,102.69644769758587
364.3664894318813,266.0215404438588,124.05264314065698,102.68479977936265
365.59447400330765,265.65060413246977,123.68552831070102,102.85944360804274
363.5369392307401,264.5910048341603,123.71612806060914,102.83205244864975
367.8083542303798,263.53841547026923,123.84855860515296,102.68853890233818
364.25817072344375,264.7373367387366,123.87495863904454,102.6658370323652
365.9456572566828,264.126446326417,123.58763038801132,102.76887217238065
364.1392632146116,264.3873422950279,123.60234975801184,102.75420340744193
366.4090099775049,263.6131907600132,123.7185473790759,102.61571958744146
365.0681606892381,264.12730073579405,123.73848204913068,102.5983636552737
366.21925152855545,264.2104748991269,123.40838322381322,102.77078619500209
364.4501111568879,263.7867800697579,123.4017733249822,102.77980582858208
365.5199100078024,257.2760846101147,123.38277775404305,102.78848617657948
363.57472726729645,257.40033973058024,123.36932272037592,102.8061612193093
364.1159154232339,253.9188391593043,123.33707164978063,102.8251382758626
379.06875358566367,262.1134433729068,123.33914640829511,102.82281835268599
430.15456123812663,171.4997987786819,118.53446683334975,103.41576916222945
451.11560481335414,167.1475180688592,109.84620536648842,107.48760629674919
449.8832360441658,175.29408217125243,104.18828989735778,107.54048067069806
459.4044072032414,174.4293339732037,98.27827561265381,107.61044678477494
464.0000816499114,174.5413512519341,92.58372189677351,108.33451821820087
468.3607762777067,174.63236671007195,87.97701436191666,108.25525554428428
470.8539813773613,175.01460094562486,84.22083151379601,107.13142450074693
473.9842438644763,175.4308715378605,80.597409381897,106.67071512078958
474.86444933403254,175.43725098919933,77.73242674268846,106.03752694069186
476.0738414704976,175.11630041809156,75.26716739829824,105.05812357088348
476.7253472584613,174.88445148659144,73.04983863172374,103.96072750745397
477.5052350150546,173.67206687844129,70.99183531363786,102.54461227665651
478.10217075515163,169.94884430432592,69.12683341466641,101.86035540614947
478.64203661946897,166.0657472654012,67.3893641925167,101.12200331853258
479.3542018889003,161.3585667725765,66.26718107191464,100.324335800764
481.18924884516446,155.88000512037735,65.59339334034033,99.80643392816035
482.26194848485727,150.9129406853318,65.29052645727124,99.96091497110304
483.24572512473037,147.87826873542278,65.46436183223382,99.45901796897401
484.59340262226823,142.23545615398226,65.17731891944882,98.83707324660115
480.4748147080071,135.35613520540713,66.1562735985265,99.3982511544936
484.9215907470385,129.42279583767524,66.87564704994361,99.74992954663463
485.1464846999238,124.57506293930902,67.63888602539095,99.73670660740517
485.34794529960976,117.71417238900094,68.48567574349191,100.77913208668343
486.54664898330196,113.3260412834207,68.9402185447171,101.95142138600922
485.60317253560925,107.37600852982412,69.7307772588511,103.69295951893477
486.5733021594515,106.12617580491607,70.4346108093996,104.95993058131495
485.65775184603615,100.8032326228643,71.26362980361611,105.50564585624613
483.51804987343326,94.2431589241732,72.0380112230346,106.26866224929485
484.2321749873589,90.63722970582754,72.66760658768203,106.18776174433576
482.14172516872594,83.38956238369893,73.31601048787215,107.22937820316818
481.1264232355953,76.9488216585197,73.69661151695237,108.15566518026003
477.08337631452457,72.89076918091553,73.66591744863237,108.58345712811364
475.88346540534263,68.63462842250817,72.74161683810219,108.84121059927406
474.52840635994505,64.18612243397163,70.67574158172943,109.70724914189891
471.7226388902015,61.67557232858529,69.40686346579662,110.59607901652046
466.81836120674046,55.915137038161596,69.18115045350727,110.7429986391159
467.4515712590871,55.04894257058976,69.09308258556173,110.79371214014702
469.3331471442489,49.47465201701361,69.09364274455935,110.7926922646333
476.95890630208527,47.75725613713361,69.0938944484179,110.79180697284912
481.43920655474926,50.91227394617174,69.09411700217197,110.79098833093863
479.5503798966224,58.338749479486104,69.09628957120272,110.7848857521639
476.51100855203094,69.5967617065728,69.09433949228873,110.78304815712134
478.29657646932174,77.97401302176746,69.10908107622531,110.73498931335313
479.0976204624082,80.5610345439452,69.13720229758715,110.63759116645862
476.6569752050913,82.72770906713014,69.12720167071082,110.57957504779259
475.36954363054843,82.5515633312238,69.09179646538072,110.46328794256362
475.72767229513715,83.50842772042864,69.07373513010367,110.40699164878072
474.5641129575694,82.57456618177409,69.04692357033005,110.32697786676825
475.23379531792597,82.90949764460075,69.0239901335677,110.24951620721295
475.4073720631194,81.5694273818845,68.9711499845601,110.07507680710833
475.35198556578166,82.3798393760612,68.95261842119675,110.01700721137881
475.2890133428042,83.1703217722274,68.93207674871593,109.94928502139474
474.7916177076676,82.67552271222362,68.91880374896945,109.91724915874391
475.3296224843683,81.59313175341731,68.89230181351853,109.84719902794039
475.0670101524942,82.47055824710401,68.87744139998101,109.80361530001981
474.99249074022646,82.3177540158124,68.82067562320485,109.68765903458143
475.34876912499595,82.3919319990843,68.7996061659827,109.63114219528016
475.12224484515053,82.70555579389732,68.76020550167831,109.56041560413209
471.8716445815612,80.08033904592804,68.76618393718222,109.5483936366612
469.3941224794189,79.54568498023418,68.85876895872754,109.36212277329795
480.6175227169546,81.5452399727879,68.95343233558482,109.02137660731286
479.28037808553813,80.87030543447119,68.986114790709,108.84751612118686
480.58254322656035,81.45817843235477,69.0341749887061,108.67024525979241
478.897224099102,80.06915474960377,69.05320520567422,108.55436457429954
480.1599892069715,81.58190806207716,69.10795696282041,108.26294541654637
480.2075157026959,81.6740649658687,69.14090326219552,108.14585103023079
480.5401475575206,82.24382328044261,69.1907410330301,107.94813070387838
477.09829993901747,81.38737013497638,69.1953168738267,107.89240732466772
479.4411381783151,83.37028328259052,69.22203892428413,107.76308834984349
477.643303630421,82.36006573085035,69.22813415990393,107.69058193072554
476.6126410597618,84.78996957328765,69.16291720985254,107.5559205394911
477.5704340814722,81.61272487606958,69.16775896565667,107.49583388030786
484.0795509186386,84.04481102787564,69.36938918292547,107.08930317825823
480.0946544954754,82.4675276940779,69.38321078825452,107.02629691837873
480.4714668989857,83.21667289235039,69.43838036046827,106.70550700820766
477.2440493014522,82.35930205093057,69.4434102958306,106.65296787401545
484.2615858376212,84.00282337053325,69.62925301786515,106.25655619527456
480.8133398804673,83.5485911813868,69.65090467262095,106.18144266648206
474.09502964590484,82.25255392204899,69.662169230491,106.1607716617049
472.79957612205413,82.06050338355537,69.72704526088894,106.04293058094677
481.1132161093958,83.61668039957607,69.93017338251914,105.43637774977206
477.4073342637667,83.58700709230052,69.93598223597823,105.36125449757056
475.53367331180334,84.99023688611206,69.88662655048851,105.29014456509886
476.9567474805436,83.14770098833277,69.8869504763442,105.21280738887091
484.4749692906236,84.80262117147515,70.0844126484204,104.77778177135019
480.4435553090619,84.89883032563459,70.10872742795011,104.70687370793726
478.49401562523224,83.85594939589106,70.12285281993198,104.5396605803943
478.1319625848187,84.04160072046665,70.12922200090625,104.48829942213173
479.0262514619046,84.60162334614029,70.13816023508429,104.34989927805373
477.70012798139385,83.09347705479689,70.13936664205931,104.2956776586226
484.07846770311454,85.62274636594536,70.42741833875458,103.71298485007688
480.60279965751465,84.45662223441104,70.44551830782301,103.64211426434487
473.81871088728394,84.316889710032,70.28201307087961,103.5087553082144
477.1140698193834,84.35725226241054,70.28868109001206,103.42221658014446
478.1590524675513,85.15762109605558,70.28235207755068,103.26970524551888
478.07581874281146,83.88399628538578,70.28209320604842,103.18813468596554
478.91831680254126,85.2977176738918,70.28792088000016,103.02439105903895
476.329336835001,84.94675283692281,70.29104131846807,102.94253509178353
474.7817797185315,86.18544147028831,70.18163794848657,102.8302625003455
476.7377551358997,84.82624002411012,70.17540520190013,102.74464045793322
474.9671659543524,85.96724595220505,70.09041078400413,102.67431235189594
474.3541902802597,85.45626619829348,70.03517769729889,102.62392648370437
473.9809494814399,86.05047452981083,69.9190995591634,102.54193379470685
473.73884616571905,86.01822827183942,69.88865417682646,102.5167899326594
473.434486695508,85.86271562616588,69.79325546149444,102.43958042986661
474.07843359408724,85.18788823950493,69.75115286115908,102.40414139501439
474.55587461034986,85.50896198546788,69.6204295567566,102.30388470308773
470.74592296301097,84.3160277537818,69.62659479143682,102.28944622638116
468.4017818062682,82.42955542076461,69.65685279385659,102.21882137527989
479.9713352661589,84.45021853177532,69.73371686711715,101.88695541174238
478.73176558513865,86.28960291135897,69.75397413572813,101.7630336546045
478.02659684175086,85.37442672481048,69.7581085909638,101.49311241854011
479.1352333554669,84.8702794936856,69.7682427805576,101.32582733290778
473.6792881651576,84.27090272764119,69.77948122941352,101.30351439008207
457.46794603109527,155.05104009873492,69.32848156809467,101.37687612250394
465.95582519693795,157.49272910158294,68.37092887910954,101.83312585957528
465.2877984647443,159.95392649185052,68.24887511044933,101.89851737206989
465.492563580087,161.5362186847055,67.59226111151537,102.16665531645336
465.6109924796167,160.15402815230948,67.53609018863386,102.16997924280234
471.85973635808926,159.14072495938547,66.85622938481369,102.28364584173936
468.4134406343028,158.99383612056243,66.58203225435321,102.39768285204227
466.26017269359255,162.0192731394066,65.78974983361913,102.75616064006805
466.9290864590348,156.71511363416326,65.57746387053707,102.87915383726128
467.4062393622042,159.61387064862282,64.55914640845037,103.21183781020378
466.79947554838753,160.29288002673036,64.44829876428653,103.21465365252993
467.82853848194884,154.93424055609205,63.591025052849325,103.53224196575479
467.5011543031618,157.32002725798355,63.401161142471494,103.5995038013822
472.9401933741984,158.27540039515827,62.567868499971034,103.6008355499896
469.774294252268,158.739202539066,62.41042228277222,103.56545432230519
468.79618671010314,160.2525686526331,61.83833803543686,103.75963026014902
469.0866950780906,160.03880802081343,61.74743491545162,103.79057294364732
475.15846051763646,159.02909226236886,61.239412573652416,103.72608207436703
471.2921730551737,159.51315827697286,61.09771658259288,103.68123302607789
469.6022458567678,162.16351396742104,60.49692055444739,103.87917267286097
468.85117986034896,161.76666803193135,60.30980219728652,103.74151198808859
469.01421362724943,163.2200437465877,59.64820324993042,103.8858333946981
469.11728329694307,156.2711263491303,59.45209009352251,103.897733359901
470.9024097791768,153.5647021746801,58.71983170455556,104.11630776013199
471.108626049298,150.5095097664377,58.461051191562575,104.21654595872732
471.1801962936513,161.19583970661847,57.731208236844864,104.2015215764127
469.20258670211314,162.2192636621418,57.61369497134326,104.00977727731212
474.4982837757206,160.69684425754488,57.41185961624267,103.58077465774925
470.1473416554232,161.5310401135181,57.31599147646632,103.09460292795006
469.29090324278553,157.91461839941508,57.05346284710605,101.91934336695932
471.2620919894689,164.9756406403075,56.6225430353952,100.56608531553339
472.20818835939446,163.6495962558816,55.85051337862058,99.16335163946938
472.15425678058887,164.16893975049123,55.44229633555956,98.17774791731304
473.10533437001254,164.01253285569697,54.99406104425495,97.44937155950163
472.9733920023655,162.03539622352883,54.66509527324341,96.90309312324588
475.6758788015731,155.2430520641875,53.00165710001432,97.38910571408425
477.1009898410955,151.9099872948915,52.287030342624846,97.96002851515802
476.4754251277849,149.62300056282308,50.93417016811081,99.36416045135599
476.57911263426234,146.89572837513188,50.19493796263957,100.38971064796641
475.1620923600213,145.02544480535073,48.6265088761119,102.6124085534436
476.8613272925589,144.05775313206365,48.60395096210175,104.94967037616067
480.71166144893255,141.9849624786696,49.459226138429166,107.15012705678913
483.9364910736004,140.96653405551803,51.58186970739176,109.11154693101057
487.0588471331807,143.17641835780145,54.57887111209593,110.5642701629916
489.5705742557722,147.77616379841209,59.00222663558966,111.16207199112091
491.2010026166627,152.30090359370325,64.18314332842046,110.64958351992335
498.61898968415164,154.16967962126725,69.13793686312034,110.80055122874188
507.18745433893395,157.00462155575974,72.491095062711,110.95718065016214
516.5469788727056,161.4605992823026,75.29999246733574,111.57050614953008
525.7246557364832,166.31542784920362,77.22958708877952,113.01401864768607
532.9004956916881,172.02135361683256,78.46878566500288,114.9544477291884
541.5996667848349,175.39353750920662,79.77916463959798,116.75073698789733
547.8425058216555,177.47183450496422,81.81893250406719,118.96436937959135
548.9249184196124,180.289347742644,84.61298725581588,120.2439942981222
550.1681016651545,183.5165720526723,86.69997691631237,121.61182608501748
549.0891450226472,186.4405464191935,88.23540867638256,122.8674177725073
547.9813081088921,189.14283351323718,89.38481000671578,123.43080584943458
547.0561232662894,191.7103738594766,90.35077002585979,124.05353050439837
545.9769883564869,193.41676544149445,91.37294289111908,124.57455685917678
543.3012159243282,194.97478478087902,93.05164048447095,124.60946455911554
539.2405375794688,194.4990296391429,95.4636957024795,124.28072798875935
537.3154402673756,193.5150070283952,97.57421718900106,123.7350348164712
536.7953790294561,195.58242570310807,98.51330924805342,123.80062929077584
534.365582357808,195.8383605511376,99.30878372919756,124.36213863448117
524.9144180830582,194.79646846204363,102.01267744898512,125.86309244319663
508.3659812050057,192.19332384491375,105.21622921412333,127.75784655744604
495.1430432979784,190.15371780081566,106.63860649302171,131.72997786567254
478.67876077522396,183.2109846342736,107.59682318037625,132.31216050735046
465.1325302243114,182.05537296050002,107.28346915768975,135.22358373311334
464.9524603819423,177.15291826808567,106.26298693233278,137.48746271099012
449.79218659333003,175.48232403799187,107.32347324551921,137.2550902180375
454.32112208478236,178.09856240153766,104.87885585605933,137.28610845936018
460.3424964860323,185.0635300955956,97.96058825473135,140.8047280639201
457.1844790400212,175.1432219569649,92.01206053994204,143.06162508764146
450.91389884431203,166.7180443756704,88.8873798287602,144.94163475309918
394.0657502388474,166.8349318539429,95.27613614613486,140.20276049998432
386.2495084152012,167.51515856632457,98.69207278109812,138.825999656055
379.15471734118756,170.45808391767332,100.65879745384461,137.55488407985285
384.49735483306023,172.64577780133706,100.71308450470623,137.4404950384165
371.6687577729761,178.15733828969343,102.29480865417135,137.26040975964077
362.31205002161346,170.2516520781849,105.05205026010704,135.6075697650553
357.2292323993438,173.86304689118703,112.21097449848187,133.47571298512037
353.40570349387326,174.07287771640745,112.63247212112942,133.34890653783123
349.4352231935263,170.6116604679616,112.93614415141923,133.1178214042908
331.8286965440716,176.75264162229843,117.27035795753092,132.5312955732783
323.0386395199364,177.96164181794109,118.80609753985887,134.85454760432575
314.3864184086439,177.23964101295292,116.5999902171558,137.8977052363739
310.9337901913721,181.23220090266653,115.87381888680683,138.5075532990487
301.4701240156907,183.7738562285277,115.60132213660711,138.1814328748349
292.75612891052356,180.73130294306077,115.48920461989066,138.06494747723244
287.37597840548557,186.2563247964904,115.49712049050126,138.051705108569
278.0299366745885,186.61423266101158,115.49765083645072,138.0498464508309
260.57549521123065,175.70081655995335,115.48956446385002,138.05451793212217
252.4964639130306,180.41763172009792,115.49295062287216,138.04877076002637
242.4507034332084,178.6625444732536,115.49299895678413,138.04848654590555
231.09931888906056,182.79864268551256,115.49097602237474,138.04172247917572
221.9921542627083,172.3244055542496,115.49098032390734,138.0413079630151
211.69261327376822,177.3032953865779,115.49166790786664,138.04183270357095
213.08531758101685,173.36561911932222,115.52209071617516,137.98308127232303
205.65277309847673,178.88221141266598,115.53646690507135,137.97136198714918
202.3648421581856,173.72392533154095,115.5491383254485,137.96303447593732
198.51554440227292,171.04751518783726,115.5590937196286,137.9452492945947
199.68711686184582,173.88632937154773,115.89798400823119,137.93809259541715
194.17149555875957,174.2524877711092,115.90837738649843,137.93904524934297
193.83350140447754,170.77789735662265,115.9196378284129,137.93453030423765
197.80958915591415,172.45281593072912,115.9720914606715,137.9593467338293
202.0875867357871,169.9877214460845,115.98034152492457,137.96012572234466
206.4688176678456,165.537676255984,116.99490392991164,138.59686180109298
213.09213139533023,165.31459606853224,117.0892083673374,138.64360298749708
212.27057438012386,155.64219561390274,117.0924952655251,138.63448963589178
219.9442319125495,156.5022417255389,117.19956118974854,138.57248418935285
228.16985118648847,151.81074020756216,117.18221203090864,138.4064302184704
231.72176651564598,154.34315975171546,117.18172295203088,138.40375066843282
239.6954206624764,149.52469147423594,117.17425020677095,138.3878551921419
262.3902510444139,147.04726418650336,117.16859594314006,138.22206376769864
265.21527082066297,151.6232418863936,117.16770962321642,138.22123713683905
264.3105373312219,150.51106458214315,117.16783076069073,138.21910768505245
263.78977926666386,142.65498900616515,117.16934752400027,138.2130476629972
261.93555116330845,151.8201694759897,117.1690205809918,138.21307383882666
261.70166048675213,162.18320332310992,117.17041010246804,138.2108773756653
262.17653934300785,161.8327657880351,117.17087464375608,138.21000180971419
262.18355640364706,164.77805467136864,117.17832803789734,138.19588936363425
261.91724515182295,166.14897113676778,117.17879753117718,138.19506566821806
259.7472776014032,169.09301241191736,117.17985018572762,138.19157612786762
259.7511977167513,169.09285954750527,117.17995107440436,138.19130864627354
261.3571569528006,172.9335038563092,117.18025946998152,138.1889321914465
263.9681565127979,176.00754080799956,117.18054275965481,138.18827726389583
264.7545253045715,180.64661324708456,117.18064932378991,138.18560979508862
268.0119625521946,180.7859025940161,117.18121243154049,138.18433524393907
268.07703509040005,179.6727642312764,117.18130839154469,138.18174539227005
273.2291568616863,181.3684750357769,117.18159976108157,138.18105702530397
276.1459017735588,180.31233078616873,117.18183491292243,138.17940266296327
278.7538765990222,178.73517417567862,117.18488750885241,138.1744303385944
267.0822415707086,129.74315564734667,116.8088658784678,137.57512388939892
269.33046884055443,117.51138173518827,116.70843032070977,137.50993369186514
272.02928706911416,116.10579685306945,116.26096151953519,137.17442620047228
273.9720675786208,108.00145795504059,116.21269650958556,137.15613141657394
276.9116826574666,108.53531394406856,114.97852403011669,137.86715757957788
273.1233653927751,100.87154286643819,114.96655172508802,137.85907122531714
273.0482161723525,98.6967867971379,114.62050640425072,137.64169503155077
273.7848334846547,114.51433516625939,114.45144298421324,137.43812638473847
275.8067792565708,102.10037223079772,114.18174305834675,137.50835991862567
274.58496381117925,102.38084070043013,113.34805356415065,137.70882099676732
279.19993612907655,103.30610617349743,113.18636912122717,137.6569530707667
279.6650915431582,104.58301193636348,112.21125504993336,137.30288123962993
284.9958272711376,103.10447782258443,111.86048019584217,137.19189741373648
284.4778424829473,104.52441037285186,111.46912917266684,136.87000955090303
287.64578574626205,101.73558390905714,111.44722227173924,136.8240276632764
296.4729184578644,104.31258610286274,111.28153373757266,136.37803299551385
295.45800565223493,108.18213497010424,111.2249280839543,136.33142440821712
301.3024446189694,111.65309799788899,110.32720882663283,135.23505747282584
295.7244842479309,115.76992201551448,110.3141565996547,135.25304403535318
301.50200290335835,116.43653229637557,110.10501696336028,134.9721219002591
310.63589114067315,128.9945828390894,109.99532345076686,134.78458488648678
316.66447275526144,129.55775731310874,109.88251618625087,134.4987693141881
313.9934301996949,128.02659296103627,109.61906865120478,134.09974090163382
319.8831901203415,121.30546065825004,109.34184621133977,133.4894761721843
323.1800668104272,129.90326243952234,109.32235401967552,133.4489286093956
329.5432047164358,138.2338555342322,109.2854006792769,133.39401225640165
323.00009555940073,126.7327593154841,109.07888961560046,132.95143197356091
330.0893983801546,135.57944092433007,108.97929303018411,132.90939207435042
330.3207676695661,139.50799438006297,108.95509690679577,132.8738598508424
328.4127587261228,154.48207167558417,109.04951926794092,132.89403945779807
334.3253360978724,151.65075708894847,108.90483499105542,132.62217413567762
327.6978670062322,158.55047330030564,108.87987071614495,131.75619527283874
322.0356094939896,156.800553864939,108.83293817745864,131.37445665181178
315.2226163247114,169.1108407341069,109.20298693972121,130.7623763369379
318.8134789558596,168.94550647186867,109.18501566378343,130.7309255741619
317.787307586973,171.76033801225142,109.18916208579127,130.71646015193522
317.6152121314484,176.1680143253888,109.19469722701542,130.69869015200325
311.3627803907608,182.415435860878,109.19639737068313,130.69535747226016
305.93661600288874,187.2045619879973,109.19699293872458,130.69395038708896
294.4969958229416,191.3509836468735,109.1984409402205,130.69155907281564
286.36928112475437,201.74841578231883,109.19843820768871,130.69021859037704
283.56012927659737,204.156506720959,108.9023098552051,130.32626859709944
283.6256711791532,206.5545827244762,108.68600291921167,129.59356311182404
282.00893806244545,206.68589460945316,108.24737433069717,129.1215318185957
278.86924702235774,211.09292064647286,108.20472062138285,128.92367160856998
280.16353366127635,212.31397877682022,108.08919436159675,128.5368720345055
287.01396276179815,214.4740757288807,108.09117315090961,128.30781458592043
282.6963039436882,196.77140772073304,108.11669521675604,128.35253582560443
283.57472331921826,217.32185412147336,105.19534347379069,127.1071995121609
283.5894865799704,218.3540244668081,104.38658516555847,125.46466375623147
289.3734350091302,218.2168149360755,104.36843863530285,125.42569092359457
290.8190344940649,219.18231945565603,104.3699565500465,125.4264771238821
290.5005135697491,219.03270376546175,104.37131116666056,125.42552148277676
286.6077978207801,221.5292654436381,103.84969768168848,123.3919675806171
290.9578785567452,224.22269851128382,103.84173782413811,123.40226865113625
289.32306436951,222.10734025809003,100.68108551318369,122.11705498174258
290.1429458250835,222.81719979611762,97.68287791133245,120.7358605445488
290.08306075408706,222.7958893022969,95.73339484707219,119.55441479787629
295.4487457341751,227.0405201259798,93.62512707500652,117.66141560549703
294.2278132674667,227.90237695680673,93.66862341139273,116.88862562510238
298.9658686926416,227.1264142676005,93.48836712952425,116.49927445322187
295.6498971515972,228.87685580223553,93.50349178357345,116.3445839822947
299.6318648921267,227.48173264371155,93.01444844194924,115.26030713650084
302.09322525021173,227.7618131605336,92.99670647791552,115.26199957127488
305.17797537697675,228.12395976008023,92.98177728075149,115.25466835204764
306.0983578502338,229.40317362106276,92.98505046309009,115.25057837002703
306.6649741040527,233.25362311239334,92.9975279469074,115.23490392044694
306.7238188932925,231.94585427591832,92.99335133148445,115.23742761062412
300.10201270917304,230.4640563817169,93.69341797676194,114.36431986013235
302.8572565146686,230.97911285993865,93.69180668947065,114.36618169616929
305.5057662979806,235.2105450215256,93.69042806828132,114.36880103846171
306.31341982503216,236.0260298143862,93.68963906055733,114.37001262034308
307.8225790584689,243.82457835311942,93.68931237491857,114.37052601650939
308.95787680914265,251.6744608478698,93.68911906664052,114.37084380593933
309.872275598574,257.7712309747728,93.6875196355515,114.37333130787067
309.9474459076826,262.97831800355146,93.68677336898361,114.3738358239217
309.1082805436566,270.01352816544613,93.68126012673693,114.37661381861379
309.20982051382987,279.21625787920766,93.67953182899893,114.37871664695017
308.156401324002,285.0745762244722,93.68103926459341,114.37505831945816
310.0871517497061,289.71129665584056,93.6923285113755,114.3609100592605
314.0397016766351,294.46004070377586,93.70226438215735,114.34916643970823
315.72087815722597,299.9511350628945,93.70590515915016,114.34718707205694
316.6753102438148,304.21250350716167,93.70718150034621,114.34588306010953
317.8535886323123,310.7390493491983,93.70422689429543,114.35360241882184
319.53122432620205,317.0587493423438,93.70743190689134,114.34997704495765
320.74943307446864,325.4624411873254,93.71359987865036,114.34569775562925
321.41471853943557,323.5218485472453,93.72340008061344,114.34055576909628
321.44701638702924,330.2229591621571,93.7258161590124,114.33784587655298
304.6494050262981,381.82105193347763,96.85690084946884,112.10377276066968
304.8291194898086,379.9817196743599,96.88004120569488,112.06707616058848
295.65807788533687,385.5475475428731,102.6367924978292,105.9757460651942
295.5431106011805,388.9973949202361,102.72830523262675,105.89062126057192
294.59780528408334,391.48508401980735,106.58258445164476,100.6711170246663
297.269722344648,393.356106711699,106.61960255295801,100.63579986086897
304.67078705866203,388.7973508618699,106.62651605553297,97.75342981614229
291.8227405014841,395.59978770008536,107.36999152462523,97.05723324084666
290.6087668073731,395.1024720669343,107.70186838481678,96.82879781956487
294.4640243303489,392.4286767580926,107.72784644952192,96.80797689626316
297.62714604924304,390.7922563988451,107.7388961597744,96.79912630196831
300.6618597551769,390.09818353266303,107.74269663029185,96.79648645941944
305.6355385786715,388.2474634612229,107.74479710555613,96.79511345380115
309.06256139240776,385.90684448015963,107.74860298336314,96.79262224417475
314.4104176112004,384.9256860171083,107.75181556408845,96.79071757355952
317.7277071760119,384.3639903921106,107.75784855986215,96.78737194420619
319.3950672115637,383.13578830430816,107.76222265074595,96.78504041538909
317.87474920493776,378.9524768153326,107.76219303747193,96.785482019744
321.8053657047125,379.43419751062316,107.76355702660047,96.78443880058778
321.8229075198587,383.1592427791866,107.76347367957912,96.78458410711923
323.8750936974265,385.76687097361196,107.76347144163098,96.78452098990559
327.507863281153,388.5401199183229,107.76588137848708,96.78275805531766
331.49730562221276,392.4331098773646,107.76948485173247,96.78019345476973
334.7906426868444,393.4168373162108,107.78476995098485,96.76876584644074
342.157462189183,395.7786885079997,107.79334991756015,96.76180168689248
348.61120583685914,393.00729989893557,107.80563667768875,96.75335801116076
352.9802275753629,394.90650839162333,107.81690560149909,96.74596547227269
358.75816946143635,392.9896347866924,107.82416269849284,96.74163179910843
361.693407871939,392.98562347061386,107.83183347956891,96.73689591269631
367.5414785542812,389.366440987542,107.8430304480144,96.73083272103378
373.43055970846166,386.1293991903701,107.8488752121021,96.72725422889066
377.9763803395158,384.21417536115433,107.8540996039855,96.72464424533916
379.36708745636514,379.6834432071799,107.85642350657838,96.7248206733442
378.7869514401266,379.13415965602553,107.85853580623686,96.72704425834945
379.92990378041065,377.8328923049172,107.85727549097945,96.73423370185334
383.43317454298506,380.99038312431776,107.85672685523487,96.74545970083906
386.18360590434725,376.9726769845055,107.8589654813875,96.74839746264144
394.300712036297,374.3018278880562,107.8585045144851,96.75100435457556
398.72585270068737,370.76776745888094,107.85834182278921,96.75500253607672
402.61103062047573,370.89299237257217,107.85981511147793,96.76003511411837
413.6179044472391,377.12903611759714,107.76809123114458,96.9446735075523
406.898542860039,371.51608825872256,107.77251302920199,96.99618033980349
417.1026113352703,369.8843279110524,107.60357667078041,97.20747830641444
410.23487433247385,370.09598173027854,107.60342540934448,97.2213768170635
417.2752986094781,368.90969788110124,107.43582205644677,97.47940536899482
411.7693264961903,368.2135128841294,107.4334916858545,97.49252185627799
419.69929442304294,366.8473565147761,107.34333026909991,97.66439357783369
411.1464833084248,369.05576317721335,107.34457665910267,97.6728126633901
416.98159534344967,368.8929584939842,107.22504419366726,97.87151912176155
412.7439815172753,372.54478427150514,107.22569871063996,97.87720756687236
409.4552271890908,372.6938863627426,107.22586533362274,97.87923278479381
411.5317237653235,369.98041331272566,107.20141412756861,97.92038043054293
409.75838529936175,370.83693733540053,107.20446737365519,97.93499983609814
408.0263634915413,371.6372773761031,107.20716722403729,97.94767241105744
419.1980696532593,368.70851777387105,107.1125437342195,98.08784828513822
414.58284150630294,370.0663148652297,107.11265716314203,98.10458466310516
409.5262182098392,370.1133136527922,107.11673188869888,98.12994296770408
412.94903828977675,367.2548260694259,107.10815599502864,98.14799693082342
410.5996788029495,370.18012614670096,107.11118195263087,98.15907108505019
406.8047685840103,370.6869394874953,107.11316850913111,98.16712642746359
409.57111236355155,370.3406571400523,107.10112704532449,98.18819395619278
408.08719755238053,368.13200008366124,107.10129671741012,98.19257805722565
421.2361256505929,366.71628420912816,106.96408123753815,98.38782797493195
413.51775933646263,373.6924716137178,106.95668869032255,98.48263143418524
417.2781236846892,369.38409627279214,106.8521420350377,98.63285799189106
411.2980240701734,369.8203650529606,106.85105281192082,98.6491804784178
418.7475796270464,376.47481827889055,106.66339990435165,98.91072099463639
412.6262818492064,372.4618206380162,106.66858586835679,98.95498819945027
409.07684105526226,371.59043836655684,106.67185016193358,99.01784768541562
408.3354781404514,371.02005682032024,106.67003660194501,99.02742286208681
411.5601451817789,373.2309779345206,106.63795267569256,99.04794103483974
409.75377275049163,378.81268750468485,106.69778649510005,99.11577361112492
409.6569817315662,376.9114752190397,106.70894723611597,99.21154005749159
407.4448155650092,374.90859625445427,106.70982433088757,99.21716924062973
414.25452773721355,382.96916287302105,106.41556096670351,98.89794354286383
413.59366007291624,375.3818247698021,106.3206997634302,99.3290475141943
410.71028390609075,373.8455915962473,106.3442479802599,99.45114545691544
408.7112322365962,372.4296438153083,106.3551942128495,99.47897245342479
408.4188143903252,372.24300001336724,106.35590313489503,99.48007429060996
408.1168026946074,371.0460625198221,106.3564497635591,99.4805903318537
411.12525256818225,373.8457134603642,106.35640859413763,99.48075191359904
417.93564867983935,372.92989585066766,106.35276381650213,99.48212530647702
415.4312879885618,367.2824759162745,106.35082216652549,99.48876098214807
412.10702519190653,369.9763890687599,106.35097701703818,99.48910682683551
409.3689078013579,373.69694839147525,106.35236352771913,99.4909822991416
407.72435418655624,376.2638096223447,106.35344871600175,99.49170979620399
409.158733540377,374.98693598150317,106.35382085819847,99.49217887010803
412.8027214507269,368.65413950017995,106.34964087108632,99.50055385332341
409.5984775520778,371.08353667624317,106.35017063768389,99.5028763873358
405.39189954782887,371.3709108515037,106.35092735418952,99.5037960141478
404.63627128514537,373.3145877208031,106.35125048035601,99.50481374313937
403.5314210608407,370.25213607882745,106.35184734467579,99.50549522533291
407.8708060429793,367.78745523292883,106.35078886721496,99.50884678529415
407.7426160737316,369.4444667859961,106.35180426847143,99.51079529208998
405.94702278119894,370.5079028792453,106.35198481296354,99.51107030331494
410.87945072871145,367.5072262712572,106.3494297907413,99.51500082413125
406.9092841373364,369.1993900242263,106.35096788376968,99.51854243783713
408.53670457096115,371.98783689123815,106.34548710105388,99.52363322377201
401.738277429155,370.26417348103183,106.34613185860412,99.52972831658447
398.61178995175226,371.32205867653886,106.34860136602202,99.53593477798739
394.33379531929273,371.6471024680658,106.34914495985952,99.53873686387507
395.7702569828217,371.6144198115511,106.31651241763728,99.5661909443436
393.66048088795344,378.30621512664175,106.25394056486287,99.59046297743137
386.4137175658133,374.935851470625,106.25778119687513,99.62491721054637
378.3707410394046,375.4847719842527,106.25661228619157,99.63399475667052
373.8780820745235,375.17684585617405,106.25942441761394,99.64276285774503
370.31093874704106,375.76233003633325,106.25946472324401,99.6450320596063
317.1243582380136,390.4792465836219,107.91808716708023,98.46663109393525
308.46143781300407,389.6131658509063,107.93387514539513,98.4533089225103
317.1550882430736,398.26404275909687,110.50051372312242,95.7704172582288
321.51188243198106,395.13295593440455,110.54029181564434,95.74484590868153
324.07323068555985,392.5063263774367,110.57421056574994,95.72408816547001
304.3838258612472,401.2072636070822,113.69935810500017,90.61062293927226
298.4187998385629,400.1824828967506,113.75702226432145,90.55322763958331
310.22032950087606,411.4674715621853,118.62482437463163,86.49525897570608
304.4199372962178,407.75801625722613,118.77461238502235,86.37315348378732
308.67002111513233,408.4216181806461,121.10623281024262,84.47934555913133
315.49480488447625,405.65321089786096,121.13632892969692,84.45776378528518
319.30056228837185,404.6617223150652,121.16698025960098,84.43606270151751
358.3370787763439,402.7794937031058,121.66065870943822,81.88152015813283
352.74924325487046,401.4812098671556,121.68690424579326,81.85161511847008
336.91042629199325,411.07002008227005,126.11252782608874,77.9816395322964
338.1690704604804,406.2054055640286,126.1346212315918,77.96155712163575
309.73496294743614,408.2492172490458,130.2621021573385,75.15094288112563
319.6157934028299,404.8660808188514,130.28998249105777,75.1418766149275
326.47652070406644,402.5019597792855,130.30150289468827,75.14242179845985
308.0935540563431,414.3227403418655,133.2899436669416,72.39409301888095
304.8029415267672,409.98353695010826,133.29414331258025,72.39035659103068
276.8389555074376,404.699139538803,134.61585314420813,73.38282981177343
280.0254227539762,402.7791789615388,134.6232787776263,73.38288647388558
280.50532689981713,402.10389977126385,134.62998537137,73.38309006374783
264.1982512558241,406.55243687991185,136.16423401043028,73.24603610249433
260.25128977672273,404.20799887146484,136.20847320703643,73.22045699167234
264.43147608416166,411.3880171012288,137.12144558574983,71.43959648124107
259.74070220094745,408.4722670451099,137.14076305127486,71.42947185669303
269.8779578855376,405.7404965033946,134.47838661556625,72.11184495611488
272.39274159570414,403.0617676956821,134.4821687092408,72.11295262647144
274.39779047686403,401.51145668800973,134.48243595622884,72.11274217950543
284.5020035810067,407.2193823937565,134.98252872987712,72.42027943988688
286.20552720226226,403.8301220002883,134.98652417764316,72.42028536476268
280.78455048783013,402.5926590421241,134.04905103180033,73.26146596840036
277.86950752922456,401.43349296940073,134.05133142990746,73.26048005774061
279.3855131734735,405.9015649997373,135.27171243343233,73.189086859189
276.2772955716588,403.9659982878991,135.27649440448727,73.18663434345802
275.0632402179076,409.81783931089706,136.93679131022412,72.02562922312134
276.32058846008346,406.1594334177008,136.94478464520841,72.0222386588973
270.3391296231048,404.69709488184196,135.4259899778571,73.72000955023333
266.97401893847865,403.2978336294624,135.43076369238528,73.71550514039589
276.03686757661853,404.8357384676772,135.646533319792,73.05492240030661
278.48768092331466,402.37734654843786,135.65048142498384,73.05473550895734
281.5029672469093,400.9147020167498,135.65377995165312,73.05450343700333
278.96323348230044,409.75999046643835,136.89993306207822,72.60116256057539
279.54236945746163,405.80284908300285,136.9043819112019,72.59680471389046
273.72669777460465,408.0855433331272,136.62896410748223,72.78990010036057
270.4108414558512,405.9524178519912,136.63607156615615,72.78588691392042
266.2389595306108,405.26435905677056,136.66347494300405,74.2288653813391
262.8845391809503,404.25695051735573,136.67300200173065,74.22216947493925
272.2679759449881,402.2908198026708,136.04433304824,75.59041289321604
274.928092020433,399.73356586559663,136.0482209420585,75.5899138436888
275.90884120247665,399.2509947928685,136.05183144943118,75.58902270924928
261.5001529610272,408.2806560746113,137.49495752034272,74.03674207691607
259.8848734987232,406.14920937911614,137.517670995503,74.02298313178575
267.6166053656411,407.344961682699,139.75819819794663,73.39826736491389
261.1498029949141,406.2266406938137,139.76191993616573,73.3945037831447
261.9015335610271,403.28501850422873,139.7718502986907,73.39250188545915
263.89159115009716,402.0146836894961,139.77809066368724,73.39183783953989
259.0403090809065,409.5957504552358,140.60686024640438,71.91495745137098
254.96729133100496,406.44943816821086,140.6260742282632,71.89991095532204
256.10623977826896,414.5852741769524,143.11446179952497,70.12875106094688
252.60818071386407,410.9002511991484,143.13323207753518,70.11640651743994
254.2213657928139,408.3461124491803,143.17227949547166,70.09146906681467
253.422268995534,406.1109385233738,143.18477377019204,70.09191297250466
255.31376025234783,402.8567877739678,143.18430439819645,70.09458064029252
256.45928418185395,400.7941883100149,143.1859866321866,70.09710748720482
257.628457818277,398.2412427574759,143.1873393429372,70.09821744146481
276.18071610410885,407.8228923431329,143.20614430447665,70.1433914757173
281.390621767496,405.17983873140554,143.21139801829077,70.14849760816851
284.16818667286367,403.5493754936788,143.21551284027632,70.15286757269679
288.97796184807095,401.94770243644905,143.21537300469336,70.15305721590376
294.43806715529996,400.8574566893683,143.21502418375337,70.1537796709113
301.74123358961515,399.58210847424556,143.2149773640121,70.15458391403818
309.729179902981,398.1462420028004,143.215486066321,70.15576765496316
316.2202729701247,395.4769614164077,143.21561976388173,70.15615877617398
324.3968512174038,392.8060776305454,143.21574810513894,70.15696584527394
327.1361910052631,389.15084057914186,143.21593892126617,70.15841942882443
330.3131271962346,385.15213674305033,143.21613148072936,70.16052680803871
339.83084470948904,385.04532265481186,143.2141990329558,70.16345059828141
342.2854720467279,383.07309920421187,143.2133687359195,70.1645991596376
348.3765570532312,383.2169806763266,143.2087375946781,70.1703777064398
348.6473991908066,385.42644843586334,143.20465610177666,70.17601846986759
347.61162001570744,386.78932371914124,143.20371660727898,70.1771417779761
346.99652656054764,386.8171261668978,143.19831997382113,70.1843279393939
347.75402147069843,386.78431704489424,143.1927896490639,70.19226074858283
350.74584894581386,385.68553509382724,143.19303000065193,70.19424631400112
353.80490719560066,384.0920768155768,143.193106650645,70.19478486833535
351.69632062576164,383.19875590032126,143.18895010129708,70.20091531960445
349.08930393026503,383.58796706152714,143.1858828720205,70.20522411301069
349.5661329883875,384.27037470160326,143.18276523877358,70.20901265842753
349.9442240082314,385.4970909913893,143.17953201967669,70.21366895367238
352.8095005623687,383.1482152950807,143.1795425519965,70.21399545767876
352.82594761470455,384.96747427249574,143.17073379952214,70.22511925509171
350.01873266099403,385.1643205637921,143.16748840253035,70.23036511973598
350.39677790750073,384.1525680323309,143.1677868121811,70.23111908974764
349.8857458051234,382.34522740327475,143.13399359696808,70.27213329845205
353.54547009350097,381.5513299905706,143.13368593131528,70.27236031761639
350.19570800170595,383.9555512982982,143.11381495423032,70.30165001722465
348.15373800293867,384.69964293523316,143.10545119886564,70.31287594211572
350.2710423844797,388.2463387657488,143.0977158336108,70.32098383857951
352.8949443169091,390.35739755661655,143.09691647772416,70.32159069455774
355.0744123914149,392.4727518632949,143.03934522739416,70.37331845205063
355.75676837459116,393.76579817228304,143.03702318318363,70.3749865209487
359.14328078662095,390.2242110556354,143.02737125722587,70.38410508255208
352.83498476002023,388.29175435664496,142.9124521943995,70.50623755668956
351.8755121704297,384.6337000923687,142.894373495483,70.52615010135531
349.2328761409309,385.87641857206546,142.8247347039558,70.60467011789879
347.85518829978895,384.2662949796774,142.81914241634527,70.61150764042819
347.2512576383548,385.06227444269706,142.78923890385596,70.64592701219469
348.7616236932486,384.21569954316965,142.78703358659445,70.64826875346449
347.4435776464852,384.64815801943575,142.76289575878036,70.67777802754814
348.3352235545828,384.0070372968718,142.76130479211824,70.67951953752599
348.0000065783621,384.66961289267806,142.73589469033755,70.71003486412478
348.13807685771184,383.7830896043386,142.72803150852826,70.71876428591926
347.693487239133,383.5481441586624,142.69603109347193,70.76151792160302
346.93783986022873,385.5598773271987,142.68801561530324,70.77279155569133
346.8304040225211,388.15132978249983,142.682572937014,70.78165290714357
345.15110797146826,386.4420343572447,142.68124310689933,70.78426604120787
347.7018005876952,382.8586432049041,142.67894415908287,70.78824517282384
347.8182475426472,383.0473514719387,142.67304279669085,70.79695989557338
346.35680885124964,385.5809716269464,142.66960201084584,70.80274862684837
349.1883254177372,386.48729012216415,142.66976162689423,70.80344216753319
354.5735272681245,384.98426844351525,142.66364015268206,70.8082126080371
348.89615103751066,388.0953627406541,142.65574364998153,70.82195397973233
347.3403009320541,390.0259792753791,142.64474173916003,70.84126771852522
350.50018324288294,390.14131553760757,142.64531250568592,70.84243169185183
346.2670418017406,388.8087834872168,142.64199661782902,70.84828797174107
346.2273870642107,387.3295118889656,142.63878762707193,70.85262041003425
349.4792852218621,384.2559373032321,142.62284388516386,70.87192953938698
346.99162656799524,385.27896112460166,142.62090155697234,70.87374490323968
345.7055095758092,382.94797074843694,142.61527518596716,70.88108068944359
344.985134320915,382.26387898541964,142.59772915835632,70.90486678982666
348.5780657354121,381.9876859662547,142.57062067811697,70.94088789609634
347.24968186044794,383.8446291988909,142.5623078807125,70.95109105332142
345.2586033434878,384.8634061172518,142.56095442040066,70.95294804614369
358.30193701186556,382.4234428867612,142.29224210073488,71.22138854902546
351.55554983530044,384.17189605166215,142.28725186646287,71.2271529841468
354.7850204798646,382.5595588477071,142.23000678247368,71.28472863145198
350.7711499469827,386.26060160863426,142.2266323163161,71.28927457932417
348.8019605813116,387.3883393004614,142.22596633368428,71.29006793537033
352.9241481950898,384.3776102533979,142.21426475114745,71.30283042708028
348.64529516359755,384.30485061158254,142.20736033286977,71.3121488952718
354.04743389977756,386.2245360185177,142.20008756021673,71.31894683788646
350.75920470656445,384.8850223576711,142.19067997221666,71.33082080112013
354.2993004998485,384.13228820779693,142.1602906889627,71.36029665969117
350.7972131579968,385.34083821033425,142.15042204151993,71.37616598635783
349.8383034666815,386.5230193485831,142.14491314370164,71.3826821678832
353.7032293903185,385.4838892241982,142.12316256901062,71.40308681057384
352.88281637919886,385.7503783300741,142.11339352231835,71.4139578882393
280.44343002971027,410.3241365158335,143.6582886578189,70.4282953070038
284.90435282627357,408.6735608740798,143.69580318737303,70.41151803788364
288.85057296026,407.2932315496983,143.70189960152896,70.41255554330556
275.14035471505423,403.4989423040423,142.38106793398163,71.69360506199178
281.76647622715427,402.81218609049927,142.38333292827517,71.69383219549876
285.4570210910856,399.1903694062321,142.38284651385857,73.47813738944203
289.3634927596087,398.32720544173327,142.38496140816625,73.47897844385933
293.59959959842166,397.42558496182903,142.38581978254214,73.48026131956131
296.2387500523065,396.8245828343646,142.38633462107984,73.48077874854721
302.7066783444081,395.91171978591143,142.38626714515306,73.48088645918497
301.4080709797837,393.1806997369018,142.38520144456177,73.48173061146449
309.7744600065541,391.88798197782404,142.3875784966118,73.4842634597134
315.40665319036316,391.0214415516199,142.38929205880316,73.48552551691749
323.58097624097724,391.3054517384494,142.39107549248718,73.48702949104064
326.60823745484686,388.2494005800709,142.39282414095035,73.48919747781096
335.72358027028645,387.8830653438471,142.38782744439726,73.4946367457489
338.147987144553,384.73157540417407,142.3862813235803,73.49713435199313
343.98985827708134,384.75198504278853,142.37253055174872,73.51449703117459
342.6975664981989,382.1150071865354,142.36557734918333,73.52494251647747
359.06064692146003,383.594350404103,142.03849487180176,73.81087568926768
352.96553108433676,385.86566691532846,142.03014103579434,73.82171423206346
351.1459081876139,385.6177613571352,142.03064295182924,73.82569341995834
348.96950116668927,386.4545628774457,142.0279338842425,73.83055014286423
349.0085984040621,384.21407389554497,142.02241973381277,73.83771981809149
347.1665520860703,380.0961772464612,141.99781600444,73.86572083415453
345.542870013923,380.6536972964006,141.98881508792823,73.87714271700283
346.2314811168314,379.9899707370272,141.9680482081918,73.90861573988624
346.45194000688366,379.9305714360605,141.96070623708917,73.91878887767831
347.1959700988525,380.8275111512353,141.9360203102392,73.95078973640653
346.6668757842999,381.3280184598121,141.91254819181626,73.98150207562036
345.1788816762409,381.8903044524222,141.90683646439186,73.99042828223364
343.8356832925217,382.8370954336977,141.90517032556497,73.99248359347105
354.7352766588929,387.47247256391535,141.3296164053226,74.64604955398306
350.25069080779656,386.26359853758225,141.31966213095276,74.65664376181583
350.15040330595673,384.0596515753382,141.22168062799867,74.7533761682071
347.2788443334907,384.01181459177747,141.21457684365214,74.76181519122333
346.73158983916676,384.43652525181136,141.20932518071163,74.76938516220176
345.29171035558426,385.0538359884441,141.2085754866065,74.77033483494759
348.2185556983257,382.3580900265699,141.07118481180473,74.91275229962001
354.83701329550746,283.67259228043514,136.84774503553206,78.96161949599113
358.6771212828966,283.19190572803467,136.73960633507625,79.06562758862322
357.64966945840143,279.0327282226664,136.04163632493268,79.55422109423282
359.6955894563124,282.1125371422569,135.97922767218935,79.61582899357727
357.25394308718705,279.027847927301,135.45617838086855,80.01309839181167
358.841174167531,281.1418217716215,135.40014015893192,80.06821030018614
356.8037128765169,279.24126242390116,134.60544289461612,80.66033150760491
359.9274303893395,282.6914001322434,134.56077285691646,80.70219094809812
358.4144157490439,279.25070218526486,134.05581415952616,81.06804195069785
360.3181140607105,282.13850343150955,134.02282492297266,81.10094976170585
358.6069470532374,278.5603296963447,133.48757908676842,81.43619556653867
360.85652102259235,283.0945210482158,133.4645392222467,81.45993875543554
358.34296014711765,278.4450903450614,132.7379240003873,81.95320571746963
359.9322824356713,281.6711605777202,132.66669438414112,82.02160358223007
358.44266092709756,278.7637706533057,132.35381718301164,82.22317275295848
359.46153707929034,282.1310839088398,132.30808190934198,82.26784120954169
358.2662277985129,277.77929377811853,131.69300703522796,82.64542125736118
359.2529730334989,280.8946026031442,131.65495794003468,82.68216858610008
358.63189355468853,276.40055387067594,130.7572088223228,83.15536298249418
360.9476545959578,282.17028137198344,130.7352376926957,83.17651207533808
359.78935113116967,275.99530204798816,129.24802568115558,84.03566032904152
362.1193549481818,280.966255812995,129.2256947629821,84.05696195124965
364.448158957515,278.35146263015804,128.42557323075073,84.70625513836514
364.01331963295064,283.6853878668714,128.4113439061131,84.72292824739692
361.49566754292545,276.8532868115775,128.12038608894053,84.91377983308234
363.57050508609615,282.1711920251723,128.10548664117945,84.92923359656665
360.6573178805,276.6461056980143,127.31444228635004,85.50423611538453
363.18671328032013,280.50680281938264,127.29844142277547,85.52101154275279
361.6498175026931,275.46832820167464,127.07188684193636,85.6514809808056
363.910383565905,281.025443617668,127.05164926202127,85.67055379109188
361.63227802033396,274.7094946543781,126.70687272804135,85.82730542403145
364.7622757681363,279.97811413737276,126.69297193611104,85.83928940420908
362.2871191638541,274.57436885397243,126.39284979234998,86.02925296295314
365.35985888112486,279.0000397612866,126.37486755400593,86.04581008936488
362.49998802960795,275.31260853860215,125.94738149291021,86.25628292444327
364.3868400465566,280.48314248288716,125.93044544721788,86.27339412828042
362.440411256368,275.2665456889062,125.65271501108502,86.41433326830527
364.34357572417275,280.70423444759894,125.64458763644956,86.42260557696964
362.3860635776101,275.29942475749516,125.32187475077235,86.60897304219917
364.6577717503372,280.39787625041487,125.30964307862753,86.62140156881097
362.6298408738473,275.04216631443074,124.77464446478612,86.93898255833294
365.2588952390448,278.607170203906,124.76441762373427,86.94811061693741
362.11530118447695,274.1183315639927,124.3707733468532,87.14802834476198
364.97947975796944,279.21892944065564,124.36538000983528,87.1532725633599
362.78217372619844,274.4126746857932,124.08732409318316,87.32767076784795
365.6312938807764,278.49792856046724,124.07899562637334,87.33524929932258
363.47589299643676,274.3942223273822,123.73071259814715,87.52629385320027
366.1740780742395,279.45513026273596,123.72459503272111,87.53228846070319
362.4285551116188,274.22704229658996,123.38660329164175,87.78228382048542
364.41791202318933,278.7264987710917,123.38038788540129,87.78831185811522
362.6133108314526,274.3119340126194,123.11269436433369,87.95265598992796
365.39918493419765,278.93512531070985,123.10621086068693,87.95851357471639
363.9792881740413,274.09571457089623,122.83790110570057,88.10408043093048
366.53732346550873,278.6536406161973,122.83143106674157,88.11080982226187
363.5866204824141,273.9809455249648,122.55035812820662,88.26128709426548
364.629982960366,279.2287778532715,122.54623400428831,88.26547461813308
363.4496071044832,274.2174158105963,122.1825489561052,88.39408230181105
365.2705149472252,278.30832295946874,122.17728679654587,88.398896345741
363.52954219974185,274.4601314699647,121.71636358194836,88.60784016917052
365.6818665699863,278.52302216091323,121.71082430038278,88.61308314793015
364.00567770095046,274.20820117376843,121.52420319621515,88.7167279603546
366.83179598503466,278.07263401220143,121.51370170495106,88.72563808610082
364.7165209661198,273.952726096515,121.25503970664793,88.87144261071103
367.09736545788945,278.89429496388004,121.24718020232612,88.87816979755081
363.61734204820357,274.44032738141675,121.00067546987913,89.05629424775563
366.0043447690982,278.94459507541967,120.9950726045363,89.06153945362185
369.71785325692304,275.8091100454044,120.20801782523678,89.64353274897343
369.3141285643546,280.1716288028481,120.20204065617067,89.64981370790207
366.7934497822186,274.92192490376686,119.91998627891432,89.8216219806128
367.926571493284,279.00269471328096,119.91349012355289,89.82757427442645
366.1172052345645,274.1886815367512,119.78987110900951,89.87928570133852
368.26830391685075,277.93604120973777,119.78350637840919,89.88498692573889
365.30474765167014,273.1335090200995,119.43513339317593,90.0219250080184
367.0815937278364,278.2539615722999,119.42895353370535,90.02772686620301
365.7976684868503,273.2812833584401,119.27054692987734,90.10793284226241
368.2846704252202,278.0870340099749,119.26583569382356,90.1120225883872
365.6417911395966,273.8654770658204,119.04510975655641,90.24941137903988
368.0277788941692,277.79628809631527,119.03807355557764,90.25592953869233
364.713916646685,273.214537743394,118.80590615906654,90.3986658936438
367.46868410696004,277.8005184895702,118.80085446147797,90.40322665623512
370.4417168187604,275.0208744626105,118.31574418085196,90.77943260642529
370.47448665736346,279.10746883616326,118.30671001609211,90.78898693182953
366.3620041103402,273.11462589630173,118.11964584378126,90.87770301632557
369.40949078089,276.34466849572965,118.11002206246549,90.88567354256737
367.13537737542725,272.6577400768223,117.85967680994494,90.99303276838258
368.9025179561365,278.49545101264584,117.85376841311395,90.99964538922816
367.6154855245877,273.2557813380299,117.69054265540763,91.08701791869676
367.76720711557374,279.5184057190376,117.68507352348055,91.09397950671799
366.630327452794,273.6915205735423,117.40565334655284,91.22089432895868
369.0540435640172,277.4299778957689,117.39666535704717,91.22892450490951
367.95794008168923,272.38910804827975,117.07145918235989,91.38708307653573
369.9666254299501,277.5266024260701,117.06659497082336,91.39173165768602
367.7102309749056,272.41651811002913,116.77791789275334,91.51660438370106
369.3511108854389,277.0673928584102,116.77315063111963,91.5210577754277
366.25541327572597,272.1362139425779,116.48361456850208,91.61733379709476
368.45251705407156,274.2397835774289,116.47709994012503,91.62332452464618
367.04986902107817,271.5219778157633,116.12981407595129,91.64175837082286
369.93614509050707,273.7428631500954,116.11967353148437,91.65079050519822
369.171508734353,271.7781036599023,115.63034268048385,91.89580688396083
371.75097420731583,273.9757717228745,115.62609770867921,91.89913332515505
370.221720090014,270.414121326151,115.51302181394945,91.93398464045265
371.6161779470843,271.4493892203146,115.50732352992358,91.93846821171412
373.14994067969144,269.9668417370551,115.51496762800278,91.92530695264712
379.91590135805603,268.5110642665101,115.71221039480871,91.64342527111748
377.4428526050612,272.0585732617752,115.6976755765796,91.66053220047861
376.338512581043,270.35813503120687,115.44441509765372,91.80035009266088
375.40332249394976,272.49932732931103,115.43818630405913,91.80811089363884
319.343521049683,258.2353568791425,119.69470630685058,88.65498718826308
319.1613342661119,265.4419502445557,119.69383667750525,88.65632548948011
309.299137927876,254.45884000518026,122.05773664767821,86.93184162252786
309.94603430566934,261.52779428885117,122.05648944911364,86.93356241919973
303.9645349240532,252.04978419825318,125.97823893713834,84.04472824553726
306.24199516792356,259.41543209402334,125.97709232940255,84.04604411018587
308.6779269578038,258.24747844621083,126.54541858805156,83.59547288637125
309.5004290633291,256.31811724635463,126.54553583219348,83.59556129102752
311.0393994727697,255.8587012544454,126.75311818950559,83.42029566055763
311.41840650492793,252.25339328296826,126.75324284140991,83.42031122738274
303.6278459595773,252.93718228453116,127.09347056815854,83.13923613391731
302.949085890227,248.85832863605538,127.09379783290436,83.13898063179661
305.9318188379332,249.5036470339624,127.09384421318781,83.13894008270185
306.7374928987835,251.3257958019603,127.0939827648423,83.13874798112379
309.1138116240505,261.99314306383127,127.09304237775423,83.13956371128813
307.92854991883974,260.0390652326707,127.09826823225244,83.12786211004425
310.658705751108,268.2150829281529,127.09589762301367,83.13077476290306
308.649483292896,265.3524341675237,127.09770855201097,83.12736449378669
309.6790984809006,270.81861248574944,127.0946941775123,83.13127952481574
308.75917547184366,267.79771900748375,127.0961739255609,83.12882600664614
309.14179806444577,273.57735429831683,127.0945086453898,83.13099780016307
309.7930092080593,271.26808836812563,127.09555851945579,83.12842732747659
312.22565557637927,278.01092361800727,127.09463088367652,83.12971151673922
315.2305181127476,275.46628323154823,127.09714383660516,83.12549835121122
315.60204074055946,282.10742727578014,127.09616919627297,83.12705044219081
319.4474252490906,280.8228551898873,127.09925117332077,83.12372728685855
321.45025580635706,286.75731377843977,127.09851054142335,83.1248357445193
324.5228142419198,286.6265958906929,127.09276888010629,83.12903101598653
326.20418294322684,293.8700365923018,127.09190081266675,83.13046996341576
330.36365372697185,290.6537344564096,127.08755351397554,83.13407195019646
331.3181411782277,297.2129847743367,127.08639430627287,83.13634558344634
335.9763912670513,293.60703568208237,127.07744932729497,83.14396529886923
339.1598419355093,299.7929876744257,127.07625538783994,83.14661594827682
357.68026078017976,294.99969380504734,127.07626547681933,83.14647749837393
365.34577539042436,270.09759756441315,126.46612153312464,83.56307003457391
363.79947395155654,274.85313849598634,126.44973135742396,83.58508543857843
364.12941850271966,271.39660776871386,126.27610970256936,83.7336882368123
363.4671040635045,271.23812663651944,126.26712792712237,83.74450164432292
364.490020007357,260.432793102348,125.57112046797575,84.25214136891576
346.66716176418726,158.8208693580969,119.78897287960822,92.40833138671488
354.14038044438627,152.77444499224254,119.78447010478148,92.41686386476147
350.60420734023296,149.22527451246592,119.76326086264865,92.45921651254714
340.3450913294755,142.56394696776331,119.46174114466162,92.98548202217938
334.38764038760445,141.28561238629453,118.67983898177283,93.71282765491982
332.3156808943529,134.25899575834183,117.42259343656812,94.79772003710693
329.98699494645797,139.22322746473262,115.9226128848483,96.28530085955485
328.9972769523485,132.05668194275017,114.05172567284134,98.1428765379192
328.7081920762168,132.05605365126706,111.85539720084641,99.73592343937446
