288.0,143.0,35.0,42.0
288.7774693468681,143.12796176045686,35.22468219211282,42.37369917691649
291.00785754061013,142.44636402470783,35.31171016025009,42.8492890409049
292.34438489925054,141.5517762264781,35.187122363821906,42.8979280668154
294.28617523939914,141.25473370788234,35.192302011817546,42.802402324721456
295.4836853278448,140.4459018700489,35.10323056920968,42.3506640209419
295.7008774193679,139.89800129255576,35.195342379300826,42.625146609129075
295.96135012084136,140.64556528799716,35.22566483867392,42.84013047470682
295.8885592836739,139.93774132222154,35.37557073266405,42.64810452281997
295.9996175613825,139.75586279202622,35.43710391985013,42.44621445796647
296.99881828332303,140.84989542018653,35.87990463966537,42.30315476156709
297.3121342850389,141.38859979141694,36.02809439450388,42.201549513559684
297.45160829843684,141.17457671906095,36.412755157152006,41.93721624323646
297.56723309917504,140.34449273573316,36.41348640100777,41.9356502249448
297.395345902299,140.94611946822465,36.41377543938261,41.93488220212338
295.9540097960974,139.42780517187083,36.564601319235734,41.81816497154306
295.8945098455762,142.15102766571223,36.57927556815568,42.08589520816446
296.7498541284378,141.77983703425303,36.71671281782402,42.007599309866144
298.52976325600304,142.22001247278786,36.717044947596534,42.00674894110486
299.85388268175166,141.6367228934443,36.717170401595524,42.0064352136302
294.75629393470837,144.27239486603452,36.65404616075772,42.24765831175419
294.7251188789796,142.835764367072,36.686230249735736,42.20958312613128
294.53269581753676,145.67501905749847,36.59218792056829,42.474526103524184
294.2561895857144,143.93140670510084,36.70551995690014,42.39896685179172
293.0955552546858,146.11332328014905,36.82351055422961,42.80059323920143
294.9747847209933,144.3971883783032,36.94542557638755,43.02128872686833
292.4543569852071,146.6875481414299,37.1110035287339,43.38451127062227
293.58853387022447,144.2212161168771,37.305613101365786,43.77987711721323
292.08641078020935,146.66426457763885,37.324853902672885,43.914898359752186
293.1628424388155,144.71477868744793,37.45330686582551,44.01890630346412
290.61763261523123,146.59288405069532,37.69510180672583,44.22462847453709
292.73854218334145,145.52062161457496,37.765691117771034,44.322811689139265
290.84878507172476,146.85284134215473,37.5977842670908,44.30001695024252
290.9797210914716,147.73916179223784,37.36611079048733,43.96137391956788
291.54687848073854,148.1165850425253,37.366802558927716,43.96017558088113
290.6859813692784,148.80172833095793,37.16980513012224,43.87647958018773
291.29416212816864,146.2356420901785,37.16900166440473,43.82516226224711
290.33574891801334,145.7346752160764,37.17707671619268,43.8208531391668
292.56828496686916,147.2307055109884,37.04834075434531,43.82406566259351
292.91289479254027,149.1154932134313,37.048923511221496,43.82189767500504
293.5427132742128,150.2820926176417,37.04897277948959,43.82166567108869
292.2390856305425,147.68887807668852,36.9876716150327,43.727325404850475
294.68680599607507,145.70089328664125,37.0098372377273,43.73962067807551
294.3595285390399,145.0743071035773,37.013386585677466,43.737419923895516
294.50244962015967,146.0560746541715,37.013389822340876,43.73696236787308
293.8379231770352,145.19676673058606,37.01595373687958,43.73545528165624
294.455505591088,146.79070557372003,37.01589680748616,43.73523995844068
294.7497724735206,147.22199401997472,37.015833203582176,43.73457585289191
289.9365611300339,147.67959687415916,37.21582232732307,43.70498912922225
290.95219996746476,148.00552299597743,37.26234969472821,43.78511518281932
289.29990187318543,148.23682726016753,37.46291312838881,43.75450782793535
291.345057159251,147.5303945141637,37.46505842021032,43.764216324169716
291.96758296471063,148.53464609568823,37.46464513307489,43.75740402568364
287.9206389197618,151.12520962689777,36.774553807078966,43.71320981314858
288.4762473191602,149.91859204197502,36.697873131557955,43.5594040627365
289.14492956141197,148.95482726004417,36.752426829427456,43.57319704479586
288.1120169855379,150.09951167383173,36.77101720753981,43.383334118557386
289.63364713539085,148.8618608325966,36.84918015231014,43.335369962404634
288.3002396275157,151.09302061732382,36.82487215933244,43.4873253715879
288.52195207843795,149.72036294381294,36.91001683661238,43.42649338164977
287.9877588588891,152.88538148571337,36.836258476477575,43.58684898278544
289.0803170075768,150.75853117975473,36.94037848624637,43.66806710416317
288.67705718619015,151.34897225563103,36.8718822741841,43.579729865702525
289.04832200709563,150.53879212533852,36.89294189533558,43.5992910425778
288.44911055737646,149.82797728466556,36.90401404480443,43.591420859345476
288.613428969054,150.53599145689859,36.90401815925452,43.5911519591162
288.60804090525255,149.57970097496036,36.90942200194583,43.58702266546245
289.03584815642074,150.53618898489566,36.909412267408854,43.586825857589815
289.75455971105436,153.2875327854767,36.90940308903455,43.58649573933788
294.579946663275,151.92770651055383,37.11520038210306,43.48887276504422
293.17972718348085,154.64338314352398,37.24629229388549,43.34743458394278
293.5649281143493,153.49912422724643,37.24272522762363,43.34655064685984
295.93006099640286,154.02096064958107,37.752520746628136,43.35112883501984
294.469125738248,153.42235103762587,37.74923872273083,43.349857439270785
298.6771657199309,154.78152159131636,38.65485790182122,43.22966324732561
294.91856460563605,155.38719341546684,38.653857348733595,43.228876344553825
308.23416110546947,161.17850904370385,38.727734844672256,43.23342427203976
306.9343856320054,161.064482578589,38.72958924886054,43.23182150432768
313.4489984251408,171.94077681395922,38.74007466112484,43.23582673781088
313.2264011237314,173.61428051108203,38.73988935109036,43.23425138664081
313.72557746091786,174.72431734392404,38.73995816690986,43.233114164285695
314.3400873289028,173.32645547253205,38.739903832589405,43.23286031460142
313.4690514541812,168.64781689538214,38.73979153910206,43.232102381315755
313.52799516975557,163.5710814090574,38.739544305230446,43.23167511482947
312.2161386454865,160.6916716290193,38.729243939385626,43.22402185843838
311.8066010200862,158.91102146210784,38.728468506973975,43.22254848773252
310.4135366885672,157.3365328530435,38.72882675375218,43.217446030186764
308.5716523518594,156.45433927805897,38.73024240745342,43.214570602145244
306.06415124841993,154.6759227780701,38.74970828697035,43.20475035047508
303.629690767395,152.6751232139925,38.752359183712514,43.202565298942766
302.1323090764138,152.07833270575856,38.757013122010484,43.19938685305411
304.2125824477901,151.23761563753771,38.75743992814689,43.19868755329274
308.58584190443327,151.64127015435267,38.75673533828587,43.195673284658405
312.2943895658609,150.00236725356285,38.74854599840188,43.17031555779566
311.4040729946326,149.1896140033172,38.749784633450304,43.16967097338712
281.50861129485395,133.62993271659235,38.4695753730955,43.758048668296766
282.46182961396886,132.70337870652517,38.47162116723107,43.75648377964816
283.9391713139555,128.82331458786086,38.543978010406576,43.89655634147017
286.932029177201,132.260513173246,38.52861493360437,44.43560893495159
285.2142720511295,129.75079619769517,38.548204875063156,44.52155976227399
288.3605389777691,133.15566441215398,39.433248994196006,44.4408849369025
288.07695749599424,130.22938205862917,39.437964707856366,44.43222546945259
288.6045365973878,129.82616139285392,39.441820348605674,44.427577583340295
288.418060486954,127.87881376635784,39.52000897460745,44.32663232005133
287.2173027623915,127.14066398702423,39.628400463237455,44.20763954893032
286.816937265724,128.0964721436429,39.770696648318264,44.02985487975119
287.6301398109981,132.08373901499021,39.83628932426478,43.93524829541229
287.63241140094414,133.5868250079984,39.83628744460987,43.935194130135635
290.6296286116094,195.8736143929646,39.534222484338855,44.072438419285305
293.96163907438324,185.88641646186818,39.568903894148946,44.041472724471305
299.0174000286042,185.47821654783354,39.568328640980454,44.04082936730654
299.17413123688385,184.79581688874188,39.54298259009228,44.00511646701448
299.7884590952327,185.90990682530327,39.48220657405527,43.974241557957285
299.50000296504436,186.47324446286748,39.40632596343362,43.949296152671344
299.08804599631054,184.8253259441695,39.4014659255289,43.9435172366219
299.59626794873014,185.7950380240855,39.351584232203194,43.93760659893803
297.99727219996265,188.060663539219,39.19741122282595,43.92777175595738
298.1158733721057,185.43382725792486,39.10952362480053,43.861728818667764
298.1869221733652,186.01970201907068,39.04000166594018,43.763526421238794
298.9966227162958,184.9724073188591,39.03410081754389,43.75856104451659
298.413808202232,184.796072524636,39.0336816765354,43.7578842553516
299.04111977549127,186.00836815952022,38.579280807658144,43.612863088274814
297.9062433187762,183.24761207310584,38.58061922371277,43.58997933748908
299.4899656217833,185.4588084370526,38.30712007324969,43.57522754358604
300.1787701562852,186.31298588134433,38.487003737247576,43.52436421975327
300.50471975156444,189.3789646190075,38.51570679917251,43.53642873234197
298.63812394970097,190.35923650010432,38.51528777286415,43.53550604196378
299.4078978051638,189.04243714236614,38.515037761866644,43.53570741666561
299.8327251982242,188.5986462804745,38.583727056194064,43.52206482528241
298.68627033778046,186.91219495365328,38.601948533215634,43.512039822751156
297.8270631139288,185.70029839702983,38.62535935218815,43.498228747078976
298.18968809517025,187.2306154430269,38.62625471679644,43.494976523447306
296.3534493159859,186.16038230591667,38.63170289436674,43.49235278797838
294.2521867438341,185.20495821835274,38.63277673709573,43.49179837998401
292.89478678699584,184.3865340533543,38.6368716088868,43.48973069435587
290.89765280551484,183.62028740073595,38.640601928416274,43.48792271861727
289.3222252936381,182.82717005008695,38.64202643878781,43.48731571745403
287.3594110604201,182.29554376841318,38.64327031126017,43.4868342262361
285.42440173763606,181.8039148945056,38.64588640326982,43.48560706308632
283.77020971977754,181.18964002906617,38.647880153494896,43.48474245013125
281.77233346664275,180.64344200575482,38.65079737648507,43.48328907620645
279.879682450615,180.2506750844693,38.65341508236868,43.48225165451056
277.77222298904644,179.99843376265363,38.658708284528096,43.479698744686516
275.88872467335307,179.71432992775888,38.66365452567135,43.47765816828311
274.16908619616305,179.1816591928482,38.66610477411873,43.476620567822465
272.2174841183157,178.5742423545845,38.66820114172743,43.47569747040118
270.34199373172856,177.8555596727138,38.66958269653326,43.475093268751024
268.61013701752773,177.15982628699481,38.67061125516865,43.474714694691876
280.4748463844993,140.34342940715905,39.73332966722161,43.900896821062645
281.5517898289404,138.8916058501325,39.83716515611649,43.945118390377
276.7682673523886,141.2973500665219,40.92401887844624,43.96783653871392
278.0082675467069,139.5847189740245,41.198665029497604,43.88691605311543
275.95790012382963,138.9761754134397,41.37754514083141,43.8471323084632
274.9104979624507,137.9039811088319,41.72225850690137,43.61794713761898
276.6690720609199,137.9026550760717,42.068253992442756,43.437523283392025
275.08012809322815,137.68308392560377,42.28872443972821,43.26948516774389
275.5193138907703,138.31898657841865,42.72119428579833,43.043168696495215
275.12471946117046,137.95846598411316,43.164535568141496,42.67823626469144
277.7144157532025,138.68544933330813,43.27101067511742,42.620192703966346
276.183898453904,138.80906998753562,43.689833121233264,42.14589054107635
278.92876143678154,139.92145141261076,43.69424158159515,42.145689859047444
278.07234046967164,139.92247231836816,43.702495460204304,42.11132215016683
279.5617481220781,140.72855791523224,43.678209679240894,42.12794193105566
278.64781758034167,140.61453924923114,43.606544762690824,42.12194041835325
279.5859020516165,139.98360787086517,43.60108714674043,42.12235145389375
279.6757385998442,138.50264054817916,43.58476004285008,42.1180433090436
280.08975901454437,139.1659715786471,43.57676259847859,42.11756730901321
279.61765157442346,138.34451422015357,43.573262851931325,42.114868832488284
279.8257454926202,139.0534843411216,43.57076692365899,42.11447116734209
279.52050572351925,138.31510249729592,43.565354170791835,42.11314194613422
279.58043251095137,138.99004008581483,43.5600756616,42.112841573402406
278.67289487104597,138.13590016640364,43.559267185726874,42.110904174752235
279.2603689600253,138.60599663975307,43.556339562310754,42.11060352007612
278.42583337597836,138.41106813504868,43.55572095589142,42.10934072152629
278.86950549714993,138.73236724051225,43.55117830589823,42.108332032960874
278.7501226674569,138.3422993118515,43.549004303423914,42.10418681528164
279.28612614538855,138.45827378477316,43.524502607074375,42.09442209535518
278.9704823653506,137.79567154945565,43.51908166914919,42.08365676027273
279.25582220364504,138.31945894028348,43.51753664517495,42.0795366256813
277.90929058126625,137.12342958710445,43.51815032023039,42.07351236046643
278.3766100724657,136.73314640624045,43.51899974067486,42.071416092113296
277.24039847501894,135.3927298538089,43.51932701691301,42.07045431515569
274.5494687135098,135.58523992854307,43.52182586411961,42.06779507109621
301.62784843465914,167.2154687380811,43.52550114472127,42.472700763787714
299.36820293550187,167.49633037304318,42.401581731963994,42.85364873323968
306.2227998504284,168.84190627043117,42.96060403522869,43.056730403658364
303.3520791822049,169.07906033883967,42.81878178372399,43.17530412519021
304.41992205594414,167.22137413607038,43.76642857485026,43.35406735790774
304.7506590313632,167.81681065730248,44.55072953684626,43.536731617460745
300.7767074759413,168.5633417840371,45.58714554518152,44.190524003044835
303.1712128860029,167.86197625158,45.66728059526713,43.98478760828043
297.29110866709254,171.61792532979297,45.91907571826846,44.10325243937279
299.3355705592128,165.3867137080747,46.03948440015347,44.019421524789315
299.71798560648426,166.3257533482322,46.26431444946273,43.89830084833326
299.19305417295806,165.30055720858758,46.29698483356682,43.87607535838118
298.3557996133976,163.72025752704113,46.29776608270031,43.87554000162542
296.9131707256485,162.4007367354289,46.299534726271,43.87432136527592
295.4308919744185,161.0860275909824,46.301133416017315,43.87327986870745
296.4321894511723,159.05358146663966,46.301071659912765,43.87318398110148
298.5262802105215,157.56995443903295,46.299446003641016,43.873820928923514
298.32892607191377,157.94203721776793,46.299413937762644,43.87390137746555
297.1076997793163,157.0094723287964,46.300413542916075,43.87352259904262
296.324269553703,156.00385894646502,46.30149824207511,43.87296647910763
295.66439001139315,154.98099998452807,46.30314769515649,43.872173468151786
290.66748385609924,170.53798989560283,47.49033559320769,44.40217367224736
290.0472420466651,171.62921453913927,47.25084661113907,44.95798227015377
292.8346105586641,164.06867137025,47.44353893894766,44.790731854087056
298.9814313296395,162.52989641939746,47.45391160292947,44.7820805648437
303.3123754619081,163.00366757982852,47.726839698865845,44.427674912186816
304.8049628006046,164.75691713148268,47.7265731254158,44.42665776726776
302.25725742745567,168.06792867004148,47.913617191568385,44.28732788549319
302.4360640408755,167.8736028207013,47.91785458404479,44.28236645431935
302.11122132236306,167.1342059844159,47.9304051114399,44.267166486944184
302.1677175276402,166.89109814220757,47.93082725667369,44.26619964358031
302.3066668845437,166.65347526322554,47.93497411586277,44.25573981725673
303.42814262509626,162.4806921905828,47.93480951906555,44.25577354524486
298.7882964283044,161.62320720582855,47.95070033794215,44.24589405224419
292.80748194472693,160.0848045179228,47.955546010419475,44.24278414294522
290.8320408031633,158.4863169059409,47.968992666563054,44.23420416633223
292.29291217966465,156.7270309331062,47.969894767152304,44.233592953127136
293.24364352903143,155.4446278868861,47.973723148893576,44.23141629944303
292.6937924683192,154.11709694187965,47.97450981259244,44.23117471121496
266.0513611254369,176.00360827528655,48.49707391437265,44.76008533297539
268.3498070013545,175.65802178725065,48.503330146088466,44.75327695147273
274.42599904929847,172.87296797478652,48.01272926858439,45.23565273817469
270.62448661647704,172.81511083649107,47.70269060807366,45.30241130229814
276.13554420070363,174.6643868889054,47.16127593247934,45.975934755178244
273.66295930888936,172.03734708347736,47.16612617799144,45.90663103473547
276.1425378302577,175.16379644499574,46.89894902035606,46.32526684996779
273.52863716778296,176.4870358510759,46.872434015349526,46.47975167802046
276.60843155833334,174.44528158856696,46.69033565935865,46.65267384592162
273.1156565277119,172.99162496530903,47.14722113167328,46.71155002159096
271.0538871771269,168.16325293549073,47.707674515231574,46.61226972057082
272.26700656888676,168.12789599773816,47.71828294164234,46.59357668106692
274.06504484561555,173.0024442275471,48.01070755548213,46.34786481159798
274.5196165791706,171.31230078761135,48.01064399769664,46.34793175509859
275.71386921089845,170.18056272406196,47.999775643725826,46.35096038006117
276.6831600013196,171.40719286627868,47.9987825161763,46.35105922267239
276.5977479254079,170.5257068319357,48.01597681367832,46.33833739792574
276.9628037971242,172.1728784750876,48.015452565572716,46.338244123066055
276.5351467526022,171.1808128222308,48.01980419457563,46.33407164822395
275.26988401291175,170.10924546405334,48.02101682491168,46.33269061178649
273.92798905163863,168.7861340298653,48.02309125902407,46.325115376830034
273.46448603368464,170.45983367304623,48.02312878001282,46.31125200012089
274.9311830923539,170.49205727832975,48.02287589421118,46.31040137345666
282.0384311594771,189.0526767532088,48.35715829390024,45.65154569396226
281.380607846767,188.9710048065988,48.35845932109967,45.65093491198464
279.5919229014007,188.77161134262568,48.36038475191714,45.650189462211
277.14021568491154,188.60424485468485,48.440142149067846,45.61051309032007
274.19237284403283,188.04210572705335,48.44956922868285,45.60647172449697
272.6215208939926,188.09385972117494,48.51334387041678,45.57201608230453
270.2918700668065,187.8614908787479,48.529052690316334,45.562284552480754
268.87276074351445,187.80924354515716,48.565529975282445,45.540205075894896
267.53776380084497,187.39573476970307,48.59701315658079,45.52375348388925
266.4920828869136,187.269452950426,48.735541451156585,45.451340767606005
264.8378947278656,186.64237392088876,48.76326333886316,45.435064566312114
262.9155941211874,186.10103746984132,48.78227394171535,45.42531283728821
261.1548621401218,185.8857763255786,48.79716494203935,45.418953106770715
259.5969599622245,185.30361240488807,48.81342930264042,45.411981252183104
258.1910952231537,184.39693814997275,48.8222289025472,45.40788090756736
256.623285958462,183.58462585146998,48.82885415914915,45.40422987171461
254.58081185669926,183.0809581615523,48.84196493744277,45.39761263867309
252.56229975659315,182.6234114119205,48.85541192436764,45.39045294646557
250.89328891161813,181.7239630908383,48.868562074248096,45.38357704567645
252.42845395587128,178.64075305140028,48.86869516628376,45.39632013785818
250.59959883466664,174.06114777359258,48.867888524842954,45.39673724407175
251.32394265386827,170.05799644954539,48.86748563165606,45.39686389729306
250.94493503763823,168.66524398503586,48.867357379523696,45.39673478547963
252.66783846211789,170.92696689676262,48.86363317407328,45.396736952443554
254.0810606887486,168.03187371898827,48.86194057475472,45.39786796054968
256.3259538180548,166.45954664480075,48.861579975322,45.39812723435193
257.3391592603074,158.42459174804858,48.860526575634346,45.39925231411115
256.9368073251214,156.60417493158346,48.85969286456258,45.39976350021829
256.63534911880964,147.01317739000694,48.85822127860517,45.40138825256074
257.52491734373086,142.93864938877016,48.85426242676225,45.40541995541277
257.7259951377045,138.55675257363174,48.85337383090713,45.406098656490364
256.76410062389124,133.0945457501441,48.8487981048105,45.411215085142864
255.12851273804733,131.17300448783556,48.84244153740223,45.41710841221973
253.97692956666563,130.44547940628948,48.83721893172509,45.42214660669917
252.80539250155695,126.56244495437718,48.83562300464571,45.423791186488124
251.394726658667,124.54556786349855,48.81531159540914,45.44373807149246
250.48568102522393,122.81765599756596,48.81240073655522,45.447073857801016
248.74296004190117,117.23622743885637,48.80881997141971,45.45080087878463
247.04295718490388,109.57345881011561,48.676705934437734,45.59704927213042
247.2677893696512,113.14759920396087,48.66715770220925,45.59879289850241
248.27512793953136,114.59450980347998,48.62235673260733,45.63142838929877
248.25456288868583,120.72673239592736,48.58331513745666,45.66657426885715
248.26293193866505,118.6806756631697,48.53385641582299,45.70671248412833
246.77890785462316,120.47821841214308,48.521656132673876,45.718498591101
245.54347030051716,120.16978886598949,48.52347701877893,45.717414336907794
251.07146083575924,105.94077610125541,47.01633074901499,47.342350037884735
281.9786079611681,93.98314694408506,44.66118871987697,50.010890899222474
282.76635847138954,89.89722956790537,44.37976473819903,50.20755313189804
283.74953877802056,88.21623180953557,44.260331171712764,50.3233676374377
284.93381136717676,89.1166983414202,41.56625308019239,52.46156845619101
284.27567751056006,85.602051360864,41.44580900524834,52.53073315628657
284.31276676172797,83.72047462898969,41.448586015078476,52.52837296151163
284.50374843158096,82.65790130452483,41.45236829013956,52.52585099128547
285.64752812381346,81.83689329401948,41.45455209071787,52.52420646694706
286.89674755017273,80.91489459137361,41.45503868546341,52.52383076528229
288.6547108666285,79.12257163695651,41.45536027871766,52.5234301443466
290.07563426468107,78.3349548434993,41.45541859964737,52.523291869803195
291.1313131938607,76.22620390452138,41.455598436219105,52.52305082783714
293.4027533588133,74.62478026723791,41.45562152962332,52.52300031530999
291.85064820168196,75.64416888770408,41.45574544480757,52.522878832281684
289.28069705116997,76.40515717728178,41.455756121380894,52.52283056352057
288.67343331297656,77.39714136790384,41.45616690522465,52.52227242149613
286.530065892318,75.89428603938548,41.4563393037622,52.52206409888808
286.6369261926283,76.55178152258232,41.45629821051634,52.52206341455311
284.4965912215294,77.96749107281074,41.45420562524836,52.523855736062806
284.10643485581124,75.22241691336284,41.4546533898154,52.52399522393446
281.9779370521246,78.90739816033611,41.454484995723725,52.5240540732191
281.2134488073099,81.69892689536717,41.45441351934979,52.52409501471706
280.4377842841825,83.96786611873554,41.44082130572448,52.53549959562922
282.0253802702861,79.85466341567866,41.43881921198098,52.53987531576887
281.7342982764,79.99121928209968,41.438557724632666,52.54012848446952
280.2329362904454,82.41619619805323,41.419076820595805,52.54332120560194
257.54813697537014,100.95254293993199,40.310842656556886,53.991166051922576
259.0369722939541,102.60642788959943,40.31089871731085,53.99092917832926
259.28969925934297,103.9402631726919,40.310924301131855,53.99087879418167
257.15084208786806,101.06049837388755,40.28887162671721,54.033369760351135
254.55279172627613,99.78251201463317,40.29831587483391,54.03626120482732
253.7060875356028,110.70741524897342,40.29816317906268,54.03634067669859
251.36705323274253,109.03331320611163,40.28045532222828,54.05745616798552
251.48347877774643,107.15286135080507,40.28266319551926,54.058496025144045
251.88846307330206,111.15718020195828,40.28058019162339,54.05875515053538
251.8804460643805,109.27239175534916,39.978502134137706,54.32599721060848
256.46057330676325,115.72580306793189,39.411002013385854,54.7528852559142
251.33486815901657,109.21505209800803,39.0213934413866,55.10188658541038
263.0154741326407,101.22240871151158,38.844040365598254,55.53101815363034
256.72574247897376,101.0982307357582,38.42280653700685,56.07939637939285
293.0691899246913,84.9600969540024,36.22130898443898,57.36958377322671
293.14122094944673,83.41359133687092,36.06828480102871,57.37605144746159
274.0558421247447,87.93443868097665,36.61328332567698,56.7226671916842
294.18122100637294,83.40222904368667,34.65740166105327,57.776046732377445
295.3275357528492,84.40296427346263,34.05117019742817,58.0640040300887
265.55943637773356,102.53344310673525,33.530423146878185,58.26087869996926
255.48353810528258,108.99893600796274,33.8362514453202,57.754600310234
251.3593668281918,115.49897471817859,33.08303855669166,58.00841483468755
251.1331824375361,110.26142363359294,32.73037603841206,58.12212784370259
257.5148713396695,117.01114301858547,32.15438665425013,58.33004266563648
256.66529318003757,113.46098451493893,32.14735489081903,58.28605968895128
257.41251075726126,115.01189560470614,32.12521013306204,58.26701977794105
262.19763646043907,116.35358125899343,32.103228952231404,58.257936503805546
261.59368739295024,114.68553700741113,32.09577514800768,58.25786816187738
261.8949883653608,121.31802901349357,31.608447736815894,58.59543942467588
273.5708840960269,118.8266707680498,31.578385935518007,58.61734859210761
272.8240603175391,126.21764599812242,31.56866606848237,58.62011283075387
284.72629942700087,126.20827189688467,31.651663816965957,58.35314509561495
285.2761745411415,124.57797242129455,31.646833270233806,58.35670855294446
287.37293191196557,122.20827379757299,31.643094949178938,58.348874793765276
290.5123536451269,123.14176124276017,31.64430700577497,58.34695379552652
290.58636479903686,121.14908325438252,31.644509156053488,58.34624581506748
290.9760605989087,118.58776797656165,31.64515764162549,58.345361718457006
292.09057515529196,117.0465535400841,31.64516080691987,58.345327326946766
295.06189328223485,115.90904512915212,31.645193467829067,58.34527371996247
296.95771259464675,116.72695202050706,31.645412562426593,58.345012939610086
297.57334098128905,116.65787211121119,31.64550096583877,58.34491374967503
295.67758158713843,115.45604690030157,31.64565651485163,58.34473054379346
289.89965713687343,113.86619964014582,31.648227446021295,58.341558013934055
284.8186806089793,111.47609331719971,31.648691968789517,58.34093932285117
282.1308265624044,110.30977006882524,31.65561897215663,58.331815885899545
282.6281072399749,107.61168331584778,31.8554337280463,58.158823685219936
278.70584152787546,106.48856662191636,31.85636249492698,58.15802180811393
274.963903623259,103.33037228289598,31.85776493074689,58.15683836930287
272.82386643175647,102.65434583488356,31.85829686761545,58.15639666789272
277.0891505351538,105.19746331920129,31.858311088799244,58.156347154579514
278.8282651206205,104.62418398015461,31.858545567615725,58.156070386315136
313.574384898782,115.26949315217104,30.607196514222327,56.96266388005087
314.67890597266586,119.44914009742837,30.420898545226596,57.015633859775434
309.51340730470156,122.09321431176278,30.210831618765045,56.89679790821845
309.3764163003074,119.38567385366021,30.201534208608013,56.90397372264746
309.28699967997534,116.33082084734077,30.153339183676742,56.72608255587348
308.0429494715301,115.46649072293187,30.144659920315135,56.6823183452339
306.98919196416557,112.09701770385459,30.143735727967183,56.68288776595681
306.89387843270816,110.28236518752203,30.1435132631654,56.681602598197735
307.2695593088607,106.84988406961696,30.143122589732922,56.6813452409598
305.89044586971295,102.98400049118843,30.14303223589654,56.677498574879856
304.41659670462553,99.82213102330579,30.139505523728175,56.678995727503036
302.75745394111703,98.81953118665294,30.13918491251582,56.67925965938416
302.2176541852578,108.26246065152348,30.00354644911378,56.520035708891136
302.61110198255926,100.35031123995586,29.9520250667758,56.2763184797803
284.44412951605534,126.07929642789277,30.35519149636573,56.39508836879903
284.1796166612896,131.91214406970772,30.351940933123498,56.396182140039755
284.02594585769793,140.4097470875024,30.27895325921512,56.313224715900574
284.06946983960574,144.27271187155,30.278860060421273,56.31323728266254
286.7821445156917,144.84206775493794,30.278954357541306,56.312673466059096
286.5207337687388,142.9402180631175,30.27871499319742,56.312787081954006
282.3593007038811,143.06654367537968,30.282346274890447,56.308818341460366
285.7499931363848,142.33455958416732,30.282495127992224,56.30860605437213
294.48348674526017,140.91231337678607,30.285358450402573,56.306014423724484
299.3333046959573,139.7271367556222,30.293795211361854,56.29841890506588
302.2953096842286,138.6113639249394,30.296441957841747,56.29606759568258
305.53376488230185,138.32863144453364,30.35376894649134,56.237972247084045
307.54361926770935,137.89458758396046,30.365068419237147,56.22604048227993
307.86977680182383,140.06251342528662,30.36504715231582,56.226028071173005
307.5727299269503,142.09451850065375,30.36505455305249,56.22596321386526
304.9129396739461,140.28626066033624,30.36816348237012,56.222313308028724
302.66888944942843,138.59341876142832,30.368314083230388,56.22210089994249
302.7480477048941,139.01532383439044,30.36836997449025,56.22202710455458
304.50337547225934,137.87709029125702,30.400486256013494,56.18930105651357
308.44907638961513,138.75240530503694,30.403204160834267,56.18638340268725
307.02579928307773,138.42834728625567,30.403580795936723,56.185811779555664
307.77598166239983,139.26164461272973,30.403542074699473,56.185793631314866
306.13332347306715,140.93213243097404,30.40556782874629,56.182384608977266
307.22510108126687,142.53758914936492,30.408590170864304,56.17506228051761
307.3501881654748,141.31318210279377,30.413790702279492,56.17013220060999
307.3054077953567,141.08107056913116,30.421862818300504,56.16297667329834
307.6965676640966,141.88385631092243,30.425484741224835,56.15982051297322
309.42937318515504,139.26127080427935,30.425485156932766,56.15958346809289
311.3493739472049,135.80517396261178,30.42548974588537,56.15956144174175
312.41713099833714,133.09556263440334,30.424786806569543,56.1605540413959
313.4153639464633,133.64779493780011,30.425572063309477,56.15965918061982
313.71615117181614,135.11746721673157,30.42996656478268,56.15612423503107
310.91301887586326,134.20549396269604,30.430181142192648,56.155975255507556
310.638159244,132.5796756355593,30.43308870605189,56.152857128057974
311.65589677852375,133.61022269544011,30.432988993678574,56.15279768770922
315.82604820548966,138.41416868032042,30.361500226660855,56.18899637041442
316.9872559013331,138.36006299850266,30.360898179929368,56.18772533393063
316.8966665474368,138.55552926751375,30.357751446003984,56.18968253399137
317.45914132015866,137.42027177486494,30.357458935434156,56.189875434862074
316.41842556497005,134.23623309917633,30.357389677149897,56.18997945860255
317.9399827213442,130.61742131963464,30.35729704332607,56.18986631572063
317.19027017567095,123.01410698376486,30.35689618023539,56.1902714996062
317.53835370743946,120.63274511376203,30.35681594063862,56.19034761082767
319.3408595462735,119.45932542524992,30.356099755142736,56.19101918504122
320.3254722611184,120.09580156274865,30.356895454107452,56.18964987112622
321.24996347783355,121.58271832737574,30.35680761677698,56.18951853417855
321.78868308850195,124.09168281666089,30.356656069390347,56.18963116632603
325.12070935572336,126.87482199680117,30.356656021367286,56.18961075968926
326.38104792435854,129.78350329135816,30.35688175618247,56.1891446091739
328.33352433958635,131.2469209953844,30.35693843385977,56.189063198924224
329.01511420304143,132.09792920750806,30.356969146631663,56.1890211666141
330.1695992433116,132.146521123953,30.356985014653894,56.188997822091316
327.1428111535896,132.3851074672002,30.357029070532256,56.18892270649301
321.6116722208025,129.11793316452574,30.357096853098607,56.188825549207706
316.7681451443259,126.19413686867475,30.35713833362752,56.188763321421156
314.34242297285874,123.85236613130462,30.357546127947334,56.18835055726983
314.78609978120653,123.41658336890916,30.359543819597594,56.18665361706058
307.96220062083,122.96063077764018,30.36027125564607,56.18592675146853
306.84519077993826,123.6252021303291,30.36061259651762,56.18555015364987
306.5428409684395,123.02732642222492,30.36176965321569,56.184256362834624
304.51470083381645,123.79521520268395,30.37400161313569,56.17101448364111
304.901927825684,122.88841234885325,30.37406248335478,56.170950152125556
323.0906736600164,126.66292852275647,30.321964491447787,56.00614317281887
325.64204237838214,126.36051165724373,30.322188594938567,56.00577548067616
327.4457833070646,122.086939819528,30.32220276075183,56.005896336588584
329.0167577188897,114.84556086511505,30.322005941724857,56.00638495830512
329.789171031032,113.7269106085193,30.322086052860556,56.00528954216005
331.07645965971295,106.55561191345285,30.319888146160928,56.00990666190722
331.3075450791412,104.76517152644422,30.319583030437506,56.00968983308025
330.7274746771809,100.93435687301051,30.319321894012266,56.00971044396377
330.5848270744074,100.13813128070908,30.319619576728435,56.00932369884101
330.73273747069834,97.93526804592307,30.319476386437604,56.00912155665763
332.29018312380066,96.47855072898074,30.319682841387095,56.00758245473297
333.74011934618585,95.67226235261734,30.319645506327465,56.00749200451027
335.1371061087789,95.55357579635601,30.320041917130716,56.006954101283924
335.21134518260277,92.92191657799482,30.321343819403026,56.00534038239718
336.93358754209413,92.66107002306576,30.321730764467606,56.00478838317404
337.550374869945,91.56024376982776,30.32241523733641,56.00387474279945
339.6571539570133,90.23757829049393,30.322772411252824,56.003360765096275
341.4992155777544,87.55128603386548,30.32330102142469,56.00266713733142
343.31405436707206,84.25931099693058,30.323696274896914,56.00208638081793
345.8150155283486,83.1094417650753,30.323932117321743,56.001764333893114
347.3902389822154,78.65096448474043,30.32389586174884,56.00193460806385
349.07701055769763,75.73540938199429,30.324929040969376,56.00107316820088
351.73965838150644,72.84275552174826,30.325117192332467,56.001055361501784
352.8231045383082,72.29540403644593,30.32512551349449,56.000729335638844
352.57859760320486,70.71845926681753,30.324798363117143,56.00146307121522
352.2977412845806,70.49948675246348,30.324256392688206,56.00177905586739
353.279458949076,66.64481799289638,30.323758180320294,56.00297000288856
355.248577571908,64.2446359825744,30.323099135950212,56.00394656854595
356.78950123548566,63.9846288783133,30.318276268633788,56.00580198361874
358.886079666465,62.9131584689127,30.327513892148747,55.99796736983328
359.7661223678456,61.4883492040122,30.327875872314557,55.99771021108141
361.8279862326036,58.391538185730695,30.328240244849216,55.9973582295475
358.51613635073676,57.290184696190124,30.328465410652015,55.996997905924786
357.36474212294223,57.78683971752352,30.333332923934584,55.98953968754159
363.46953959352874,77.9280086055727,30.567589453708813,55.797995521062376
364.1760140698741,78.83844081577168,30.56938654708442,55.79579445935277
365.98289198123837,78.52805783589227,30.571052496359062,55.79354060462033
366.24919122778107,79.61108458700785,30.572091944157204,55.792032876849
367.0006251031911,81.76071938114802,30.572144224884674,55.791656263422155
367.90191639035567,81.91104352221484,30.572224857609758,55.79135569690476
367.79690250194915,82.96746862849074,30.572243268148874,55.79099351574031
368.4962898343447,83.06009976863199,30.572268022760923,55.79088080079688
369.44849102906204,82.2888101583666,30.572295665102587,55.79085271389356
368.28365077830034,82.28265019121902,30.572304068466178,55.79083600663867
367.27312211683494,80.17315460293443,30.572318329186924,55.79080395551618
365.11092165816547,79.8490137168889,30.57232263626593,55.79076564875746
364.0299365735446,79.15432766735496,30.572351277187312,55.79071556955691
364.523189005649,78.62989383523615,30.572746146521922,55.79030855079588
363.9452363864456,77.91088233117985,30.573077301600453,55.78982733985331
363.5747585687913,78.51937522364706,30.572986269810016,55.789589196482304
364.59917219247063,79.93979351198591,30.57269031632045,55.78977344232962
365.6440189224924,79.5118849239328,30.571192895476607,55.7919123919649
367.4358157894883,79.20360950336557,30.5692703994305,55.79580050049819
368.1242079328603,77.10366859680897,30.58135551747924,55.786122872998575
369.1748046733951,76.3549245110618,30.58539546727206,55.781993612852304
369.2578463497394,75.53215373068333,30.58542437361379,55.781788346483694
368.87931997187223,72.39884933758576,30.5846638544878,55.78272254161438
367.88399194176793,70.11273892914619,30.584460406181922,55.78359135348866
367.22095560176314,69.32639700363791,30.583859220873247,55.786283735121984
368.8378432044317,67.42961537237503,30.584058233904653,55.78600778141542
370.2752941540723,69.28087741432388,30.585171520933255,55.78474354897341
377.83570616930814,77.66290161315325,30.457786211164724,55.888887824044176
379.72016701507874,76.73588556749402,30.458604147461664,55.88756858651284
380.2076873467259,75.46364739335021,30.457575382208155,55.888170432618445
381.97787616871784,73.4019527901457,30.45761731677645,55.88786474232946
382.7819313514526,71.63701744799624,30.45755527112354,55.88774213095881
382.3618290908398,77.72124941973127,30.32081016018128,55.97129234764503
380.9624085268523,76.16301906292288,30.320008725290098,55.972185377088216
383.2965105737126,72.18871235368479,30.319867795326793,55.97255803857586
385.3959299342702,71.28800027633179,30.31981390239762,55.97265091161991
386.1062607343667,69.70484921553746,30.320352935253712,55.971645417928386
385.82776482298334,70.70347171146811,30.32018879126171,55.97167685142873
384.757234300713,69.26781648701555,30.320310361696606,55.97154903548705
385.09430156250863,67.50612095912273,30.320051169983927,55.97183590044629
385.40689824382935,71.20206162519113,30.305597336475337,55.95930761472671
386.6489021987985,69.43165482022003,30.305534796257508,55.95935450866548
388.83437367108127,68.06589890722985,30.305447183112797,55.959432943074795
385.7358322785713,74.49174993201524,30.32524334322434,55.93117907465637
386.0891367020832,71.8993368070289,30.324610922802034,55.93178310325454
386.22664278712773,73.10855237228216,30.32763782069646,55.92735653703328
385.54994248400084,72.05615697422658,30.327340292528035,55.927084848403254
384.7434257317806,72.23443035479943,30.327697534113003,55.926690025695976
385.56674548182764,70.88380641472062,30.32758830459531,55.92681133038361
385.1856948035187,68.77412323425574,30.32823466176637,55.92588369259511
386.0820107938997,67.84491389480618,30.328448168598896,55.92562724923319
385.83112535476226,62.592319052965685,30.3271960781048,55.927464767692
387.4272622777823,61.28153513466156,30.326773609551836,55.92771116455721
388.5639120482241,56.333652323364426,30.325562596347723,55.929601665081165
391.0772135118285,55.475375420239196,30.324683603312405,55.929889077670126
392.45807115581505,54.11786714076039,30.32194549009835,55.93467075618035
393.81614234690767,54.15443825730508,30.321611499484113,55.934871263626704
395.8961169905902,54.46503777705509,30.321078410849488,55.93572370155895
398.1073615069727,55.278291016609515,30.32073903628763,55.936149366615126
399.59433575445706,53.90220810936548,30.320503224042866,55.93647911962553
401.52501005952274,51.82565928121317,30.320287712513803,55.93677573909544
402.8699875139196,52.51433477080504,30.32084808348996,55.9361233730785
404.3742010521413,52.56931535901653,30.32080714214796,55.936294421513345
407.0080598321739,51.580882286397525,30.32170673525053,55.9353333753985
407.1870525255234,54.5668226852475,30.321350439099017,55.93578839312824
408.9809072419348,53.890017620664466,30.321797467991974,55.93525096885039
408.9417677026798,58.359553248615995,30.321320422720806,55.935782564815014
410.5385788354714,59.11036741206017,30.32121536523681,55.93550094527072
410.48267407591607,61.48774263930688,30.320347623114223,55.93654310857515
412.05308800337286,59.977483561958834,30.320317860089023,55.93644854659644
411.8939456395647,62.96908989350233,30.319155904775403,55.937774438654706
412.2433280616258,62.30361827573825,30.305144001784804,55.95640697853467
412.6691644828595,64.262166589077,30.301997219898567,55.96011199141405
413.496569828449,62.72800075933507,30.300368558443658,55.961172895130105
412.4842196160015,62.55453893479363,30.303305420182625,55.95868383473842
411.14671737169346,62.34886384295385,30.304683485916637,55.95751405682244
410.5062620178309,62.11537131970054,30.306965725128208,55.955514946482054
409.40308298755053,61.97320706440395,30.30781531515368,55.95480686339963
409.3839870132501,63.8570149541293,30.303770004307054,55.95971925548824
409.87756584608445,62.05837533164257,30.289792394256523,55.97830463373195
411.1452707716068,57.863868555161204,30.29088776553237,55.97766307347447
413.1470993695385,56.361986681631194,30.29071243459821,55.97839365937116
411.9226580545414,56.2026808977894,30.292830357027082,55.97659679337899
413.0160539158567,54.684708497167804,30.293047730542202,55.97638637077574
414.100123876588,54.6898498378423,30.292774039090528,55.97686282513495
414.1724019286483,57.84628221873062,30.29333763182548,55.97578709915544
414.90445799739155,58.23714395435825,30.28957326598358,55.98102440852075
415.96826260495055,55.77246179331589,30.283247105217352,55.98613765104615
416.54657858651,58.20060316505303,30.281744336358138,55.98765396076401
417.5611870728057,54.78425416795616,30.27540100382711,55.993929263612536
418.26945294721804,56.25975754428805,30.272899449284953,55.99726797565517
420.7110836059909,55.402612052000066,30.272219842554737,55.99868025616011
423.45237934745984,53.309323967400545,30.271717879117556,55.999854508855236
421.2657736782694,53.04094230112869,30.274831580321926,55.997133519327875
421.8831211313154,51.86523855488897,30.272712567632,56.00000690459906
422.5749903188877,54.480266114197605,30.273661258565536,55.9982175483109
423.37051102464716,50.959886275946474,30.271994746910895,56.0004983734948
424.2119656536255,48.08959406618068,30.264477282205277,56.00895131185572
424.60250843088323,46.92206704742124,30.26464560199171,56.00878167460044
425.4470222381372,43.60222633355565,30.265087086528556,56.00863394354866
424.2088005643625,43.38402205456538,30.270739094203673,56.0039650605521
422.98507498877683,39.81086148393566,30.26993756745757,56.005280975676285
423.43799934090015,37.88908861512037,30.270545035677184,56.0054870316815
422.64769578813576,39.69346638469885,30.272636849991915,56.002785083299074
420.39112343476125,35.89217718698424,30.273958379403272,56.00453149325465
420.96629717137733,35.024434547559295,30.287920407819165,55.98623497660285
422.64839484319714,35.81147177100525,30.300386126420136,55.97505952320306
385.1022407250876,38.745799149611365,29.175096401213413,56.676312908080675
386.4205991688652,37.5797920092769,28.690680586732583,56.66157025362997
392.84216021958457,36.59985918556325,28.70150421741054,56.63791205538467
390.7489289776978,33.61612201675233,28.731449672375458,56.78354753726311
391.6825201040058,36.115752722235655,28.02856118578125,57.37613211552375
392.6539141920972,38.40154941640652,27.99091603213561,57.29512596167909
370.23339234453823,44.80610024445134,28.13467884346443,56.708556577928306
369.5594489729074,46.36811235507231,28.13467997805311,56.7085338596771
370.6005995461568,46.58848895752628,28.14350527350989,56.69908099685213
370.0515667190507,50.90844376112103,28.188025095088083,56.67791814716996
369.1922489575397,51.62995719706632,28.310112537665734,56.2854805983232
369.6711488587515,52.468527667944215,28.314463368577243,56.25424717781527
369.59151548766783,48.97503184543447,28.322969221691174,56.25419019688871
372.4634581904141,48.457138255747324,28.323690787939384,56.252462808887834
372.69162162450465,51.201922158686045,28.30486326410724,56.29154099528943
372.42378252346833,47.97872507477112,28.329589112702365,56.30180940780923
373.83814380352175,45.00748777771046,28.32804121613928,56.30917247925599
