76.0,79.0,64.0,52.0
75.09373680905682,76.19350901759188,63.53301719514167,50.73807876275936
75.2910977358111,76.64093824768298,63.530069519184366,50.042965495700976
74.27033090471208,76.28266409529161,64.09977352859616,49.364138429504415
75.05580188145552,76.2572141457203,64.23524830122165,48.41212568807543
74.57581283624177,77.25747415242937,64.23529692540158,48.46312959853119
74.40841160929678,78.17066226879332,64.26943683194165,48.65178661088995
74.02740852006363,76.64272363492219,63.69589258297112,47.72287784500184
74.21459208103933,76.7300554976474,63.41489931100771,47.24074862587239
74.56107781609441,75.97405882645484,62.88923840660759,46.87310436926613
74.26287004550642,74.95423734136067,62.79448885817634,46.05760331555919
74.15764536407494,78.27289879579776,63.66089633709384,46.75239271900191
74.35375618450644,74.70865159242388,63.71743449046607,45.864461039323885
73.9280922455878,75.42510426147287,63.813766068559694,44.940486086338666
73.77765133945199,76.21418750280702,63.691228017845695,44.48158277582003
73.99085146312461,75.34546459852365,63.491691273956576,43.795012823965024
73.77237812031534,79.65404502025189,63.16739479503578,41.751467531503394
73.70635113711771,76.4619846905924,63.10802668639788,41.88054277685144
73.53937232759219,76.12127106936366,63.03676483995474,42.00118538138091
73.35442044372165,76.06282706721498,63.03836149404836,41.9254035619125
73.78237741452135,76.55194865381256,62.52327352739021,40.15525444913835
74.12210935375914,76.56536102905099,62.60006855384856,40.84227977962841
74.0954142640386,75.82957078024371,62.09996320697586,41.4205866256431
74.24411172491554,75.65516142163021,61.92392645632738,41.840811141066894
73.18095489079118,79.41941129504677,61.458750094287396,39.8155329060746
74.82692422193855,78.08938700866177,61.59679123317062,39.898561310540146
74.71614391072592,77.51533382872805,61.05877124341329,40.31905440012486
74.37073749937325,80.54311808623824,60.62099455520096,38.84548661752635
74.13334868391105,78.74874623562448,60.63394693454607,39.60839127609027
74.95615810211811,77.69707209644321,60.2979366768139,40.10045923237793
74.79154418176319,80.18748874360514,60.11630020010659,38.03028715860462
75.47097009609634,79.40477252837817,59.580250676661855,37.500772489372864
75.37426144432033,78.88545165062736,59.52717884280277,37.929868954404384
75.49966011219435,79.13230858305079,59.32313521160259,38.343513259113195
75.29785581878963,83.5855518327168,59.053209524310766,37.15385367552212
75.8628393272467,79.61618634920796,59.0693015436515,38.14295724309522
74.58562019102692,83.9138061260901,58.80718860759498,36.73717605953972
75.40300448894077,81.86413092280979,59.251245247134115,37.33087523051987
75.75258246855725,79.81252508587451,59.13770349230787,37.4838508223134
76.1700773562373,79.51789379457902,59.09661343189451,37.850400977526675
75.96160795066108,80.08842023762064,59.07066705279849,37.85875380929318
75.53338763070226,79.14611361453905,58.97596025562045,38.72955725530835
75.91467092913923,78.00430202541541,58.88896289502507,39.413230000778206
75.88245549569868,80.35297385902112,58.47120312312557,38.27582094965568
75.9259449521839,79.44287117745499,58.67705712116969,38.57251383014479
76.58332748364286,78.59252249978178,58.495352394364744,38.681852166211755
76.39206910685908,82.72952855244849,58.57554562774875,36.661154555965
75.73732909625741,78.65173104027349,58.362689881206116,37.3144507483753
76.15142194493983,79.25232566637862,58.483891436172065,37.68064752731585
75.40151476978973,78.26789434475742,58.57949223876565,38.391871358493134
76.30410303259654,78.02641112008118,58.295211432680205,38.90537888137653
74.93645996778933,81.45713393439651,57.864284765129725,37.184415201598405
76.25797069017258,78.12847310235331,57.957800776875686,37.83589036528807
76.32676159221529,77.84633917118543,57.738759167420895,38.258450464548005
75.73473000441315,78.74887054430391,57.63696824184412,38.39097211848803
75.4240335271899,80.24062053425848,56.917267179261806,37.53215337293862
76.51985585456873,79.15039381383414,57.31083642411657,37.760049369214855
75.87539297805083,81.77395275468196,56.51374957529997,36.94080605264375
76.86611186683334,80.71066237077922,56.930244565603,37.176298573150035
76.66888087503929,78.5680010562954,56.96848162486515,37.66947976458715
76.41471163355914,82.11308652226043,56.46092128408737,36.674644316208116
76.98760636365131,79.35650107471338,56.72915379274457,37.254035971647696
78.6407339900977,80.27302084084886,55.930573710750224,37.17197872392262
77.96645781257101,80.89562195274516,55.551130550933934,36.83698722877536
76.31953804687996,84.01996623409327,55.38715181258641,34.794830190737315
77.20314487995245,83.73688564784538,55.01286173996253,33.61063051671363
76.48105001043469,85.03033822502005,54.644476138727065,32.330549450460936
75.55793567229199,85.58727509637895,55.2141944571557,31.677215883181056
76.48758033350047,86.7629109692667,54.749127990306675,30.685435962509302
76.57290176907658,86.11506550183252,54.73114984016658,30.615978472275437
76.7351087497708,85.2080934977516,54.78419948775831,30.5198879431219
76.31121834683319,85.47971003718875,54.78382622564039,30.506747520859978
78.15014262193723,83.67379236736872,54.76829805087478,30.509501115352364
79.84283917001162,83.92695486531473,54.76588244038278,30.50977471126483
80.36756320774185,82.95938250414233,54.76430762351299,30.51022228242556
80.82777756624628,82.66751712457452,54.75345883919378,30.513388423450532
81.15814223602652,82.18467153328288,54.752380183036344,30.51379990766191
78.25391589022931,80.80608649368648,54.746866123532136,30.517951130806132
80.97880296540897,81.03453484485694,54.743402493344924,30.517782290823295
77.88909191652942,79.37399757320007,54.738979547921645,30.519319194519124
74.3028776675694,78.09217202108533,54.64578590686464,30.509562887173267
74.68743818344021,78.3565706567785,54.636334953877444,30.503333782042898
72.82752820717363,78.65205231855359,54.81257914270821,30.094263673076117
72.571521518933,81.32027932241373,54.81154208221591,30.094393756542367
73.43460149030541,80.34616321823111,54.70886114814571,31.474503339556627
73.86682161248221,80.13984468591073,54.676699095835396,31.838579125466755
75.36678073513178,79.25719376356135,54.67348447526159,31.839112488910946
78.68465241887043,77.20872694446639,53.63946716292957,31.78538513543217
80.97673321853175,80.19065206701684,52.56449397722693,31.668061036266334
78.47992378352552,78.11846566545015,52.152041661173726,32.61841690595857
75.65834944175515,81.5830776584423,52.161430369281106,31.44520583653918
75.57306046882258,79.20953820560015,52.95373393398552,32.657606044637404
74.12491591175663,78.85716997905867,53.383219258978606,33.31257590876427
74.5065578860479,80.57801711765234,53.31717524579418,33.20649082919353
74.86846284072506,79.6393538279766,53.75016346075322,34.04770796106574
73.0387555314056,80.31977061560316,53.73342155854863,34.108773346879815
73.1221023506231,81.77882867325269,53.99891833835704,34.20556721426202
74.02033206665186,79.68631103286386,54.91483550084296,35.33968177017093
74.4152135942487,79.73017453987433,54.72478058554568,35.615502945551626
73.75128817722742,78.26017738314634,55.38428733914009,36.368354171620496
73.48560627059712,81.25433721244981,55.174414406089504,35.508239812391004
72.90871904047012,78.0718473903903,55.430855363574025,36.29233643038698
71.8435503997438,80.4645638683702,55.018085135413635,35.61804563293546
73.17608829165731,77.54387167301378,55.63407767662934,36.25970868728356
72.9824833805427,76.5779535829556,55.62685522237122,36.90532968128085
71.18423958892086,79.58942914673997,55.46402135442775,35.856341814362736
73.14269370077304,77.12674148221373,55.73892850700514,36.71781238114717
70.36157079263026,76.89565926665017,56.2462722465695,36.57207166281445
72.99999063066518,76.56694411852689,56.38148281769205,36.728895839428276
71.38899496033048,80.37695924677732,55.92954303653527,35.3900164007985
71.8025175106176,78.5437125684198,55.65898341007066,35.01844575452283
72.11061196637581,80.747632862978,55.46547860180477,33.30035059158442
71.997647573156,77.56892709542329,56.353791600261445,34.243971423874
74.10810752041213,77.04433305244115,56.51709325955167,35.02116149181194
66.37728792978872,81.12315955972282,57.97256502899429,33.102689995803274
69.6051293621856,80.31304937544962,57.98130248280406,32.914615948875735
70.1765601711192,79.94854535318294,57.98381122912598,32.8740033960466
69.42675391449463,80.78837459093951,57.99697271259763,32.809412879365226
70.45209740849234,77.43142035320685,57.867221832237696,32.834848130190665
69.09944238042311,79.73143951689161,57.86684365023222,32.834353374293286
104.98762819909636,51.23539682394467,58.276003629096664,33.30640397014813
106.49256363298005,50.171807545334076,58.27478997835504,33.307530147761156
111.95427929306463,50.547586881784454,58.35471463810533,33.35545513174364
111.33016524432973,50.23080992999801,58.35755553903428,33.36034990617377
110.43076221199561,43.92560316761391,58.74450447555921,33.00314639602986
110.34578036416553,43.1253798192178,58.82899560234977,32.949512821101195
109.58064467838386,44.070747604333434,58.841358758390356,32.940283217056454
111.39878071718545,48.90907589400134,59.01157614840804,32.85333115127044
104.08155617864377,48.05330226050248,58.96010641750801,32.86864383441349
104.83226083682855,46.44471253952023,58.95793273117383,32.865973451472584
105.8140788046047,50.62476839254428,58.94901014019549,32.84350727612516
106.72748477892264,50.21623017712967,58.95920785990984,32.83635023460714
106.46808439796347,49.06306467265198,58.97301619638645,32.82333576931934
107.37400474480113,49.5371998848616,58.9779882563885,32.82754941615484
106.84010484895416,47.82033211639988,59.32478535013779,32.54913962455654
107.13743937664506,47.22905212413747,59.3629336227322,32.523851894657234
107.80169146166766,46.14379841506094,59.35245456483912,32.52959657744347
130.5309695443846,65.84781221309541,59.160644920401346,32.91479331609132
130.40965648656984,63.97715874513446,59.14146505463323,32.92590282235625
131.25828264443436,63.071698851142045,59.10137516680639,32.959927564106955
131.50005868127093,60.85401297557891,58.98125895758184,33.00090110280036
136.41446300192243,60.3377226857538,58.98740839275585,32.86860963216523
136.42357821003955,59.571964279384076,58.96128220976421,32.87491713723409
136.16142010055356,60.12256548880541,58.92528639603662,32.880376634170545
136.8727636361661,59.290312993096904,58.91135534249644,32.88258914511881
137.5224477485875,64.29786571418873,58.88770819080428,32.898249236382426
138.44760029331374,62.204560766119265,58.86243438186936,32.90637040113707
139.6886138983188,64.94666321405137,58.77161605895947,32.9451256912775
76.8118917370389,85.72793211321226,58.89151545964425,34.329288942760414
73.07826683543885,81.87978355196077,58.60085262704115,35.263584073991396
72.65224592411244,81.21062513817047,59.009078175289474,34.748670544401904
72.64124082023768,80.52074171051595,59.94430777533862,34.6416546104806
73.21398240531063,79.18971016290456,58.913828615691244,35.825015875793106
72.69042362242223,77.78862843207924,58.2695930988112,36.721572352351586
73.7582133704032,76.39495944172205,58.029665897008194,37.567532574086144
73.3959648719552,75.51623006478275,57.28769062579962,38.442447764121994
74.3219856127115,74.43205234702825,57.31863652431481,38.97212750993371
74.470266394563,74.52906246649678,56.76995574726914,39.43282590846308
74.58727493938295,73.93741752314608,56.579644106137486,39.6422924862198
74.72954254261303,73.85511846604356,56.5040975066071,39.91689120332579
74.41149442787916,72.9906504250912,56.496844326971456,39.94963037151135
74.4768287319613,73.12395181150704,56.197702877425144,39.958684358418594
75.0317787283031,72.89739811890917,55.94732147233084,39.93561518368928
74.64096961519263,73.00721008798124,55.68091325602397,39.71828905885074
75.3467097774662,72.15671495750097,55.81971242957713,39.688934428263146
75.15227730708695,72.04158670448138,55.63624445169169,39.51099388897609
74.88016137534427,73.60677044603342,55.10348535314853,38.46474167267192
75.59404134676811,72.9584170164893,55.33618707450068,38.61911907733817
75.70325097605523,72.39256989793732,55.024780353048214,38.224350759510486
75.21967285561519,73.88636483816738,54.14751973716255,37.40359213400947
76.49595722433655,73.82467364278554,54.414749469263285,37.9282751934896
76.1455993322192,74.72120212488579,53.782463520671726,37.17913803100112
76.05587947132744,75.52523790551403,53.29473271785809,36.74422463853737
76.39795139524125,76.77015361824755,53.23218180893049,35.98699831274838
76.08788616406213,76.08262066724699,53.76262145935664,36.63334933142202
76.63911162033838,75.83672051974497,53.58403509024208,36.94057481377537
77.14837233891004,75.66968527308046,53.86148445063754,37.29099721554973
76.48491825472917,73.32094606581592,53.83989832769374,37.36675102451853
76.46594215434999,74.91238827470607,53.094368215295965,36.61137329199518
76.71598620926802,74.44199948069007,53.04266462885162,36.70704851024186
77.19711566804966,72.88403328045419,53.66304588233936,37.28125527518506
76.09006655986558,76.09393739293625,55.22502666754375,38.48730392659424
75.33401801773033,73.95290597526994,55.62816300409542,38.781257411722365
75.61997059148392,74.5929037573888,55.50024337838161,38.72260345743951
74.58012440048302,76.19450274993967,54.68711969364146,37.645743715822256
75.49830050572588,75.05786732407353,54.75802492086175,38.046750659168296
76.3009625274195,75.13213956630116,54.6837240221965,38.03049209747878
75.22730964055796,76.73804697664868,54.511301898275526,36.97398647707061
76.16373272180479,77.89460474113972,54.38144897136994,36.393017807257536
76.50831342327683,77.32163705042004,54.56788427052469,36.55745697383024
75.41244519907768,75.84949498028455,54.39675646301785,36.94763607068998
74.11925842977917,78.38559739332236,53.54465057809192,36.01532477641368
75.78113286525337,76.99324165991185,54.30864880415891,36.77939896944625
76.0765369127368,75.38621738528091,54.43698475549864,36.85503742730797
73.88863290846378,77.91154487172768,53.75827311072438,35.827142845649774
75.22262630702177,76.07890312175438,54.49201065213989,36.65581745887763
74.59862379418281,74.52417292370504,54.180393866904716,37.08833049970594
74.73455725404091,78.93597283720332,54.49429105727688,34.965900640360736
75.02917447371655,75.41377623121348,54.69036015100285,35.93134153987095
74.31474298122228,77.23489230879525,54.153169292493146,35.063712513140615
74.81510890655481,75.5492879173564,54.75478362369759,35.58498171128629
73.84078890208282,78.56227468919973,54.51747645284727,33.78323082766431
74.36972458111032,74.61936716584633,54.89463829696359,35.0391916721006
74.64051129573578,74.89862339830712,54.78973371074361,35.0304629734487
74.42574589118158,74.4196845598299,55.01378130678496,35.55972850760185
74.40998508609178,77.52741733949868,54.25071411271954,34.73001324199598
74.92591847342607,74.22936760848735,54.79348689684309,35.80173535797982
75.2242674400157,76.61095742284573,54.20848997290011,34.94535289990209
74.09277718003202,73.83818421172379,54.88118841030979,35.89458298456055
73.55170946278108,76.60623012732266,54.28650916948054,34.976779193523925
74.3767396888353,74.91095458840499,54.84918246294705,35.68831105863649
74.1372083019497,78.62110969101178,54.99776028021534,33.60859085357549
74.54293607535625,78.03049217876936,54.595069632179246,33.41170164099979
73.37557925900249,77.2663308707941,55.14507822204772,34.08247774863806
73.60396623922176,76.94045385993284,55.22751380626783,34.75968533972812
73.51961541150199,77.10819172860512,55.36067145741608,35.085918970612475
72.2765204312245,77.16714478164697,55.5607808191399,35.51597463601698
72.9620917274504,77.07342063073389,55.625607102573085,35.79945731565646
72.64993092112104,77.01646468370758,55.72675371408741,36.25400191658966
72.98299233125095,75.94805148780942,55.93781462919822,36.43896037034429
71.8428168387393,78.8966530628725,55.41226313314244,35.472136134097525
71.56337672328334,77.13394148883165,55.99743443083502,35.85141393839869
71.77027392705943,76.37303256991487,55.99796540956862,36.16181982325986
72.20575578961913,75.99341644997725,56.175802033684775,36.67720826926609
71.91455407508529,77.97985450469275,55.425704051314455,35.76790575869677
71.36347976605038,77.19647885452912,55.88887687030059,36.35139457971877
71.20285944487497,75.81478084603339,55.68710111946673,36.805394329772994
70.83695238508574,79.05764732377617,54.81266030378062,35.98215698738555
71.54504380994463,75.67943856258701,55.43080925261629,36.97418547167794
71.78485528546726,75.41654650082273,55.54848164544691,37.29001691294978
70.16187850581925,74.79000037885943,56.07519477772572,37.965184666901415
70.20989211095448,79.96033784889717,56.13082914229579,35.73918810969949
69.81620330327472,74.11600284256636,56.56510064636726,36.455616720688724
69.12311773224954,73.98340818505503,56.77488483601742,36.72950854295398
69.47332626632532,74.18871237753758,57.009010900647844,37.14662038284618
69.39130427973323,73.93650565276484,57.14370567154182,37.26993729051012
69.02469907969336,72.91540263349272,57.01602949783005,37.714707973867895
68.05020327416682,74.45322034422622,56.3297278635676,37.04293526716833
69.16942913535732,73.34894668184961,56.76383063413702,37.78195165186571
67.64772011557174,73.17425487398668,56.70832403686737,37.711227664518454
68.76669272159327,73.11433150245432,56.7407977071943,38.23571883726686
68.42416862132606,72.85781535252906,56.40072100023514,38.456141773323054
68.44407711823965,72.63363060349883,56.31252697308493,38.70071779039121
68.16694716928147,74.4431065782247,55.55146053795531,37.61584896891492
68.92018024941841,73.12596841606458,55.99418475587051,37.99536240528045
69.74317515086607,71.39704360036879,56.43051635838598,38.409163488927284
67.10086271093334,72.9170038323154,56.62311881927559,38.35082495137987
67.71582437111367,70.6665747443237,57.03645919653914,38.606312262495116
67.72302186823546,71.5950069350693,57.201151692138936,38.915655432960094
66.95655709743716,71.2567330746847,57.1743058812575,38.79816217577442
67.06589650808739,73.55733377018267,56.509146487733375,37.58731231866827
67.11885664340403,71.41010865008772,56.6623226607532,37.9989824837849
68.04012307097273,75.87334691425087,56.44227985402433,36.169671063185675
66.27849090530998,71.87214897621183,56.80898757905709,36.356394064813074
68.75329828004372,71.9783053458734,55.87489244857764,36.727263183552694
66.43893130473889,72.15083705078177,56.58111744418549,37.24793691391459
65.20194755759708,71.89758820912124,56.7364425606157,37.075979482871034
67.46573537724393,72.187623803832,56.79978641595091,37.61541512938702
66.78735640272207,70.50508194101322,57.13869360834942,37.904004876524226
65.20809510778457,73.67489394035555,56.451502821225525,36.55888103805685
66.15842624360648,72.72792681190043,56.98252718936747,36.892767668471706
65.36159982600815,72.06825274453121,56.97396199268089,36.99200908228579
66.56106220447981,73.93021982542356,56.44734441709591,36.07984130653317
64.59695296198103,72.54193752498948,57.01649307787471,36.74837678028038
66.58216040058764,72.6790476840472,58.15534305127796,38.0319598545752
66.17708704249972,75.36373859968727,59.31595545258295,39.61914340339152
64.97199266095035,72.49168483947878,59.103791615584036,39.5559179312548
64.57010845509801,74.02371665929067,58.87322489087516,39.61767755098465
64.93449504757558,73.70961363390168,58.469708828436644,39.45573135004217
64.58608186189554,73.3966347479619,58.358076513921795,39.415774347980715
64.69742697213137,76.49598692729214,57.682836657086135,37.9967869578566
65.04615370534587,73.4904693225435,57.72939757301949,38.33961166091467
66.77064046130066,73.04579744889128,57.6693119433426,38.65854134190442
66.15278367413949,73.9942130081729,56.775899922572165,37.754924294138135
66.88296422415897,73.21521640538775,56.908769904495784,38.19463696973256
67.21138745976361,73.97918783756992,56.87887149189169,38.56520646880206
66.774942271963,75.99283221593657,56.255542470901744,37.91031561169643
67.94558195593757,76.37826027354032,56.40333661789094,37.75957453822173
67.41388821246771,76.8523468574361,56.033534235903666,36.809508745192346
68.43130511581438,76.60478113276548,56.11470990301099,37.142666271088835
68.1784639585312,78.91568845502385,55.37771572107162,36.22064949530074
68.30093745681529,78.02002188607062,55.73294708544244,36.57011611614024
68.42638844773418,79.88166785790628,55.549696435029375,34.475142124624995
68.49350695461578,78.66651548612353,57.13987520037993,34.52830205465288
68.56837001521934,78.73754979520723,56.9669513667961,34.79021127762433
68.4938509941802,81.10759242753849,56.513804934406146,33.38517301956888
68.3212201199988,78.83067519750546,57.80817075343242,33.55946608254021
68.12707807939404,78.19042709804236,58.69785190791082,33.49519030022709
68.54311215796078,77.69298483478251,59.53687351918709,33.78776617196164
66.96926518081202,80.3396063929113,58.50756122882517,33.115168578775325
68.03283475175404,77.75058704756754,59.592121811138526,33.45428858354977
68.07503383760069,77.15559802473247,59.68044079347127,33.59085991382684
68.76816271687026,76.5509043921893,60.24825515273759,33.733775602222536
68.98293673981274,76.05107289437667,60.630514500880324,33.89922760598832
69.07915875007282,75.22645907883611,61.106670383943715,34.008513687768314
68.29479956942372,75.21626473411494,61.342846564226896,34.25398323985197
69.19138011343206,77.8171783348437,59.89050754704724,33.62609822284271
69.26002047074287,75.56730748314405,60.394876913106465,33.90164730691829
69.61553432916227,74.68026924019244,60.61626474125439,33.73848307302626
70.09800689033793,74.72217580961834,61.015307541571545,34.075453513523996
69.39727069314347,74.12935481551742,61.06315320790257,34.110726095979366
70.59943453136901,76.01528587441939,59.80785109087685,34.030724177150034
70.36126927982156,75.53967055223049,60.22301476733615,34.218598314703335
70.73493656494634,75.82481225271303,60.40435960372952,34.14164145849992
72.98453371607526,76.41878152801135,58.85717044940563,33.76136223588712
72.13701402576099,76.89341315737433,58.67690203164856,33.173720595432066
72.71017071485454,78.38573225160764,58.43293705262374,32.67026164433115
73.08271719888829,78.18340967163797,58.66114716416134,32.74897385448907
73.40046581577552,77.61882032351193,58.78420152798211,32.71393698601338
73.71610929442552,78.3782004249766,59.22772591006045,32.97478407907404
73.94119907256399,77.44516029985579,59.38102591797342,32.90125706670425
72.49771166488489,77.74721967167677,58.785605084375334,31.98231105970703
74.50264070727498,77.3937337254934,59.48326557717083,32.467350540879906
74.45984799454057,76.5644766583828,59.51235523555292,32.37716453319439
73.72347989856617,76.83385908590157,59.727938989337964,32.47602692215251
73.80072561522043,76.11381517737577,60.03032824469673,32.666333369041155
75.00986291453842,78.02024634125507,58.868776096317106,31.92062234934223
75.33442531868216,77.76986569997158,59.170189625260285,32.34266426929268
75.71639537634488,78.08919884194435,58.91636400092075,32.097485081179954
75.53677701153661,78.33459266133012,59.10074508106598,32.26575899350248
76.29001088432379,77.86178532316669,59.112740947094416,32.24239025804041
75.8970518947076,78.18554261450285,59.3477469633408,32.38785694234349
76.4117998961973,77.61186922160647,59.39190728093331,32.3529044718115
76.46356366797579,78.30780818408648,59.520853468417265,32.33217894782191
76.59173891983438,78.47324833395359,59.41517595180354,32.29020629522056
76.61487965178199,79.11445257063474,59.3232953812091,32.03416465173042
77.50632541195853,79.11147657124047,59.35030772094819,32.01533245435077
77.81977193739473,79.49679517553004,59.29597891434611,32.11276465609572
77.9150505356604,80.31024367138343,59.26468653564867,31.926645204595857
77.93009340083833,80.33135542081862,59.327163234899736,31.990092582526472
77.75923065748086,80.78011875960276,59.43618341162761,31.953130017621465
78.51579726298034,80.33847501383192,58.12248558371008,31.802134586418386
78.97202811979784,80.92534964930708,58.37459062536988,31.947919498016596
79.74580235743797,80.54914597276154,57.63118367154348,31.99867730448445
80.2191309952218,80.34940868625367,57.894768190562004,32.0784550338761
80.47526102771795,80.50270995716325,56.333658185269705,31.984517245255535
80.89585562590163,80.16153808540241,57.02508190870978,32.09874635044868
81.2605620138188,80.48360699660445,57.060454839872364,31.893140135434038
80.54071973753256,80.56587254105757,55.5427776942942,31.766362453439875
81.13497359146362,80.34474669396455,56.283957248013515,31.91190475913143
82.37275604186111,79.11682295503437,55.37532860171987,32.47415725675195
82.17401128381826,78.8692545651821,56.27389475650416,32.345274473258385
81.8801620573104,77.79403928594009,56.37982182981061,31.90552391945298
81.22431398258561,77.80760365464022,56.83520612155986,31.830800288328973
81.74785598126898,78.37244096760506,56.15991175842087,31.89937834031678
82.46966316446775,75.95113401577525,55.608950678480404,32.61034751817684
81.66960856212012,77.51091133816435,55.534450818119815,32.530444982544765
84.0039623919225,75.18367818769795,55.08428621118838,32.509962591155784
83.88055116042867,77.7873396850763,53.81365047372133,31.963955037530667
84.34100545080409,74.30319272897246,53.399965141452235,32.45008265945515
83.702432603412,75.67903493886399,52.892516538827365,32.57655418640364
83.728298753016,77.8004566343639,52.58481465563116,32.91626322841776
84.25411398166543,77.82987440627463,51.889782903385644,33.19496813230825
83.49072227228987,78.54986478036446,51.63282830505453,33.36301877622607
84.48854846443298,77.819028143782,51.237129095359386,33.22564319647043
84.76909263034939,79.34220154208893,50.36380820956767,32.70743360688785
84.80528396712216,80.33940031000053,49.667315910205794,31.989251028301876
85.59850927638357,79.4251508558567,50.073193458644646,32.39875431776934
85.7656690097791,83.03728091678002,51.7313738201922,34.04080336187731
84.3283504146041,82.34025966701647,52.22089705599814,34.01412957569883
84.68660127795174,81.65118118508427,51.971533768719745,33.667613983639775
84.43335990988064,83.50225145838428,51.304402479745995,32.3923664328741
85.02931611044244,82.0094944926908,51.133990546876475,32.66127470096149
84.61453846632543,80.77762607501933,50.85263124713593,32.518074604694334
83.83205520735567,79.53634835634632,50.59434985552956,32.96516527839898
84.99204661490687,79.06134201143917,50.5879368245916,33.209407177636365
84.77413009018892,79.92951352282745,50.08836789791894,32.68961247849108
85.09547881520027,78.58456828754134,50.21456839854552,33.32534831458759
85.19412241185441,80.66724706431654,49.51842546540529,32.69973346924337
86.19978398591314,78.03323043822084,49.87127048440209,33.19870658654706
85.37833000476512,80.2580141040475,50.844671122002545,33.90825409254023
84.58320225349647,80.11199421897307,51.074656362775315,34.41274642335233
85.11345118829419,79.48467184249567,50.286732768911904,33.411732549750724
85.7058698079073,79.35502267608132,50.34311111634797,33.59994288144742
86.07162339397283,78.63515426658687,50.18338313571094,33.49437480598899
86.02407918771601,78.87450178152487,50.04791516449559,33.88981509153123
85.62808987358373,78.72215986523989,49.78224632610059,33.79375388988336
85.24557510217235,78.20791427874187,49.800837067634745,33.88140291123757
86.43332973956639,79.33181332688835,49.51636935778808,33.79944949382339
86.76972669355413,81.18154603388469,49.431779058802306,31.86099377297645
84.8551293473671,82.346971942455,49.0790465470443,31.331669694407005
84.75026497590534,83.9699047880494,48.84894507618263,30.67072798583844
84.4776137652047,81.17129322965276,48.82767036106735,30.67140779055896
83.66477213494602,81.12135818926075,48.781726576906976,30.632938173028318
83.60047087487479,81.90133341259805,48.76350551201602,30.611939957760875
84.14292725730814,81.68412402681251,48.72854978412135,30.54732763263511
84.38915424576521,82.96985686393944,48.693945697200874,30.483876160499165
84.02004771949132,82.4490631892258,48.64085124080323,30.35607843435729
83.53044918965242,81.88713925043416,48.63831617043037,30.35052736994686
84.98145826604517,80.03645044414026,48.63793724074362,30.350263899770983
84.6088153500511,80.50648039294764,48.63749231501843,30.349996873631454
86.52504823453623,50.02291288229165,48.00934912257099,30.586266416427808
87.780352973715,50.38200058974603,48.00946347348285,30.586574866780122
87.5605403360199,45.38883322950639,47.197036918581325,31.383916133279914
87.72544582860522,46.52500619106749,47.18755694065288,31.3942600199569
88.4958740839011,47.259700315906976,47.18590610041788,31.39586099757285
89.62006093241213,47.79370674985218,47.18437693350139,31.39726059954634
90.09826875200986,46.91254314305486,47.174764804495005,31.404962850334265
91.13576841958076,47.07903558439965,47.164475132744315,31.414736802006722
92.46943064297403,46.73759409906044,47.160880830458495,31.418039322627166
92.6567666377975,47.34817736673436,47.1530430938843,31.425711111826132
94.0739756824665,47.61703480309271,47.14333823467936,31.43788163129847
95.1141440138496,48.210785124754366,47.112908302565025,31.46737884983733
96.90402336843079,48.011039833629674,47.102576129962706,31.478456151838074
98.21874341639538,49.085948016741625,47.09896143915436,31.482857744064482
97.9497970521525,49.773580087038404,47.095183666407955,31.489022798874984
87.85497558979017,80.19501206095877,47.11794121515608,31.882536567098693
88.2954543136712,82.56402114093655,46.81534009302038,31.134048255241908
88.14974978451798,82.595884279019,46.45502803144615,30.867165552528043
87.61363815063761,83.69785189263614,46.27442937690464,30.26926722676776
88.02611605664481,83.52798112578861,46.01572531965098,29.81092426301102
88.22865464919505,82.73422706679108,47.42382881959382,30.962380386443954
87.2742650701977,82.63662948544969,48.26085328360355,31.72331780338393
87.18358716280956,83.56235483397595,47.94699982170365,30.819828079117368
85.72939496885886,83.40853354028788,48.771387436838964,31.356598624910454
85.47119156819033,82.8680716031741,49.28093687746282,31.69566312270748
84.79060316800609,85.97435917873355,49.42548834499896,31.339486554047095
84.28714184322637,84.17457141115446,49.417243400602416,30.772548169374932
84.64786734812184,83.80106910535152,49.508922709929976,30.60148931920029
84.03400480457037,81.97285901830033,49.450085354253375,30.573207812165577
84.13137846297282,83.75866922601605,49.4326908682161,30.555907493703728
84.2038518222454,83.68950110325666,49.425208538875914,30.54946439978979
84.27622651441249,84.12788729921556,49.42088359981322,30.545439965578463
85.64861596976144,82.75904322624721,49.418300772184196,30.548189489994147
88.8184823291961,81.75240641625358,49.4183827162482,30.5482022686118
91.4909124796569,80.00692418436644,49.417867984937196,30.54828934247824
94.51966683229949,79.29895162157054,49.417779533405685,30.54823898943997
96.30448928373868,78.54428383878101,49.41761195024471,30.548204824069618
95.7947631427619,78.6847529835328,49.4174208062568,30.548150651454087
95.64421051268658,77.58670834615921,49.41695711122442,30.54826009259836
95.31222309060816,76.88955614112614,49.416606658502445,30.547810688920908
93.63396222093948,76.79809917509556,49.4164425209935,30.547527435584936
93.94440240897505,76.65798463305359,49.41636997144135,30.54740321194486
91.40245739078348,76.6511497421289,49.416227472271515,30.54683969146924
91.70764951337554,75.9416976210762,49.41619806784285,30.546806250469157
89.08452838675231,76.31177920252668,49.415661832930155,30.545929450693045
86.94401850516262,76.94864560320129,49.41427335865225,30.54342543962704
86.73582579522275,77.12894964943298,49.41427348552509,30.54346863161991
85.93150069447941,75.56998892042664,49.41292724898534,30.54466321432742
87.41943690159006,74.88136422911062,49.4134637931991,30.543942020673132
87.20114759771602,79.78869151001093,49.32591140090521,30.266163183664997
83.64956364221818,82.2424295602294,49.69520880561427,30.635124842627484
84.0107110686731,82.43391637721051,49.55784777009105,31.248585658814797
83.59607438195047,82.94993945569149,49.77124899883722,31.867538332648095
85.12806771120106,82.75099909147657,49.68200093820592,31.890428031576995
85.11335012920956,81.56099185272889,49.64920162225493,32.54383292140298
84.83047831677892,84.93976268108415,49.45691501134885,31.693269871870207
84.73882038383647,82.6249828366494,49.93918405277849,32.24737055729122
85.33841797401871,81.589151865917,49.679441043739715,32.72562749043996
85.4783289801051,81.32938875682294,49.77498548092299,33.10077276664106
86.45121670116986,80.33692720352121,49.674580689084934,33.45751620386433
86.03438843686837,79.63223625914341,49.883920763754205,33.60035518109038
86.28195424878686,79.05546669107346,49.90274628274709,34.17212079771427
85.96315902790363,77.78832034243491,50.0831631982265,34.46981095020683
86.37864307128233,77.11599590894099,50.176125994876685,34.603070275568705
86.93864305403707,77.21815232626564,50.092257411355725,34.67337004649115
86.84821209366417,77.3685554218969,49.93833533098954,34.28929104792855
87.97427801111174,77.26813292371008,49.897526042099656,34.605767408588115
88.32135610470864,76.66276113371656,49.874844192483664,34.57911260257358
89.46409668198092,77.31333746617328,50.87671106993678,35.193454737274095
89.043192719867,78.55581099796473,50.95710351259727,35.15093578572124
89.5630819681468,76.92724766944553,50.52956544973058,34.7173349704543
89.33235387338705,79.14174640246998,50.361161238096514,33.48940232946343
90.61029167107709,79.03430875499245,50.095195959183705,33.77953219883654
91.57945489161072,77.99140069474228,49.660528408840634,33.91678998880097
91.83317810955259,78.14087251634969,49.515152891040096,34.28817883698403
92.3729066386397,76.76389572586058,49.51707953800502,34.343106310174164
91.42977054509096,80.20412043134627,49.52777916288479,32.84138147424552
92.59942386474191,77.76521564406846,49.308959021461945,33.24395081824083
93.17583270185752,80.25769813800835,49.16987020427111,32.1625462303702
93.9756367053929,79.1271431516164,49.38024521226077,33.020503260496646
93.55014766220134,78.93249208429825,49.139667703245955,33.47615709943239
93.8311653028534,81.50387353775128,48.86133607694631,32.03935613519906
94.48423841141641,80.25669481353818,48.77022124524205,32.58736134020179
95.13941666903233,78.85657058398102,48.51981198228378,32.83794458668487
95.86289794375794,79.50157289076523,49.42677489937003,33.38617880845122
96.03849679887846,82.09251004607802,50.329169084232454,34.795513909446754
95.12962153431842,80.76521084377879,50.26743567513538,33.61065742474772
95.57662790023399,80.13616693628657,50.25548198098962,33.65108767366162
96.6807313355303,80.18335023775882,50.08826903930631,33.572673510695836
94.55643197037374,83.09137667010528,50.60719033088347,31.552453995230817
97.022117741991,81.03760764458434,50.34474931819704,32.32588703147168
97.5384341130489,80.45912804102247,49.993996215706794,32.497895994168694
97.2611362650018,80.3215818094958,49.5909384489142,32.71958298980122
97.55731004842849,81.235292037873,50.15522866987969,33.36776539826593
98.13881826852148,83.05251268735196,51.02217643829665,34.052662897830956
98.17446802736683,82.7554344262483,50.76066197373989,33.862016923605005
97.70257285161964,82.85196056714645,50.57064168585286,33.717712941288184
98.7062186545999,83.15256922243475,50.15657746636696,33.817554197281886
99.23119878164374,83.0813163090013,49.94607621429725,33.69745015490706
99.01859161971294,83.04759636515382,49.56749555810972,33.5005709207644
98.90382060040645,83.14546550309258,49.172806198617074,33.53295717401019
99.70456427486867,82.46653361433292,48.797827109465885,33.74327120310879
99.25159296324966,83.41249265800622,48.602741051902505,33.772880620683175
100.05536275956639,82.28573035076845,48.54294561419917,33.69280018411805
101.49783522300456,80.98181637261894,48.77895567770982,33.65301533028217
101.697935826789,81.0970468986428,49.02123764494178,33.84104167805097
102.12080838363134,80.74081726136392,49.22894836087747,33.953333320505784
102.81497444075133,81.132986893342,49.30451752799431,34.138180839386536
103.92644609255181,81.08573732201032,49.25001575843569,34.16118988798421
103.91353169544087,80.96409072176014,49.249628978884786,34.24976434671
104.55757977908192,80.43441883783791,49.159770945986864,34.293986416174974
104.28608230796425,84.10175021714727,49.376972472914204,33.60294081072398
106.57646130041837,80.33206263609206,49.34167995736629,33.56169043877676
106.52315120411951,79.46675971369315,49.244289901779815,33.54438983711768
105.44520654559723,82.70151738853119,49.44716162639426,32.9347425370632
109.56154731824032,78.92199574293971,48.96582190087128,32.806772202147485
110.86424872120388,78.68375494100721,48.90096598901764,33.082659887450575
112.02281310671351,77.55354078708629,48.64708322973237,33.26515655276007
113.51072694499426,77.22036133621964,48.50101586620494,33.30077838822443
114.58568873075203,78.04206211455562,48.80175705337167,33.553792899629585
115.15197321254078,77.09025041934652,48.50476629299544,33.50868141055407
114.7590850143858,78.69877206094085,48.57581731412993,33.642736903229036
111.39010862099383,80.54422799807455,49.38979940160357,32.388745194977275
111.65448431193842,80.7956067185151,49.82515922863009,31.397722031106138
118.13456971078762,79.84741217290629,49.34009848494782,31.77465509338546
119.4381273101202,79.53516764469626,49.210794861218574,32.232467285777545
121.31501898624133,79.12252216507156,48.9783409118999,32.848825159823775
121.57310949855977,79.7190314227295,48.95490841598193,33.11752854163314
122.47103188252838,79.08445381312616,49.124621819317014,33.33128481979978
120.16105063601461,81.74475004219103,50.13279794683553,31.357040885763666
124.55020543119501,78.99031201616476,49.86722181594737,31.842758864390913
126.57140478193689,77.70915846956902,49.79417726714305,31.900090400255127
127.92566496218727,76.88147211433592,49.6028266206163,32.59657195738575
128.13319276614112,75.9377728029016,49.39418963126844,32.93837135807115
128.08306300838535,78.17479106164845,49.14466867664716,32.421167726319666
129.3984720751963,78.95943540849758,48.75994858455964,31.48408964491843
131.86597842361056,75.65206712374257,48.66800496426922,31.972647949810558
133.5205508941382,75.75109867163192,49.00607348222882,32.36069878378038
132.2955801546019,77.73534840911496,49.15118345647964,30.61169412845541
133.4140308788735,79.30931735213915,48.96462242198375,29.725882449758736
135.73006129101353,77.91231523543853,49.40800152766582,30.30405611866106
138.01887279690422,77.2867697760446,49.14364765422061,30.414771065654808
136.87146059151618,80.76118778565412,49.20758179094883,29.236432845355438
138.68386861233034,77.92732727847488,49.51473324619247,29.64963487396564
141.13821371019327,79.74705869695453,49.30035896080597,29.93769731891245
140.6897567527844,79.59204575106467,49.59174005063058,30.006679523825397
142.12904158923192,79.17159682110916,49.58114108276787,29.834819605568708
144.9776966307811,79.48445886327302,49.35644719534818,30.047175212174213
145.6561514819747,80.26787342055391,49.43220188733969,30.028314604425475
144.92910294058925,80.96120300914257,49.484302119143166,29.07858247760028
147.21753213957535,80.94105712082984,49.5350615571695,29.455104085206013
145.7764834756501,82.29924536229919,50.30423955442306,28.373282107615513
151.06856813871514,80.35428117888628,50.04758106203326,28.731372057388114
151.40871242042846,79.23522428613913,49.6543185165109,28.973929249941133
153.1395881173045,79.01821655792985,49.28565861064333,29.55727858571131
153.48813803797574,78.15071486361921,49.09946683652728,29.9326432833841
151.79695853966012,80.3160794172313,48.96280837519647,29.15265823286159
154.49711220097285,80.80718436604585,48.92479572649067,29.153284462513685
156.7057295086302,79.90138951444449,48.86765041323895,29.4443547899153
157.5728136405733,81.46138799723812,49.02448993038156,29.876868085863705
158.89801897222995,83.07186882221653,48.91958979754001,29.732501503884773
159.90628546007605,81.65403892160683,48.59071787359801,29.976585205708428
161.4010571070675,83.03707004343543,48.64224504088835,30.302798104720893
161.0084307055682,84.0423421164054,48.6779787937656,30.26187216003676
161.37438587994603,85.23517588490458,48.71153900937531,29.25863779907904
163.78037411004442,84.91007233939133,48.57323427159062,29.619890155303306
164.69955435909597,86.02917429629758,48.38243580046509,29.196186215741594
167.20709895035594,84.65531468620995,48.16118130422445,29.282127939578974
168.001647972663,83.82979527901692,48.057259822873256,29.480799329000114
168.59355381763066,83.62847161673406,48.0966367716251,29.625770290574497
169.1381170945864,85.19520670231978,48.053592237519545,29.76458391189879
169.94026918552098,84.32927714187399,48.30563013290563,29.856774568129733
170.34719194601198,83.60699930515266,48.0913424885105,29.858316692721395
170.99990660505517,84.2723765097434,48.23031169280112,29.726858161950233
172.36307021324208,84.01835391620472,48.6382723105948,29.940878076896645
171.49883375471003,84.40594619957142,48.27074765571372,29.0132442897443
173.08808009875926,83.72847722874248,48.26963433735098,29.40762649915198
174.54680749259902,83.01290600130918,48.335915826298056,29.460209483841872
174.48310094803355,81.73413526473634,48.42035887275323,29.810269572710215
175.27931046208897,82.95786812391975,48.539326167617546,29.745952047702747
175.58145055924345,82.10918082170144,48.90205068970493,29.91714090117807
175.892138988751,82.27968717071573,48.971285312356436,29.905273426051806
177.1967310748904,81.7107148724562,49.304513993318544,30.008926516757278
177.3633814871435,81.01667521402273,49.65816701145232,30.169388212202385
178.2106842823042,80.29324559253075,49.451674109195494,30.511549870080444
178.6099199657497,79.40843614352721,49.72935292121375,30.78319532600988
179.30131823518153,79.57425211014794,49.855835871867306,30.716179524550974
179.843377929925,80.28753886745874,50.09283471796845,30.887449537723263
180.32986778764894,80.72216262524398,50.0965230623465,30.7023960505303
181.24388267049915,80.79604299539498,49.731608273529005,30.90751692062182
181.94898000741188,81.52625415939858,50.19528421089434,30.664953264756676
182.02058911421193,81.17513369277502,49.94344036178953,30.7239244207058
182.4093052138805,80.51983120744079,49.62485806937378,30.810166779603644
183.57740575100604,81.70756032107317,50.03088597995543,31.05772920129517
183.22774094822518,79.97692491643214,49.9277992609017,31.10898848065475
184.14781129456463,80.79135340394252,50.20575825770641,31.097816346789983
184.15338593000743,80.40643379198222,50.462215304817796,30.956992085183536
185.16491410933278,80.84692716864026,50.60443022836313,30.91776119887185
185.24281998211075,81.44163017439261,50.86298311875159,30.494156021069248
185.48393580213997,80.47949433665896,51.33868913652622,30.526388993571782
187.3727650558976,79.77423602755704,50.98346424374181,30.509120692036838
188.33954160981034,79.9158030397118,50.785915965323085,30.399404712771254
188.1259527114795,79.68315156686782,50.90301213103952,30.48642731683401
187.77064169629753,80.54544963476972,51.10181825583248,30.495678799133227
188.47290487436868,79.1403972794054,51.16766004658652,30.70468878711407
189.40379276348546,80.41280401157357,50.974460628101816,30.992777515847195
188.5854425013724,79.28781709598363,50.74324349542944,31.004244553051254
190.5124658669224,78.72577236876556,50.50124324450824,31.20651968501577
189.80886596346858,80.3153545938032,50.50298615081934,31.12915472300811
190.39912156145044,80.00297790166482,50.12798607183707,31.1514159536403
190.84911829969488,80.36308042578702,49.97477251401887,30.97792568811075
190.99195514717326,80.79914885755596,49.71692698718604,30.799354491248447
192.04518777817998,79.94229816639064,49.38999737637962,30.97096390790373
193.3894055068364,79.37920804208076,49.177062979552595,31.289780646391662
192.75405867905937,79.5634250660521,49.034227835095976,31.332811528029648
193.6366765446593,79.32358078738632,48.89601222451684,31.46002733302854
194.5447576147875,79.31170021933148,48.56920242972705,31.592008159759104
195.52873184178463,79.70269197003523,48.280785549982035,31.430932978301726
194.82581057210515,80.59035568214036,47.75145636597522,31.23792624424649
196.23282278110509,80.00500631142194,47.59340395191216,30.987783530223734
196.88163633719574,80.87545369486938,47.15382802057034,31.158672220131216
196.9773532350536,81.0681328289705,47.251271652432585,31.224155021150455
196.6444524690429,80.22104197520092,47.12289219518854,31.168764809248415
196.93130540094748,80.2637214969116,47.25403855477573,31.341634395654552
197.25279534254153,79.38107027807263,47.23885824214806,31.3275907248959
195.95375198238798,79.43586771125403,47.294203425361076,31.30544762943477
197.41463416289918,78.59282947864334,47.20805136139676,31.378519290998643
198.0759553574382,78.82499494287555,47.223732327039805,31.627783812458702
198.25746963045145,77.74560351548851,47.3488313404367,31.657069139156587
198.94646220056836,78.53837251114804,47.31558492205045,31.83218333232391
198.58677066735677,77.81549209713262,46.89722403858347,32.02098639096086
199.3368525836702,78.1127352954204,46.85017459632987,32.168350787746945
197.78383632847283,78.05877504335324,46.41052634538732,32.03392285934038
200.34639771166914,77.59681421003087,46.273729651687574,31.944119245223387
200.01918650107126,77.39933082223796,45.82005273149081,31.769279087406197
200.22363976390557,77.29265472729236,45.23193010405659,32.00417825207556
201.49360567664127,77.87843718085037,45.15645102211544,31.953627820781996
201.13462963958546,76.98223457365718,45.02335313656751,31.964266858944622
201.46799370089045,77.17469449659481,44.057222628007416,31.54004149375674
202.1907983286464,75.35289605105288,44.373730281522626,31.877117207548743
202.60728948203143,76.14945687486477,44.41034344279686,31.99119417976749
201.8826535222501,75.97095870451757,44.56465724773548,31.850710753854607
201.79405769697226,74.73611091379195,44.957068321466025,32.06640590996709
202.11575261835588,75.52967910337682,45.25467482755667,32.04390218498742
201.26680223940315,74.14620440185028,45.407619497396034,32.10275198438754
200.78943861379258,75.22545412778271,45.40255300214576,32.21842865328075
200.62533404258212,74.4650323641924,45.48668468558894,32.478476467990355
199.86984099660785,74.97262011958782,45.094031580187945,32.47315849256177
200.05232285849445,74.78163340089851,44.79249505136775,32.47378892285266
199.59150732546317,75.6277083092607,44.95732194920597,32.556955582950195
198.41789947324477,74.7734121160805,45.04678857298479,32.385713674991436
197.95515451473406,74.59285962414111,45.44232715600658,32.43126773552275
198.02569080227016,74.82438279172594,45.61980749221594,32.56837252196945
197.47736588495482,74.30624645857873,45.830867190795445,32.63214200299167
197.6310497314901,74.58948496403941,45.99359131748809,32.75110088322171
196.71874955477844,74.62007801844757,46.076489352719896,32.915469866501724
196.23928298949906,74.19525715444647,46.44937072117459,32.87957307607513
196.03777096558252,74.03975348667446,46.55236137848566,32.84161434955021
196.46430498590024,74.77606885053926,45.726545231504694,32.4537323667852
195.16843454881715,73.8647641274514,46.10415713457106,32.64340223585829
195.2808704218628,73.69848171384199,46.504235678205966,32.93253348625481
195.1309143508139,74.53794728207157,46.15187863571443,33.0224953532594
194.05078773577563,73.96346493739891,46.29816888170584,32.874702106127046
194.4064184149324,74.0670157761802,46.34247972321379,32.833787685139114
194.66347647509124,75.26239443972324,46.20155260517158,32.829691887594024
194.58793665188688,75.41950785413687,46.28387824167785,32.808305956803736
193.6925160202961,75.77513728325437,46.19432445004221,32.72022796481019
193.96162365818796,74.85683113414339,46.31883176184391,32.7844618183605
192.85917921713806,74.5141459052108,46.42554392618552,32.622697388053545
193.06112187399683,75.15006171936852,46.495459390856965,32.62253753174127
191.49556190576513,74.85452742507843,46.959801239704426,32.35141247627466
192.60311103084985,75.52385383285883,47.102459365801444,32.34790537261268
191.88794909160907,74.79601630102991,47.376416538388526,32.548865947287354
191.50107611779967,74.80781680092166,47.25647517817273,32.25226586946851
191.19130528718523,74.93207744743567,47.58532039727437,32.37230417536321
190.47202094524204,74.3411011756159,47.806093709151476,32.07738928164008
190.0259150880733,74.9610202596012,48.236912514200526,31.834823724333862
188.63429385415537,74.02464906646068,48.37854841274622,31.90076014233027
190.25263785802426,73.29771164028928,48.6607274208471,32.196941131758045
189.06692940730295,73.65925774775681,48.650777592553375,31.994712807470876
189.36143154970597,72.85891457325447,48.749506659931605,32.18010641660741
190.10676921627126,76.02407633354859,48.75700909360095,31.31705136296861
189.00534931620751,74.17269808608323,48.96067942484875,31.491596502689976
188.543718775793,75.65949234324235,49.33407251804507,31.09885239068498
188.92375779745737,76.09585882010039,49.01294012577069,30.69642169093047
189.11794803488092,75.20894371358852,49.00181315353093,30.751644359055195
186.86827269038147,75.72174128622937,48.598898293823744,30.190673916703968
186.86229266371592,75.87997234313167,48.69739895675305,30.359750494181625
186.56777549617354,75.51027813857452,48.23895199339116,30.2294322129845
186.95465376021403,75.04411432114152,48.56364552996929,30.256699437350942
187.64889168946124,74.51145531834509,48.68982764571804,30.486156892540198
187.67122404719976,75.56081861082507,48.13390510295901,30.177228924943233
185.99777422171053,75.95345696622707,48.482464624085225,30.157747802632564
186.77654940542328,75.77654526558032,48.388749853697966,30.07637161538883
187.05266452225854,76.21012820292478,48.23059972247112,30.26100396514908
186.68365283444712,75.98407419593332,48.440630849558815,30.46445536351712
186.36598428500355,76.99300863468532,48.572253327378895,30.451532956273724
186.17163685590154,77.30276266074127,48.534159080644436,30.611211033731852
186.5333350451904,76.13252317162271,49.04602688415749,30.445825153341634
186.42061168953109,76.01531458236897,48.92293257412908,30.643867416457915
185.73847357952562,75.88882413489675,48.83621191837705,30.69460921523764
184.9707837437714,77.27184309135981,50.171762235003236,31.825556833164786
184.55726803874578,74.84327673597238,50.99502703174057,32.04862725374802
185.13448834333093,73.82461310419122,50.928105829842615,31.847995370810697
184.73843371706184,73.66146892199286,51.140905142042634,31.384638540200083
186.16188039609332,74.5784624606294,51.20451922454668,31.04624155367866
185.02399526470273,74.73667025443473,51.47722151705201,30.538544215269766
185.29347031931925,75.06717139892794,51.484818880295904,30.505155887979985
185.24488511921766,75.41165342007636,51.410783640659915,30.703647487906494
185.77651734377451,75.77492846448183,50.647378864330996,30.3098329077759
185.08083705996904,76.16012771286145,50.29076539381786,30.21962038466091
186.30377006324161,75.52432628162812,49.92084691038979,30.517232329921757
186.00379426681167,76.48563460548684,49.79591590055806,30.262918575842946
187.23668516617553,74.65147447570604,49.34745854946213,30.691768591950577
187.56134561446865,74.9148281483989,49.29789031744195,30.99635286252784
187.44151892411213,73.05749444432708,49.479060850047176,31.440541545238123
187.189514447745,73.5471844185251,49.60294580008635,31.578886134691476
188.37766248180395,74.49828101862313,49.62111303267343,31.64839586780689
186.50637637242718,74.33407545637286,49.60191667194389,31.53478788734986
187.3742810700488,74.34305500681648,49.63478212716457,31.46323586243399
186.60585907815533,74.29371848130279,49.80832745639521,31.45325920513075
187.9960725078805,73.5504017985358,49.92014922746851,31.62792269437535
188.53060743027115,75.22079680063132,50.15621069887224,31.40368146681091
187.96228217259912,73.57741664287762,50.00946389728364,30.94438880189532
187.7835392253605,72.90891260271113,50.17738863334221,30.68273617475454
187.66393540080395,73.88360892879264,49.56707798335251,29.78417150263304
187.58456722010274,71.93651039952121,50.057120385041976,30.100506775287215
188.90489622521568,71.82606150470303,49.885096503386656,30.12753554040841
189.50619603845,71.7323773179472,49.588476927481764,30.40832062709826
189.3162092878102,71.0338005390804,49.65016830138104,30.391464971384273
189.87262346352864,70.41080041279996,49.07993021044984,30.736948296702874
189.42179202516644,70.36596930417222,49.09435696885759,30.788703658613564
190.16772052295437,70.3748541789826,48.88526929567705,31.143689078861286
189.96501558586527,73.01604211179345,48.626832021436854,30.9029835356578
190.28740009108694,72.0196302357697,48.69838495618391,31.13867535353935
188.99581454989206,72.76680895591682,48.48201718778938,30.58026705999272
188.83481280979825,72.67165959191378,49.05221384257758,30.86083391561899
190.2798811998245,74.34317686533232,48.550278060831396,30.131946078224043
189.39472087867708,73.58785724284796,48.73343287060668,30.34843151364535
189.4867842003108,74.56836223469135,48.315359367502644,30.219272654722065
188.85015181973074,74.66192095890399,47.73234249051735,29.411861887071474
187.95779761145593,72.57882482087312,48.60294054453719,30.001539680635023
191.15524710986907,73.43047949537177,48.52547442811256,30.665025633075107
190.35403511573318,72.73929670512864,47.83612104402409,30.260316528464646
189.6770613112786,73.47759750499729,48.27274571925936,30.482720413308318
190.0455870404578,72.25411902022826,48.20265980512477,30.488841191669025
191.03877360545394,74.0215582099091,48.35630346933719,30.340707788351054
191.19451405918767,73.41004242239114,48.2069111795522,30.335396711066107
191.22087936087297,73.72818628734865,48.13890314856044,30.13987316991755
191.10599036033264,74.3877922319776,48.24954653725961,30.169670794514648
189.79954176261398,73.60773824444608,48.50000481553689,30.301789286698035
190.8709759997234,73.50867729967584,48.85093650458707,30.863629060063815
191.6873184589374,73.43033762122062,48.92411780377231,31.37189028848383
191.12586857035086,71.64942975392273,48.69209421344509,32.056888081413945
191.2858691577046,71.64917856652707,48.47675883221608,31.784982626443778
190.95613597739538,70.65868219866657,49.06578715055151,32.081368571622164
189.401945226255,72.01874948649032,49.482652015030126,32.31180481773674
190.9460253938872,71.25564186144939,49.137376315691014,32.129183273919054
191.18363848835125,68.27185610494294,48.73409589833792,32.54310440775106
191.34163502264363,69.97722387685235,48.2258599689591,31.34922582041418
190.98039480233814,67.76600126739974,48.66407632189307,31.912509423947686
191.3394320822331,68.51845701165517,48.90717309112458,32.002850210903745
191.0838843144314,67.70233109517042,49.04730076173774,32.5951355798306
191.11977203622777,65.38568936548671,49.347348390578496,32.75787660832032
191.38842684397324,65.63778660578835,49.37927523243541,32.991977861645715
190.47010636359852,66.46948589414257,49.68877056902406,33.07729909637681
191.1037900835868,66.23902825334748,49.61551614517608,33.52695015715555
190.94266958164434,66.82731367296688,49.5798927691782,34.07869061819446
189.66595766737737,64.28179165415008,49.166988692057224,33.21460646292645
191.03250497329972,66.17089772682269,49.40915457635203,33.68932066722111
190.57160528480958,66.86129974494418,49.24250161415997,34.19723881229835
190.26371568018578,66.34338667453574,49.09748606461085,33.86943894984985
190.59647849862444,65.79415195847949,48.74455677864185,33.419616817974614
190.97891158115044,67.02136116587027,48.48154425843766,33.128400688959644
188.7552506481019,66.22553838879963,49.09444282093061,32.86024506989078
189.85281184445043,67.51237537298863,49.00702339873833,32.80819781240451
189.86742780313295,66.88381908280671,48.825714030025004,32.57491389313455
190.83114471585216,67.75444928525036,48.778573693089065,32.35976604470477
190.21957023068035,67.84474040334928,48.259643643886164,32.22187584394355
189.8931668524187,68.4154357005836,48.37633254867537,32.155458355859196
189.58013698875533,69.21917564220504,48.38388793058504,32.1465737341901
189.2987761618114,69.96251822374398,48.179695693634294,31.886590784399566
189.52883828783604,69.28091454490544,47.96121303754469,31.9189746013891
189.95783166010656,69.93964650998679,47.61584924546487,31.758197215644746
189.0556513219972,70.45024622890061,47.686825312461146,31.284393483993863
190.06382904321651,70.02516413645806,47.829180111340264,31.21714610309831
189.4584883078642,69.09964534718759,48.00620641541894,31.21477451053483
189.53338763464515,68.41942656070154,48.33883732585621,31.451383195567484
189.39574458110923,69.25296456251297,48.26445996671293,31.21593816099216
188.42098802727978,68.73787862703327,48.22014513533835,31.022736499656336
188.8593059649073,68.55755050225063,47.966269138718715,30.727796373756203
188.9288800960002,68.84148809684828,48.0021045716823,30.770793691656248
188.95259974887776,69.19510911118208,47.73853116477477,30.800532041616425
188.9380091919188,68.21796608195149,47.508283866970494,30.66476334963511
188.73690014646607,69.02398863426866,47.39226704929517,30.53494151732438
187.4606715012527,68.30958789491987,47.7549174015505,30.319584036633227
188.456422978542,68.73969844390325,47.74537450518419,30.306020751261812
189.1528588238595,68.84247820631188,47.7819124376953,30.076068956892808
189.17026622720886,68.11438731010306,47.57673140336979,29.998812901219335
189.58608712582947,68.31548444890403,47.127793893895955,30.125832052114696
189.1802464758669,67.77975451920058,46.89082933982477,30.346493125835114
189.4442479007634,69.2190593990308,46.98407813273579,30.38156225068091
188.78396682112822,68.4008210874442,46.909055351095816,30.370288734617656
188.98066424902566,68.50463555535708,46.58914136960095,30.597990994384755
189.3368944574951,70.24143753047198,46.378809136503754,30.605516928874795
188.57045317349497,69.68925857374425,46.159168043844254,30.28489384429101
188.12455716882073,70.86227027857588,45.98145305036226,30.193778757915734
188.59944185853956,72.38662605349879,45.989811467574484,30.230588906067954
188.88725129568908,72.00090315806676,45.796766019045286,30.147706660623736
189.38685530747517,71.79606913450014,45.52411620393866,30.19875707417579
189.19670993348143,72.54786067287274,45.47329496052064,30.542273540048395
189.5265122922582,72.88760437420493,45.74476372977212,30.819456362050627
189.5593813810149,72.35689662179426,45.95795588849562,30.92512849443162
188.72965815296288,72.06529160994012,45.91189709271521,31.27698677003104
188.7164750895081,71.96437831984203,46.28919396999484,31.38735806199585
187.6013650310262,71.59867125920172,46.205788274428095,31.31372991643077
188.1023477946115,73.1690679269445,46.27837587931472,31.47126664953346
187.63026518283374,73.15949265007536,46.22875661562274,31.22994919713771
187.7528163138038,72.89127438933723,46.02125798529821,31.041287883550034
188.2717103527907,74.43248762530212,45.937062684576645,31.139526666213147
187.06189759334097,73.31174153680014,45.90248221363842,31.09324428038141
187.01053198904444,74.81103880737527,45.756420267276624,31.110570378269248
187.6305320928639,74.28498953763453,46.23541658444848,31.26483169612825
187.15036038887547,75.2976037023325,45.989275197808624,30.64808114993545
187.27536824749708,74.60220178299619,46.26008486661275,30.86224781590908
186.94358759874916,75.99678950258718,46.35351158397328,30.605845871447563
187.20764006604043,76.47634734562165,46.269913503209665,30.57753413997992
187.16282564322688,78.16671356629764,46.58755596861724,30.604282653751827
185.9710695407818,77.8552515107649,46.632257491210694,30.751436172127786
187.19805564691694,77.13858856648513,46.727732576990306,30.87401336436015
186.4382674151042,77.72915685082008,46.638923239300475,30.205778817098324
185.45597716412072,75.20670643744651,46.981055535319555,30.53660074064719
186.42096756984876,75.07010482339274,47.51715491261476,30.710927544620976
185.5275750265428,74.655391439508,47.890716732625116,30.461006940335412
186.5616265599503,74.17094947180752,48.24206347202346,30.9060583161508
185.5612030330747,77.15543221325638,48.168853185152706,29.880699209901014
184.91214393294328,73.82995015082187,48.779405879910925,30.083743966026148
185.86675911658122,75.08210423797239,49.1383050998085,30.487976040595957
183.45546868253908,75.0398452165401,49.68486210314671,30.865479254540155
182.87335014655318,76.4715000656072,50.361278520011034,31.297973580148625
183.3383248339735,77.08521520930766,50.304289653040094,31.092921260582177
183.35143860204653,77.12076398803885,50.51655685583049,30.931998676428865
182.68436509740548,75.85001619107788,50.826687842430346,31.308825471904132
183.9811897045243,76.10251590469205,50.65089555987915,31.096652786609617
184.29265562704597,75.30030449955214,50.92562230133786,31.213200135311084
182.92020730929806,75.65104265659747,51.451755585393265,31.254997615871453
183.62316885951367,75.71453006549325,51.96181604266314,30.872629829425257
183.57592257219693,75.53331971011244,52.09539577126782,30.79596913955403
185.0022357707708,75.83923800027999,51.849537028539025,30.615434629836596
184.66002540177698,75.32081873972584,51.97404991292328,30.42983505394476
184.41465453894057,75.86931056544523,52.19483293388614,30.49836622928059
185.32730212448791,75.12826823371685,51.886796883732586,30.75317480593008
185.1860782561742,75.54759893607657,52.076748575426194,30.254315338552352
185.4544783959308,75.01832596241795,51.723430138192455,30.64058073586653
186.18515935884272,75.46861314139862,51.36035138402235,30.217069616525944
187.7330953693816,75.08276126269793,50.93874093292139,30.477585164870487
186.54604037782357,75.17269895573581,50.490534269461556,30.10736818695968
187.61388389208682,76.28396535480962,49.826118040571885,30.331977512988075
186.41871191289525,75.95361125126934,50.04547630025508,30.232946142298434
187.80035170824476,75.5204255762297,49.5864030808634,30.445653737914505
188.6379219714838,76.14311649826826,49.456359428622406,30.608997751572087
188.5873492039975,76.33289980820383,49.27544535370505,30.575652936319752
189.55561058701971,75.23086724023236,49.10278317096594,30.805539519635147
190.01413488239035,75.3954973433663,49.03120119399421,31.066088194650074
189.7687419996039,75.8560534366083,48.92801117717272,31.13171230577349
189.9703545559632,75.96478562809858,48.801227131911254,30.966558367207533
190.28906260205738,75.5337667857799,48.78074545840121,31.14723443618708
190.0029276286078,75.39530731567443,48.98414201772523,31.147890258607806
189.45203981027495,76.42909224586151,49.3107784417826,31.189674894235864
188.83021596397546,76.46812522701335,49.70145964697387,31.16312504759761
189.19254387914657,76.6284441060168,49.896288968399375,30.985109522027848
189.9664737115991,76.3021613743616,49.80695221933449,31.005873141695037
189.91787209132838,74.71384360525444,49.699414667363065,31.189929935021077
188.68600540120883,75.39102506019425,51.00726628509753,32.37583854575607
188.4511541012629,77.8255139798851,52.17417609743756,33.559260341689296
188.1251719395727,76.33557889925845,51.96804692068061,32.91311531663281
189.70204874259244,73.8666347608798,52.09666602773012,32.4754580916811
190.1197140172835,74.89244512443807,51.76336561254905,31.941677869210892
190.3846633830155,73.94194330999403,51.54448275523251,31.79479798750935
191.09313779618256,74.00135760617755,51.37407554819919,31.534970599513763
190.16034031732218,73.13133665005047,51.46140383760024,31.4782245345493
190.10794390413358,74.21425505940763,51.735931037666155,31.198663007277844
189.5826026631231,74.03259072133238,52.14243411590518,30.899503044073654
190.85010987259693,74.29988319845063,51.85345074287126,31.135508872002667
189.3784602156971,73.62517747525504,52.09588836424236,31.065448577671205
191.05771274922694,73.11210953298728,51.78638069937382,31.17848463682449
190.9821218468647,73.96211830370595,52.26788620023481,31.093697417271287
190.6047968191516,73.58922001016286,52.16606942588419,30.990941300500054
194.12643370594594,72.92601850193056,51.5865293253912,31.12494135809472
193.09689610423717,72.46767490725027,51.401808418655534,31.345613189484112
194.66595963493756,73.4668465218525,50.6853994778297,31.396503873701274
193.6095747060839,71.34492979545217,50.71315737646113,31.884279348825533
194.04123649473482,73.8759544204509,50.03451038674092,31.578148601635725
194.3345114911604,72.37005726046647,50.18367173002562,31.86450027367063
195.61619667948173,73.25013161460983,49.58672534172521,31.913631245635976
196.94433320653184,74.36838667623228,49.467270553539926,31.84663172534212
195.47967948000868,72.90161944084785,49.716899089655094,32.16836457181288
197.23457114613785,75.22430851715461,49.32136450999077,31.65824270963514
195.79865757989026,74.09491872949548,49.78188406916748,31.719054517237975
194.3964026112257,75.98263197109954,49.12416308570492,31.10164805356109
196.53751671233505,74.68115544764935,49.35622140158316,31.711872271077613
195.73766605894775,74.8394118046231,49.760419831122356,31.832716595389638
197.3184268185978,75.58145169288389,50.27983011838658,31.979680491429704
197.5968137234873,75.7766707254946,50.41203474221663,31.99239340191246
196.1737711767927,75.40650623424685,50.62062837099089,32.21626589961336
199.18722805991888,75.12582431926282,50.47587193048322,32.31386696941905
198.12910225575504,76.28239576976205,50.09519818480699,32.52788685871906
198.4722150904523,75.37819698598129,49.68591813618768,32.64737024647863
199.66904107441272,76.76597939047453,49.55784539189967,32.847707279609466
199.97180714826217,76.28102020900292,49.896731853343034,33.00123053862127
200.74388257239082,77.73459584447943,50.036797265995794,32.65567876069497
200.8610215052692,77.28408895583689,50.53359808456898,32.47507947416777
197.42333598511482,76.92719514421594,50.72007342251574,32.30676150849672
199.3873803998637,76.28798995419434,51.6202640882572,32.45831222362292
196.10082479039218,77.31154135368206,51.24987002002983,31.72050662866512
201.91675481291236,77.62996963319159,51.94013827088794,31.988719957284157
202.21519913015453,76.36360878555519,52.091198759786145,32.02248378016623
203.48038722020112,77.9565967408328,52.289372536968386,32.02468712414287
204.25284703003095,78.18098129046686,52.470801555843266,32.36361969122987
206.1626404167672,79.16400153786863,52.397782031668854,32.38812113139338
205.29039127588274,79.64452777255248,52.30483076280911,31.98597629008507
205.50728482811968,80.0047826658408,53.007651662905225,32.23623120010646
