144.0,63.0,57.0,89.0
143.39342942847816,64.44587763077152,57.4153045115072,89.85692056166863
140.86652940154534,63.68187447168851,56.74681500314749,89.86084922594976
141.4834374243398,64.19317853319777,58.031092781945155,90.62903499865268
141.33396615438076,64.31454751494311,58.641775213630766,89.98626284593776
140.3071223736947,64.37214431770127,59.55067892051827,90.51473681911865
140.4846877964762,62.49057450923028,59.93093951296266,90.03647428686018
142.60339553781995,62.39413078572589,60.001475957460244,88.88738676019037
141.77808510666028,63.159918344551826,60.63509125699724,88.13734607590337
142.71734094133956,63.01822566806225,60.299959132850496,87.41575479867164
141.74387994799892,63.14328534993937,60.73124229125422,86.93391448073764
142.9465800054748,63.04892238975833,60.57308367334226,86.1402004062877
142.060947755683,64.21031047383799,60.65707979657542,85.7454333905408
143.54207449524773,63.5915311774166,60.52019043029997,84.91378717610209
141.34138196592235,63.8949093866666,60.542298736478806,84.95947798126542
143.2039000142953,63.995038547465626,60.075376023979736,84.64527174661671
142.13744233053177,64.22317106294632,59.86396561063828,83.96868245267868
143.1640920599772,63.595601661728594,59.74144107888668,83.73295197143798
141.92101668186137,65.38710577806992,59.50882824525935,83.21242538052475
143.85584922720005,64.74175602871216,59.4708043517866,82.89076785886213
141.7419619253974,66.01445998378796,59.26228439972782,82.67197766645349
143.1965332440417,64.42163125293365,59.383776642505126,82.4015277501561
142.60725061308938,65.66940710073881,59.33756182170712,82.13020896660939
143.88761766580737,64.62607631015459,59.163588666359644,81.93058252478284
142.42432366293525,65.94415987578826,59.14765486157225,82.02291409079638
143.7679034133194,64.89440738404674,58.999070533228306,81.90802760432396
141.88253172600642,66.08777204840214,59.15064657997339,82.0420325857633
144.15349717432525,64.58133911275698,59.21476331364576,82.08134098482462
142.24405243611855,64.98012466741316,59.24782229231749,82.20263966892733
143.93754874154178,64.30082888304045,59.12629136474438,82.18269143702884
144.60878079645263,60.48001738575523,59.12581784501814,82.18324168150772
143.5087754030123,64.53661140326477,58.63925393440434,82.43658978693053
143.1876611328128,65.41972559935259,58.421848254203226,82.23741352068569
144.05435615029378,64.21391198668198,58.433219447802614,82.14360504084196
143.96991965454006,60.75704027942953,58.431927675382624,82.14516993895893
144.03924617323725,65.09221420076568,58.268889081409625,82.7306623978003
142.35559036533317,64.3158722184637,58.05472877720433,82.50175351648753
144.57972823319147,64.01472122300576,58.100766281539,82.20340315840818
142.20981766399237,64.03302513881022,58.06305818028267,82.11321941244613
143.03945614037508,63.78625260410213,58.236071757722016,82.07111577828718
143.5325102650708,64.18511596881356,58.202337370597114,82.10553652792163
142.7134093299579,64.44615977298085,58.41652288435471,81.64082952135077
143.7193622475426,63.12977694072687,58.680225111929495,81.41841516075803
141.93973172500034,63.41133456329564,58.9747437825938,80.58521601135413
143.38666867468567,61.95889311364448,59.232117861433636,79.29643626722384
142.77519082859445,62.85520111871767,59.16019137530945,77.9219313727715
142.70186774559446,63.063271973662395,59.172979218212234,76.84732725767728
142.86973900263106,62.851223096112605,58.74974793365407,75.29651785297156
142.9777948881819,61.55507070701583,58.19901944187597,73.16458042077693
143.10875168636997,66.83836995368675,58.19737590460858,73.16594457391946
143.83438041031687,58.27885364057887,56.97026556789224,71.45668053875826
144.2561554607321,63.05175060745587,56.806860730733675,70.94616015694518
143.35999892367116,66.94245315249704,55.909862777328655,72.71374817751959
143.8239340969961,63.23277053988087,55.52071870087757,72.85695840778733
143.98986989781446,67.08775102105037,54.72333679049838,74.23444175086826
144.51888182629708,65.03961821754572,54.514382409660755,75.14213185166722
143.62245904295506,59.45627987615086,54.51405895473833,75.14214441092179
144.63562129654537,59.761333758299116,54.35575557811954,73.11630771996664
143.91144576536846,62.09297810293213,53.80425064529516,72.34652555764764
144.65313799156317,65.93323833820594,53.40727731141311,72.68804926892373
145.03780295784492,62.81328446795684,53.221941767429946,71.21020359908259
144.59736115282664,65.77297061719271,53.77486867118101,72.01200983225758
144.90113158677917,65.90875841402662,53.81823639263902,72.51720345941877
143.1681304258223,63.99825614897189,54.30064072070208,73.34678581316714
143.29444012481082,66.29275326426871,55.105522400377055,75.27602059029445
144.8951301874944,68.8713375938353,55.08054770484995,75.34900263077674
145.49216321884794,61.51509847250783,54.02167661430038,74.39660965761138
145.62467720352313,61.56796462544948,54.22514994456966,73.14036513325274
144.99820498939243,65.91553160860221,53.88111248978202,73.48622771846095
146.60580305553069,61.59922907832124,53.73965469406861,71.48105926522895
146.03234878911573,68.49107267719975,54.219499931057314,73.57642518331663
146.04087752568253,61.04030270751181,54.026545112976855,72.10106731080288
145.89875903763635,68.19911978814575,53.519880964591835,73.89608497448617
145.88954974554179,62.02100929245037,53.30618952528242,72.47233675048386
146.8424802446773,61.793566591290094,53.30536700300175,72.47288050279526
145.81659471140603,65.98325203731652,53.748931439791136,73.53644650802025
145.32235674699507,56.81137975529158,53.42891947646218,70.8293506942625
145.40560766605998,62.87614840904891,53.46246472898197,71.27989151174785
145.06496300235514,65.77217245061975,54.17320183731366,73.06718579387106
145.89171077114503,68.10091304643139,54.127286365461174,75.49932471562059
146.01442514439483,62.549142605665025,53.741862222824274,74.98413314476073
145.66994400797873,65.9660502588643,54.310312293274414,76.27503078239295
145.64535416935476,62.01163880886598,54.135870408399036,74.77296405684027
146.24383287913608,66.8310735228529,54.01537156217778,75.99473801570724
145.6756786973603,62.03158277126224,53.938735418130484,74.07910636733828
145.79386970693247,59.812280011781745,53.93739345271138,74.07975555313887
145.76739139323678,53.864192960645426,54.5712680941523,70.38427487788465
146.62583031218642,66.98483719173,53.87115072473599,72.16164791473895
145.64261909514164,55.5081959209778,54.68248091944565,68.9787152462824
147.0296047827209,69.35615332549308,53.79252868071597,71.12578749779871
146.91160287988347,60.45080460719957,53.743929248285056,69.21207201629491
146.22687921786064,60.4555697460559,53.85110743304082,68.88783985359728
145.80624662188322,66.04529220179441,54.09836525213958,69.83577626688833
145.70838622634272,59.497883008011044,53.922460649591464,67.97499963797557
144.67902036754444,65.00808831636999,53.59383775483756,69.39980233912877
145.79290247900713,69.33637348863051,53.65605704288329,71.98278544614581
146.11780594497054,62.355827031124136,53.22450680801512,70.70117206233044
145.58605060273837,65.93761895370983,53.87279577154557,71.36987743606164
145.1510931633511,60.57761815823102,53.85696333682064,69.53197764457298
145.33208347607172,68.39974866075144,53.816535882060435,69.64681373883633
145.90567251212596,68.62665744388028,54.13299778454602,71.67119327035697
145.66303647108774,65.59546231661074,54.75217044941287,72.55829007930892
145.7209916583286,61.28186120900815,54.828096283036224,70.45922543355216
144.7396743414825,64.001917558322,55.2879135243792,71.24537196649183
143.3845140334596,58.207282801891054,56.01315211012864,68.462650321822
143.7100891844663,66.02705585434677,55.99595031304001,69.86053784117814
141.67277826536144,72.39750658511721,55.98889614493259,69.867435299315
146.8924762161447,57.01423273949085,55.19203068465028,67.79825911361459
144.58931898605857,64.83364151002336,55.428571756913605,69.03245220792556
143.9893835190428,60.33997631615024,54.50720708189054,68.25398688796915
143.7615423533835,62.32595257314793,54.79387552556534,68.50266311237709
144.21204146548737,61.93062302492485,54.6356594768985,68.30581128925233
145.7485754847566,58.616951809326316,54.635312681264764,68.30572280461688
145.74003167595126,59.92992867418451,53.96579258040771,66.75094333885465
147.18683804015353,57.842095743000414,53.95328742074399,66.73782555559296
145.95014924791002,60.20327125075931,53.422033962750554,65.23616073735606
145.77005772758628,64.17283550813028,53.198273457579724,65.12686096178037
147.24552107967628,63.72099559679093,53.21464240006721,65.88570595310208
146.60500081487592,64.85625904221418,53.08221826425502,66.75202679670687
147.36724165982037,65.93072297608165,53.281723319246794,67.85081368689123
148.60888540728135,64.10146670968055,53.340473788192,68.66243219389081
148.2802519873724,68.58551555676334,52.533892990833415,71.01674031484977
146.68103626605551,62.549992098063555,51.90571863665322,70.99889715656573
145.7052422597552,60.269306988845685,51.593466450736955,70.28168146420435
144.05074470807565,61.66548576398269,51.68020489363463,69.4798428415045
143.0123823188599,65.63694407508787,53.02290526658673,70.79495615703829
142.4304945034433,69.2284063229474,53.60615377063082,72.75600691919276
142.66958492085035,68.42102558336717,54.286504959246614,74.41641483486568
139.48623061350943,69.27379729910429,54.467299534316645,75.80355543392429
156.4690552908772,74.03026188893105,54.271852816299834,78.16735431213209
161.4166545220888,74.11881504552082,53.94777747704556,79.89992979598016
163.01910559429484,73.69936306138818,53.88956045607712,80.3747786671423
165.36788698292693,73.82885123229705,53.74139991575142,81.34131602199508
167.61138161906302,74.27731668566456,54.19074763765034,83.3621299902143
170.56416381300664,72.68490130967103,54.67074233179436,84.49634686204388
171.0674546218301,73.25264259097678,54.938629136083506,85.01698829521334
170.66724573847472,72.55119293350577,55.13505134119454,85.82687617130875
171.69460802331713,72.28437538524234,56.65348789669283,86.2425401679225
172.0528629829067,72.87145298058459,57.67162513232169,86.41968962754471
168.86937356108294,72.31575414199384,58.156707956987326,87.48222619228063
169.83770026060827,72.18358576643575,59.120205572264624,87.57718752378007
169.979939674616,72.45630235990888,60.53093565137656,88.34353240537634
170.11214079535773,72.95432751152731,60.69145128661354,88.58606650136277
167.74976197369543,72.69793212472366,61.68639606944924,89.21402297051813
167.41314562746027,73.83160037629372,61.691525722654866,89.21497174188364
166.62464960755506,72.64427079203628,62.017802625937314,89.10597378874017
167.3501016306763,72.05350018253549,62.063466544248605,89.1583003633097
167.6162666536173,73.94392397400577,61.69043321958667,88.28306620276294
167.05712639510725,73.36346396440439,61.575547995639944,88.12982098739997
167.40166596341427,73.85739790212922,61.35501089842027,87.51340711242332
167.08156209584052,74.84812641263709,61.166706859027826,86.87590942292005
167.67438328909415,73.60948484089852,60.71856996806882,85.81101322031259
168.7596065445407,75.40948576789398,60.523413994056234,85.32691379018031
168.2963039395593,75.35082397415947,60.151101314424025,84.24690416098215
169.0046280631624,76.51062066781806,59.76454280320265,84.21189315014507
168.9678578605021,76.40855729755663,59.61961422952213,82.98820183074668
168.82949020380383,77.46688384589349,59.56192278224519,83.03206499612739
168.33581414930256,76.82816941212864,59.359004467358574,82.15593632467088
168.75017147123657,77.69804963544057,59.30578290887492,82.47943762540726
168.66589176156072,77.41308560504625,59.150846671974676,82.0811918246923
169.15413343048866,78.11987522560082,59.102958638607966,82.35782066101389
168.33820163800087,77.73853013735955,59.09121842185626,81.68117334550729
169.309473179556,77.4692236723471,58.77412356567471,82.07206635585064
169.25660732387723,77.2564743783839,58.72117090413032,81.81580171202273
168.74406207145563,78.2960131685851,58.736140778709235,81.97784303954879
168.57314211361532,76.83071462753794,58.5785831483369,81.66441465281682
168.86813430944423,77.56405807491684,58.46747361887317,82.09798331893396
168.76877682950754,76.9949059797584,58.55301114513658,81.90607944612523
168.65679114106584,77.90725240058023,58.590417659291845,82.45257071512306
169.15594836111325,76.62524443070578,58.43653306977538,81.98824011632826
169.16859487699654,77.73764735634698,58.40677568829934,82.24981555738898
168.77592083620766,77.11384595853188,58.616584478972044,82.09135288899941
168.2479627300295,77.16027327583602,58.735386273775404,82.71986769971508
167.5172031155938,76.2931700211031,58.91102076467844,82.51304454132662
169.02746373306766,76.19443136448514,58.13307970513047,83.24359212080932
169.8417374986773,77.84508950695596,57.83851285342322,83.99362452208595
168.50685667110696,78.10850336539977,58.23910684689702,83.37911172681582
167.84987172872124,76.40667713416823,58.49666522692297,82.78782033208591
167.85496399828094,78.10753141059072,58.383281913644645,82.93706087592064
168.4942272016068,76.70620272207697,58.387690649510006,82.6296203678163
168.5951197058094,78.41063843834476,58.53207940437995,82.58015445285884
168.26711853230714,77.76814926804258,58.80339629463167,82.40643309024665
167.34312260517208,78.78606134766763,58.698652009604295,82.22247148077835
167.9717933885401,77.96597342767399,58.91929642099479,82.2631818313781
168.47869278992937,79.35665508322683,58.97356409599183,82.24875506087608
167.66699639334607,78.31572187565732,59.263374011045656,81.9408259342518
167.7725931110566,79.78797896350662,59.260162027970395,81.94280919889134
166.42732287131093,80.52213756100556,59.242367584671214,81.5316851639505
167.6797835239047,77.96671333017088,59.17812702174752,82.42079814817237
169.176421795711,78.8267525907445,59.25351335998607,83.41210630762814
170.05579583055226,78.03086810040683,59.22639645008601,83.60219314986048
172.44376616616088,79.68998684229051,59.022416228087486,83.93717155125549
172.78226928011918,78.33020025007816,59.43281961568756,84.44303561969812
173.54858547947242,78.03617772204747,59.915225945695084,85.02427121622597
174.53800658923865,77.77346059655449,59.57296037868945,85.7982891416428
176.4620140293985,78.32488118637502,59.37635870065556,86.15708367081061
176.89694569210056,79.14915806163309,59.24440051994287,86.31732465715666
178.30931353950123,79.09279778842824,59.2548966061474,86.73760570704918
180.1277412527592,78.82635417009769,59.34058179662062,86.9997050787868
180.99342161793658,78.26405087084584,59.1521213901336,87.67777269251495
181.5785976332188,78.7160859276346,59.12415615365945,88.13831432381811
181.08995453159898,79.85576053655953,59.624322285249534,88.12971372123314
180.2090948707895,79.0011302587336,60.601517225707774,88.77347485195062
179.25278087469925,78.19218410750003,61.13082131003606,88.39691670447424
178.2275576603809,78.76993861401971,61.44775164160401,88.46056908269311
179.33957874126784,77.73180005284978,61.486675874254566,88.30212883595337
179.06510419571384,78.60419464529386,61.36574058168411,88.22391401000534
179.4455693053588,78.72837507471631,61.50436848932065,88.76221477606887
180.47026851494476,79.39537641041963,61.523740955616226,88.78623467527227
182.96229371591025,79.2688358684627,61.4983378048144,88.9268794124764
184.85611862998007,81.22673017823247,61.420185190038424,88.92716626100022
188.27687856654666,81.46154710368933,61.47063690504001,88.75274926847352
191.70734012040555,82.18569747791699,61.64157081102459,88.84180954582843
194.62453854921108,82.58866258121512,60.89192698991255,89.81702073956939
198.08075984225334,84.96142100858168,59.65702709029044,90.39247537378888
202.36055961653375,84.6096901349202,58.98678224754018,91.02332479079436
205.48836496766504,86.31271907461344,58.48079961229424,91.41209651841777
208.99848920416036,87.27221424707693,58.402050372549425,91.67830924889971
229.8060666670397,89.67025223190852,54.70552032472045,92.36170114804148
221.0795506530274,88.2926335706002,54.574096862632686,91.93646037464983
218.7772971776076,87.8613286806152,54.699412987056306,91.4207196583277
217.63776454523327,87.34182167470908,54.89077335487807,92.33149135627811
219.44871645773296,88.43024530252967,54.59127796760762,93.18493494269318
220.37269434039618,87.5787034607471,54.7994101730148,94.11624224810356
221.48183430062417,89.23525207297956,54.46285592146596,94.22772512083712
220.29791526144157,87.72451717172373,55.007970134322115,94.5085702571348
220.37819698111304,87.472375088215,55.421223650068754,93.75440010133732
222.34771356438608,84.62452248852023,55.464270943117384,93.24418984967706
223.46607036789078,81.72545209435447,55.27613440634425,92.73122061832476
224.12323113655845,80.89121964926997,55.191026225980664,92.12431157279428
223.58657748585904,79.6138341877209,55.48934249191804,92.13927612992563
224.01782042449432,80.62619806859519,55.49031727462822,91.41723589392626
224.6319269896728,80.14169918483333,55.196090569671064,91.66342023400172
224.96772422050998,80.88251016497665,54.92381674021598,91.48752086797622
225.79993488462603,81.26912381584273,54.198259285465674,91.08691528131288
223.3908988176112,81.3727963377728,54.10410617306587,90.8228274985204
221.56385671011992,81.41636053288182,53.44669699128938,90.42929994171831
205.37648908350616,81.33019564461225,53.25306524012238,90.49482476623204
198.7111650197388,79.11817002492359,53.04740221805998,90.69015963216579
196.6496844610531,79.3051056143674,53.28453531724285,90.49455187910516
193.865976298254,79.52979445403675,53.63433079323172,90.05964262565132
190.85213889977018,79.39916497624037,54.46356408476722,90.03714162965258
184.16968727517798,78.92642039423404,55.23236271206437,90.01952350578148
181.35657038830036,79.48837371502087,55.93369690772515,90.27047464752539
178.27384686917523,77.67514986566601,56.80920311193002,90.23088144886572
175.4092818669801,78.00297466673771,56.7085239274775,90.75880330458516
172.45230492140806,77.1177396656285,57.09282283891579,90.75859287925232
170.22691510708506,78.5295450533178,58.08875322439768,90.66177443938396
169.54789753500108,77.22273510905653,58.30722206626616,90.43371785428897
165.7691183960473,77.31334430078911,57.62139216820937,89.94869182478766
164.35948354232096,78.55415467806782,57.203697173055865,89.37660421327378
163.97080422097278,78.35781780373301,57.10106744342632,89.23354646751666
163.97577366256607,78.10287938022142,57.52788707845871,88.81119409367267
169.31560130606775,78.63863946728839,57.55281972785674,88.7580886553328
164.0497298209909,77.34226642138653,57.43205396235366,88.70971788960784
165.24547938692263,78.29599304834281,57.315731594024754,88.8316683222187
162.9038345083753,77.4659739198896,57.33024960734501,88.81924173156042
163.00778746640225,77.5530148855869,57.872391315402275,87.59619518052929
169.82162076920903,79.65385777232835,57.311422784129554,87.4438200912505
172.1244738863241,81.38850006294734,56.98828118994461,87.63279895491303
170.79918424115874,82.02950861441514,56.993711249318245,87.62339013215932
174.49463142057212,79.65354309104839,57.308355163349155,87.01272323654054
177.34445606932323,82.33868936325506,57.5714305515159,87.24790754835888
180.4769759932865,82.2667422009479,57.78654378739065,87.47449172449562
184.98401004007732,83.12381793443498,57.80943629561561,88.11691646182142
188.11460109843784,84.45146285754325,57.7851249445806,89.52563532837344
190.87360395437412,84.36035426792635,57.48983461051569,90.40781166650461
194.20352604551786,84.80506822411556,57.04377846075993,91.42177213513054
197.6043298734238,85.7319317404411,56.6230521144573,92.37028857362507
201.02564933387006,84.87322138928921,56.45846323476354,92.82843312427175
202.7474112023111,85.53762008470426,56.90625162022644,92.81899539359027
204.35979005862333,86.20487951879994,57.32749429288637,92.79534180841131
206.23199952456554,85.60974160623664,57.52774436925702,92.68908512182679
199.0554648859749,86.66843833206964,57.0853319646145,92.74573508713772
198.41658974927674,87.50973118769741,56.86240465240908,92.15223924633507
195.53099158668246,85.76314032159416,56.857579973874465,91.68644661712187
191.45343026639412,86.50975717314589,57.198713452006054,90.87953298047047
187.89878411074702,85.10419556786628,57.933832122095446,91.0869848786975
183.00750356164252,83.28395572994987,58.48259996163746,90.85977399132845
179.32010527079018,85.18252875376623,58.67618221076154,90.11510148877015
175.7907303862044,83.41681656728166,58.981589828291284,89.54455566596906
172.6879203018205,83.02123028565538,58.109685335041235,89.44101262205531
167.18285483282418,81.83066878922813,57.821638553917715,89.90421633676497
164.76177699386434,80.32390642356071,57.80121774715719,90.03142214605697
164.07777115998135,83.0701056267742,57.802555587751826,90.0307539527953
164.1891829903818,80.94603417114965,58.22441391709759,89.90437990008564
163.90168938722135,81.32578978850023,58.2336572002312,89.88789659087581
163.9444378037519,84.85230995805061,58.233628927627365,89.88795111566665
164.71725942152534,82.24662232212629,58.98080447679424,89.0031168614533
168.09761253115155,86.95944530325518,59.069473028659964,88.80365383681757
166.12176098651133,81.99327371271139,59.127128380818846,88.15555172829333
169.38223670317424,83.06502291327277,59.01994476212924,87.87238820037003
171.52828649223719,82.71768808180312,58.7380576054206,87.55067159278629
173.22241372278012,83.89004062694146,58.653307372926655,88.19399049886275
175.7761943356316,83.64721419204427,58.72294408042071,88.87601958804893
179.39797275279858,84.42823659181877,58.56916328521024,90.13272779257404
183.85292830730998,85.98708867613004,58.542122850320794,91.27773705626352
186.80366106030831,84.3981300197762,58.57528058574866,92.30573247489768
189.88290565746237,85.79797530811408,58.44409317977062,93.2060071367931
192.76301345818288,86.6873084275274,58.45652829701858,94.00345483725177
196.19455927130036,85.39310505328953,58.99302239466058,94.81496701633051
197.8266877653354,85.87472072593405,58.70190540788744,94.13592188525008
199.53303582871797,86.88250721256469,58.40582195392812,94.12647269319301
201.9531542136846,88.22907560995768,58.313722181217756,93.69189011860664
202.48272558427044,87.62647564153282,58.07979215710233,93.2967544574644
202.993804299809,87.85990248301643,57.83226950452483,92.6720345200483
203.48096269822764,86.44943086909129,57.914015882888975,92.102357039433
204.3147227551933,85.64473050767832,58.58995012991958,93.05585418445438
201.84318342412627,86.93601884738783,59.49599952569624,93.64217155754086
201.59922773457453,87.02133400274181,59.25062512007831,93.63051036602407
202.99771835411158,86.84912563134597,59.32748516670979,93.7217700295959
201.41477724633359,85.90698022901668,59.560535379625996,93.4918657258408
203.81012522940313,86.3376412747002,59.647646553837255,93.28600959497638
202.29623105320934,85.65920854067845,59.61646207068406,93.02429698665728
203.52971341986637,86.36554828498984,59.45842272761351,92.72715943300153
202.67268712703537,86.86366182465856,59.317619060605224,92.39799612634246
203.74554440566882,86.9602556502662,59.05464416646243,92.33095169221397
202.33153363068055,86.50930142092437,59.25750239971225,92.35393768843426
203.40818057936562,86.59560691640986,58.96151724772635,92.18045252910733
202.94842318289338,86.77647139364777,59.04059540326924,92.11279387807161
203.52757749259095,87.06304233561578,58.984791156470884,91.95157185616753
202.9897874819892,86.47055773113823,59.108800428391525,92.10572319879726
203.53086746591566,86.680595815386,59.03496722941375,91.90944552881301
203.05276640582633,86.3481220817778,59.1258507532293,92.1401402868791
203.740121149101,86.75964327510007,58.959788756227745,92.03176122697484
203.28688560992248,86.55640072588561,59.08952613812403,92.10573221817643
203.93270018723024,86.80232088946047,58.94329512346214,91.86970027425309
