561.0,311.0,22.0,51.0
559.9736296472421,309.9472662788762,22.081056428458112,50.99747634288997
555.765857682908,311.1374933507073,22.004721847605023,51.21259824712508
553.8248093442185,311.2508410826821,21.992763635305007,51.75172197510821
545.3572984662313,313.982833660359,21.96451711124986,51.90267269469342
539.738568668876,314.90775428802425,22.44972603457378,52.020515589104996
539.482972796038,315.94272327646775,22.457763025611214,52.02429329901615
537.4016903433225,317.14704004427597,22.458007794018318,52.023732235018315
536.0770810171691,317.1780968101807,22.45804817979988,52.02360300754758
558.5588578370356,335.5715681212136,22.11529837307466,51.96351280247397
557.5903068286069,333.053791804849,22.113720337174765,51.96400789049484
557.5468386205171,332.99133974221235,22.106501739793206,51.97126044890516
557.3915201895351,332.26822069560393,22.10604428789733,51.97685916548161
557.6186773157673,334.4287818029942,22.106851314195726,52.008251217668835
512.7636240590017,316.15820498874416,22.54622113339079,51.73841928098342
511.6876202588711,313.8673082003839,22.55696763288303,51.70171739337903
511.94731702696254,270.3489901693357,23.0954269609656,51.59403582852227
498.29310661640193,311.3095657858546,22.842309085797716,51.057459485621166
494.84805261356826,316.19603773041354,22.79708288583763,51.44463465320499
492.5071710272723,318.10104063354817,22.341175064624665,51.93702323704193
488.4822519863303,318.6313834617218,22.298651696313346,52.1977875757356
485.3369984506219,318.10316247570665,22.075244182616636,51.98733842590145
483.6194763719473,319.21490126952983,22.074876409881526,51.98767532571241
481.98399194416703,320.02615003129876,22.07473306184414,51.98789470586108
480.8483144850056,322.51111315715804,22.07472829808388,51.987886228343
479.38604200635416,320.2398534462961,22.074527934112904,51.98771632664162
478.3109862214219,319.14650552815243,22.074542372248306,51.98761263671429
476.4764240252886,317.4813712318358,22.074605342166866,51.987306955284495
476.0031102090388,316.5463221664932,22.07462526573543,51.9872569040543
476.09474514033644,318.42889226952514,22.0746283907444,51.98727845069128
476.09861528386824,321.6643791936315,22.07463383530276,51.98735820278993
476.229580802223,322.76312367753917,22.07461395238653,51.98739545148149
477.1427012975928,323.66774947630705,22.07459466612999,51.987413759036016
477.3932170360231,325.1014911616116,22.07456377244123,51.98739302346723
478.3448669519569,324.6866261336098,22.074481733084628,51.987438821963465
478.6345882611762,325.7095052763893,22.074444005183278,51.98734961523144
478.50476339224474,324.67735873522093,22.074386381586457,51.987320941205205
478.3383114034405,324.77741260050595,22.074321945365167,51.987306614093725
478.75778533969105,324.3767312987516,22.07415560848949,51.987274814621635
479.07707356742276,323.8233516448174,22.074019881213694,51.98724787142195
440.99009777099076,335.7765444008227,21.648941933062037,51.70014222086158
440.0975226823928,345.9322234362204,21.22193343029569,50.59959767240502
437.5176270393836,344.12491636538084,20.995371700414484,49.70142924038424
443.2129818605775,346.01375504750115,20.805318948895863,48.519643113402424
443.55051392876373,346.4365025702079,21.44944030789998,47.547008946695016
449.16452665952625,349.5430920810801,21.81450967211957,46.378214881310456
459.2271758480843,344.12755488494923,21.905655310506376,46.118022641492104
465.0556373541802,342.1225667287947,21.882084577977718,46.38106716249563
464.96378046086016,347.5172518925672,21.483164690473018,45.010671711354426
470.09208444033214,350.3031938268503,21.232365561790267,43.70489587882941
473.8282343409648,350.2282529680193,21.177292551906863,42.381787560480745
474.4825584518486,349.235741409825,21.01895711147308,41.69494473677542
478.6287665178078,348.51785973497175,20.933960375001575,41.57201610802727
482.85411410634845,345.05651685738826,21.20544842545931,41.06900739755706
487.73079246826825,343.52536681547076,20.859251506917534,40.332916377647464
490.37867630564693,342.9979690722761,20.62491905478589,39.527166228813485
495.0562149075924,343.7586969403976,20.52138012756736,38.95826495691066
498.57084760035696,344.1161263143261,20.586729247806076,38.52397015959231
499.8015844752618,344.9856661766337,20.573843154017467,38.48004748606354
504.52984807503185,345.6182620891884,19.77910203388413,38.75076090292031
507.919574806663,343.4874922391691,19.809205054844234,39.89278995232413
511.86033186444746,341.8182679444395,19.759211496678866,40.57299273985774
512.8737489608305,339.86746812672357,19.81028987295871,41.35776321841404
513.9032384083367,338.80866620782496,19.796780262004024,41.36941431649559
523.2684193516743,337.91664789924977,19.94435759957199,42.38291057700992
527.7782486808071,335.9758979135175,20.09331332881849,42.21530728843425
524.7327206210016,337.39865305916936,20.013395670658568,42.401925092757274
537.9444352080415,331.470972507669,20.413098057858207,42.57609379768677
534.5716912346769,334.5074516033761,20.880473116251,42.35870830677298
543.6785401842168,330.0668309175992,21.02062653553078,42.348526452924
540.9978985323417,332.3717135881986,21.32343672908199,42.01614730023235
550.218092421365,328.9815023887489,21.400001465683808,42.00655209430386
554.0065949141169,329.44714752096235,21.459341389847875,42.02084606745242
558.7157905122815,327.3511420228365,21.51479662906564,42.48581200450002
555.0189056021186,328.31664875372167,21.592980836140654,42.61916750597129
555.3221260663712,329.1800992926389,21.592783935249965,42.61684528555871
555.5511178197476,329.96349165953427,21.592668736326218,42.61863581479133
555.6185894440265,330.9899360780801,21.596558012187177,42.61709113396493
556.3721852307722,331.52305758247877,21.597363832303923,42.617707012840015
556.1443358671205,331.31930117608397,21.599771024229746,42.611299512509724
555.859595363176,332.4436772033085,21.599323862868328,42.611735404380326
556.4528324936962,332.7200831029476,21.59717029007565,42.61161023678155
556.489348264979,333.12181264730725,21.59700699037,42.618051014643186
556.1702259810901,333.54307996366856,21.604803872429144,42.60604595250019
555.663781384605,332.8626641230109,21.60542631029504,42.60762518096507
555.7908358574697,333.28639166883886,21.6091761773748,42.60393588454012
545.1540388630726,322.8647575279117,22.565642938385757,41.63429027174108
545.7745334556499,323.28119663874526,22.557815321872738,41.63100362235869
550.0551686954595,328.357355376979,22.54024029208261,41.9244306603565
550.5526552876037,328.3288706897198,22.544170859167753,41.921991791129315
547.5965534705856,324.65159745485164,22.931013908944895,41.46376407949966
548.4224314032335,324.97809132996935,22.93336740243645,41.45756623767338
544.7877653086217,318.4025392791291,23.75294678404301,40.53132639861911
545.2405768871859,320.2974469620559,23.76477757159769,40.520180151646656
541.7815459660951,318.50306687383556,24.57285596956543,39.67862912508439
541.6909829535788,321.2487787527248,24.56548404893172,39.68250566027474
533.2673599813112,320.4996447169121,24.413845792417128,39.72911548299877
531.6240809697032,322.9662857503932,24.419758683568364,39.725659198812416
531.6669720654045,321.9254264009877,24.334017192668412,39.82633336675482
534.5429989232395,320.4890313289654,24.28826468930928,39.87405312963493
533.1566132006857,323.3246767730972,24.285624290163152,39.87535726548015
531.4741594784151,323.80647094831306,24.2858400003904,39.87517786203947
531.256615566823,325.31363273046964,24.287266958744453,39.87408056840198
530.6661717084804,325.328919872428,24.288264519637526,39.87341994276139
530.6695672028135,325.6139774540851,24.289291507148196,39.87187116137858
530.6297339915054,325.64913291139305,24.289867736850326,39.871341244694605
529.9793230858887,324.31383153767854,24.289914616176098,39.87131115292075
529.0684585964428,323.89579135148483,24.2900299256723,39.87119432787081
528.7654682499908,320.86897065914275,24.28809956825682,39.872334510925434
528.4725257268207,319.55504484068626,24.288010696158985,39.872387113719746
528.7756147837104,320.46050586065985,24.286109179879492,39.87319951171504
528.3443315113326,319.0691096304354,24.28606049693567,39.87321442432773
527.3549813201819,318.1918052196641,24.286074308116017,39.87319089208756
527.5089669059939,320.3025119991109,24.284984772873038,39.874851769381785
527.5397939681837,319.02857867000944,24.246445562567967,39.935468099520634
526.4464990603338,320.6104194256873,24.247180704882165,39.93492569300807
526.5540886152208,321.4783769026399,24.247025470344706,39.934992203488804
526.5060245774483,320.00158248131805,24.247178824875217,39.93485189345318
525.3437199655192,319.2438925948601,24.24733779429316,39.93474769095864
524.6670677473677,317.7164140784696,24.247236874188978,39.93480717697134
524.7951371748164,318.12918926851705,24.247168692757104,39.934919111768345
525.5234933976707,318.86768130710004,24.247161221223116,39.93491989311517
525.7633334226624,319.1266825948912,24.24718495522875,39.934888296746635
525.7006572884313,319.7171341651992,24.247178820961935,39.934889663767606
525.7599386044436,319.29772828797593,24.249243942373845,39.9325529821447
529.8803359994637,318.1490850047043,24.219199732167652,39.96477483234879
528.199774153732,319.41070177245973,24.219892944581268,39.96445618331259
527.728647999894,319.11426911988434,24.219828481703843,39.964496254527006
528.3824796617859,318.63825120700426,24.219099991446704,39.9652702618782
527.0346313507988,318.9084801639017,24.2192394959587,39.965128870204786
526.8752702613833,319.8246476419334,24.2192227970163,39.96514345294453
526.7697974483143,319.5991657444259,24.219266596534137,39.96509418953558
526.3483449791593,318.2763910032346,24.2192880075654,39.965070771145925
525.2478488738396,318.9845274277196,24.21910905846035,39.96521146778449
525.6469711926375,318.537045233719,24.219470041725693,39.964742787510176
526.103889367383,317.7048118239996,24.219918696373806,39.964189141098224
526.3939119066348,316.91863233072183,24.219307059032285,39.96423374605433
525.7434345622582,317.02298378671674,24.219543559499463,39.963965415821114
525.0551165905991,315.1357816442048,24.219556110712603,39.963946816857515
524.5868886092883,314.41367811052226,24.21962036209922,39.96386706095
525.045827779678,313.3139769255125,24.21960044312227,39.963864714477744
525.62077454988,313.085742882768,24.21887801668608,39.961754749830256
525.4508355802789,314.08204092030354,24.221317312909903,39.9592399850313
525.82164290445,313.748010227625,24.22115786190189,39.95934966731683
525.7642675322768,313.0143698659848,24.221535302298463,39.9588689932355
516.8054764315035,293.4541456636908,25.10201194354222,38.49938804601691
519.913263415161,285.5274938534742,25.368301474914844,38.15625955280256
520.938758921955,285.6680040805229,25.366441377922484,38.15744050804507
521.101551950641,285.0113028562619,25.366358044006,38.157481192612856
521.503079203569,283.3593426816938,25.366147406882448,38.15766461662395
521.2250568216697,283.01616130146357,25.366821243823935,38.15692803950665
521.0252877425244,282.18085254413813,25.3672725393121,38.156721264835596
520.2114651798178,280.78288528936304,25.367354545790793,38.15674923065405
520.1018620718881,279.1078580363678,25.367270803172964,38.15681646819672
518.9860980740123,279.937868444954,25.37124876917013,38.15408265263413
522.491086328956,280.10320215314636,25.460787220525244,38.09085266448542
521.5524260166968,279.794407971028,25.481079599117706,38.07450688851666
521.5320895222758,280.1347048295172,25.48111509110094,38.07450409913917
513.3413290127704,275.11289662537104,25.304708024784453,38.3721316616063
512.7335891227322,275.19964367314236,25.29410977141371,38.385835877154115
512.634277470402,274.6773038910082,25.290386274316205,38.392120632653224
512.9559219460441,274.62111166547555,25.202742014022554,38.53375774883592
512.9032721229154,271.12315660353056,24.89253184029544,38.9664917176356
516.1729812450792,269.0402968237968,24.722853605275724,39.077245781039856
514.776655192003,271.0450868829191,24.719169775835642,39.083101358443386
513.7524190837191,272.0976520888401,24.713692159486957,39.092509139350454
513.2912830190991,272.4374787644388,24.712369337097527,39.09480701295698
512.5233762586139,273.7862482727813,24.706876004773353,39.10162418981455
512.1128183531788,272.63650389601924,24.693576737480527,39.127610831903716
511.9658660983589,273.49858556155306,24.658131759100357,39.184248916279486
511.9788790350202,272.9130552778512,24.65524045820914,39.18856560913335
511.3884626631857,272.5049936790149,24.631301921589518,39.21434438971076
510.995846065438,271.14216707271726,24.626986362392827,39.22222845634036
511.13252182638905,270.5092232086314,24.621634221317706,39.231134215632466
511.00400711161154,269.05608749941257,24.61257114184142,39.242049694204944
510.84650886801813,267.91101610362284,24.60704073112091,39.24817015454665
510.35299086350904,268.32282546486414,24.598383831375305,39.25897282831954
509.94511517981374,268.30486986128983,24.585720997029437,39.27513578172034
509.74056476228856,267.63392843827654,24.58279611219875,39.278553056343455
509.40261859169004,267.35034400283985,24.579504433830174,39.28174397044491
509.0811636832513,267.4360047453271,24.570044751501122,39.29277313590011
509.35761048403896,266.95183658093,24.563908192333805,39.299167924453144
509.0478199832546,267.01376924370663,24.55160855291891,39.31355725628758
509.3409023231183,265.71582188375754,24.544494175696943,39.31933070695973
508.77560477679066,265.85081068770415,24.534479288722814,39.33062661309889
508.89687366657404,264.14894228503067,24.529265225438877,39.33298335634251
509.36393667807044,261.5074968396896,24.52592545446785,39.33502765126043
509.0682187549366,268.70206668765996,23.949903362541235,40.54171696532956
509.67431724563255,265.15476512483804,23.94663496620186,40.54364583560228
509.75936444471444,266.5926435352681,23.374682119055844,41.25110210563881
510.3788523395826,260.0794292823405,23.32509555814031,41.258527697065226
509.8919049392626,268.6685139199297,23.11653613037912,41.87366286524623
510.373724267292,250.24625388860136,22.55793219521798,42.31166589909435
510.2030784632424,266.75182884742657,22.273174225127327,43.104169698484924
510.46133126761305,243.3605740624429,21.110304702373124,44.32429370937024
510.0955731401068,236.17850690041254,20.79988193722874,44.234781373579914
509.5180067379118,234.9767858599202,20.802187121112475,44.22397999486303
509.08242246254224,233.8925181175309,20.809319588630157,44.05272108228752
512.1282534275764,235.9788535905509,20.76666555117059,44.22526545683466
512.5962389292544,240.42301583107525,20.093137375039344,44.707682819963196
511.82638258115765,235.31482124425506,19.93851329926767,44.41035720325939
514.9155356210244,239.83875259388003,19.47754244368567,44.54427245811096
514.3060910325169,237.49349752445107,19.378823383434415,44.49459542884753
513.2015815179669,235.57224205597703,19.49012345844798,44.21842398130471
515.6404984307202,236.32895871188006,19.60079976477728,44.138955398807674
514.6929512869494,237.49854073849266,19.509090163044135,44.20924831389
507.4716392765973,241.30215610599805,19.583223964632317,43.82649153212629
506.2431694647578,231.16595547392706,20.79513974168498,42.247757542362045
505.75448243609424,232.39769188856775,21.83620195055052,40.8942644618065
507.61285130861324,233.56334550780772,22.48591928363748,40.24326175060931
510.6640801366393,231.3251846325868,22.907775077444988,39.81698893470591
510.5933542655335,233.50055500959223,22.86465951719122,39.695760395355705
510.8194255096377,234.07564919120452,22.855611044104144,39.69231723705669
511.6432896572647,234.13808691383184,22.83053504110178,39.68546298941907
512.2057152779452,234.90015335521878,22.743345590588568,39.693734767823805
527.4557777003621,220.16023114060766,24.03445953054477,38.00856111538098
522.9870507976942,234.7993853349357,23.46765994842936,38.212825282266934
523.3590303599526,233.89610173033643,23.39591032517903,38.25035357583132
513.062762157955,235.19752545193188,23.193585889330585,38.24982394269898
500.9234600665628,232.94926012760385,23.66389768319893,37.691824447617236
502.83914240229893,234.16785216348026,24.122442851356805,37.22064951587908
498.55265526342265,232.12697393642014,24.31658717305473,37.0451194213848
498.8337178018773,232.80703035628227,24.8163784474638,36.54101129662638
510.78759107069834,234.462801901577,24.816011060212357,35.917014697659866
510.79988333165034,236.46683999376864,24.825665863980753,35.91364632653948
536.7970422858267,231.2426139580478,23.59302474395794,37.327983560334715
542.4629396033555,230.91096250063052,22.69028723017739,38.781833607661305
543.8324636265419,229.11076452362943,22.680344179532028,38.79812836155976
541.9331017226424,229.17468032320292,22.632667249568527,38.855321888154734
543.4848444444231,228.8083769850874,22.60197791234569,38.89902064307152
540.4050786056125,228.5816359769777,22.532558612641495,39.0414346310793
541.10500326702,228.91322049549922,22.519174004830287,39.06858471492025
541.5491656002474,228.18956414562314,22.512211597763592,39.08902659176593
541.6861842824227,226.6369871787059,22.506528172469476,39.10449293976967
565.6057195766989,223.8572412786481,21.473487857354467,41.13660069714539
570.7677889456983,219.13894795931287,20.529350187471035,42.48989342102096
575.7953520022106,216.92691288125044,19.872045500838,43.225910207623706
577.4081068831549,216.34713374206024,19.333202704433987,43.806600096874476
579.3477756511228,217.99218766665015,19.263921139643884,45.10163438331478
581.0195958170166,218.6543249655998,19.278982990625884,46.44655662951641
582.0439601490813,219.0149120222859,18.999852095280097,47.706469604729165
581.8394087921803,220.06727729608502,18.808982978237317,48.845301755495136
582.1448019259841,216.76804539016996,18.634295167012368,49.530095027469336
582.8575096234736,216.54190352758985,18.02031678279849,50.954110415379795
582.7361403157352,214.70146275316517,17.664336814691428,51.24489863766053
582.6128154734137,214.25401271166407,17.64759992196673,51.26023270684973
582.5529532083976,214.83073314272903,17.643525753811947,51.26751302754297
582.4208304125208,215.09883090717713,17.631006922910583,51.28095070358377
582.269769532098,215.1560890589434,17.62289035219959,51.29182680723008
582.1027937539787,215.29672365690692,17.616346798880073,51.301617671565715
581.9915052888208,215.17607792434492,17.615235842004232,51.30318055180412
581.9265470299221,215.36156853655905,17.608337810236346,51.30862018289807
581.8458659111758,215.8492860253783,17.602536645886907,51.3129267785933
581.7874790852787,216.1503165965449,17.59719667495598,51.31751616755203
581.7812806496742,216.13442914853283,17.592051141111067,51.32258642065452
581.7797339636038,216.759666504615,17.587718220150684,51.32741330322434
577.6004721627123,217.55697806397197,17.570581879306815,51.280695510400015
577.8741551992414,219.91968886386877,17.570056831600944,51.24600734337618
578.6908682011807,220.92639249420432,17.568088752565306,51.24817716057067
579.3464857549874,221.66331146691624,17.56644934903046,51.2492418449991
575.2026627879872,218.81516157637532,17.562131705760493,51.130319362744785
575.6872324031699,220.58657979005446,17.562939694289895,51.11056948323805
576.0753678658211,221.73995567749043,17.637372366056244,50.977000672691055
576.3925502396753,222.10520756264586,17.633218852440564,50.965834604177715
577.2250578479252,222.2495161860177,17.62871036125211,50.969473593510386
578.055019620451,222.55733948647287,17.622643332084802,50.9754894901205
578.8833816938284,222.91909200970937,17.615685630490123,50.98277863500795
579.6315091386099,223.64895595519542,17.609547813986122,50.98911913106739
580.285914776909,224.30263558048966,17.60258983652898,50.99745290129951
580.5891839270439,225.57575596932708,17.59384225433775,51.004903510801256
580.870154707973,226.56058607926425,17.583981800572722,51.015881675745916
581.0804959338044,226.9532086306485,17.575278547365784,51.028128779074045
581.3996484076963,227.05132440964292,17.567190853743718,51.039778030988344
577.3577772881602,223.59799292487068,17.561650103314037,50.97943288667174
577.5687896185872,224.1651030529635,17.559681040480715,50.97837870523893
577.6274449518728,225.80712530913837,17.559732567672715,50.936664744036634
577.4268468700227,227.61423024264226,17.55903106253435,50.90416306985417
577.6266435836868,229.2361124518064,17.56273640062711,50.8380052341675
548.0968756888097,223.75208516259704,18.115073856640894,50.585639928858185
541.3244826119828,219.93182948012088,18.412297601847587,50.37181455522408
511.60213435994393,236.14640512335345,19.304545833220274,49.41586311311932
511.7765288768798,236.48981032691094,19.306545333036095,49.40986262107007
511.4238451268638,235.77561851622337,19.313794802043166,49.39488841716601
511.3900140373811,237.60305758674633,19.352080975254694,49.388942017834566
510.9849628376078,236.1615563857224,19.612125784793538,49.20773495867025
511.69281958155705,243.0165073197894,19.523302050236698,49.26471026491369
512.2928066304711,238.8818628884473,19.452565961861474,49.355472249240954
511.81611855827936,236.55534524732514,19.76106169223574,49.18360690434907
512.2641992372771,241.28795335144878,19.574398978115376,49.319770090633014
512.3775314822379,237.43427219440676,19.63254923338154,49.410039318474404
513.1379699581407,242.85271981173537,19.318019389463192,49.612844591934824
513.0661547285948,238.8290514409645,19.27455156895973,49.73177700226932
513.3748833099083,239.45917910782248,19.251550244536055,49.87730031502245
513.1376165743268,239.62515898132867,19.212798317215903,49.85342693347143
509.50670262530735,235.43935729498114,19.861937673842377,49.05816972572216
510.0239114497398,235.14099424996158,20.199347150526776,48.62845352640887
510.50077136254913,238.3714996673737,20.554510753481747,47.92184819008924
511.03251274345826,239.20997855642582,20.35990921724941,47.98449107040178
510.7325621728708,237.46170182117265,20.636191976208828,48.17145610859607
511.27040823569735,238.37958462391322,20.56135028962736,48.303003792757316
511.1220584073547,238.97757785348227,20.76245712715846,48.256549532525106
511.4572349243299,240.5114759957526,20.5367809990785,48.415126682051266
511.643619728812,241.2638076744858,20.627065808678115,48.30693184474936
512.2447220984305,253.91659141749702,20.455998416662414,48.132605203453465
513.6500691580708,265.1942593015206,20.483041857654122,47.421479106426794
513.9264775873206,266.3424156113449,20.472508951390566,47.39021522907245
513.9643107323493,245.27727709238698,20.095105323028676,48.452251147603576
510.14852729799503,236.10171900121748,20.1392140580398,47.849021626817596
510.0256692995615,237.8832096246026,19.85677824473762,48.19936878924228
510.6122968279964,237.86779916067366,19.596717188588798,48.43565481035524
510.05615077141874,235.78620457984485,19.85795564659661,48.059543530270886
513.9932507590407,238.55974238809728,19.484095656246375,48.70952706827656
513.538092384466,239.69089716752697,19.344957477951326,49.00872235026798
509.61690442563975,235.00510731320153,19.780272295597822,48.14517174886028
510.0233603662355,236.34573362364202,19.85443428887982,47.96599718431476
509.01295918309444,235.37639100281862,20.268533969805873,47.198631076321654
512.7707147061266,238.3915187617505,19.877713456425855,47.566212243638574
512.1059033784745,239.79160930089705,19.528908296292702,47.7074080898602
512.4843751096639,240.27747667689312,19.095277980743585,48.1868305501255
512.3463318930121,240.60585925798682,18.692958115886512,48.15774932548764
511.417625275075,237.24155847246894,18.62938469938649,48.15267780082032
511.24949638290764,237.76086465209306,18.556064398775565,48.01275781103312
511.5202725026837,239.10290666054564,18.313517578239313,48.19154114947461
511.90226175899755,236.98075426485713,18.33983466650276,47.9169317181344
511.69285585630826,238.5014309457771,18.292479349755695,47.752536488084644
511.80146816582953,250.62846786181257,17.96701405180666,47.195207574836914
512.0951075234874,238.49060949117532,17.686413870045143,47.50626557892876
511.70761895938017,239.54364704170905,17.619350578680944,47.54597795535463
511.41235434265536,239.85927318345807,17.419988390335682,47.78454370364443
511.4542748946149,251.68297584405155,17.277433537365496,47.05144693043111
511.4514382417897,241.23226918061735,17.094704652211497,47.0322975131589
511.38385717618274,238.5231888280147,17.121302361890773,47.023643185405184
511.57626074687437,239.2732832256097,17.042502456749823,47.150724254297536
511.834257944263,241.55800411263004,17.02079704293341,47.2382529812029
512.0676254615788,242.71958273675122,16.945857911746128,47.33920447662813
511.3639515631845,236.5452479807015,17.238965062172326,47.04203715858844
511.5917648308393,237.2090615564138,17.311266044753765,47.03006261603533
511.38269721947864,238.44263871659595,17.366213954395192,47.001175288239956
511.61037335017426,238.1001787337155,17.42648263988812,46.68339301782533
511.86298312862493,238.98505818313066,17.320056512123116,47.27488809581686
511.98845009990515,237.58493348695194,17.29027198434034,47.19120275192252
512.3526512844992,239.37363873410953,16.898379140928128,47.88878424674304
512.7221566094344,239.65170280548483,16.596456295136853,48.17002769174574
512.0846670962674,240.9722054128857,16.380601323744436,48.57546093252568
511.5126115572077,238.47171040011153,16.452627974983876,48.59180559140535
511.3194037623873,238.88960685635396,16.45379323465346,48.568547488032976
510.86716523342426,236.51866526709978,16.768439178764226,47.94770064029628
