123.0,87.0,132.0,176.0
118.84832822993644,83.46018037574333,132.67879272073014,174.79346018280899
119.18730280960952,85.54942570679131,132.94716934034517,174.0539188672554
121.14314138478792,83.48536264893525,132.47562623845027,172.49680662160887
122.4569550922663,84.32473417366778,132.29725619730334,170.2530982048266
122.86030526694853,83.71525005237392,132.32951083308063,167.61713628498453
123.55355777688135,83.42478139364391,132.22311438426755,167.22208461833657
124.39423562620316,84.98305764105434,133.27500620416336,165.4829883117176
126.62395047847741,85.45176961788869,133.749668067608,164.89846083980132
127.45978669493192,85.18466919090265,134.7917941576482,163.93507389374744
127.23440783153018,84.17908473856238,135.06851393620093,162.98868297443812
129.23331177124595,86.4314482679795,136.5028826467352,162.9054084378817
130.45388059428163,85.39254291230091,136.68690736371622,162.5391054178546
131.07012917859421,83.46427825294002,137.3811559674528,161.07942208246263
130.9743549206186,84.04129291603991,137.44822042120921,160.80206317643268
133.9436521157848,87.02593272946226,138.01085102553623,160.969839900296
135.74318567094994,83.90885166429642,137.99028299395655,160.61605656935447
134.0201710230753,78.83318621848335,139.1572750525385,157.6516819708683
134.39986059236196,83.33632840252423,139.1352327283687,158.3268322341342
135.02147380387518,78.67186435913709,140.17923989642196,155.7577367155618
136.64341142220553,85.97170746948623,140.2869300207842,155.66743465013695
134.1479278215838,84.46955257299298,141.70638476131904,156.0638874542166
133.32478252750025,89.69461916908209,141.58133605219155,156.30279158503643
132.06447709490504,86.95347696232776,141.59456261715,156.32364020371477
133.15518130619586,82.96310715670054,141.74180538437247,156.27401482473482
125.11464602402854,82.67789587747308,142.18049809531354,156.856463127844
124.59973601345396,85.28171110361913,142.0104583781128,159.71115433845472
129.59178543317614,85.36155847432408,142.0088958545864,159.70632578580938
131.25863590836155,80.80322789819807,142.01213042438766,159.690685607495
130.92450614314725,79.97219765624247,142.02410103298325,159.66815432123408
124.78849410515905,79.24924838279973,142.0279852697873,159.66271874927648
125.5286240930404,78.48889075882427,142.0404877404281,159.6253572579162
123.84306395351294,76.58229932372555,142.04118231834167,159.6227480443734
123.27599878831018,76.09359496440014,142.0602196559646,159.59109781069267
124.32917052281287,74.50365031513512,142.063267161004,159.58443267730743
127.49137520187361,72.78731160964566,142.0777812571672,159.56658671182151
127.82591034879735,74.20937637038334,142.07893384177584,159.5634424885029
127.86672754101699,72.6789428066258,142.09065643921008,159.5521302985436
130.88522986922305,76.8885130338668,142.09114310436163,159.55093665955232
132.70053076842777,75.18716481789203,142.11721545260446,159.52677299743144
135.25737732527284,80.07784802354325,142.1190342331404,159.5233215870445
136.52631439796693,82.67911891535802,142.1208608342885,159.51923895182196
135.56310686983744,81.43616655269682,142.17342685623802,159.47147039070637
139.27379177553524,86.96017171389603,142.1741451910522,159.46908670862777
139.71996400388966,90.19258955885829,142.17628805572014,159.46082069033412
141.13043989109235,95.70395950679973,142.17734703685372,159.4575462409234
140.63396622622076,94.61933670135217,142.1954616529929,159.44033636361357
143.0398451879488,99.02487947158569,142.1967206210163,159.4376280890767
145.28718018813095,96.94949823540878,142.21581690940934,159.4190690244127
148.41676798837156,102.45096205159233,142.2165337726122,159.41739547377168
149.34624797076071,105.01142944544115,142.21988314449618,159.4093566516502
150.72639989530455,109.03879862611711,142.22060901571487,159.40753100239544
152.00969999044935,110.83696052430437,142.2242085534374,159.39935389257488
150.83862646322825,112.80642182510348,142.22488322056574,159.3983916772529
152.0814785535655,113.66446002781733,142.22664609044367,159.39408628317776
150.32811040243053,115.40860970109264,142.22707121450614,159.39324063573906
150.18243941731131,118.20526856679238,142.22757965193438,159.39063735899046
148.24821075882826,119.56101841620092,142.22785597868136,159.38978428950688
148.73556823202944,119.50490451623219,142.2281468377714,159.38853602911348
147.43462468149477,118.67755062543135,142.22833124871627,159.38837222773023
146.78340781231572,117.47563132399982,142.22856228550577,159.38683844938296
145.55062674624972,117.10426261401078,142.22875233206645,159.3866632192527
146.29816781665207,116.5869720768092,142.22895999381302,159.38614609857987
147.19466446702035,117.49764221064595,142.229209862861,159.3856931581006
148.16989224656726,116.82410774121217,142.2297685840864,159.38523435458228
147.5076656814473,116.23389500601637,142.23005994636677,159.38498145735915
147.44724278381258,116.43424201849803,142.2306314064902,159.38412847276868
147.81462023700075,118.52542674722945,142.23097516010608,159.38338771937688
147.8371673010727,118.03101826860578,142.23131314134793,159.38311196899025
147.0742750195174,117.72340489964952,142.23155163054497,159.38272894184996
146.78610092464336,117.97977513812587,142.23246370502812,159.38163145739375
146.46256716140647,118.40845701247899,142.23262253103573,159.38132754507515
146.91176257263578,119.10554885914934,142.2330349426775,159.3808496966136
147.06342824507902,119.34918328520652,142.23339745856026,159.3798251653687
147.45444950428788,118.77692042279232,142.23362406035895,159.37820256618434
146.08978296673746,118.68891381735703,142.2339415466994,159.37783798886883
145.92872228292634,117.73230595595679,142.23472092289703,159.3775994174646
146.12950852132997,118.37808489894769,142.23508268237788,159.37729140273677
146.5901481887028,117.56053534375981,142.23555442957567,159.37688340633153
145.92071188152545,117.2119513406695,142.23567405892985,159.37641355650553
146.1048524933494,116.4699957371536,142.23583343353135,159.37597384381382
146.87069203569888,117.33443706943498,142.23616728828551,159.3757201722854
148.45628437807693,116.08759928247603,142.23617834899753,159.3750887050351
149.0795604055869,116.41653049169315,142.23662221988093,159.37480266876105
150.4751385687879,116.73074523753016,142.23739680740408,159.37332487157556
151.3254670607251,117.3732283724951,142.2377986881232,159.37293287189408
152.3542508220009,118.00622288432781,142.2387052294449,159.3711082960131
151.53911879295123,118.26763271256067,142.23902567830658,159.37084309673503
152.40808093697217,117.57452237764548,142.23930908813307,159.3701944552327
152.97426093873042,118.64376693484375,142.23974274954878,159.36967102000486
154.5384886439609,118.45811906533211,142.24036024367462,159.36850082069844
154.4035048245526,119.50668999936056,142.24064115377527,159.36808560860163
154.8798418876862,119.97874319084872,142.24102026351576,159.3662043838399
154.73918930051966,120.35233326287764,142.24135265905176,159.36581178784724
155.82077485063425,120.83323005817668,142.24171286222833,159.36464515704986
154.86385337193633,119.92786404297433,142.24221358215163,159.36398189994082
156.0881452033663,120.53964693356698,142.24256089806667,159.36273512567539
155.05871909752193,120.23835154350108,142.24290566728112,159.36233444405335
154.60954689770028,118.49471667215953,142.24317931430372,159.36164575549256
153.2837200468158,118.27491015352729,142.24328558412685,159.36147408711815
153.27517062181937,115.98083288749251,142.24371166269566,159.3608620443281
152.83841054374017,115.42518788945725,142.24395534676242,159.36064426699926
153.45466852183228,114.49432610316276,142.24417860070696,159.36018248058707
154.5680022352995,115.08938488189752,142.24469451575249,159.35943591291706
155.98114605102614,115.86098382031496,142.24499885283558,159.35861586563388
156.14367907455159,116.54508984402312,142.24526899386262,159.35819678219917
157.3735613485022,118.03415445725234,142.24572931282847,159.35685917599525
157.3504915402356,118.09360037504595,142.24597997645077,159.356575539468
158.1590491253935,117.78231682094236,142.24633888526702,159.35592810480944
157.96032889498514,118.64554602368668,142.24676955614007,159.35539133018017
157.96390348385492,117.71303081369224,142.24707057017025,159.3545682021191
158.23198713302594,116.49991185107906,142.24724720398,159.35428601816884
158.9944817488808,117.12837809714772,142.2473512893022,159.353436656868
157.33506589676983,118.30165562858765,142.2475198732543,159.35297381810923
157.86442806171522,120.32553692931538,142.24750146930504,159.35201373740574
156.67256236945718,121.46231929683042,142.24759184925873,159.35176681624895
154.55774075372875,121.45266704018424,142.24755358886375,159.35078966451417
153.99426323864023,121.01844666264563,142.24755918952877,159.35040701051088
154.97967427847428,119.82299061584465,142.2482943694203,159.34862200824188
155.76729048917161,117.55622034460823,142.2484614660386,159.34799955251523
156.75846781219445,117.6339819416625,142.24844655979248,159.34768530368106
158.32563277769344,115.00490465092095,142.24854751410942,159.34734073965635
160.83516357840057,112.68947050917208,142.24827234305408,159.34593868700296
163.0564771586768,110.92753042719643,142.24832792557407,159.34539119859525
164.17177050012324,109.76545521897329,142.2487132943017,159.3434410271967
165.35651379915046,110.89117434484432,142.24954105591218,159.34115162112724
168.05441816384536,109.61983224109629,142.24967406083638,159.33987716468286
170.0963871332661,108.2848103595974,142.25052253709495,159.33805045763364
172.42287384465328,106.05405208374857,142.25093332299977,159.3369434131399
173.6140039492957,107.09745592864972,142.25151899231605,159.3354092275948
173.80525782923502,108.08514501283375,142.25184113699368,159.3339872865293
176.12833602390367,106.96981994426878,142.25220250125747,159.33319687953082
180.12022596049374,106.64623075579343,142.2524347549999,159.331449057999
182.86096953838523,105.8736969754753,142.25269474963807,159.33067516317567
185.4564265830943,104.06912926811104,142.25290843731955,159.32943898824354
187.5029761442691,102.90833094489305,142.25312586999317,159.32857426802607
188.67895471858634,102.10798996486592,142.25333060566655,159.3271295105129
191.05430712132218,100.6420310702394,142.2535913954402,159.32553556575715
193.69706267312148,98.21653317778225,142.25305486688436,159.32446912532964
194.38681046000966,96.74901112313051,142.2530115216541,159.32270894004694
196.23653598183574,92.8577864829053,142.25287411859642,159.32210053083062
198.7482293660849,90.8345420998062,142.25275891076703,159.3218068034375
202.05120606229923,89.25983645778004,142.252710097501,159.3214645169332
203.2103709856695,88.47231137227158,142.2525419767584,159.3208575586624
206.87667760001818,86.96085716620138,142.25226183598218,159.3202736345296
210.11791503335797,87.24346146093366,142.2607366000399,159.3124591919843
212.4719469830561,87.3630639366156,142.27833493208894,159.2947743068817
215.86430310483422,82.85658336893889,142.27771034646113,159.2938356390735
216.3753798087854,77.42960685679513,142.2746721481383,159.29181828067058
218.74800563863585,77.92599692054516,142.2742444210851,159.2907501273145
220.9429985942266,71.20730812021571,142.2702548516089,159.28750921295875
223.68512473651006,65.54147694929539,142.26857750676976,159.2835249254659
221.53871280544607,70.00209491195481,142.2615103738721,159.28837256490536
218.5705162937621,72.27023750820872,142.25031304613532,159.29737784252083
214.4850202356979,80.04694427587442,142.242465478731,159.30315696466013
211.80646933120798,82.73748197824409,142.23442160442227,159.30896052720595
210.04456416323427,88.36765380099915,142.2238884593058,159.31659078153714
208.11044253761352,94.76040694810618,142.21979222347153,159.31968159425668
206.62309015240643,87.33815177902486,142.21935976015158,159.3184811780248
207.42377289121328,92.04626913692715,142.17578754215856,159.3571729530039
210.06268420332367,91.8215365955746,142.17447515658526,159.35579958909187
211.1096130452304,101.76577073497728,142.16438441002762,159.36415900804042
210.9187438279842,102.69683532770776,142.16297745257896,159.36165325473888
209.83349492620056,107.15857233320665,142.16072740572812,159.35876582973964
210.55927705971948,109.88716279448451,142.15950185996564,159.35653714717415
211.38798072260533,112.90285333416583,142.15829196289727,159.35237631698755
213.53585630854104,115.34764322523694,142.15689427613324,159.34855207378575
213.3353086893631,120.38579777846513,142.15562859835143,159.34526962443385
215.47296584359466,124.61729558979016,142.1553615921344,159.34424433106847
215.3997210260292,133.49249587622535,142.15504644749734,159.3423293233836
218.7944565136961,136.16435630740745,142.15492884283,159.34117495119278
218.43560921903148,139.33252853482674,142.1549201493262,159.34083379988206
221.1063008745063,142.09531064546104,142.15498133071665,159.33984290472424
224.98042405953885,145.54550668879352,142.15526964006435,159.3381310281728
226.9586831733692,147.82375078985376,142.1551496610762,159.33747139737193
228.1541752242283,146.29019153639365,142.15501514965945,159.336768163188
231.72703126409962,147.9245144292777,142.15468022903548,159.336183061624
231.9647873316855,151.24386123421732,142.15417389935615,159.3354584687736
231.8909887685113,152.66454482551558,142.15317552869237,159.33481360864104
234.50734197624178,154.9902557517982,142.1529930313833,159.33468503381633
237.51858643472775,160.33352914368376,142.15271328189183,159.33460160606325
238.7087596350588,159.51715595506667,142.15229785428264,159.3347013034192
242.0577310587786,159.72715029962976,142.15190434995228,159.33479530262463
243.2379646288495,157.52218327985315,142.151706279482,159.33488160581916
245.65618430800407,160.00317344870075,142.15157396997049,159.33484489452778
245.10738160166076,161.0702287717549,142.15115572962674,159.33485471274443
244.87418342666737,173.8081006213574,142.14916212147028,159.33713835728946
244.26411831713014,184.72816933476878,142.14620669868378,159.3411705471659
243.06394059003492,194.07352448983272,142.1427754936335,159.34484767295115
241.3129396249675,201.81271559504722,142.13769877615482,159.34955109484636
240.0628737976109,198.90662812041398,142.13066785991464,159.35755162089504
238.92685742040675,201.42550935861885,142.12133665024217,159.36672041126994
237.7036263160221,207.77347265021223,142.11581206930802,159.37292605311987
235.47202630336005,208.79486251726243,142.10535305608843,159.38257599507534
233.4296676670865,213.88313305505122,142.09042328350006,159.39739253210763
231.52259786498877,211.1312549970316,142.0793415875704,159.4094866226952
230.97260939721525,211.96461175372434,142.07115290135997,159.41885369383579
230.23661569709742,214.50050058032116,142.0596599673137,159.43265448226205
230.55270927605176,214.98647922650449,142.05587289676157,159.43807186278508
231.64401379344983,214.60976785931945,142.0556941292994,159.43803550120026
231.0095444412271,214.524876818755,142.0481284363526,159.44937934680783
232.58927742710188,210.93220793650875,142.04739917038304,159.44916165323147
232.96061759004573,210.1743331251138,142.0463172121864,159.44766741386928
255.4670694125897,274.3262652142646,141.35210863545785,156.7362638678919
248.67212186743086,275.73166209330043,141.34791707874183,156.73062872493256
236.19184119166374,278.37650755487516,141.31302173471946,156.70429210323567
231.257671582288,280.74217212715405,141.30934881510422,156.69941721664304
229.18587055063372,282.65334699770267,141.30772964504484,156.69980993770406
227.54227836556862,278.60704451512913,141.30623751485462,156.6994230739326
230.15260285924427,283.9993599584235,141.30585725385217,156.69967568648934
236.06781357822504,277.16421847485844,141.3057256565889,156.69938828008435
239.21281535675803,274.68771874870083,141.30589133856714,156.6973739804159
241.3187867385978,273.8823647402658,141.3101341446508,156.69624496782887
242.53066869868184,276.7071205617922,141.3127520508834,156.69164747501415
245.72125811286685,282.41201830118746,141.31665880524653,156.68968509558889
247.26564595875362,291.50966822548463,141.31820894583993,156.68294001078843
254.1381892107126,297.84366668243644,141.3162149788483,156.68050286556158
265.01236630759087,298.48169030711057,141.2153903871425,156.6647551796212
278.6975401775262,303.65042548045403,141.20076507464,156.66358949754607
284.3157740543644,313.15530567255945,140.907995250346,156.71813727983923
291.5102322355209,318.9801955564075,140.85692659768876,156.71020893731392
281.9217911200302,317.9655803162311,139.57266342766906,156.8301656740373
287.5950913674766,319.2341425290683,139.32257477359667,156.79589201931324
280.3411005386198,319.7842177563239,136.75622133304358,157.06795433240305
284.48788101668686,318.9084014133601,135.8972993539603,157.09367921574895
280.59522743570915,320.7408058065133,134.88305169108656,157.12485622350982
284.7080649648367,326.3298014706618,134.69746719374461,157.1234949153545
287.2263944228856,319.68473165566695,134.3957068448465,157.19802022649648
297.16470182175374,322.3160290146707,134.38402124632898,157.1899368648428
300.72715330949296,320.45148026397965,134.37369794843232,157.18502343139514
307.25028807472955,319.6815262099253,134.37469728545184,157.18152171513248
302.491171669361,312.5153700981253,134.38106638769287,157.17885106672327
297.53685837762544,318.9095276908505,134.3973322839081,157.15822081779626
266.4884954797474,326.4442507788367,134.3857740830821,156.9728278721095
254.26329229981252,331.6214422438648,134.39702104964135,156.88873054843756
259.31727343396125,328.87286516213965,134.46115121908807,156.582478473332
252.56445387819707,329.78327235446056,134.47776807567257,156.47802871080626
261.7221752847796,328.9603119172656,134.49232900091076,156.3020017721621
254.77964403236436,331.17629118211977,134.50674789001863,156.1232409124367
263.75858738615864,331.01988749761495,134.5040995247153,156.02274216438857
251.4454878367934,332.654615712127,134.52118111551115,155.88454660725165
259.6491129569956,330.3032943742454,134.5336829960783,155.78582533800747
253.64125311964486,333.4357041275515,134.54975362292834,155.5953657251942
259.1201414339466,330.99012807569034,134.57238852386578,155.49626294991864
247.58826988145879,334.2801491300578,134.63311038860712,155.20188301540858
249.2626358820243,331.11260307254736,134.67552600100146,155.0793483108189
240.89938553517095,333.83731978619596,134.74556879370718,154.6867543496166
246.81418573732867,331.3223419056111,134.75808379161344,154.63075639832294
245.53909282917905,332.16878139076306,134.85637222517647,154.27336276718378
246.30937191844362,331.7916716878617,134.8900771425031,154.16780531847144
247.33896170831446,331.64302929610744,134.9210424354268,153.95603860022905
251.23523111872362,330.26947967893716,134.94199972743192,153.88882919122858
247.91330638208183,330.69337708521994,135.02722636364888,153.65035293306443
249.91889653931602,329.0260540900679,135.0312967320113,153.62299488169668
248.9662909237554,329.16905318963825,135.07077088255852,153.5072996845558
247.31654166790756,328.34408088287176,135.0805874827857,153.46711692534714
236.45984850481238,329.9658215835599,135.04711139747698,152.98869571035704
236.88000047531887,329.4045643282614,135.0451741437619,152.93193363537503
226.40954573743454,330.76685026104525,134.7742649244622,152.30526573671105
233.0779139960635,328.8981027749161,134.7464092131735,152.1890615016634
220.86797000268137,332.59729733678114,134.1395142104358,151.2444740098608
225.62319782555772,332.65276251171264,134.0856864104472,151.06807777757732
214.69827961357151,332.31796053051835,133.4479473034138,149.95502232853548
222.48382662731296,333.79168693205725,133.3875096327424,149.58250210068348
208.37433036640087,335.0600193878745,132.30213508913693,147.36477422246395
213.11145824399307,333.00796929376475,132.4012769703661,146.70701594739606
208.73722282642387,335.8630543589414,132.3177117871329,144.57898578591485
211.84305568392048,336.19099982336945,132.51664768804545,143.92031414764298
210.07227279873106,336.27597138349734,132.80248211420127,142.80641471186985
203.6385459707774,337.62804582420847,132.79880578048463,142.66887521307692
199.54914905144193,337.4206320743219,132.70915078950466,141.96024647314982
193.04583015482442,338.0462301321859,132.69536564725382,141.879994571289
186.8238223531164,337.66233082071386,132.56284984045254,141.69911076682672
180.65789833482842,340.56442911582974,132.4810416422873,141.56274416698193
163.95776690202717,338.8953766909478,132.05843234602457,141.35397568567586
153.5491198298556,339.4592981820893,131.40877130543117,140.96666933354652
158.38010866412117,340.3212767135256,130.89818848095524,140.79899693673528
151.9829294483969,340.70421085353416,130.6596832954604,140.68005660948455
143.04341390212198,340.8812811793859,130.34146020710207,140.57965957650788
147.22617584152948,337.56045087096595,130.28529683243744,140.56285671525933
136.4566082410709,337.19066523649917,129.92936100369147,140.46823260875044
121.83614378096922,335.1845296890551,129.7955703041439,140.4209662929024
122.35613787901313,334.22509420171934,129.72836734250737,140.39707966106772
113.13830684885251,332.9905264450682,129.70038918981592,140.3900756289292
103.75931496032769,326.8799007612345,129.68236626825717,140.38970357588127
100.68625677410806,328.0337242479161,129.6574177870282,140.37805446056564
104.01508073028702,327.59725462056895,129.5923845253966,140.37181775424233
104.12567671279328,327.43390644543274,129.5526578881238,140.3656018680627
99.14600298900612,326.0085933086383,129.52352762878894,140.36181582437555
101.01713427904019,321.9681467437007,129.4760117814326,140.355162605679
98.88035348540612,320.1314807636096,129.45127596345782,140.34849259175525
96.74522100014484,316.19876725374564,129.43875313414517,140.34372231534064
95.94652594963843,315.5110967100538,129.43016033549216,140.33789479882728
91.21755491015028,315.8550607506152,129.40873992667548,140.32184618805272
73.74370537867773,316.3675205314254,129.16469323156394,140.37766755508227
74.04689516438988,315.45509062435684,129.07174514960727,140.4030403744761
74.20932509997283,309.1513219054848,129.01742047927564,140.37960399630214
71.60375239811292,305.43392857617334,128.9665228837279,140.38993739641066
76.90515969286766,306.6935737113205,128.9539344676193,140.39960115519966
69.61458606211048,302.27149618087475,128.54710946961217,140.4221848659935
64.50324210852378,297.2395574485199,128.52237706581144,140.4066698975367
70.26870746714249,298.0360621939196,128.51030144348368,140.4172325369406
71.19089904360332,295.1530170707991,128.46542292828022,140.46579730100385
72.54644227265312,288.61579373669446,128.46523796897517,140.46571432138592
77.50207283691338,290.0879725969623,128.35615808435114,140.33908392819706
76.13493118908097,289.01200173419176,128.355130587093,140.33673330869115
66.55490113506411,288.39416263719454,128.3038335784275,140.29063435920722
62.43410016465151,286.30373366651656,128.29469069961158,140.2805509667924
57.018624403275766,280.3505448180445,128.25741807838114,140.25915137339226
51.533944100413066,281.52276103049985,128.24438828035898,140.2514155732374
47.2403631150472,278.400010682111,128.21613181694764,140.23349091982595
45.69108894455911,275.153418760764,128.20482808234703,140.22709104135896
42.71894252694432,272.8066858999892,128.19086276556857,140.21634552786222
43.966318101750545,265.25440976875626,128.1667258108261,140.20764896525486
44.15769664988403,259.97736211724714,128.1667617238403,140.20833755288004
47.15323998332536,256.7074708830114,128.1670085416073,140.20791835738055
49.98943431158352,254.62278221697866,128.16712621748843,140.20773764119775
50.18379322542094,252.54836138990794,128.16772646856992,140.20670842284164
48.870043487744184,251.23514972209284,128.16912516534373,140.20287605931415
42.794644909644305,269.13166439794503,127.96874129127005,140.10037557723868
40.43000021843172,265.9822507228356,127.96968098802627,140.0962473000161
38.55885571278073,267.2801453663909,127.92691793824731,140.06773139127773
37.271779228624624,263.5050629374541,127.92874877635629,140.0670983098507
35.959309571540786,262.7545646757902,127.93241981812406,140.06092439441207
39.5669624895973,268.7222942549504,127.85455037193412,140.09506305255894
37.9436833633621,269.54228431097386,127.85491640753136,140.09257619326632
41.66083357761357,276.79906592826654,127.73456508715219,140.16568478790455
39.609366573759466,277.10734098397614,127.73538584794268,140.16248119357135
41.52713751949664,284.49055461290135,127.63504150056623,140.23561062975173
152.5496361850108,115.13405883492075,131.78631797324883,143.1476988654004
155.31489905032663,114.20622705637632,131.78634367618042,143.1464750819436
156.6243048193022,112.77662352601764,131.79375832498158,143.13913074343
158.2048167151818,113.79688108897967,131.79389404860325,143.13780090307418
158.08316102345745,112.31537073037046,131.79903947233612,143.1326934159469
159.8292515962478,111.19634694990395,131.79899480517952,143.13156255776676
161.10949784931904,110.98370902931654,131.79896191283703,143.13047180152756
161.6020360487111,111.78497466873442,131.7988999526821,143.1294005027028
161.75889710523484,111.8981844706938,131.7986566373088,143.12814677254997
161.793598107232,113.07379651102131,131.79849378777254,143.1257705579533
159.837765883766,115.51069495287835,131.79849994765615,143.12521557563693
159.16467073091434,116.64925713652521,131.79851756296796,143.12493356407137
158.08462456832348,117.96939360672623,131.79869396407744,143.124436138272
158.2885390637112,117.50603917804932,131.87597317003738,143.05899987452824
156.0518731868262,117.15729084997281,131.88886190394038,143.0475578724438
151.6340454931767,118.26086836184611,131.89323181455487,143.0436923575168
150.3688698416358,117.70281399477315,131.90142187229054,143.03645369004374
148.75443205513284,117.01748229780878,131.90526583099287,143.0331013950763
147.35631466073698,115.60101256073017,131.91821810139777,143.02151410150282
144.15184671100542,115.12234506734366,131.9231599174564,143.01721618088524
140.188087078176,113.48441823804102,131.93185641776486,143.0083224773537
137.67716998880377,112.56565191321185,131.9414425572637,142.99971247736144
135.37546454018664,110.45870482721764,131.95653319921843,142.98659115404956
133.28077638424713,108.29916776149014,131.9671647181592,142.97660473100018
129.54821386365745,104.84105217389663,131.97547547024558,142.9678371459638
125.38253892403553,101.86315683557069,131.98043603674526,142.96379133961398
125.31158040018299,99.86253623397829,131.99203623092708,142.9531230579355
127.33181185796842,98.51081779136632,131.99904102394387,142.94755267997584
129.23902821598077,96.04878710676144,132.0105563078734,142.93767268489728
126.6166035111135,93.7648141739045,132.02824860167166,142.92103097660603
126.07576123555931,91.60920932099106,132.03990663586566,142.90937901098516
125.48677742003922,89.28767547175632,132.0488861582709,142.90049110490142
129.52334298573874,90.61584770839575,132.0480807333538,142.8969803318026
132.6445765282125,87.89107729623404,132.04755653094412,142.8927381208477
139.25724854540522,85.62877928662778,132.04786995963244,142.8927140839079
142.83979093886938,84.0947607577462,132.04814610028586,142.89057883179555
146.6132671894659,84.0644694614814,132.04785592972027,142.89081026490157
149.6788497715707,84.65038159617741,132.04739040006268,142.89054926321737
153.6825360489861,89.05485545920796,132.0471637268847,142.8888706335308
157.12069140170573,91.16016739401636,132.04709565907973,142.88752963897502
155.79105868927627,87.7494314635657,132.0510468768616,142.88346143411096
152.7787111035929,84.03838393150073,132.05473641773517,142.87967511243767
151.35166351225516,81.53278432773867,132.06231189177726,142.87169402211023
155.8495531254374,88.64077980274755,132.0618739663771,142.87096167042012
155.36283633706444,85.32263971211319,132.06711419090064,142.8656669920697
160.501154103023,91.89092944863546,132.06704325706698,142.864781069135
165.41744063853247,96.73318125457988,132.06720047932197,142.86379872799813
166.8305337459284,94.79165230788934,132.07056858391184,142.8605155264085
168.53639365451488,92.27651070978455,132.07556748812863,142.85550609719084
168.7367848295729,90.72173389566937,132.08065906250638,142.85060044922184
169.56120552417946,89.49197370771842,132.09013249739758,142.84151721413133
171.1987002509714,89.6202131751293,132.09338348608972,142.8384130048898
174.5467652427622,92.41042831558356,132.09345959534258,142.8371887138189
177.0417102224324,94.58406732040189,132.09295810188348,142.83661757140027
178.7742354153457,93.86541414884442,132.1016957390519,142.82871774920147
181.4071164404864,96.89612631974184,132.10152483333232,142.82815737911685
184.6655518297659,98.5551637239957,132.1012398816471,142.82691606670286
186.3378590760483,101.50400909031252,132.1010308017562,142.8261388625116
188.25623423921684,103.9866755296497,132.10080925349527,142.82469224482358
189.106539191659,102.7597739228541,132.13294499604135,142.79744449024463
190.54940322926416,102.57870105613469,132.13291857717266,142.79507021035107
192.92579982268467,104.71348600197516,132.13298402909507,142.79369880881296
194.37951522822368,106.28795207625411,132.13393468011415,142.79047045282707
196.6079812637587,109.56378831964585,132.13377064493287,142.78926164249623
198.1407706694157,110.97476639944884,132.13463527691715,142.78626710322106
200.154694917337,113.46000220533107,132.1346488530655,142.78528649640046
202.38023724074054,112.29458516910499,132.16597892870107,142.76006459389228
205.2676621047354,114.45349429961557,132.16601914669522,142.75893487046878
205.5582357771109,112.90734250795622,132.17546919307281,142.75039645473353
208.58877644127978,114.70446931041084,132.17556559529532,142.74917807092413
209.68121223861152,113.37957536448141,132.1872927688661,142.73825920428385
212.03114894234952,117.10843271320167,132.1874959414377,142.7361571662977
212.2527067193963,119.25483076952482,132.18760517505626,142.73160863894802
212.40713430504576,121.32363354756308,132.18761775630932,142.73069989836222
212.3225728190884,122.83704788772229,132.1878111364491,142.7268876708331
212.8565617241536,124.64943819927691,132.1877900123386,142.7258605953923
212.66719536452715,126.66372998150425,132.18846125822193,142.72150083541152
211.96310080500263,128.1074215298078,132.18846966361738,142.72071322639903
210.88031686920388,129.19317154366956,132.18945218327093,142.71804430867613
211.57258448652618,130.27656570195856,132.18950185234337,142.71756201092745
211.4245297014081,130.47769129038758,132.1903847592285,142.7150454205467
211.114918872306,130.8965844909407,132.19058398844328,142.71417677742843
210.1425755548944,132.81931931301233,132.19115581899857,142.71188659762535
210.37553606107303,135.29897687605725,132.19141331325412,142.71099794706043
209.27333577265736,133.85835579947184,132.19773883400939,142.70539856466303
208.92727082848995,135.55103533100572,132.197916672612,142.7045247463462
208.34398452441587,136.90526287574676,132.19895085054623,142.70183466579059
208.03884097716605,134.47530523108446,132.21310995813792,142.6899719437931
206.53593568068658,132.83057594546614,132.21669300631228,142.68671687290944
206.78326236583257,129.78701351732093,132.22988032901733,142.67510591987366
206.660656513223,128.50227205170415,132.2354322182098,142.67005133546698
204.95658841206307,127.20942022053384,132.24191060078167,142.66436200388057
204.50297492014738,124.96551134533038,132.24538621132203,142.66116241267372
205.19317067806912,122.96605901205976,132.2562064436017,142.6521368004369
202.7579964737791,121.01751889576886,132.25817382877486,142.6502659793993
200.00245314575784,119.87257845446132,132.26766069615152,142.64180320356712
200.6616143023969,118.13307379070659,132.27596706787097,142.63470732744804
198.91288779157657,116.52674510163445,132.27840232255915,142.63243393281095
197.8121946760504,114.73044860095831,132.28659321059388,142.62539681674684
198.89468193278202,117.99933370386421,132.2865235299706,142.6244422542456
197.94700534696125,116.17844171080876,132.29574708392116,142.6164335691529
199.80339488944458,118.55812447814957,132.29573893782774,142.61550614482283
199.03105835685895,116.42159740898227,132.3036497654502,142.60849522349557
199.13464498168975,114.70924786300681,132.30751370455695,142.6047752022873
196.4665058274954,113.18550172688423,132.3142336404481,142.59839202821288
198.35134775516588,116.2850550165466,132.31424649760106,142.59782995114645
196.62956977698832,114.87883796627206,132.3218214187236,142.5910401709277
195.64491486751166,113.7884513289838,132.3241412436279,142.58869319480232
196.10980894495378,114.87069739463344,132.32394134701005,142.5868652385366
198.1520467958267,116.4698737405268,132.3239754948126,142.58637445661623
198.65821334545984,117.52634184250701,132.32407461314423,142.5831816093605
200.35736016754248,119.67169425451671,132.32409711392225,142.5822740914019
198.90793406289043,118.7125181382586,132.3324359031213,142.5742496235168
197.74027077493372,116.42312788639899,132.33507843896518,142.57162734861055
198.5068641023127,118.34620817013379,132.3350263638657,142.5703113608376
197.1031836521101,116.04253609270444,132.3364990883066,142.56887322428395
198.11680911988725,117.47709735558477,132.3364426527218,142.5665145287082
190.97003209472157,116.31953517389309,132.3387417057997,142.5646437482012
192.71056467551716,116.08618949214167,134.10201982500075,148.1375915966894
192.03620027191528,113.22302966781665,135.03732634569405,151.9274464588099
192.92454449027625,111.22094277954037,135.3013376293548,154.4098945807604
192.89951133358525,111.00205145556431,136.7858633905975,153.33882140901036
191.39329594815953,111.40351314787966,137.6741379248004,158.04305010491555
193.783337632002,111.14317332953539,137.75398078087034,160.0751178050349
192.38836158323429,110.32299796261941,137.32548996153565,163.19661249028286
195.21174180671616,111.18967435386548,137.39602802226233,163.65435958991657
192.7649740515354,109.1504688276917,137.53576552465876,163.33331652544285
193.50646935207877,108.92405387087092,137.08201243234583,164.84366408682763
193.13903450851606,108.29257801443103,136.2361885169093,166.16481947083497
190.95717258171214,112.23100753979712,135.40889140494093,169.91746462389918
193.1336027457226,110.85458158536929,135.24763807536365,171.3758161818027
197.98221936304517,106.12631934979937,135.2518609106648,171.36868994951234
198.4222596863143,105.56765709470956,135.2605570433013,171.34560046013448
195.03708096371403,108.48358694395039,135.24982899732146,171.3511698082837
200.53507773033755,107.55702011846878,135.25770833547332,171.34429903419806
200.89121983353738,105.25868732281516,135.2648245349575,171.33588926616082
205.47851794918643,103.4584630679388,135.26508258222384,171.33541638347276
206.31181992218214,105.30149819339752,135.266345939127,171.33222963360816
204.7841011393843,102.51066224030185,135.2658464529496,171.33270809268646
207.13720673632403,103.78792079625265,135.26665649548983,171.33036125742672
207.26257947945402,105.08683882166977,135.26572697988914,171.33101472952643
211.42863798175006,104.93148307793432,135.26774407716474,171.3281722578661
210.9373178424495,108.87787070551295,135.267494643909,171.32834896804087
214.6123977191789,110.12329578221158,135.2691095829856,171.32512584406254
217.3433611338493,111.74604808021526,135.26917501743873,171.32499902706215
221.31868823692855,113.01083775137641,135.27007224865812,171.32355069288803
224.21816108959777,114.18899973571334,135.27014492634584,171.32339833218538
227.88823750757416,114.78759261520003,135.27070416085814,171.3224800588306
230.5492924234439,114.67601762450892,135.27107548451423,171.3219693178379
233.38800608491778,116.02862983058301,135.27173873392363,171.32101169226502
234.79849253561582,113.67068411947155,135.27197168694343,171.32064744966252
240.15198532351818,112.99971199748184,135.27213847777688,171.3203468301318
241.50196365896215,111.28217679066191,135.27249370607413,171.31978382282745
241.20937980686884,109.99765303649164,135.2729728063827,171.3191256064518
243.27410713919357,110.78726616390574,135.273379019724,171.31840224507147
246.1914260794408,112.88243520095624,135.27416317826152,171.31696321119264
245.53062724415685,111.93771470979297,135.27722933561532,171.31191430914265
246.70131230688486,112.92444773652556,135.2798595496673,171.3079589301541
246.35306456514957,111.99390012891304,135.28539701006662,171.30014466719157
248.0371677021417,111.90649873478556,135.2924479897292,171.2907096176551
249.82816936464016,110.76882654757011,135.29851624943382,171.2824024017387
251.4894543255353,112.17218117456368,135.303641697364,171.27424327668834
252.88649622450467,112.06392408149122,135.31449526209616,171.26028014466556
253.44229413633184,111.33080025982292,135.32508884102205,171.24351999934402
253.51803812342237,111.91656975773182,135.33387699668282,171.22792034411765
254.46031745180224,112.73692439364424,135.34029858360594,171.21489173158693
255.4974975261445,113.48530314438317,135.34868255647294,171.1987523493489
256.9947535820118,113.62833748127038,135.36056030107684,171.17620433359068
257.65241346438444,114.41902561078929,135.3689954429859,171.1614722662948
258.4955198984434,115.17481840478247,135.38165573713763,171.1368598447742
258.6235182921223,115.65331533566159,135.3892556633227,171.12310304928488
258.6105878809573,114.69002282279018,135.40001998886206,171.10499117179893
259.95902670652686,115.4214742305099,135.40976207725538,171.0876918462353
261.30027876726655,115.19164773204056,135.41647170852264,171.07409245731924
262.9724505472541,116.24452461207815,135.4263032393373,171.05556055812968
262.8825406843272,116.23030804101104,135.43772832510305,171.0350360208432
262.9617669248134,116.05072639283435,135.4474348819591,171.01853278825638
264.43810901933205,115.06976349746827,135.45743055589793,171.002352795526
264.89374940732245,115.68625311366188,135.46482108986504,170.98727431616004
267.0154343497339,114.33631471891415,135.47291271093206,170.97282090927487
269.5598469498321,115.04476278863771,135.48216766896925,170.95923125405017
271.36671252440715,116.3610919945479,135.48621339054668,170.94994372807878
273.0354313625599,117.94657709649657,135.49763907750716,170.93201011857232
273.7746641419749,119.51918696890459,135.50856413032574,170.9162132768172
273.7983368673582,119.14716639011498,135.52284127683632,170.89594139223257
274.77444578416146,118.32892533722548,135.53980974922962,170.8738273399839
276.0516638446907,119.03553947399108,135.55213893655113,170.85785556002114
279.2526813918914,117.99521171569023,135.57009009016622,170.83889502590262
281.94835673983397,117.40167013534774,135.5798600569702,170.82781718061378
279.43242236078686,115.86843606447928,135.6149236240244,170.79840171448632
283.5022868011885,115.20825502944764,135.62251739794524,170.7896096507529
286.05047010213906,113.58904150752595,135.63351211272504,170.77573714740086
290.06826916191153,113.19063539995042,135.64736009913707,170.75801332749103
292.9961830744132,112.67951032501692,135.66856836879933,170.73371439555567
296.59741307662733,112.6034478425962,135.68739847591283,170.7112769359758
298.2853337681656,112.18295380291767,135.71330360429567,170.6825996906449
300.31481544744076,112.31775383400225,135.72977111580144,170.66245040147646
303.2360672738514,112.0788174433236,135.7521871254557,170.63748916078862
304.6263970799127,112.07493829958055,135.76397961027223,170.62186144482516
306.672892078031,111.77120758285845,135.78841553261475,170.5943392790834
308.5799354317644,111.24113830181571,135.80005557266074,170.57993031194832
309.4282767248865,111.2370727474987,135.82370596657262,170.5536588750408
309.62581836253037,110.97561723922574,135.8535398527495,170.5231062537579
309.91067688067744,111.35612289095894,135.89372293337576,170.48498353919683
310.6783271681852,112.7492655955986,135.93732174190512,170.44358357455863
309.816912079124,111.62585863239987,136.0091064784001,170.38001966472868
312.61271995626834,110.90990254599703,136.02800298073373,170.359505761599
316.3965232378527,107.98376497561594,136.0398980464407,170.34763037822177
317.0764731146377,106.65728060404386,136.09320570463683,170.29916760853328
320.4684924461773,105.09760300184162,136.1042648694689,170.28708098134902
320.65031576030515,104.11524549840215,136.1624959532246,170.23376963629926
324.0903930593233,103.80087164593958,136.1720508278446,170.21966133937045
325.4891482565626,101.91172019748882,136.19209752984725,170.19801912022888
326.8929823955091,103.32976075102277,136.20230392198295,170.18316651734187
327.70050785496727,102.87066768524195,136.21410706514703,170.16631670491853
328.9168457257348,104.83069302706436,136.2246383491399,170.14880241348564
328.53393658145404,106.40336328502667,136.23670410808026,170.12861114759153
328.8264422272153,106.61177438488731,136.24549652034273,170.11425980477523
328.7600949334007,107.5221977424586,136.25505576477792,170.0977234114405
329.47782968528185,108.87134626672699,136.2620344002063,170.0839253882486
328.30620709347136,109.96675968197167,136.26961507310037,170.07081695871443
327.45328845575546,110.8147511702289,136.27542643243262,170.06104926368647
328.3163302337754,112.29784989130002,136.28169561000487,170.05002436030156
329.1119325725173,112.43660324069471,136.28674349313658,170.04155341810016
329.5040969706573,112.548750860918,136.29314362351505,170.03170549716117
329.38755325632644,112.45076125948908,136.29788163472884,170.02466022325243
329.01835231236635,113.81290357643347,136.30214849094887,170.01740444564112
329.1226026825681,115.21568547962227,136.30730946593366,170.00896097198142
329.88339573989504,115.59761827657724,136.3100997436443,170.0021448790137
330.2075608031695,113.481598485753,136.31272374440707,169.99733276846248
333.5248406103221,115.78133134517161,136.3136779126031,169.99412568991457
337.57305560554244,118.7693918680722,136.31603332255304,169.988296735483
341.0472195775774,119.2799076582614,136.3164658879741,169.985444929389
342.6695577975238,117.51242424258155,136.31672758322833,169.9838168930424
344.4458843453074,118.68097601307758,136.31706897733105,169.97955188735915
344.3540701720975,118.09803984422338,136.317908951711,169.97639677736706
343.90042953834404,117.68781540845724,136.31888621740976,169.97206280054118
344.51457362643305,120.53513737793604,136.3195361439539,169.96853424091708
346.98370197843917,116.25977987064657,136.31784436227443,169.96614008648967
350.28620216392886,110.85774279457236,136.31758127309433,169.96543518590371
352.32020084578494,103.35655977810926,136.31749171959333,169.96565068324642
356.5921442901356,95.25831088781442,136.31698079982516,169.96613596688786
359.0212551351284,90.3023458723999,136.31651334033876,169.96611111795616
360.9537052061627,83.52394658028025,136.31592131709039,169.96623951329164
362.3265743267018,87.81814215102926,136.30430559073696,169.97919915609538
360.9548255923159,94.84447750063504,136.30432666867011,169.97853327103178
359.07522291253713,106.02259859568471,136.30348936083877,169.97649335144024
357.3130758795342,119.22802719195322,136.30337198694897,169.97604417892276
358.41616772350756,137.57564046824695,136.30249292165246,169.97662985167713
361.2062597976584,156.95077807924486,136.30251039917465,169.9760227510192
368.8065949967036,164.7453643349112,136.30151460740748,169.96757686322167
368.39238986477505,179.39935740392278,136.2903529780494,169.96940517832348
367.14930244586236,182.3147265098757,136.28966611009477,169.96241650865397
367.62584600091094,190.75656270069624,136.28967193269878,169.96227760479607
365.6610700435722,197.11214130226358,136.28631030558248,169.96311361912967
355.87127166429883,201.45539897899283,136.2817109734309,169.96337251951635
353.56767225776684,206.68897939783744,136.27804610088694,169.9645096402012
351.2971234809581,211.24666323587275,136.2759469763429,169.96501625459692
348.92598470109425,216.93856397590952,136.27363854516477,169.96629415837347
347.1299126268285,224.47872077710713,136.27258081800954,169.96714396235026
345.80427100109006,228.56085378587485,136.27244204571332,169.96675066362587
342.6815510070486,233.42029900100061,136.27227704188343,169.96644143302035
340.1306619214001,239.14722007151946,136.27212316438283,169.96618396300317
335.56492860421474,245.4286196946785,136.27217729265,169.96612694996142
330.6447646512952,237.01617676491543,136.27155518628203,169.9628115155423
329.3329505267235,243.53545148477042,136.27228008841013,169.96510413210675
331.05087938064196,248.06020876403193,136.27138036168276,169.96610188742648
326.95434002852585,256.28645579620695,136.27282488775336,169.96886523884788
322.91557984935537,250.09872797930578,136.26620923687796,169.97423420272838
322.6485076537955,285.5285196488135,136.5591933395447,169.9437524262129
329.09220836490044,272.301566264673,136.55907333518138,169.9449347377068
329.6323980829579,287.63445311336875,136.6102144087864,169.9649787588212
330.8819348561168,277.90586098527297,136.60749520397556,169.96587181628234
325.8477222276393,261.4520952555938,136.60962483715124,169.9661233073789
321.54733769851856,271.5144880714527,136.6121454136422,169.97056245288275
318.934875315043,268.1075203574645,136.61266536873433,169.97061362258893
308.3945382479003,255.0038263352069,136.61227718612514,169.95991542442832
304.909896146762,265.32570634677927,136.61379414978484,169.95923134427673
304.43173392227243,251.97351135796916,136.60912065965402,169.9412168419165
301.8703260102384,265.5305998316656,136.61068871532,169.94033449596404
302.2033610875702,262.13335688715125,136.61230782447703,169.93767024995248
295.7418099040957,272.0667178672209,136.61756255806426,169.93786303895865
300.439986509429,265.0987876940894,136.62224370256126,169.93591344106878
292.33426272795833,269.71655502799535,136.62923875085417,169.93446004156752
287.4263453425077,265.8188807170955,136.66210595431158,169.91466936969655
287.35722909189485,269.2331190458032,136.6642574305329,169.91168986270225
283.586545007521,265.0309378422843,136.66892153586502,169.90398962478156
285.41864998596066,266.12230758814286,136.6721360193696,169.89811404183214
281.968677870533,266.97033704776237,136.68836605115882,169.87368598196818
283.73223075190873,273.1233597572134,136.69384376352025,169.8653462133957
276.7365760640491,275.74393765395405,136.70121015370492,169.84777078032698
281.00107144344634,277.2120688399498,136.70260441230542,169.84441670492058
275.99088891914454,278.0864491529079,136.70942633194173,169.83085314626504
280.16344651563077,277.4945475312075,136.71423713384232,169.82047149033576
274.93024786217865,277.6690661839086,136.72087282117863,169.8104137867936
277.87307405376544,274.9693848991604,136.7220822391525,169.80474801308935
276.03468447010584,277.3940079941916,136.73083567443135,169.7922036929915
281.4303705915764,278.0995471003714,136.73378067697365,169.78032115171348
280.5808851006837,276.14869128788257,136.73747217973218,169.77637143216293
285.27631169400746,279.89494731128684,136.74097095231318,169.7679597271512
283.5713036280366,280.63249297472834,136.74867385183305,169.75712337558716
285.6508440572835,282.26643302703826,136.7523627878034,169.75080633363518
284.2450275224687,284.5816699077154,136.75768973369935,169.74411759120173
293.55464540843616,284.6392968891614,136.76432943478696,169.73333730111705
293.5029681732001,286.5377490382733,136.76829039593082,169.72696201557324
298.1370317584556,287.70968978033426,136.76832976747295,169.7244818700286
299.32223437470304,283.87651740742393,136.76917182654302,169.72289696649628
300.97941134694315,285.2891915933025,136.76923023748571,169.72128836181366
304.70155383420695,285.0120234863442,136.76919632344405,169.72079652797794
306.8545289322894,284.96933988792796,136.7697251044825,169.7201550568646
313.547179077604,283.29004812013596,136.7693954788313,169.72009005385908
315.69165352774155,284.24519648751294,136.7691624179422,169.71972402512927
322.7326366165628,283.93142807924386,136.76853321539738,169.71975977116804
324.0061742891242,286.6135450824956,136.7678124025164,169.7199218599404
327.48392564573555,290.62742904769254,136.76757902599414,169.71989536173643
326.3732563788327,292.3200584900101,136.7668280307623,169.72046807156843
317.79648473804906,275.0607430014102,136.7675850574468,169.72083046356335
310.5588706207863,280.99471281839226,136.76957148594204,169.7287062211397
308.8673269421856,269.51796764998284,136.76997342024612,169.72882169528756
307.69478382087084,275.7758806915098,136.77009849649386,169.73016079625464
306.99641310691595,266.40241084931586,136.7705007463183,169.72975360259085
305.3717173701958,271.60463430729067,136.7704031507735,169.72764662194388
307.5673214160763,267.2052378276611,136.77103265590583,169.72681418447448
305.50941528423016,267.07480159399535,136.77162818757301,169.72444208250445
309.76614991276733,265.97877702841424,136.77272821303043,169.72090810857938
307.6015356739523,265.7374837982567,136.77651342283818,169.71451341135327
315.51262447748405,263.0543758175674,136.78299678074052,169.70687664293442
313.8645443277723,263.07866792899057,136.78645655106553,169.70227548840526
320.17398344680635,259.62635587736463,136.78973254883726,169.69800648328925
319.22541402245463,258.6296278873197,136.79361926321755,169.6935975017549
321.99099494908864,260.12513580687914,136.79577163800738,169.6906361765673
327.25543558335113,260.4488709718064,136.7968576775269,169.6879805764034
328.01034184318485,260.8289854810549,136.79954627842682,169.68361802585915
327.15378103468385,260.27204084328366,136.80333781348904,169.67867530925224
327.4801321949868,258.2175176620731,136.80420542963543,169.67628482780134
327.46340484119605,256.7936999359214,136.80695621820857,169.66961119807337
326.7878327123947,256.0830626115969,136.81044732525282,169.65856549035334
328.84131576054347,259.56306081127354,136.81199315369895,169.65302542034578
332.00619455422583,263.9972467743038,136.81174196358157,169.65281946413396
335.87038105378053,270.15445101756546,136.81151742486034,169.6526809971418
333.11131989626557,262.8226651262503,136.81463319768443,169.63678557853927
331.18551542314515,263.8676301291473,136.8685271952711,169.53844893364612
339.2951277560456,264.02695994129493,136.87252907671146,169.5057326684874
338.7878121625798,263.65372205339895,136.8802208524796,169.48342529217595
339.3497044758153,261.06781946586034,136.89072882854776,169.44890350573584
343.7776732231041,260.2070629445037,136.89323077946568,169.4236822869364
342.7271407720102,259.31590936826353,136.89195903652714,169.4069118093737
344.29557554521716,258.7636932147064,136.89154502600192,169.39261214093258
344.96230393925407,258.77876305550103,136.89265125481964,169.38006612997967
359.21681231638706,260.03043812198064,136.89300339703797,169.37953148202115
368.7178120244582,258.9745523443391,136.8940538313595,169.37820465435436
368.4835041245458,269.41701670256333,136.89149023527028,169.37963038431704
372.4102927173053,277.1719024425031,136.88478537946318,169.38391320283841
371.9714678733097,275.00992445108164,136.77838664130323,169.4287692444276
367.6326417771901,276.8000603953128,136.58654344169665,169.53320666649688
365.77148573419424,277.0012020052934,136.44097494487897,169.62144568216763
364.8772660262238,282.99866123141567,136.35254623204318,169.68473283447636
365.08390017954406,285.8209938067687,136.35187629690844,169.68515921743116
363.23860267483826,280.43275638439627,136.3119989800414,169.70994605863595
362.6878287673112,287.47147513236405,135.89611458226588,169.9881985651419
361.8323201227333,281.65176660559933,135.8763311235504,169.99952571388607
362.2581105817676,280.24154558807686,135.8073962654716,170.04636574011153
365.8441757031206,275.2254753294462,135.80781860836748,170.0461118481931
369.7210880259324,281.8683507192502,135.80487992618384,170.04815327439562
370.95252418233275,275.3567568031249,135.7636644603832,170.0626121256282
357.36684795870826,275.0151072052746,135.3986189736722,170.21416374175413
363.3183813638325,275.59566261643727,135.36274347812102,170.22764946750925
366.53372693826566,278.5628592670189,135.3080660850531,170.24580133236162
367.003320370749,280.0947358940841,135.268143496114,170.25421809738094
367.0027524078052,281.40776459658184,135.21733373566136,170.26735994928256
370.84112149645136,279.49588856871094,135.12781908818462,170.29141937425652
374.8636660393186,281.2702632971568,135.05582112793843,170.2976153862673
372.49170738274023,289.5905783928496,134.77609208641988,170.37921992083398
374.2132977273756,284.0891140801642,134.77306261174874,170.36594466589463
374.64726929188623,283.1096232802005,134.60540533468298,170.3955930558307
375.4400357836943,277.14038514213775,134.60047583140582,170.37226398832817
375.10316089116816,282.4313039086687,134.51074221134493,170.37323781085712
372.5155498618609,283.66346021070393,134.4674121573801,170.3718654228511
375.8782540522658,286.1735892391411,134.39704976274584,170.37615065134662
380.10790593148425,291.66081478138324,134.2751149694578,170.3904910326217
388.6898583141723,293.54732340012157,134.27902255149385,170.3881556532077
396.04811112004757,290.41556653469905,134.3080508829196,170.32278239827392
404.9526872779168,290.43070844245256,134.30899149320643,170.32151753062155
413.9607767600957,289.35417990657896,134.31049555802346,170.31981686425533
414.4436934651466,283.5550087462631,134.32914759532844,170.29315823121271
413.2374922597926,292.36067343862544,134.33993319428419,170.27962624028686
421.425036456785,287.3752087840202,134.3394499791324,170.2779937132548
427.8833773473037,283.3087957945425,134.3398633824212,170.27769438703433
485.4666560826472,300.68697540667836,134.6386226841951,169.78194002116106
486.9771230772806,302.4899205613061,134.6408865842562,169.77862906714537
487.9088671007503,302.9334486988803,134.64467246405178,169.77333017057532
492.8085367176416,306.98010883371614,134.65061582304273,169.75568586525904
490.61872987166544,307.08068054220087,134.65607160941636,169.74934279537928
484.3069496016113,303.3692894786358,134.75070339281083,169.68037039064922
484.4016443053887,302.74777603459654,134.7562313362634,169.66761229032437
476.3654449615163,300.1514099178287,134.76708560567326,169.65371286339865
483.1187783018454,310.7700283225373,134.7784138056913,169.28921203115422
477.6526408840801,306.7330876836799,134.6812639738636,169.14913456863465
472.66981160399285,309.8703197714276,134.5976690702929,168.9330419370235
471.75284268231536,311.3906823148709,134.57370760544325,168.89949944825094
463.8769683473954,313.7739710349306,134.55423034602285,168.8119757915483
458.10776206811624,314.6518670169688,134.52336132651726,168.75212754066
448.99914867988986,314.34852426087656,134.5069321734046,168.71973199195816
444.31079421079676,312.1103375998488,134.48773657057524,168.69540960859985
441.13287954455376,311.6964009692363,134.46791406666594,168.64479641533794
441.5746800268716,312.7513367435113,134.44089115407414,168.552318932645
443.26445431587797,311.4085920034401,134.400800803219,168.4618527357549
443.10045227743933,310.71525043014606,134.40007718773066,168.45892118107196
441.21667770339184,308.9739083537452,134.39878196975195,168.4559423967094
448.7404065961248,306.5150022698768,134.39522372041893,168.45334869973053
440.7563877756874,306.3483126180472,134.39229692953097,168.38190812743414
442.97030456235984,304.6112597836734,134.27622282807937,168.17251350626472
446.26056256580137,302.5730941185341,134.21313045095718,168.0434081300005
452.8135631842112,303.8976910510823,134.07045376095138,167.8542960806236
459.4098253283858,306.0517064016624,134.0338933703073,167.82743574765806
468.99907549704596,308.40721217499384,133.8830286073278,167.79191887186303
475.3425581372969,307.5743704187489,133.8142531385324,167.75559711720967
476.09325669755447,305.76119261306627,133.7407022113309,167.657314981764
479.31169688930896,312.39948038034765,133.7185099381735,167.59211086901513
478.23117983494734,307.38909622142194,133.6925730977238,167.53850784897605
486.54868178577203,303.65705942439087,133.74841087087913,167.45712837144393
485.3598579679755,311.23773449405286,133.75962703178658,167.39271541168537
485.9505135622822,308.89278076737725,133.76554774148087,167.36064658482417
486.1926907193255,308.85904450482883,133.7645316940053,167.3407965320869
484.889357527206,305.11052603773794,133.76395167931852,167.3366442343961
485.14830004396276,307.775906065097,133.7632677714269,167.33321810683253
483.7751425319317,310.05100181106405,133.76097992836253,167.32029716085785
484.7204864256445,310.5127588982242,133.7587791223289,167.31475733937413
485.59605474322035,311.29276383000825,133.75694511283322,167.3107069389256
484.674449586234,310.8195475510262,133.75538082296225,167.30790143498487
484.9397240430834,310.5497419072605,133.75448718699252,167.30700242569455
484.27589174367256,306.74755984234946,133.75361348720725,167.306700322454
484.930281933722,301.10418056035877,133.75192231666503,167.30694555788307
485.75227890776836,293.37016472597503,133.75044057083517,167.3085208133815
487.56639763571786,281.2395019380627,133.7479777368996,167.31209683171107
487.510638648352,277.56628073166655,133.74667965353208,167.31409830746105
486.6456037766483,271.1383049709059,133.74529812397503,167.31650464007868
485.28480355113146,264.23794843499456,133.74476875323134,167.31742256114444
483.56029609887423,260.5333030426616,133.74195422430464,167.32239548997546
483.71236695879077,253.90127032433062,133.73715483874201,167.33137498150796
424.5355570883346,184.70740359867474,134.1289444404943,167.39617142110097
447.59241770633906,202.17950999947635,132.8896891468681,168.1969461072907
454.5918007104476,211.73974220932416,132.06329118827267,168.97375189023182
458.7868812887875,222.05031177871183,130.90088891602272,170.06483008238914
461.1752946040105,236.7554674162892,130.82511018291567,170.14523192674116
463.940865415091,247.99819755257755,130.77219856029689,170.2092559070942
467.0565720970866,255.40057230798183,130.75583446312086,170.2292067518154
470.5709557767078,262.2848124136893,130.73313533355372,170.26138572008804
472.8331794920939,264.8122687459012,130.72622454294878,170.27017277795431
474.158919895975,266.1384227673482,130.72036908804614,170.27757323496877
474.5056232184505,266.6127066971467,130.71852932761277,170.28000189350675
475.2026224295679,270.14212878724436,130.7169665752769,170.2820893958981
475.72451849813615,268.88607964348114,130.71141415562397,170.28947534020855
476.2877273944858,272.860532679127,130.70660044789324,170.29573846981413
476.2559465097598,270.60991093494107,130.70208629223353,170.30204835299187
477.157011670588,273.34268903043665,130.695667487911,170.31104670072747
477.27402597586394,273.5437378742719,130.68584279176312,170.32412600070492
479.00769213979686,272.2228302165431,130.6781540662684,170.33456910279895
479.0188297634512,273.0596378270484,130.67033459282743,170.34479737525004
479.6842421715876,273.8203693330616,130.6651285204511,170.3512879879489
478.66531381903366,273.8074951655134,130.65587824428152,170.36334183367057
479.214597499233,273.4389191712663,130.64746219384992,170.3743151760771
479.1122613073113,273.19544915418425,130.63309546536382,170.39236808975593
479.2132410903756,276.5137476608171,130.62543985884332,170.40164128523045
479.2367447593272,274.6356990702047,130.62258082823374,170.4051060869234
480.3524127489772,276.11193471122243,130.61819620963627,170.41057705227863
480.54436703992917,275.2792852835051,130.61259786108684,170.41801848965306
480.1104390032942,275.9374683535766,130.60853185860847,170.4232523098372
480.3057076243475,274.55571783815304,130.6033563475541,170.43013102623118
480.54671595711704,273.5121854453095,130.60182443586223,170.43211804931443
481.02927842601827,272.6113221541857,130.5980801585937,170.43683397139054
481.44223381161294,270.4904983879936,130.59672794348418,170.43834106569486
481.725957224305,271.1463408112876,130.59463951844498,170.44064490471482
481.8075210362995,270.2154067303975,130.59321624099363,170.44238835927305
480.63067429820205,270.66288737595727,130.59156709061676,170.44435293475738
479.4732083566963,271.1411681177224,130.5902891805374,170.44589075685693
477.9600690911561,273.2317058034411,130.58844814756148,170.44803148039009
475.4195194048192,275.2181377401612,130.5868353467733,170.44999203550827
471.92076129100775,277.35480846663813,130.58496335647024,170.45220142483956
469.8356282855625,284.966780126942,130.58503092680897,170.4520978640585
463.74521639663,290.3029967680252,130.58513723641227,170.45196587431155
461.6415402003379,293.45568901559517,130.58521423837146,170.45159837364793
458.3282114905276,296.6314810586335,130.58522990765633,170.45118959579887
455.68358283239957,300.4082352687017,130.5853951600086,170.45074313779008
452.8633910265679,308.44220744709963,130.58588523987265,170.4487892289923
450.648978601753,314.8909438357397,130.586423060236,170.44110412566238
447.88284104167724,316.10485701537925,130.58640819854548,170.43401217190086
443.92394043227915,317.14872217665385,130.58781232261518,170.4254816403062
439.3708956919684,318.26477526825954,130.58875730250418,170.41694818811294
441.07989998648657,318.9353491053976,130.58816647813154,170.4090664144486
439.03867128337487,318.1626954806852,130.58929263130324,170.4006610574434
438.9461695183259,319.11980522488784,130.58960233317603,170.395447449394
438.43221567082605,319.44432286779653,130.59155184774815,170.3849247749657
434.5193989223751,318.914421589206,130.5948481940764,170.37459209636046
436.3128825551903,319.65820001042954,130.59611654512997,170.3679808410715
437.8664259589182,318.9756812602957,130.59793457623607,170.36100667980963
436.85144367411596,318.8197995277978,130.59912607645893,170.35730833040193
439.64873512751564,319.03049275087534,130.60013090006728,170.3526797658882
440.83216659195944,319.2367220407416,130.60168046583905,170.34843384789886
439.4538383400373,319.20420190007866,130.60288934356944,170.34247546055406
438.99409393655225,317.87435942962617,130.60420394332905,170.33723434936556
435.6629744616697,317.45271485812145,130.6067196112338,170.3289129510313
435.0608233923971,317.08390140681956,130.60786873559596,170.3243944345143
436.8509202072172,318.9544188343755,130.60842700186032,170.3222888511005
439.0001877777876,320.29095693550937,130.60964934134088,170.31802063223108
441.98734618110996,321.4242708720871,130.61122317114015,170.31484648107576
445.7601340644492,319.9948438191911,130.61313323286134,170.31159927041577
451.70768524126237,321.7047098421659,130.61531538698645,170.3074813525788
462.11655556712856,323.371172990046,130.61710903701197,170.28578261686206
472.90419214698437,323.9755623150078,130.603168579937,170.2654483429303
475.22514570049157,327.57694348286054,130.5989362814248,170.2579360415571
472.89206011740373,327.1753568136058,130.5978806562186,170.2555661361815
470.66591458528717,325.9379505729826,130.59723697847784,170.2536668673975
469.1287100796167,326.6000569371731,130.59649979154608,170.25068097426725
466.55971095776886,322.2296451483469,130.59590722255874,170.24921500876783
467.34540003444437,322.69588362698124,130.59324917151787,170.24352942141414
468.7906333312848,319.94459687075164,130.5929920142536,170.23844779013552
470.87000836378445,317.8425158378884,130.59260147684222,170.2343617174343
473.1547761558236,319.8443870361707,130.59350761563383,170.2314752435686
475.5234772348222,316.6430450843552,130.59430993685405,170.22961240952867
479.61362484003837,314.8666805976162,130.59407225205655,170.22659315874824
483.8217270289904,312.458821679515,130.5943479385446,170.22571305641316
491.7828885646116,307.05722472741195,130.59455218053458,170.22435583604644
504.54596313170555,301.20942877515404,130.59539202950097,170.22372352791587
514.000751210851,300.9764752264383,130.59791380211817,170.2219238556425
515.8774373595335,301.7754482518481,130.5989603546984,170.21581306521406
518.7507107596463,301.95464649904693,130.59901132134905,170.21365961495442
521.9076663395144,305.0984964036052,130.5995098944314,170.21168063103312
524.5131896517358,307.2156453175225,130.59963155917302,170.21030392670323
530.5233475235974,308.88650028889003,130.60046735811355,170.20647960217795
538.9098521007671,309.6826922237541,130.60198098514624,170.20317260909022
546.4448139192745,313.47877419674523,130.60565716350015,170.1981005858679
555.0666158954459,314.19723003746594,130.6195662574218,170.1776659885864
574.8168683507239,297.36389782295123,130.92503439984444,169.9230199928111
576.9519258286163,299.15430432136407,130.99648791406094,169.84332064916845
578.3390951188014,296.0103087778283,131.12572976086042,169.70432027353246
576.8854497882367,294.2847750459599,131.2026046962818,169.62917838286853
575.2435263927796,293.77115067772405,131.2778190180187,169.55849919136938
573.4143202953865,291.0100188060983,131.36573822994066,169.4739256619768
570.5203225766163,291.50891495258577,131.47985261355655,169.37476357081852
569.6328034994951,292.14290899906723,131.5622847955087,169.30880816313538
562.2408857920382,296.8098608120132,131.72756800247595,169.1634478569456
553.9730572925322,302.80506914411666,131.91529409328479,168.99796996684753
547.3025318290385,309.4759369644547,132.5271856651087,168.50711208801226
543.0845040313071,315.25279155635167,133.05050389103394,168.08468189591758
539.0309138610329,321.22747694461486,133.9202770240934,167.3554572985904
536.2058186630424,324.0584295000055,134.58307022616572,166.8174468792764
533.354981542953,325.4277612284568,134.73833485941083,166.6862014826765
525.4163426597344,326.2734050324817,136.12408792949813,165.46456637835564
522.769237703671,312.1252284772202,137.27566869504875,164.4186743869499
524.787086460813,317.60978291928575,138.3649044235626,163.50983009022116
524.6517901400476,320.07102533857517,139.00858983566982,162.9533363672124
525.5662964166215,321.81024798846613,139.49518959865367,162.56817281334105
525.1016505814014,322.78646086187166,140.27214064833797,161.96762928584457
524.5982686417788,323.96018968561697,140.81125399486055,161.5388642271602
525.5002270650205,321.88122686837016,140.95492213506384,161.4226099261984
525.9081106638847,320.17660841594494,141.07688006407878,161.32231151839628
524.7458856516921,320.7618602068809,141.2658322800076,161.16300896057984
521.26509268754,321.2084703951319,141.41034390945305,161.04793300327117
524.1627369743496,321.4603889819294,141.49006821043716,160.98633889908652
526.5451023737197,321.9129572668275,141.6356700914455,160.8727976094607
526.9613932354239,323.3322814867755,141.69405949220936,160.82648372614432
526.863698449086,323.72438510270825,141.73963837817777,160.79303716875538
523.0634672017616,323.83083649170464,141.77612601549623,160.76534089343866
525.369335623598,326.6374658435137,142.00956443808928,160.58977054049797
520.4533162995914,326.90508358477445,142.02282409440326,160.57663824839855
522.1260325487701,326.0266881011855,142.04375249883202,160.55447304072598
528.7123079265151,326.42223525292866,142.06137775347386,160.532742975025
540.7667874815206,327.2144942437423,142.0839513125303,160.5063901860018
542.9537439411268,327.78598555994614,142.09674474555158,160.4896199120689
539.4087778402375,327.29592734570446,142.10031506225954,160.48336983016102
537.4024605331299,326.9409027828343,142.1040757369605,160.47609916935264
537.6225526484781,330.3788556937876,142.1093541503644,160.4671963114659
536.6355408349814,330.47435295690985,142.1184051621159,160.45282338620686
524.2243197700977,331.6139100243223,142.2453135394416,160.34563789556233
523.4096605020427,333.5658006757971,142.25169558835384,160.3348314461283
517.9668188251175,333.3870797318287,142.26115919275367,160.32045863608423
511.6916995227337,328.3155599841867,142.26318002408368,160.3157634893395
506.904950207309,322.5509901920019,142.26513686873923,160.31114109555955
532.131570412834,284.3813347754397,142.32024301530635,159.59762600094965
522.5561031996292,285.29715316140937,142.55767379486534,159.06140999488704
511.484025225367,288.2213620677443,142.60958464146105,158.22638987585125
497.33195917113676,289.16035393194306,142.98891396977024,157.4059100861287
499.2129259482782,289.12707302213704,141.562761751318,157.25446003476043
483.3723178006612,293.233304127613,139.69366600431567,158.39080134401112
472.7560829740115,294.8228070840522,135.9766651375956,160.95397387122665
468.6596092239861,294.9852580369079,130.71043752778309,163.86699463397233
460.9456614095269,294.0981743593652,127.57746775447981,165.4843009520419
459.1945181980021,288.2314725486567,124.3875430264064,166.4608476551239
459.21577923947046,278.18448941445115,124.27733943719352,166.53782898395983
458.67725703557596,268.13926044902763,124.2518065163006,166.56111200330784
458.75549151646584,266.69518247098955,124.2406276163523,166.5720840451994
465.77310383488884,273.35757691939006,124.24102366889836,166.57107043984126
467.7644668352381,276.26520758754697,124.24825881550818,166.5640390267757
467.10328302333835,279.2447347420249,124.24574083254193,166.5666970782019
467.09302131359124,277.0241960136151,124.24584692311227,166.56651133616904
468.29805800329655,275.6181632029498,124.24594099937487,166.5663063161727
470.4660734964222,277.5507404256717,124.24595575515846,166.5662589302077
471.20267592291196,288.8936224719565,124.2458780288727,166.56632209288702
468.6637773680632,294.3925074886496,124.24582956514489,166.56635002550433
467.1346813803758,297.9275935384188,124.24572509848784,166.56641127099766
473.8643522791453,298.30320404458996,124.24574533097817,166.56635409894923
476.81412668080344,299.9517756475634,124.24576603907546,166.56629808553765
478.4547343320571,300.7837335896993,124.2458050281025,166.56624168784583
480.56531614858176,299.86298648299925,124.24577701135568,166.5661469272469
480.18511344517,297.9334088923229,124.24569319279168,166.56600769407933
480.84872651859143,296.34991002879445,124.24549079053195,166.5657810139402
477.87524364746804,297.6988068356027,124.2443726552152,166.56629849079306
484.57609737888896,294.58538995247073,124.24409341502962,166.56597037274912
490.8516148139795,291.9740732584843,124.24416022941882,166.56571719837464
494.91402454184276,282.914529785173,124.24424445258636,166.565581504006
497.40659497688654,277.2988199474206,124.24440078556277,166.56541853790924
499.4162351205805,270.2981550468356,124.24490447186875,166.5650755943283
504.89209113107574,259.04413533564957,124.2461562799188,166.56412758994253
510.082801470445,250.61647295951127,124.24751758360212,166.5629059402415
513.7288977396175,244.13171241011796,124.24876777139237,166.5616848133812
516.7775150344373,241.22905355797513,124.25122266539518,166.55894854732992
520.6683061109885,240.60175670467558,124.25218131048018,166.55790317769612
528.3129623046285,240.3893558925093,124.25418400193553,166.55595193671425
535.0053353193596,240.98737573586806,124.2563426889651,166.55399820561652
463.5674311682866,149.23652894174487,116.78608165517359,171.7220278534332
471.4797762199368,150.6062487798379,109.54046831884091,175.48053110174664
478.48493478249054,146.09237387079747,104.5722711735918,178.79869143847375
486.0294966226071,158.8004761442889,100.86941706275572,181.0744577166862
495.54566737906083,163.33865964747724,98.19571622062462,180.74231049027776
502.420638190632,171.64825559570016,96.18147043641046,179.9007274652919
506.3414412847171,177.5283881873109,94.55657147785446,179.80208051479747
502.67688238156217,180.74280474825366,93.31440880473329,179.78658605410575
509.5660179880216,192.20264816634656,91.85774422786174,179.65547152932135
512.9275128965589,195.0284887885237,90.29677318672702,180.29320564446417
507.2610316259845,195.2556898778154,89.48809506472895,180.74195736221253
512.2494826378279,196.90356385532175,89.20236850185745,180.7479986909523
512.696815060779,203.1248329561983,89.10443190931981,180.8243976001
507.91444541093404,208.57424480754793,89.10217177358503,180.82813603881925
501.5926572142645,214.69946044862644,89.0998007105643,180.8333323888033
493.23212378542644,214.69218242614545,89.09610179065254,180.84087639667067
491.2213746069648,216.9298057508739,89.09366530641984,180.84551198750916
488.74462073478736,220.67612292543112,89.09315302742866,180.84639789825187
488.9503525672978,226.81798367970043,89.09295354354497,180.8467616634559
492.3819033723862,233.8251079598236,89.09285757149064,180.84691167803868
493.81765487963315,238.21847260859045,89.09263212772125,180.84730033857386
497.15144755412786,246.85333688883645,89.09248480897473,180.84750357129477
504.57818419338605,265.4586306917749,89.0925777001971,180.84755591903112
508.54829141365093,272.9328148188758,89.09457917916204,180.84682808383573
507.8676736000664,275.86192984587456,89.0953535712847,180.8470193555218
506.07777225709134,277.1454259636829,89.09721364744783,180.84797498443749
508.75658583786804,282.5666710818153,89.0988656416256,180.8462020638466
512.1558449084662,283.01222559135937,89.10296934186005,180.84280218553602
518.2212813189157,284.4900493869052,89.10595234066328,180.83972026445778
522.8543753027783,319.09579271500957,89.759273306959,179.6612688865693
374.91645718701585,322.8310485955607,96.38947355215562,174.80527219161405
363.5192806767484,325.9775646223154,104.66375172833027,168.83663734441097
365.27604069512,315.6516737805787,104.66996512054212,168.82744071062373
361.34203960823004,311.839021721825,104.78847989426704,168.73079238977658
361.49421432539776,307.13954429248133,104.91332535734492,168.57071957665
367.6927433710547,308.9256532220866,104.9471420905549,168.54072803198406
369.3530312286075,306.0468981010036,105.03512021417922,168.4618840184738
368.62592758379407,308.647934185219,105.05863375819301,168.43345210120268
372.6678548856194,304.5998269147,105.10221388507203,168.37358353524604
378.3956335533998,299.93017934761565,105.13513997846636,168.3348116528132
386.1219601619998,298.4371143795755,105.15081237619547,168.31045880080754
392.25998769309393,295.83756846178983,105.16866924790625,168.29165036019478
396.3161757267457,296.6009333458027,105.17552535833707,168.2823562620681
403.02942372312424,293.2666063174375,105.18161412815319,168.27645787815513
403.96220961305517,294.42991736896755,105.18406085624878,168.27283835192307
403.62426234547945,292.66348229769454,105.18800379943171,168.268113699242
403.5100084506586,291.6245085332039,105.192095839762,168.2623662933784
402.7188521281409,290.7031156747034,105.18740298877232,168.2614741319995
403.3279675599704,287.95593713855334,105.19040525461469,168.2567438706204
401.7323108888626,288.8514861167685,105.1881849378489,168.2555812646082
402.84835201870567,288.6391717673054,105.18988973794667,168.25215080282499
404.6512985008235,284.1420279810835,105.19310522173969,168.24501358584007
405.0677891812387,279.70181285482465,105.19455032355955,168.24214496445643
404.25981574846276,282.6924233826262,105.20011808926556,168.23296980729089
399.795749553768,286.3188795054583,105.19897019758814,168.2316573502924
399.2588776162811,287.7571067348324,105.1999707759387,168.22955796928775
397.13004066079736,283.4457828212079,105.1983191826032,168.2279572918981
397.67373854050805,285.67238453340667,105.19889391840586,168.22654896866632
396.25555770926286,282.2502668821637,105.19814482306842,168.22578066626332
395.7874816413563,286.35196544452145,105.19759780688878,168.2256487316723
394.9658107850022,279.9684940781096,105.1969621159562,168.225055301166
396.0227412305419,282.28595249706353,105.19612641332292,168.22487786221436
394.5491416859733,275.1623513849821,105.19560259062527,168.22433743348418
394.0775095815405,272.8939569454509,105.19612492861086,168.223074707322
394.1159939434018,268.601409179013,105.19663410706215,168.22138015535887
395.7915600816761,265.6376914146505,105.19734137290251,168.2195969150104
394.26943416917516,254.15567237097315,105.19664462002352,168.21929479240418
397.96301332221464,254.75428181175565,105.19710294831347,168.21829678562557
398.0444784167776,253.11164427669658,105.19785615874564,168.21705065937834
397.94551427613334,257.92566884722584,105.20128444074943,168.2117575226533
392.0183050368405,251.5929681573827,105.20029901918858,168.2116248828694
387.3881922067705,255.4955969452928,105.19902718177002,168.21263027701988
378.8033464020555,251.7763675089563,105.19994895477414,168.2113074838909
372.99196297603345,248.52650098142504,105.20096402153999,168.21032862107617
370.36610893511704,244.46037887124692,105.20229826304075,168.2086721990374
365.5986219588808,242.7694189296564,105.20312590661435,168.2080838043254
364.32357846054606,231.730785815147,105.20245001151444,168.20873565346145
362.45150727502073,228.28647763681911,105.20178370870647,168.20897815834104
359.9031223058389,223.25568846283346,105.20042103674906,168.20977407375622
358.29754393760163,220.04091024814727,105.20256717217993,168.20798885502677
355.94906796244163,216.79821383488434,105.20609680499501,168.20465649615838
355.1964426655404,209.45665310620345,105.2051752186216,168.20573773898155
354.3955352102254,205.3438047741975,105.20435820271523,168.20705772452666
355.1015709254814,204.63039183124664,105.20397939152694,168.20747281617025
356.7633444641157,197.9711472096924,105.20196146426753,168.2101404116347
356.76048277621504,197.53677205465357,105.20770277017833,168.20346645585087
357.568711597405,199.17741109981188,105.20706946957235,168.2042177558693
361.4213039085958,200.0018131689773,105.20870438149261,168.20198394243624
361.1252709261461,195.6051988242455,105.20814943717801,168.20283706732465
360.9618647847388,189.12621528491337,105.2065283851651,168.20528160875745
360.77446726274667,188.017320731237,105.20577479819654,168.20643381997678
361.6767864866582,185.02474275335635,105.20487112973133,168.20866817539624
361.3861890150424,181.80845993608347,105.20400555708241,168.20988834714296
359.9153094678176,185.60137295949602,105.20340544247131,168.21063542424974
361.8886010508271,182.68095065273644,105.20156948600135,168.2130830117069
361.10759448375927,181.5507803331509,105.2002660365035,168.21444623770049
363.1452295066696,183.05421510767576,105.20391063301686,168.2105359400546
363.8752432614086,182.9211342688098,105.21309386744286,168.20073049666226
364.8483370356008,181.4689915516892,105.22082870999631,168.1935779426222
369.8456360200433,180.2741575860926,105.23296749648254,168.1817573312586
372.7165608002212,176.72834315525708,105.24286077593987,168.1733610159277
374.2089074481617,172.8962323510117,105.26438495976474,168.1545806293318
375.82903433361105,169.52940813835582,105.27813924359933,168.14227358741942
377.7449708337312,166.97741350775732,105.29845578422206,168.12065583491403
380.5522796040418,164.67061573820274,105.30828129779997,168.11007916332986
379.2380931359372,162.8479960377354,105.32332959182776,168.0944754303381
379.22279971645906,162.0151532203493,105.33093492494308,168.08567144776256
378.2630908354831,159.43865934397263,105.34225100900035,168.07353287681596
377.5162281948906,158.55601856235666,105.35136775918726,168.06283682850622
377.2014272951071,155.49867856252774,105.36084104637162,168.0515784126367
375.3492918995068,153.85463791659424,105.36638971347261,168.0453877585503
374.79172464744386,153.10707570021404,105.3708457832265,168.0402819981726
373.9959003683603,150.64268425825702,105.3811939635478,168.0285856035222
371.84397515988553,149.38584181859812,105.38829669601859,168.02081042653506
369.68515018324297,148.3617855957906,105.39486905454663,168.01331936796922
368.4571633131502,146.87332709377847,105.40105160172382,168.0063384475702
367.3656767734434,145.29172189323157,105.40775610356177,167.998965362107
365.33686549434435,143.7447828920482,105.41867579997387,167.9869850385155
363.51297236695615,140.78926475594514,105.42345668365657,167.9813223780739
362.8438679871475,138.75745733100166,105.43132541546467,167.97322473406442
361.5279547372963,135.613543001145,105.43670995960073,167.96697647422204
360.1159629377054,135.82440461208859,105.45006967458156,167.95101935202624
358.9897070136708,132.4076390458884,105.46071588773245,167.9390481078702
359.8733792508428,132.55170671277926,105.46856987301378,167.92904390144597
359.0323225725241,131.40677723285097,105.47587508508171,167.9196040980274
358.5304300289294,130.30498995711804,105.48431577186518,167.9089748149596
357.8264193838196,129.10261956983013,105.49571869584337,167.89487255860587
358.06318043891036,129.38581774382345,105.50090529990858,167.88840343573216
357.9668224262721,127.2926355708792,105.50821206240884,167.8791124357039
357.43067463433886,127.20879667408465,105.5153575045592,167.86952832541095
357.44491594169904,125.85770309057439,105.52107069667004,167.86219038409408
357.9452925558843,124.10243795595392,105.52814284290275,167.8529865091242
358.28351602051214,123.4849144262024,105.53864641842694,167.8389296648568
359.29002720946045,122.07519608621242,105.54246831314379,167.8339382633243
359.075002175665,120.36419418911201,105.54660641774868,167.8283745755305
358.93652813112,117.89095551328565,105.5508949666623,167.82284367980773
358.3906365725163,114.86137695454568,105.55595737883735,167.81604086686775
360.1376590819806,109.26524012473962,105.55780202360506,167.81378594676795
359.8532540939824,107.32264863006347,105.5602866927091,167.8100102435696
362.8376060854481,104.40515240949843,105.56119673870828,167.80868419181027
361.8721595091326,102.6574646426226,105.5629126070986,167.80617449835856
362.22786599066825,100.86351540408457,105.5641498238903,167.80428859166082
362.3155287411613,100.64663167097007,105.5652272493491,167.80268203635967
362.4472708020097,100.14980123711804,105.56699619466893,167.80009144017365
364.4639013560434,97.11727941021206,105.5676997205432,167.79921092635254
365.1690399941546,97.66227327372921,105.56897856900801,167.7971039299472
366.74294441510943,97.1841875549407,105.57046767975028,167.79528305223187
364.4755525218054,98.99564482124474,105.57205120238136,167.79286646159463
361.510963467236,99.98029352865855,105.5738668695035,167.79011224439884
364.83035326008326,97.33834142139199,105.57541426058519,167.7881902527247
362.73314700001754,96.65764877401887,105.57685650483774,167.78598757196892
361.68495204164117,93.87568600524216,105.5791061303764,167.78326128838586
364.3683020193029,91.43408921199185,105.58112909070233,167.78110464753053
363.9983186883166,92.30200903105313,105.58363239761057,167.7772025370645
366.72379472492895,92.10521436564574,105.58525076277085,167.7755347227129
366.4247481870693,93.41127095221164,105.58832104090567,167.77268306233745
364.660663769894,93.86427469046642,105.5899841665618,167.7706801596499
365.35095237291193,96.08238770485809,105.59083341411633,167.76958138916734
368.49803553606165,100.54205673243169,105.59144543483232,167.7689940969596
369.08518797561635,104.83153878911382,105.59179253612291,167.7686117935929
368.82947371151727,104.79354643882763,105.59261024545827,167.76771029475054
367.13425211034627,104.93972321472482,105.59315824707087,167.76701317749215
370.426268615905,108.03912445969694,105.59324503270638,167.76686438551545
368.7512881242009,110.41187501500212,105.59452289729423,167.76564313635527
367.795499123112,110.73958597132714,105.59489024330601,167.76507987248223
368.5259257350316,114.79762452072332,105.59514510796024,167.7646281551596
369.33573144162267,118.23007758774573,105.59535166696134,167.76420203973052
370.84748236761436,121.33036596337745,105.59563659819626,167.76364035652128
371.31077140857485,122.7493678696468,105.59584684635342,167.7632117412024
372.4536775482936,125.6890242291112,105.59626489261468,167.76218681447943
374.4124959227484,128.21779643464143,105.5981726020945,167.7597290161204
381.70309044884476,136.56878399979647,105.59874109537297,167.7582047830271
388.8924531354784,142.20276341244028,105.59915848333621,167.7569133237673
391.3721108439075,146.42685075949765,105.60104330375214,167.75170795185718
392.1322784111141,148.7028184429724,105.60282149255056,167.74826072501392
394.1542736851127,151.92911707188404,105.60544797565079,167.74313079430848
390.8434925169174,155.08045835632606,105.60975176330477,167.73691028444543
388.191283336086,158.41417120575335,105.61464438720516,167.73181521303232
386.565622918945,159.10403475887352,105.61955985840426,167.72488678805112
381.1553462025317,162.92106780580406,105.62592528769089,167.714217090827
379.7836523283315,162.1517347269869,105.63168719876515,167.70542829526767
378.70506117915994,160.65952377865915,105.6368628709791,167.69570575222585
375.9005733774379,159.98383339036178,105.65251858153991,167.66196852116067
379.900156786803,157.87949344815533,105.65566537670132,167.6565108514049
380.7223091262735,155.84036702648507,105.65820687295412,167.65128619764457
378.12736373552946,154.78530940978288,105.65988955126228,167.64787222572673
373.9481045553561,157.04228684976,105.66245850975345,167.64396716571875
373.77371865774603,156.86528643126894,105.6642916948968,167.64065240278248
370.45829225532424,157.92258789679582,105.6680755033109,167.63465080343957
368.16334666604064,161.9888277821118,105.67222039357858,167.6288638047192
364.75203126531426,163.84304373968615,105.67444904964552,167.62529209998922
361.25446365880475,167.31432253614642,105.68882416516091,167.6014399704781
363.31033921026057,171.96614566928014,105.69376465160471,167.59282811277998
362.5870039414048,177.45377619168949,105.69789418608902,167.58585644326647
358.7433922697516,175.4079469116155,105.70753908014615,167.5712766382411
357.8660686674561,178.0848055817209,105.72138304300744,167.55032344674245
