310.0,102.0,39.0,50.0
305.27386773591616,103.32286749219315,38.754098634613,49.98941377927031
306.4845445865866,99.009144496395,37.82456383814879,49.83100352391838
303.87506866871246,98.4445884659719,37.310892096779234,49.412794503603074
302.5379456698732,98.49549770758756,37.05930105451019,49.35644005922063
303.343889446807,99.80708379808952,36.71077602753625,49.23041066996476
301.0817945397643,97.10009346664879,35.754217188209715,48.78864315627152
302.9468219250264,97.64748938964979,34.666104203497916,48.56657649900165
300.09638983236,95.0733799039704,33.50918459442764,48.24145114434114
299.9738837569355,92.03537896176871,33.35320599091068,48.39973128039248
297.5240685697271,91.7488909506286,32.78045715771647,47.16588786373838
299.06431789413637,90.55237638563014,33.028722232271264,47.724546261427854
297.31120098607107,91.07225705668108,32.86103374806322,48.088812262122296
298.50200057485904,90.43970169073421,32.20000549238508,47.80507972943628
297.88025250768436,89.10389678553382,32.7653818481014,48.16440244762819
296.25224810957764,86.65263146061174,32.32287165284447,48.228760661711846
296.4268877676166,86.2093472354133,32.24405031978343,48.19360687881328
295.0116932919348,85.02697652781686,32.17246840780474,47.733819361434755
295.3899264970353,82.28274378005652,31.51351030142495,46.713644090811634
294.1048191837836,82.52820949542723,31.522654724147188,45.463387513395105
293.7623970688405,84.26809387770714,31.695353375172147,45.53293801610822
293.19098158051906,82.70337725188074,31.45966326702957,44.799719204391295
291.56436619131296,83.8776870003923,31.89132269534409,45.04763848948793
289.7380850250882,84.96456575965416,31.790433442023936,45.68923412610032
287.1145367837338,79.21876615461322,31.795954683643956,44.733458992310126
288.58726003395225,80.65413973093786,31.764890164103058,43.737774662956454
286.3985368624326,82.04494031201007,31.99826254397705,43.351606211459604
285.0906638817172,82.97934509475989,31.79754861122757,43.25364682753955
285.45992363908573,82.22251032024955,31.607557410127193,42.386221205585485
282.07971691681644,82.38732853596647,31.40941038789943,42.494465349808536
281.8028747222378,78.61081417614805,31.460737770983727,40.705720082628964
278.91682207525093,78.86307512302542,31.498229646378327,39.796128480050086
276.3327732597724,79.45347401515924,31.467525283011685,39.31919556823802
273.3774707478742,80.20374106526663,31.618993630019727,38.86661900758168
272.7506076748511,80.69315115915154,31.402091752918363,38.58258256700806
270.6506199514195,80.549280797697,31.34423514945809,38.07901417164627
267.38641772470714,82.92806963412178,32.286377853615235,39.601001356279596
265.2642194186609,83.28058683887494,33.471207014230664,41.49447768896079
267.09129967445887,80.89755498357073,33.481543878123034,41.51084133014173
264.0804783335212,81.23123595195207,33.428346014344044,41.22300579990561
265.74114782260375,80.72539960126565,33.33657980915875,40.700582856327586
260.595656177672,80.4891627100665,34.09245357906371,40.21619442749845
261.95222280801653,77.86422341252522,34.222815448913565,39.19851587841597
260.1865070040466,79.5786479391173,34.48950611294484,38.45272079556871
256.2183550710356,82.30290183189554,34.27298271608828,38.37981048697147
255.07623143990884,83.73129926776105,35.25971494366629,38.208068248526004
257.75189357229647,82.72530390901159,35.43320003939511,38.01194362674574
256.1388851694519,83.05349562233873,35.0829925179969,37.936859564658256
254.80142845887255,83.15740575495784,34.733954408699034,37.560850161245966
251.9739087592966,85.48903307649593,34.08252150636778,37.76365291410486
249.95747234227724,87.83196160625353,33.66956304157841,38.74842964746686
249.09216864113992,82.83070587429995,33.41063892682424,38.12467463188183
250.92675008665444,79.38295794039905,33.152279115400304,37.2336056727183
252.8075442001384,80.54022591670712,32.91434606459509,36.92789192278465
251.52942830651727,76.7396368285095,32.512332812851156,36.30397053558125
255.3077995857269,77.64588946251492,32.04611397421945,35.50729268494408
256.3584714627717,74.64009838979469,31.66431045851022,35.36711759008913
261.20149075056634,72.7603370481392,31.262103479295586,35.098592234917405
262.92586826827676,69.71102878551918,31.114352853664727,35.107858536616234
268.86651564759006,66.34975005401905,31.012699246466358,34.87130812379249
271.4840678835189,62.677085697233395,30.764802187328463,34.47135943257865
274.07277653100004,62.04116150335457,30.16305513467574,34.19077504483885
280.04057721974954,60.52227772868897,30.49126296127829,34.36747053072402
282.1350424195819,56.46157660055076,30.100536745192056,33.68903472089937
285.52946831166673,56.05283805689017,30.393516893090283,33.708600998703645
277.0190636354477,74.02400035146948,29.861595685225605,33.28087144128331
287.58332629502485,58.59681859534178,29.423463813947283,32.91445934929065
293.5110003046672,55.083402294699525,29.25791224241641,32.573018692365935
288.1252532579943,56.13765216016689,29.16056516449756,32.50931280565423
285.2529150918804,76.12847191923547,28.723466880483873,32.56838755143309
264.75952641938414,76.05581511286579,28.397584008191284,32.50361291115121
268.27155889111685,73.8861751111232,27.882119776548393,32.65818813405778
265.9545735372737,70.14457880236634,27.96721419868175,32.594899619064165
272.3696096214636,69.57534236799147,27.586819497648055,32.9299536130733
276.0614807556204,62.23264004233563,28.372819813563083,32.48145571464133
311.73860377505605,50.08770192667582,28.495868696566742,33.56413094193263
312.6339693734722,46.126833216702124,29.051804074212534,34.90263119070693
315.24482693129016,47.85312008829904,28.94988809569216,34.70354360397671
317.18465948036334,43.00141602885196,28.847534799456202,34.86143094040017
322.1504035438843,37.918432121948186,28.81996684605929,34.546762157528036
320.9594777776021,36.852945103765514,29.082829149421382,34.03438082432551
322.68169818615917,35.73007641772507,29.998964485108825,34.56699761668685
319.7305188530712,34.80979744725363,29.660713028604036,35.05069944991794
335.47059092592104,39.33793051459612,28.725927540741313,35.593223483995175
335.5551785221917,41.0090417060068,27.461720252290945,37.086770277656974
343.77866233191884,43.83548994845044,25.724582916955253,39.43640770542838
346.77295712210423,40.32931027405596,24.906565617468203,40.58455597175883
346.29408058516094,37.6016853802996,23.42633064852336,42.40403710730928
322.94418953117844,29.57842961061348,24.808668908832193,42.28872346662781
319.0154907904197,32.08834917682766,24.75289939053282,42.42862812005759
331.1836143118069,38.984672280657655,24.031264927104104,43.441028947614896
330.1662132624512,37.32257417081634,23.581859872495144,43.718617434524695
322.21642532471964,31.505606297917492,24.61694523892508,43.45431404458021
320.1305524812592,28.60144182692955,24.853728176364694,43.34004033305268
330.0756411946139,41.568109487974716,24.275350752706974,43.78785621030316
329.9694572726292,39.435894066199715,24.26346066556325,43.796753358632216
329.03548855313386,38.4616099652559,24.262576722031334,43.7973856216847
315.7026755246864,33.645977114279276,24.963612706294427,43.179254999480236
315.637714847812,34.51464075490479,24.968241252225752,43.16634683520308
317.0391224169703,31.722499374681522,25.035904028719273,43.10072772873678
329.9855886659649,18.719239915568004,24.76187755184835,42.72707010277436
326.28651036797055,12.047351736301898,26.31816860828624,41.24187650586224
324.196196331778,13.795352407461998,26.36638520072134,41.19409803913713
314.7943622923439,15.426409709919113,28.06317499894993,39.87175329830524
329.3049697623214,-1.326200852789956,29.037393866367978,39.05050881703392
351.50426583514167,14.368471176421721,29.59320082961415,39.199004648136935
348.3714030130307,17.222924136382687,28.736596285084797,39.96314312366178
346.2660692312248,16.923876454438698,27.378197801028296,40.477442671843505
343.9716333707033,17.1838580812561,25.770681277442364,41.332228005817036
347.81637888205154,17.637490503055936,25.043988850174266,41.90082435396694
371.88707289838914,18.398449404466604,27.220567278680747,40.44202323570161
370.52075850683934,20.167195897370224,29.285900784661663,39.09926649218868
364.3889011954997,21.72324162905734,31.153748059623563,38.008734505666865
360.0582908425482,24.910513241090523,32.63309973552787,38.6091349194484
355.23634495053415,24.66057988678908,33.73581281624787,38.32324068893004
352.9309579060998,26.155292930418675,34.27943774282406,38.3776681230179
349.4885285820662,26.974570290513526,33.84321427571801,38.72005910919569
347.3661187413399,29.261860673636754,33.205051703142175,39.55179080861696
344.065191786627,29.811796415420616,32.1812504383126,40.26567281072886
345.5577787622201,34.29975779906853,31.110986565175185,41.20326894907269
345.4683482046495,38.23317391022938,30.82506797550721,41.482634045781744
352.08486174523904,59.436388094587315,30.827584145365723,41.04208321002486
350.42934937825817,63.371502901027604,30.827645725488303,40.99051242587963
346.0313677060757,55.227835984413595,30.722881797819568,41.13294498347288
345.24937892458166,50.32398628946079,28.982560006254385,43.37271558233235
345.1803463773931,49.71856804801003,27.2107719998548,45.577356818060565
345.5848993973919,48.05978348910975,25.719988678000703,46.90122996151115
344.8590870833653,47.39168187254417,24.951231330879974,47.557395100121745
345.7619871738959,48.42592283993142,23.97462557635543,48.26667486311641
346.125944700945,49.1769263372895,23.485588742576848,48.42954897859159
347.3236484999266,50.21936883130226,23.14837149037783,48.451825989314834
369.27364382675864,24.22121946506036,23.11953943656732,48.45535738781427
366.4273778030312,25.84052195544943,23.2624088939953,48.213389274559326
363.66353280259193,23.702421194738495,23.287174929419777,48.141631277548576
356.0797749207832,22.191165505303868,23.37633871854983,47.96946649560545
352.71157155728395,10.244649594588044,23.134087246238057,48.507548365865226
349.56497949724366,1.0732345751231485,23.3221454622354,48.540027986704196
347.0609419695482,2.64792353887875,23.25057345341735,48.494454647510864
346.82264578842694,16.929196904313642,22.8826726649488,48.628200793838346
372.01462171440556,7.290489193470133,25.338884997561923,46.68577902680466
369.4720968478167,7.102065410970599,27.631958755702918,44.92392562973708
366.2571897471343,8.476132823723695,29.326877727728135,43.5663209136364
361.88365899918983,7.016458548336612,30.28553809675559,42.87746772223833
356.35891295145694,6.425512133516268,31.274523371542582,42.345881390616505
353.9315362992749,9.994253680118664,32.23011009189175,42.04598708449057
354.2397059442359,11.914719728875305,32.411561090895056,42.250803220772454
373.42515967196437,-2.331493149881485,32.86125605243027,41.435396260390526
369.87695352621597,-1.6207149165470547,33.17278770580451,40.94523061565541
366.90953622112835,-1.8404328916074313,33.87086789856029,40.3397374190095
358.4076059796611,-1.3193229869686682,34.86897581801821,39.75143827213508
354.7292470629284,-0.9109336888177175,35.46264071111506,39.43226443338056
354.55254010236047,0.16540615495821953,35.65514216322138,39.34687076038557
356.80182822069185,-0.7431929226216134,35.57573821354593,38.98237202376057
351.07889024007767,0.2619183895251673,35.63893900387587,38.95536842698623
350.37116078732623,1.795378226504134,35.18211540434335,38.89270476308384
348.56556105168517,1.0467795901964685,35.07017606642137,38.91175417135744
347.10097026795944,2.3896990280949773,34.9875704577406,38.91334925361401
342.1991370684278,1.6873515093971214,34.51753614269257,39.17888103531819
351.26442753980956,6.082616460554199,34.313211379738604,39.579184224739876
328.59929671603004,2.851345545101097,34.25069272334258,39.32190603306307
319.15913074245947,9.363420436034573,34.5919183014652,39.08368020902083
355.40554489576823,-0.32100768926383694,35.46529330295308,38.601778860740694
358.9801038687574,0.013681589840601305,35.90555085288537,38.05292116993914
360.4767951331325,-0.40329071826774054,36.36021882309764,37.25362878187573
368.3095653659149,-0.6442384179665552,35.515492490223195,36.73793769254961
370.46949795155797,2.0054230433992544,34.31217800291236,36.8946088989989
372.14752307258954,10.200287261664315,33.27080333038353,37.04301599103323
373.4826789846486,14.667129659804665,32.21398220698713,36.44583326994784
375.7159581680008,19.025313424323887,31.203530741451555,35.84081770776731
378.1218247784191,20.04839888766341,30.806125618912052,35.08817056954041
381.18361459756835,24.412045100934385,30.022994360130117,34.38894668547893
383.79871978390804,24.69865902106015,29.52147794954792,33.997367755273025
386.7057669038851,27.84990090993054,28.883690910979357,33.61346689379201
394.13871261228593,26.999601635626046,28.695643541724014,33.445453272181574
391.47547474621115,21.547916226798897,27.967500915261574,34.37724930651068
400.3744303233647,31.224329649505318,27.813630822355808,34.03947907120526
401.625212435464,31.464085898398004,27.534109635571763,33.42156913310559
406.78517738798286,32.0863046305246,27.58241817963079,33.04101206474168
408.254566078006,32.78691303425087,27.480349583687875,32.46970380707475
410.72928983974913,31.492771679165948,27.55133262508196,31.881416340166357
411.2988122566322,31.939262669015637,27.483145316187702,31.284668193303126
411.96459524099464,31.954797399046356,27.540450778813437,30.628701134021416
412.8509729166038,32.45001662189746,27.488398910223058,30.00779953519534
413.01473412087495,34.24885741001876,27.281060051502127,29.615969275404787
413.50747786439103,35.82231017046836,26.95235304580838,29.42519092125362
411.35825983529367,37.49369803778598,26.663014350432636,29.448528134082363
409.61300305243105,39.80659086962192,26.435340107167328,29.2909059607059
409.98302355637446,41.985838508118796,26.27616239626611,29.505823102077624
406.747093140629,43.366781204463656,26.097420410221712,29.55686233287729
402.6829432376211,43.299022950962474,25.61077957292698,29.541660255222936
398.8063397716443,46.4266933439837,24.919328225461662,29.42463466998615
395.63987146778544,46.90746914168251,24.360276555744043,29.391665146846528
393.0801901963204,46.88052777542338,24.00575022462009,29.201647654798325
389.2744287820635,48.75809454406381,23.830972393954173,29.16558288315773
383.98728147979523,47.181875122581054,23.89234280415488,28.987606715670967
378.41462684934874,46.775960999967666,23.574129153976045,28.95395606857138
373.666338819207,45.243653203214365,22.83941058230155,29.08441142953405
369.22553732292596,42.64154256657424,22.547322778965206,29.239449334131436
367.4219116442423,41.71289228427587,22.409226398066483,29.447914239701078
362.58992703409234,39.209560393643464,22.281304520343905,29.43577776232941
360.12201479647644,38.973995299923295,22.240013364472276,29.593167755925904
358.407351747063,37.61254808408044,22.17059092242084,29.44449660724358
357.04484198783945,36.16174108884574,22.13653026928289,29.447039142711148
353.6099194515081,34.365327961580874,22.12232735686864,29.547309778954734
352.1761461507793,33.841277094790975,21.9937971360454,29.694964441935934
352.25890908782026,32.98702230054419,21.725887439760715,29.75408380978742
352.1304105747096,33.19716070547377,21.468205808927276,29.816400506502884
351.07220975254745,33.12434528334713,21.092265219593653,29.89735095324563
350.1861437395378,32.44892907901546,20.89965136643965,30.115815274140424
350.00790621717135,33.801565636581216,20.462832875463192,30.509959607052735
349.17784290875255,34.08995273008466,20.28618860015748,30.688038549432747
347.4835909596931,35.322858945870756,20.025548087189296,30.791738246690517
348.53943951256895,37.24673351900316,19.788923222267123,30.70904428002166
346.67113146598615,39.28888948795984,19.75940314599918,30.522287931784195
342.9898701402455,43.14147639163622,19.635631051081496,30.280013809337444
342.36349418160074,47.00584120163916,19.45802873081461,29.842795724976106
341.5541588677973,50.612190334448066,19.394656044441348,29.447917531532358
339.8713015343317,52.28690566421879,19.611035327003663,28.826146812710505
338.6443468153941,56.66941304413895,20.017499229219034,27.814979651899733
346.2304731504985,66.4930143526274,19.08088040910799,28.637167904063457
349.99729873111403,73.5410397513095,18.487245040723515,29.43630543830327
349.9449664208292,74.93133087651415,18.422026529312312,29.49342379328641
350.02939820694564,73.97966393956315,18.341984956808105,29.38402516139008
350.475613097383,73.33893477161207,18.227184134158648,29.393461011559197
350.6586297125573,72.31630880024362,18.31361542474128,29.29061686970138
350.56161324279003,71.96429587007722,18.152037248581756,29.19938772467451
350.5618012555705,72.95028073471146,18.15855956146165,29.389889766646288
350.748001918689,71.67047578353352,18.097406627091353,29.359237017558687
350.06595883660333,73.30413866151977,17.79875720986473,29.262290661839483
350.47960989813134,74.7022744283691,17.32355492268124,29.45859238940183
349.9351913005676,73.81614445709427,16.917161204646526,29.46135863287768
349.887147644442,75.55387004614109,16.544627918581586,29.61394204645885
349.98177752395287,75.15286710680046,16.19290798142302,29.342770706702918
349.61382006221265,74.21419587926816,16.071596413928958,29.096904162133715
349.77392063982535,73.48201775015674,15.839913162985189,29.088575917754916
349.54809546611534,75.18376698507424,15.318636238085395,29.110056657819833
349.20827609176973,74.64058453932998,15.191720609697603,29.069200680244023
349.1357150712165,74.76230607640255,14.758277947339613,29.244246466229196
348.42191813872785,77.11153629629905,14.136587592575074,29.636117580849046
350.06905396742394,76.26447369476561,13.856909059572578,29.735329539668474
349.5314754195585,75.97265785365823,13.820191694129496,29.636643070886073
348.98322298416184,77.7100269635414,13.768510238895882,29.69285706631445
351.8543118532273,80.11540686849386,13.743776920625809,29.494409573304036
351.69547013087737,81.34918684009168,13.768286873370819,29.465453031292483
350.9263208799426,79.72155145798614,13.769473020008103,29.463672327608077
350.8252654862899,79.7100604272667,13.776257285320868,29.45596295721165
354.26908806625954,64.17975645769319,14.54919609831248,28.81369575902957
352.6306905356147,65.62879488352752,14.8446197568617,28.53825307980047
351.47937686322194,64.52253833256775,15.385324384552721,28.027582788241627
350.2499416362094,61.68472739263269,15.743266531998144,27.56320718581195
351.9985408576775,63.38731367240308,15.889569370800306,27.34434992435161
351.85339023554957,60.39600638486723,16.235546028515685,26.869318129489233
351.7752063977978,62.45924688814578,16.700410715680825,26.029267004981694
351.5200105683816,61.966555791084396,17.055194882781468,25.43840472564712
353.998904102853,59.97297704724451,17.48421477871308,25.011432479287578
353.74672221464203,58.176664023597624,17.693093446044145,24.864020846909106
352.1261671054604,61.068709714105566,17.931861440286323,24.67045366251799
353.430733811684,61.54243645607753,17.934491743583177,24.669253120659324
356.0758726728402,58.656233466960835,17.975441800659212,24.66133750083974
376.8630593841801,52.492094416681766,18.66033427763766,24.33318631062638
366.9889113382829,62.21259516223068,19.432453153855803,24.511455144235597
362.1145158790717,65.29288018472306,19.816495117505287,24.39592046149448
352.19010499486365,71.38513604778768,20.213410681697667,24.25081932649073
353.2116234307522,72.04473709292043,20.467498195754366,24.13211247929774
341.2452554815999,62.05863990856973,20.721299996768963,24.459178597877077
341.83757799039194,62.97838743105512,20.72114959378594,24.459222723171496
342.750501942538,64.5544736424832,20.72015963970442,24.459004712775645
343.07934680740743,64.00298597338703,20.722906957447115,24.46586815731414
347.40307449637805,56.894121070457494,20.341375079566937,25.079105775673195
347.75687917333306,58.820659381081796,19.50147287385117,26.0582988230037
338.6382774002283,56.13296527510892,18.486957898942546,27.161226574286605
337.89781656985645,57.27046744858367,18.43460002153168,27.21372304749701
340.5354983588435,54.14428795264134,18.40436745933522,27.25756115009945
339.7423724774586,54.69575102600429,18.400105635106932,27.26098900155776
338.23019631667904,55.3045603217661,18.400261331910148,27.260969325134244
337.3858456095144,56.75518331765645,18.40023346004567,27.261005882257944
336.23403348893396,57.53382723571105,18.400177996540407,27.261061290701367
335.8009351420826,58.19733591073749,18.398441416927614,27.26451247607175
336.6560965055182,59.21202325422645,18.398172014755946,27.265047876679294
336.2643561306308,60.09773611073903,18.387325445862267,27.276683906436734
335.89978819585326,60.82529930316325,18.382499792838207,27.282232284314127
348.64161201972894,75.99938419180901,17.708178316961877,28.224538352359517
351.1137194186898,80.11643793034855,17.703010378781308,28.354652448156404
353.5632823239975,69.41956817130205,17.74503666396061,29.498269895936904
354.37257333210533,76.09502671799095,18.31207495566731,29.578491794868693
353.37718881147657,77.331184453981,18.52896959487867,29.44877857584879
352.6838803833185,74.85282038145732,18.708915451667792,29.327993979807268
352.8087527989534,75.13950905926362,18.72447295065357,29.323559051829882
352.90715881492804,75.3099630282857,18.729869705907067,29.319761871613487
353.3034191257296,75.56340451416457,18.73151994077973,29.318593614382852
354.03480975763523,75.57790817483153,18.73893933481307,29.313726045660445
354.38551522300907,75.45260870986752,18.739563592740303,29.313260913469954
355.00718036402463,74.38503334569374,18.74033137799279,29.313116250734733
355.30287974669665,72.85023905112537,18.741057790032144,29.313052759335584
354.71551866591335,71.16943920271086,18.741540673759175,29.312954782366994
354.5434808562294,69.6221414550854,18.74161622183986,29.31292981138563
354.7245339601734,68.23043810039381,18.741721300973477,29.312904513932864
335.27567250326996,74.77288071342223,18.84935174651863,29.40558295517339
334.8870692162285,73.53168227269565,18.853389756758865,29.39783010022213
311.27886200146116,67.95188852486322,18.325289720961457,29.48509188940506
301.25117951838564,65.9510553854337,18.213105553811694,30.352449591680223
298.26573554641465,57.162202703184,18.181573072338647,30.352646029788033
298.75808272700993,55.86571636254131,17.983345548077377,29.95798476751567
298.75370508697506,53.46730713016738,17.439161830401677,29.74953990371129
298.61074239750906,48.776054727649495,17.177951856245297,30.249838745612294
299.15130410040484,41.685243246988996,17.18890081812183,30.456853285607604
299.69446262172494,41.78557188113121,17.304274449309766,30.761741216240566
297.289943564258,38.72311909673201,17.40171369110525,31.180187262791645
290.76088002675823,35.316680117229,17.337121001395357,30.878988130580634
281.7929231188028,32.67233636071374,18.10350394877591,31.148525863337703
295.99813280942396,27.684242174681458,18.504358142362705,30.971252779103448
295.92053732792056,26.442054572238273,18.76220508983073,30.710491484584914
289.4136943682523,23.727594992278995,19.237630549267344,30.8148218688687
286.0700247950124,25.22502927339725,18.9548216091994,31.14188323827282
285.7207440008025,23.25939825506344,18.930104734732407,31.20202148419947
282.69179749236133,19.47781567810366,19.74790785827357,30.9664467279933
281.6950614988898,16.805868695290727,20.496454703882165,30.493901541855248
281.7637033203148,16.80905460471144,21.295010773651917,30.155654368962228
281.29065368502904,16.520601363708735,22.036527218920398,29.89790198980737
279.2322487029862,18.690763480556463,21.453689756400813,30.02584996527939
278.9044946728902,15.749434897973122,22.31332006190451,29.642666600050564
276.05668146344647,16.251203815185107,22.47571426872534,29.73496516661231
276.9776001143556,15.637227991083808,22.97857873387491,29.834683262835846
283.00961462724877,15.228704244503778,23.398152231892247,29.8820541302673
277.59497523560293,16.010264362971697,23.137988762071082,29.69010620225328
277.22521669609864,17.104550687816868,23.5937457106743,29.693458839809633
275.33107444460796,17.44105129370452,23.488423074068283,29.773988964818695
279.14578354062644,17.238922294336376,24.192705062084976,29.594321358734728
273.78572528039894,17.325225980681953,24.73706417439797,29.64097363555873
275.32873560968704,19.34611332958885,24.17727146687149,30.22767984899982
274.80824470942645,21.13438899300543,23.450418484792287,30.454436055430815
274.29669308063734,19.777645350812744,22.887396964576602,30.52095139882193
274.681399542426,19.972379350362647,22.767399057173595,30.807419323775314
274.93813023565554,20.572546017086182,23.02263189268798,31.018270778078488
281.6031254217978,21.73084608235556,23.44616916169985,31.223029614367128
275.2653885706609,22.582518454677015,22.37663821004303,32.06343205638498
275.64243145823224,19.98056034378382,21.185407171943705,32.313630092746564
278.5252580490972,25.737051908000055,21.316492996256173,32.51243514180433
275.17644861923856,24.64218511148323,20.5571778807538,32.78695574598453
278.52236137480935,27.181539629178808,20.30225298530439,32.89920711785045
282.13947207819626,30.11113643352511,20.258712082375666,33.10902472055311
275.927188716233,27.14395099611987,19.787717588040582,33.464447097591375
279.2685633106324,30.389047395439903,19.125513405040117,33.95952909066884
280.0405938255735,32.78723534759762,18.599833851560152,34.094741359265996
280.1426858475264,33.27502332714942,18.046277867756746,34.45119617332524
283.2233334138128,40.391376733699005,17.835240990188986,34.2742421144375
283.4352313709752,40.591792060521165,17.659170383805577,34.0541117629172
283.1000459837461,44.35720291763833,17.891985010688316,34.08797348603028
293.4998686816818,45.57027495128617,18.31658277887948,34.02227920968919
286.25907638676,44.258994697667006,18.257469317270456,34.01329321958256
283.326797013861,42.26023561373037,17.834363172779202,34.58231645718849
283.6297371978994,52.29995080753223,17.42943794231276,34.2588923104295
283.6328861534783,53.109774999435075,17.258094620760318,34.02140160999631
283.633144441758,51.771932703521195,17.008620559240303,34.21058450809848
280.4840431211836,60.85048667248573,17.292692608042877,34.557426689187956
294.14124676987836,60.22445087113546,17.850971696761786,34.40928099719551
291.55920806063637,61.08186732686455,18.077381268566093,34.111180039358246
287.9182960101419,63.27398453264445,17.937152032457917,34.09665273534239
288.10009230652497,65.7758895851677,17.676961845668966,33.60442929640304
295.0363903001317,69.99732397320207,18.05905602874359,33.16263340394026
291.9038736843465,73.40551763187571,18.395840854857564,32.87939151429685
291.695741363876,74.6142820118921,19.11581375108954,32.2871330494072
