147.0,110.0,34.0,33.0
148.6224671068245,114.11247440335205,33.25059066962129,33.3399172592749
151.6433904822692,119.78516425418488,33.20383583386245,33.3326456203534
154.58093858167413,120.42427436273513,32.71206187397473,32.75070820726517
158.48532723335038,120.05513997586871,32.43542864029386,32.45307102377603
161.09572599129774,120.28170929402451,32.43378738965795,32.453157433860696
161.4595804242104,122.148704250977,32.412395114141745,32.46446399822719
161.90648798617744,122.26271906669206,32.08789321833803,32.557052251194605
163.05996886626286,122.19842188991973,32.05871842830575,32.56698114051682
163.56807874148998,122.17325621550305,32.05820319044759,32.566972660173526
164.82526069604208,123.34472609602321,31.73371941401859,32.374338647119046
164.62736299147988,116.23178889335297,31.19567931670376,32.98329067391947
165.90780335174716,117.59917290701205,31.18867642667461,32.970843203241934
166.87731448144592,116.19503871980017,31.188533537966492,32.97044773260344
166.71677703077438,113.15787497406038,31.188466659886792,32.97050402199561
168.1385627870737,111.53660786199623,31.188563846552672,32.97029833027615
170.74935757388894,110.70950200774406,31.18840981979721,32.96994732706477
172.38391717005322,109.75182661015351,31.188256587017605,32.96975802310188
171.6036499806891,107.95000187119606,31.18818341321742,32.96957430246943
171.463746203444,107.29099742957155,31.188185575680755,32.969511581943436
173.76131009555007,105.95202597124637,31.188270251032822,32.96926474410771
174.98990074072756,104.29982790857719,31.18830522349521,32.96871849998501
178.91595590517636,103.08834226940371,31.188533685491176,32.96841263866827
180.01170676181943,101.64813468982234,31.18997459152874,32.966319758356526
181.06921953654643,99.74133171289682,31.190724388830745,32.96306289062857
183.24071803376845,99.26716644238866,31.190903759285398,32.96277472160387
186.10489080075558,98.46721842300539,31.191794351257165,32.961764030672214
187.92670090752458,97.54479065336997,31.196842188485153,32.95718197552931
188.80508938918405,97.05741482464184,31.22676678518666,32.92810761083743
184.48464665853328,96.95670173055728,31.10438949776993,33.08338213489851
185.18196835820063,95.30269823827057,30.852745866692352,33.34760783895437
185.6456989488764,95.86484391059042,30.81148231193155,33.38702124723671
186.29626005271268,96.85340728068877,30.78277848404261,33.4134471822872
186.82035567294258,99.9826768027172,30.707858792330835,33.50187678904823
190.65782250315925,92.17057322251685,30.18659162817435,34.03638229692205
189.96689597056465,94.4457001346557,30.110551917828015,34.106397294360676
190.0350992770591,94.09868017572654,30.104563516060818,34.11221563838934
190.3265841676533,91.6236978598022,30.082113072526518,34.13373540787228
190.5846825429365,90.76688528147156,30.065178923097303,34.15134949809679
190.95330854394064,91.68810397292822,29.24483318104297,35.02265389451087
190.93900789678045,85.94493109340767,28.625895396174027,35.585715122912326
191.93955494151083,95.96089377166832,27.740433006275357,36.535887392123435
191.7374846676363,103.77801414134748,27.387946769222907,37.030764618463365
191.8960265114353,107.60046386922744,27.338064326455974,37.092659901473
191.58811214318413,109.35916873376344,27.316740271935092,37.119381212974105
192.2189260518664,111.29220564084517,27.147642705119907,37.31503301526573
192.58898062092183,107.75190507478811,26.842762659845366,37.659099075053184
193.5179748195372,104.24450964743487,26.046965868182593,38.11620455454605
193.56291188075897,101.61078115368227,25.940034176041532,38.18692377578537
193.29217639611645,102.33857050035868,25.919505407110197,38.20062556377103
193.21574913180365,103.03133284023913,25.917457626556473,38.20206174807722
193.29082078598447,102.89860071415565,25.915933418646347,38.20307571838574
192.87776234490283,102.3553834608569,25.91412616846249,38.20467755667881
192.8457456383245,100.4281724370441,25.913855967419977,38.20464842480002
192.5562734741794,99.19786957189274,25.9140275720354,38.20409015745257
193.47320131069964,98.49314988304015,25.91437824169208,38.20320698819884
191.65609070393526,98.91375485324828,25.91567585216297,38.20005492341583
192.1931774231972,98.86731641603039,25.916196808704424,38.198975208152795
192.28592241675764,99.32027861409094,25.9170387344587,38.19617937638948
191.8385505507758,98.75383196727363,25.917170034896166,38.19545729545897
190.99711423704332,97.36419558497948,25.917433581092816,38.192927405780885
191.1536297297528,96.77663655540842,25.917840117131536,38.19149805681909
150.12094545194608,116.51522806154549,26.19443608973719,38.40792618956449
151.73945572651542,114.12061699089631,26.209437568567854,38.332270153219994
152.31152489412452,112.5514198277301,26.211498698147643,38.32842204791181
153.32315431261293,111.91426335116685,26.213355351130517,38.32414658684611
153.6824319419356,113.26953403370746,26.214282752778782,38.322373589532205
152.23605352175602,113.03210510901859,26.26677789536875,38.21076250389715
152.39085963568897,112.70044938376091,26.268967399089348,38.20783493120386
152.83148522269352,112.7123249818754,26.271574726991368,38.20472292728787
127.10182008206723,72.57906672889918,26.028790903019328,38.1403068160528
125.33151964962761,75.8977918567225,26.065179388443024,38.17343408649866
122.26448474262084,79.09387793205033,26.066377097811802,38.171618953360124
122.00466205538663,82.66885676037974,26.066399609941175,38.17158795914636
123.3737650552683,82.6076412785219,26.066467469201907,38.17153221231364
126.5084045807434,81.43456785122854,26.066570418221183,38.171442837957485
128.32543521669726,80.43982900528343,26.066813908200043,38.1712521605545
129.63086824486817,79.01925183370746,26.06703278990758,38.17106929972695
133.84500515753433,78.75071248230147,26.067076988256897,38.1710247396567
137.4431107555251,78.43412681859684,26.067270726204757,38.17071152469611
139.46947436623725,75.5487001280344,26.06730982787005,38.17065559643379
143.40049646515686,75.15693685045609,26.067357648158296,38.170613530908646
146.21918406482806,75.33762526379634,26.067373062371804,38.17058968436502
149.092853956583,75.30925639073371,26.067602839866524,38.170229991767435
152.39526933502674,75.66130367283542,26.06792039840879,38.169924780934686
151.58643838616186,74.72447471292242,26.075725690608763,38.163734816582505
153.78599816898225,74.3269854132046,26.078022426695284,38.16181141511409
154.87299474635853,73.75049741470798,26.079176566940852,38.16061928314001
156.30798770965265,73.5593689336971,26.07942679872362,38.16032144584348
157.56250391928816,73.56953373360435,26.080985409573447,38.15807456159991
157.92868076796364,71.92101138510421,26.084614726329217,38.153947240549016
158.45661267535283,71.16623012417486,26.089077964620916,38.148131525637105
157.6063501182204,69.92085635443335,26.08982011131833,38.14587212046373
156.60063867307903,68.07353712795984,26.08996127285657,38.14545246603468
154.13436649482472,67.2579355466212,26.09185444146847,38.14344473126627
151.52058844582302,67.14186990271702,26.093485570752335,38.142198800828176
149.60458417049054,67.23801744749713,26.09422795663769,38.14163677353526
149.5570284518666,66.06048103521806,26.095294864983963,38.14027477601088
149.36233486317914,66.36909924849078,26.095665324686557,38.13972046168237
150.87955857970002,68.04175282883683,26.095947372388203,38.13933202886502
152.05669851010938,69.64063090530999,26.096275570498893,38.13883577887282
153.88274651461768,71.09814338887493,26.099033859120265,38.13558711598793
156.77646566209518,70.45772344359634,26.10257781056421,38.131830920996734
157.0279673151961,71.99967208864071,26.104088960157615,38.12931352134987
157.87305333705018,71.19576770365313,26.105403155882758,38.12666522860378
158.83240809433454,70.02002684849293,26.105696889528755,38.126280932072966
160.1824715561992,68.40146787792851,26.10949939008533,38.1231749886193
160.3711936881505,66.70269302537841,26.115120081655686,38.11839191097414
166.90618232471692,62.84328932508437,27.059330621328023,37.279162507363004
167.39769159803754,61.75921028017138,27.390018591906298,36.95698799373439
164.05705823042402,60.45819220917828,27.403614123520075,36.943421404015886
160.11327594734382,59.51863146670472,27.414327607832334,36.933064920747064
158.20770261541261,58.572670278354934,27.622306737820235,36.736440306098366
122.84939233116971,91.71769919397569,28.182189025056033,37.261651945071684
126.24922535211685,93.65420724830568,27.874831599799922,37.13770314293026
126.36000445213809,94.31703817658226,27.873737674044694,37.13845885172289
125.99988698794583,95.09505172606528,27.871980765404505,37.13939030893206
126.21618835672024,96.69364767712248,27.87302592867546,37.137852322222926
124.43553742848688,96.5992768217202,27.25920218623472,36.67132619836412
124.11464196169982,97.90237785679275,27.259156118961993,36.671447847243655
124.43809684513633,97.75454681701304,27.2592772420769,36.67110959516285
124.35627663357194,98.34533130489731,27.259708569608428,36.67037789299201
124.30703433840233,98.57652121797946,27.259864740917905,36.67013481228059
124.33784211424445,97.91733875441408,27.262925325012098,36.66750333571721
123.95852620890828,97.2479914418351,27.268149836165865,36.663053663275385
123.65829217771898,98.13513635947555,27.269311851581737,36.66163222284616
123.15440986104434,97.5382495859987,27.270626070273394,36.66043838069311
122.65517451574215,96.79587537356186,27.272535591253458,36.65870382769966
122.2597373051257,96.11379803364026,27.273703782322805,36.657678015141734
122.16779270815961,97.28892905410882,27.274216053051507,36.656972181861484
122.02134061795495,96.40536133509573,27.2754629346575,36.655860849982545
121.63238576417572,95.60121692597781,27.277131876167505,36.654337289335054
121.5360305660606,94.9487258430511,27.278529258963353,36.653071267169686
121.58015274644592,94.17935961862636,27.280975578040923,36.650912426308125
121.75418350824248,93.44801743686351,27.283013647848737,36.64907073259051
121.65965772127838,92.86450967987517,27.284552347173683,36.64766450126688
121.5701522209572,92.39911774648327,27.28611394262272,36.64627058599197
121.44352353998659,92.03823963866886,27.287691019825374,36.64492011932024
120.51962630758568,92.77672885886003,27.28824730160564,36.64419757264517
119.87590715806195,93.63847796371522,27.288837413206526,36.643401389301964
160.55226988393161,84.16821040734585,28.53945211039295,35.96762447506316
160.18105880672465,87.27287062388561,28.65318497571387,35.984948557974846
161.65841144756072,85.45075197831007,28.65325312009762,35.98431437581356
161.86247405083188,82.45830143302231,28.654236105283918,35.98193938911857
162.17470243586973,83.1980775978572,28.6545014583543,35.98115171265465
162.32127459820924,84.35999360923373,28.654812287378938,35.980816508444086
161.87538184763307,86.53856875858341,28.65436465521526,35.981195849942466
162.16503612143848,86.60525841086954,28.654729695880363,35.98061412930787
162.50744282098756,86.80385624934534,28.655158353628796,35.980020308111115
162.69933002260203,86.71645305702117,28.655645469116696,35.97903779846375
163.23586571789784,87.296923133261,28.65731746860839,35.977195317492885
164.63942122464624,87.99140797886936,28.65783341777333,35.97613217763725
165.60052888091653,89.63232093370098,28.655276050865663,35.979025019881355
166.9231149034324,88.8040933979228,28.655455892583177,35.978440806731605
169.3378413317371,87.10726772207474,28.657312354516232,35.975326926341545
170.45813001868368,86.03736234061421,28.657819079439047,35.97396766439079
172.27750177655545,85.13639184218925,28.658692529943025,35.97224481141008
177.37083627461996,85.89626826764199,28.6701941957403,35.958887062051836
182.12815951110684,87.06449962709561,28.673636063525834,35.955407360112346
184.3330931692372,88.0578578929692,28.673640325481625,35.95539279369724
185.31357267792123,88.28327490282925,28.673791900002044,35.95516234849153
183.56241233640017,87.22826479241797,28.673847368124108,35.95509970455271
182.49048856693273,86.80632078767876,28.67504477964807,35.95346918461601
182.67786550611277,86.56658463149503,28.675805497988687,35.95272380174724
183.77283067766814,87.3566647622939,28.67623403205991,35.95230036895352
185.15294932831708,88.51580805070768,28.676427543597757,35.95211543664198
185.19063526498448,89.56997070055651,28.6761767004744,35.95226010001804
184.47766343614026,91.01192773877108,28.676205832177118,35.952192783385044
184.7262286066291,93.59023697556061,28.676238131294237,35.952126147727114
184.77959064083635,96.48100991262389,28.67644279885114,35.95161092850779
188.20990951747066,98.70543554465203,28.67681988856958,35.94988939086142
190.00460784944406,99.41613952395078,28.677958865339335,35.94843585139998
191.62922965708063,98.82909636860046,28.67832495885224,35.94808010925941
191.46177053513077,97.10310575958947,28.679875109976596,35.94663353568595
191.58310375572714,95.77401551505686,28.68147197504396,35.945220919434995
191.8303763024961,95.1662995591374,28.681546072198962,35.94503612824048
158.0816391289902,115.07303368583428,29.143772616476397,35.33653155892877
158.86265730550437,116.54287678988626,29.143102940732277,35.33710647638936
158.76160945784537,116.52385274867758,29.143297155494718,35.336604178189326
158.22490825922097,116.95838841616644,29.143145871369924,35.33670970783563
157.55136614347427,115.57305427880468,29.14185740503316,35.337727284851056
158.18140549080587,115.18417834951751,29.142216556553716,35.336942764088064
158.01373936189816,114.84167447613862,29.141960776401447,35.3370775855643
159.0976936131271,114.88897639368972,29.14283021660104,35.33586745624739
159.4145561533434,114.42751419471948,29.143811096919034,35.334867050454044
159.35559421548692,113.52912207642076,29.14791332457071,35.33077013966684
159.78452272612867,112.66454099303945,29.150148406768515,35.328471258303225
160.2469988178598,113.92048430228239,29.15053937916713,35.32760530021775
161.24632776530706,113.95490957404814,29.15800764966265,35.31737494879679
160.9116975989592,114.46628945904942,29.159430899018687,35.31504777023254
154.70208920830186,97.0415586691073,28.934079237034993,34.309887462909714
155.86841886946118,94.57632124428343,28.93395756577839,34.30889859414317
156.4701949776605,93.38074214169106,28.934206981307252,34.30865217057425
156.78114121127413,92.22882591410905,28.93591994420615,34.30711954013644
156.51186368647848,92.23087827909845,28.941430834385077,34.30296257790606
157.6955516450658,91.46690789443502,28.946345528477543,34.29877835104758
156.97546961779454,91.15642772111575,28.947228715443444,34.29760389296049
156.95023081455955,91.54891461800791,28.94742309107225,34.29723309886336
155.6312573985798,90.71750315201403,28.947465755856484,34.29714318523955
155.72762968510042,89.94951930661175,28.947874251238463,34.29674643989453
153.2603281765058,88.45372275430947,28.948074802607433,34.2964028608443
152.3705990098735,87.02950416606355,28.94874540374768,34.29518393229463
153.63313417166094,87.46292336211206,28.95002629362802,34.293306091459506
152.58934999256527,90.36273687757006,28.950043534875988,34.29318095644804
153.84577582148935,91.05603905576164,28.950407657285982,34.29246219634022
154.40626945958127,95.3237535661122,28.950438075575477,34.292357272318775
155.33361224066843,95.8134175788654,28.950730121128156,34.2915561966949
153.67268807507426,97.5333516748068,28.95076415368675,34.29152879842174
154.70416526068192,96.18085514988155,28.950854568924704,34.29120911939036
155.98332975849692,95.46841937143012,28.95093073419863,34.291033993935464
157.6444782144724,96.07430587057826,28.950933302685858,34.29102735782942
158.16993757952926,96.2729717728725,28.95095735115948,34.29098876327053
158.24950178840749,98.19290482535625,28.950510400578562,34.291275875618716
158.86571330307032,100.23891472038537,28.950554188155003,34.291221284077324
159.6613730874087,101.03341121912047,28.951035070756966,34.29089651380287
161.59351324176075,100.80410771423703,28.951241456388804,34.29072099969925
160.9253184650076,103.16063715541776,28.951446150619276,34.28972733721697
162.11037765738755,100.24825389160856,28.951416104711335,34.28936387902603
163.33990719451685,99.37630030457507,28.951374068798003,34.28906939293678
165.21371938493908,98.75613009130805,28.951468022151584,34.288524323331266
165.35905577717506,99.51744698798058,28.951629187722332,34.28766243779263
165.0244451766385,98.49340875686488,28.951632027417748,34.28762603076131
162.64248600607488,98.24195255223685,28.953498786208566,34.28488094594924
162.43279494716273,100.07628087155267,28.953443316771658,34.2838096802424
164.85920231067053,99.95908304982898,28.95332548535544,34.2832955359157
166.70675833065246,101.14406292739504,28.95333854838837,34.282921294852166
167.41317909193623,101.5067345019122,28.9533340543243,34.28182685311231
169.12110966484323,102.31342935692737,28.954192821992915,34.27995278429444
170.1335229213047,103.03033074508751,28.954782683276544,34.2787130744567
170.39853910678966,103.30001597499057,28.955195947625405,34.27722351217256
170.3024922097719,103.70105501769113,28.955458316828537,34.276401785394945
172.96143383901216,104.52160887566073,28.96717157781822,34.26559733311998
175.33321467183015,104.79949711443474,28.967916953350493,34.26458381505224
179.35761653055994,105.77816293964503,28.97349842113258,34.25928198888859
182.6121816281585,106.53872376871517,28.983028294447436,34.24779649445984
186.07115453351204,106.90446297630126,29.000638895483544,34.23050677424156
188.64783539768828,107.33410361850687,29.002357962419126,34.22862608597218
191.4118898540897,107.09536575721496,29.004268809748087,34.226189259298714
193.25418972813213,106.98527822940211,29.00548248863472,34.22419871545903
194.50494190337577,109.1845436076895,29.005461340128,34.22371159139158
195.96489772389933,110.6802102027405,29.00564156652781,34.22261229945243
197.2260248477331,111.41609251971009,29.005805579434615,34.22088548346827
198.44225277380517,111.6616248221583,29.005878223079034,34.219674022263845
200.04199225112657,111.27075882290441,29.00703136377314,34.21816117252028
201.69901339314794,111.98338814770506,29.007770745532433,34.21730452143892
204.06449940911307,110.86017241664628,29.014550197519398,34.20755808133479
205.5433598136974,110.38985708215391,29.030841047972885,34.18271855550293
207.37032935222038,114.44138864066085,29.262161599222846,33.92831876856718
205.33475434518348,109.87256402893445,29.530687626098747,33.620474293899875
207.51582448330538,109.61341235894102,29.77597160904078,33.34217574236909
208.61154829546487,108.80736859859299,29.79592663936961,33.323333793002895
209.98970277040297,107.95854573285095,29.805786283853745,33.31430101477474
209.4766149378775,107.06239199471217,29.80961664441557,33.31042156707158
210.6676107097334,102.75278414023411,30.135190169902366,32.82127221712879
211.01836706392447,102.62636200772295,30.15214112080672,32.80135176957902
207.48382923403605,108.96867435611281,29.497634035985197,33.18654080113179
209.56886589847986,108.90930761961152,29.497628017430845,33.18468448140596
210.27937699416347,108.36317369865205,29.4972180420594,33.18304997385286
210.77939509202412,107.34575735551188,29.50031180544452,33.178524521095106
210.4597975139778,108.05311429512965,29.500469769669337,33.17715848216872
211.02450820429803,109.56061206421712,29.502650437902798,33.17114274135704
210.9482999856563,110.48138223176,29.50365566965612,33.1696300962051
210.82662904885137,109.95476480007672,29.504510485222454,33.16869292053965
210.3947215163968,110.2506368132296,29.50651802497368,33.16668952819842
211.70930561793196,111.07062459250533,29.507063834049333,33.16549337142615
214.87696630798814,110.99935891375489,29.51066781557028,33.16195362273156
220.16534832630308,101.26794710140882,29.381899918466768,33.014147212023325
220.4106862155986,101.25774422932032,29.330000066704166,33.06030330268212
220.80990532437664,104.7619150240226,29.31638544562556,33.071784310781226
220.5445001136123,108.07745066827484,29.279079679104942,33.108507726714016
216.85665704231374,107.13090328471978,29.174735285050424,33.15654750973142
212.97938177195934,108.17014073180994,29.090038122206995,33.237649508403884
214.4051456660902,109.46198779085006,29.05368729775144,33.24890535103224
213.5984528016744,109.16193381336754,29.05508388607247,33.24551347622817
214.29328834307012,107.76847891857972,29.05566515504185,33.24459362827632
215.72335137482986,107.11796427021052,29.055746172363474,33.244527081699594
218.80754332770306,106.45525097667289,29.05583121879604,33.244466412724755
221.2919575348516,106.07967800801877,29.05645327828434,33.243979957626514
224.11035074161512,106.33327587630215,29.057633020763145,33.24292099607655
226.19565236702536,106.92475705652689,29.059213283584032,33.241420804320626
229.19051455328656,106.21710753820344,29.060213474660248,33.24055019756542
232.96281046489017,105.75315765680908,29.062106121820484,33.23910041869002
236.54020967652062,104.88642976730189,29.063029839825433,33.23841055637749
239.88804479465716,103.47554198185213,29.065306152014266,33.237002352328886
240.4979821246808,103.27273355579334,29.066545292969536,33.23577187649886
241.7899986333519,104.20603876139171,29.066855232170266,33.23538217796384
244.64234729128034,104.96180784858828,29.0675583832323,33.234400343788295
247.35999709122837,105.29112486266737,29.067730794902435,33.23389094131296
249.81863824830367,106.57954096516954,29.067758718636348,33.233531972392605
253.05103970048486,107.45554967154575,29.06784963217556,33.23312495793272
255.80037940161475,108.33583092839186,29.06781696606084,33.232710015804244
257.2210220098829,109.26006660043136,29.067885881223134,33.23141367382331
257.6608982535915,109.91758877273311,29.067918573897824,33.23042417598342
258.7536114855893,110.49631106958981,29.06779317534716,33.22972835393751
259.1016791318855,110.84475044525429,29.067646478240476,33.22908716669546
259.50557579150893,111.2872074220063,29.067489241165973,33.228570004649555
259.44956913553534,111.84832931337996,29.067326425381324,33.227761029679655
259.4255374351574,112.51136807158674,29.067192254949017,33.22704583798073
259.7829295330254,114.04014419266278,29.066931076619454,33.22634832071269
257.71336129339534,113.34405633204938,29.09063720080763,33.20619901733471
255.49981910462026,113.9010470212014,29.090947076557185,33.205851390899845
255.9216108558068,113.71635491563092,29.092086679614734,33.20366030611571
256.4724473606539,114.71757869371092,29.092015389776783,33.202852354524175
256.9510325414122,116.63026703702708,29.091702113488125,33.20128052323852
257.99924083778643,116.65632320817016,29.094773063845757,33.19631061954287
257.4816163818263,118.22407589770847,29.096112416516085,33.194211641146815
255.38891639337578,117.74859773726907,29.097102298202337,33.1930455717554
256.10980565736827,117.77409208749964,29.09788825767463,33.19184819617794
256.4392816679923,118.22129063748103,29.097970548197942,33.19119425360194
256.9599856534571,118.96369502383791,29.098041091939674,33.190790044791996
256.2514280639813,120.4932908749005,29.10121917906398,33.18727265716573
254.5319859678888,121.05224034018994,29.101617510424298,33.18682074521017
254.80294497527672,123.79575025319042,29.10249700150402,33.18592162004542
