40.0,199.0,61.0,103.0
40.191553196277766,197.5704496416875,60.50751860744447,105.026908340369
39.83219040612403,197.5799317550033,60.71526936332338,106.44746232700955
38.60386654536531,196.7930026138388,60.84847700992018,107.81535723615428
38.91536149433608,193.78008708236283,60.965479194097604,108.22503219787943
38.07115480701508,194.76671321840172,60.35216622749207,108.04974163768517
38.871469520801185,191.25229505449005,60.38787098075175,108.27034232021433
37.934552474318195,194.53894697175565,60.67400673330178,108.29966147152301
38.82077470855347,189.16694757476614,60.578037551315,108.11246596008208
39.169545180386024,187.29249531262988,60.57600967727956,108.10807601642858
41.10432238468941,192.45306605309128,60.56238631229766,108.10863081693888
40.01859132838487,186.63419076087484,60.562075229640016,108.10862696106415
38.93601760474611,182.92451210298577,60.52711486403607,108.0970312510244
39.43966208054225,182.35407369859482,60.447730697123205,108.0932859723277
38.583373306110616,178.12531481743767,60.40325069841719,108.0912748116073
37.992681943796285,175.6286864618545,60.401931358531705,108.09266827204125
37.89071630502273,166.0655796066752,60.39222245286844,108.09890212400143
38.10268258757227,161.85501906373645,60.39049083576931,108.10111127597996
39.88025250920016,154.696854021229,60.385334255529266,108.10837935690552
41.034625882655575,150.56288974873905,60.38342697471342,108.11273330166568
42.21353956338573,146.2835005833707,60.37958492285394,108.11990545411865
45.012762437954706,142.67908492078877,60.378373422830975,108.12295150477696
44.62976051793103,135.909349934908,60.37783661632528,108.12419058054238
46.565071993221125,127.66419023698046,60.37743909528002,108.12517014790627
47.64271868994957,119.21359873154765,60.37735834258545,108.12538269978751
50.12702763431314,109.63361498070842,60.37700074209684,108.12634026799428
54.01125913167071,102.37946247978769,60.37693031024791,108.1264694199212
56.76740925139871,97.90230086680137,60.37686285124845,108.1266424460037
60.79559117465699,93.53563384322727,60.376855434785604,108.12668486717533
62.209103452113396,87.38353220133361,60.376840557759756,108.1267900216902
64.34785782095202,85.3619179112523,60.377009832930426,108.12669889970435
65.6670580347573,82.29343416715335,60.37693819598449,108.12680220256902
66.08250004235005,79.02230090199168,60.3769066297393,108.12684718671927
66.11427020266304,77.46422209689112,60.37680640847187,108.12696838182028
67.31159832493293,76.79468550257238,60.37673338918234,108.12704146459994
69.14298211443636,78.18913005938086,60.37622920357758,108.1274756809085
70.63427172618472,78.34463593123941,60.37612192298247,108.12756623807374
73.84186034140787,81.95157614513062,60.376004259033984,108.12764645787432
75.32208297810773,83.58920795476567,60.37583058254282,108.12777250992993
77.65685529578006,86.80139610659523,60.375751965874905,108.12783420599614
79.06965882991099,85.20275696108781,60.375672088775175,108.12791196028306
81.23268864259607,88.73536032139297,60.375599802424766,108.12797375621327
82.53978871391763,89.73080290611344,60.375436935096,108.12798183151567
83.31070021432872,94.96307765422489,60.37534564947614,108.12806055489727
85.14968048996661,93.36513929782313,60.375100399714015,108.12833175126708
86.41629142214987,98.99586616113152,60.37503135402733,108.12839554936954
87.4586481018156,102.01351863848723,60.37494037781354,108.1285286554186
88.87306771760936,105.36201035518408,60.37481337118635,108.12873312256814
89.80180517278893,107.39381665433021,60.374610370540935,108.12917405973728
89.98185136554106,111.60912871064434,60.374509535482254,108.12936659749964
89.61963823322208,111.85020960796058,60.374150829836694,108.13014687740446
89.86706388942702,115.18453818185841,60.3740250130037,108.13040643187928
90.05939223631394,115.23066393592738,60.37369385333513,108.1311145810528
90.47689892975242,120.10670093567418,60.37358585242925,108.13134656605627
91.24037943612747,119.84543428319685,60.37339245118276,108.13173150026812
91.60537525874454,123.3418673654902,60.373240726946236,108.13204656431913
92.47621853619407,124.2220219545651,60.373079106815865,108.13230815071095
92.87552204945544,128.91218204097873,60.372968743863524,108.13255362119423
93.96835867481711,131.31932359673831,60.372756060614535,108.13285953326515
95.02636020234203,134.8484641308689,60.37252668339061,108.13325566150665
96.32353638339089,138.16809087159297,60.372268597721124,108.13352091785153
98.07974757306943,141.6579353130387,60.37206421686871,108.13380582798985
100.00433232373406,144.073034169207,60.37181243824145,108.13402050350109
102.42137662849066,145.76714697180205,60.37149458068136,108.1344789326586
103.75227746776906,148.2088722904457,60.37131041959589,108.13466763100361
106.08570120776747,149.15665278272175,60.370944911339784,108.13526105013803
107.72348381844168,150.91559250266434,60.37072310811272,108.13557199416397
110.26962227660663,152.23805500862187,60.37044572257505,108.13603439336646
111.5284984039667,153.8685229556174,60.37035432410186,108.13616851242165
113.79795091344934,155.63439678364585,60.3700826516942,108.13668270481449
114.86604950419598,156.53988593575286,60.37000698166024,108.13679391628648
117.04040769813122,157.05900119729174,60.36987143103953,108.13705607280468
118.07464557338625,156.69031078735665,60.369768883807076,108.13721594970075
119.74164218249643,156.76548871383045,60.369621519392254,108.13748636871625
120.51101261574202,156.33006737918257,60.36951125764503,108.13764942108395
121.9511519096416,156.223746230678,60.3693605766452,108.13797089859598
123.2298555047974,155.9447495780898,60.36926873591243,108.13810120671731
124.89607036575894,155.83436374923406,60.36917090981759,108.13828444856766
125.8973895456708,155.42473923602873,60.36909078134763,108.13840090852632
127.48056266373827,154.37581986699664,60.36900502609345,108.13856289259269
45.914628195325676,195.7684114614687,64.15070001272332,104.07940051663685
42.774162225584995,197.232308447841,67.79819312659738,100.15449814402422
44.28809848735746,196.6939697689924,67.80149693171151,100.14464124001796
42.69569804650282,196.57137268127084,67.97560617065956,99.91846042690514
45.71712898648359,202.3734157655499,67.97274091469095,99.91705541832019
41.175346590200874,196.4918969146676,68.21730119065481,99.57634861324887
43.09681241004407,198.1886184812621,68.2192467940104,99.57137422243042
42.52445570897633,197.0379176206707,68.4271067873324,99.3014315680029
43.03384453009589,198.1635865287916,68.42778827347311,99.29982457718528
42.324642092642605,196.7524648425589,68.74370236564195,98.90192677724163
44.106377362563535,199.65066698145102,68.74474550911918,98.89790617026429
42.7950658944303,198.29937436279067,68.85335968493338,98.77270424671158
42.37287620507978,198.66273899734932,68.85557657374338,98.76803291617003
41.74756308161486,197.35493583976694,68.93572423829102,98.66221751273739
41.18593543766798,197.8905089165722,68.93909050526497,98.6551017679861
40.901010325395276,197.04112267934863,69.04428366155781,98.49784675849313
43.56879746912845,198.79601673705335,69.04737867417082,98.48940785382281
42.041915874762246,196.57053248251316,69.23141878131447,98.22149714003334
43.16393288095912,198.15742042077474,69.23248121400434,98.21778881226196
42.02325592205935,197.86709546349107,69.38112252918853,97.99996405737284
42.54869340479183,197.5547450770251,69.38379804551984,97.9928695431725
41.85274022045548,197.66383942178598,69.54395785981784,97.78024345526175
41.27411604635116,197.01662830221545,69.54760468081243,97.77314498917976
41.51469978075487,196.9608065360527,69.84243508912598,97.33250183699215
41.06109633845907,195.70688457875906,69.8517488429383,97.31345356636822
41.11563950895417,197.79203074392922,70.07485358180308,96.97208183882641
40.84967962428962,195.85466147399407,70.07969072908094,96.96322395840862
41.318514677227704,197.57409691134518,70.39547495078808,96.50091701421783
40.877267699310956,196.22804925064426,70.40074827597583,96.49084124835467
40.78884921019244,197.70264687688294,70.57273811881805,96.22145747353848
39.94105386266964,195.29313679912354,70.57759144718732,96.21376788174277
40.61331136817043,197.05086038450247,70.76740573134413,95.86448844703838
40.746544468652665,196.64659518522245,70.77172215009439,95.85616120962356
40.662117041228456,198.3705695634401,71.07566819051257,95.36191824084695
40.088522416695156,195.18544888454917,71.07982000118653,95.35482977227385
39.80413954619325,197.72396224446118,71.36309552736567,94.93718634941638
40.26323160376074,195.63066488274717,71.37277441405412,94.91824852203263
40.33117334964341,198.49576182299847,71.48672179410923,94.74242218379686
39.867984646640096,195.10780811109754,71.48909083067005,94.7378353944945
38.86687131623981,204.20720720037932,73.26684261435156,93.77447079442214
37.90233278111703,201.25127562536017,75.05559859377966,91.99773817267089
37.90271366071973,197.9787093320952,75.06171685948796,91.98236441535924
38.77927678843817,199.6856152556322,75.17272157786701,91.7630306032584
37.75993542059267,195.71684314767157,75.17603563260403,91.7526015678369
37.726911605104206,204.37683924741822,76.10883958358065,91.45240001775767
37.03048880488166,201.55756457426935,77.37248795905111,90.38055402790425
35.220627320190886,197.41136646119523,77.37609058999271,90.36986492690409
37.22296926817117,199.85940156477398,77.37875952301164,90.31355788426688
35.86205424265415,196.01750860036938,77.38317304915859,90.29693630804066
38.031525430299546,199.88378534733008,78.04219553287659,89.36066129083436
36.03402650921767,200.78807082854706,79.18366725962287,87.61792541689178
34.301786039457056,197.57816484306036,79.18711223227092,87.59901620790305
36.4982445540728,201.32190946450044,79.18810608789661,87.54322099578464
34.931388569387764,198.32255701262102,79.19075721856734,87.525181285896
35.82711315610822,202.1108836043951,79.53602536461496,86.5260422739482
36.02518992290701,202.19058359764188,79.78644537456596,85.37074106045722
34.96951784072092,198.27529369670245,79.7886078964058,85.35653660253995
36.51624894010295,205.42459990921887,79.7286275339607,85.36231413112039
35.93754740017229,201.72812301342697,79.72823184673217,85.35385352832557
36.18356092694925,203.63504725811063,80.21016328545731,84.61620147107186
35.739421366175826,202.99717090706676,80.44557997738532,84.02159701735972
35.008101287248095,199.51083467251865,80.44646378663086,84.01490413764004
35.88385466592648,202.5474450140903,80.86344910805522,83.29167668340911
35.2644871590896,202.86443285985706,81.0945437599431,82.69420092055864
33.835457567592805,200.06098873229644,81.09443505620267,82.6830104670312
35.67919740117477,206.44203076276438,81.05172744180364,82.73619682998446
34.74601577506437,202.13108083562102,81.04911290891395,82.72055395966179
36.12613595489832,204.45924514936397,81.17591697902512,82.32270492736023
35.586003316816964,203.83156598513673,81.21386832181533,82.07229829457204
33.878262310720984,199.45994879029325,81.21381393035128,82.06066989891966
35.31246372352996,206.75156456747112,80.8753266759461,82.84102190932221
35.35522145130522,203.86359398245634,80.71778056435586,82.8361737040466
35.17265740335198,200.1469621522258,80.7190815509255,82.82864337341883
36.06895035650742,203.7972605480218,80.87062809185734,82.36499306925354
35.48359900521811,203.9560112425375,80.9717160264077,81.95190437449756
34.57905823203018,200.56135360041534,80.97110721652899,81.9362508248185
35.50242441709704,203.7887443010237,80.81938479321839,81.957372457812
34.87367753430609,199.67701792316385,80.81939173857934,81.94929502401753
35.60661340389066,206.40176691278705,80.66574689092784,82.15169447519106
34.484445721176016,202.03689643920984,80.66692105488008,82.14348795835625
35.02380523978822,207.2323031110722,80.49805565487415,82.45211652442148
34.384190135478136,202.9819084428233,80.49840729389135,82.4471504364198
35.24163926272143,205.10398081695826,80.42607941580094,82.45131148572679
35.55344653450363,201.34478190721046,80.42622831427603,82.4455908817605
35.77141390111657,203.57905454259043,80.39431856946301,82.41279561862999
34.642651983800235,199.84876566569034,80.39434747764304,82.40956960427218
35.50138835470667,207.6323665787276,80.23865924167428,83.22530616320742
35.774811323858664,204.44658804396295,80.03910963072282,83.32480045426385
36.67638959698172,203.20535992380394,80.03148125792336,83.30676221444875
36.59469644883646,205.1506892653611,79.9677747963928,83.36293141982323
35.29146847340432,202.00300137484936,79.96799142840942,83.35506594794751
35.73760308224605,205.29175171294872,79.94002436908167,83.39874294508866
37.65698449639886,204.31147672985222,79.93306700838164,83.38938407777795
35.743535178604766,205.40009606358348,79.80590532788402,83.6007617337865
38.171932781206266,203.91262721953666,79.79882249450719,83.59591660213222
34.702987053938244,205.86733786857621,79.77224403937527,83.66105675691868
37.503779114338705,204.01226821533436,79.76593293645765,83.65557983720609
34.555345243823666,207.0459268283293,79.7268604118322,83.7345572050273
36.68358634159194,203.8054690194964,79.7256939969353,83.73151457836937
36.24600437341312,206.65443206234806,79.6841150124174,83.75831421593263
37.539108614591,203.03450419585403,79.68157118574706,83.7538543246836
36.39576715631436,204.57835089748272,79.66907311780326,83.72832498964829
37.75084857637872,202.89017190078897,79.66220836956298,83.72074180948232
36.45418407163851,205.09392231731644,79.63640748287946,83.69209334382849
37.0014578699526,201.99170597786548,79.63479175289709,83.68632857399999
36.66480477617734,206.25259827901107,79.62923006391792,83.6813133808885
37.778146156141844,204.68012175591062,79.62461966688869,83.67927231316726
36.72415212315299,205.42959632380138,79.60346330270588,83.68830841164628
36.20690267542282,203.4571464905433,79.60059080114779,83.6852405488656
35.44918407394303,206.12284678824966,79.59511106532563,83.69240816405463
37.681339567074176,205.0229457067812,79.5891664731063,83.6893542631488
36.63433602066034,205.03050740334695,79.57621207721022,83.69098418780555
37.67568490520078,202.84220617774395,79.57102919498541,83.68201706656285
36.18989602231506,204.9353541610085,79.56031788490542,83.66844200915236
39.454621838067624,203.23541413854988,79.55817090275332,83.66614925019083
37.06704897359212,203.87073110272127,79.55507547417258,83.6641116133901
39.12370757974782,201.81488737403265,79.5520182716268,83.6587708343782
36.97868440621537,205.9246653010013,79.54925703965118,83.65724591000628
37.16255574910074,205.15338165526342,79.47632464898543,83.54353518729903
35.604483824330046,203.82503566830934,79.73700141745687,83.04787864283563
36.44945810517166,206.06403750093546,79.73275506047793,83.0473167653031
36.56615081145882,204.9568769671944,79.41428811530606,83.2516235372072
39.12205847077358,211.95281209614308,79.40515586399832,83.25781159840167
37.17178596038974,205.01589691094097,79.26562462896766,83.09488449962865
37.782208037455916,206.89278824150597,79.26160584085551,83.09557027950814
36.99775554483533,205.54171951904982,78.93161079405323,83.45967547878446
37.257331446444695,207.87364802506596,78.92291442038848,83.45676102122601
37.18079800419255,205.49728499985048,78.75697530890392,83.76755343976002
37.784944526932854,207.5446123077237,78.74313371472489,83.76199250916375
36.98072206010439,205.6173943215822,78.58331781178056,83.99555669914386
39.568695973144095,206.45816386922397,78.54730357182176,83.9894698362212
37.46330825095985,204.12280315271767,78.55234333274909,84.00503084214026
40.230022741146634,205.83012610723603,78.51061643214847,84.009254666914
37.2123406544409,204.54377898292688,78.89125553079187,83.49153153043093
36.12186173231235,203.16562256001643,79.2956018085054,83.03088966815251
35.2552321415889,205.01089372255052,79.29420787467977,83.01706557810016
36.79544180514789,205.52087111463726,79.26645568852248,83.08149153981444
38.809374646266875,203.33027225726414,79.25929809039096,83.07508835581802
37.149158927157764,205.10265447397524,79.2471184446248,83.02729290699975
36.99666594388553,202.4706132746827,79.24773552779791,83.01326480143439
36.958146941680404,204.873542543437,79.24358116542932,82.99610064563966
36.341609712762306,200.8376894473983,79.24505521947981,82.98250829950906
36.67617474344421,202.9142292485528,79.17856358155885,82.89479115066074
36.290937732513065,199.9459474145603,79.18296759514324,82.87308760673172
36.372210042002024,207.34335367927605,79.24974996939233,83.5626147913505
35.8818569412061,204.50074994458697,79.34411304945554,83.55783841597156
34.78254935167123,200.12632501494554,79.34638719077505,83.54618927470513
36.32100922133404,204.13518612866028,79.33484254109482,83.53376756912624
35.43188265215877,199.4225203123623,79.33694974438676,83.52342739538672
36.17894528131165,203.21183888936608,79.33307507354438,83.50483071531715
34.633476724610475,199.05364378941758,79.3363568810843,83.49277071227225
36.65790014315942,205.89668456621035,79.27909267605123,83.61634053350363
35.3165175068482,201.38719303812508,79.28240147627682,83.5985766109144
36.42723733189578,204.08651937433598,79.2758108213904,83.58889240620499
34.66248403876027,200.1095105117989,79.27849364858244,83.5824227655565
36.64111705406405,203.76146162137266,79.27270919870914,83.5778021435464
34.82834660401279,199.4789714557159,79.27628325997497,83.56883361469147
36.746634480539036,207.5511239886277,79.28127430799366,84.07369274869703
36.01483473703421,204.5444045456053,79.53644731947841,84.06537307837581
35.58536202382487,201.82127813862928,79.54178014414003,84.041881686853
36.88510889014661,204.88314970311637,79.50233832952634,84.055343204943
35.46730425152403,201.47979603751946,79.505616426199,84.04027748392129
36.47619171775386,203.77281361209506,79.45255959714814,84.00688897173298
34.982805987231245,200.00766895213047,79.46404052131288,83.96313930927077
36.47645478921763,203.60463986729474,79.46198433045657,83.95437528198178
34.72693355412669,200.10550491131247,79.4664486775458,83.93962753952742
35.59711080023952,202.77514066892692,79.46301859518647,83.93496791699869
35.07504040755694,200.1495024169002,79.4680847212041,83.91668122296257
36.322310047146736,202.28306669226112,79.46620429555539,83.91096767697093
35.183050578010224,199.61014123383887,79.47134080852018,83.88240939505445
36.42477663283323,202.4437296315021,79.46746051817959,83.87922548150289
35.68684166824048,207.6671047767755,79.44986716954831,84.07628355582426
35.02399381913578,203.0970213359784,79.53534446680251,84.15083001505512
36.89368896449896,209.32831013147816,79.53253907788584,84.1536626565996
34.82553045318359,203.37501856592732,79.86543698735741,83.71701363285509
33.55026652331936,217.98080462755277,79.85876131582062,83.72426971089811
32.39602366016039,212.87286097271925,79.85866664357899,83.72413357543577
31.18834375712342,212.69464764558035,79.8558502754891,83.72642662375651
36.73856109920606,206.75924044012464,79.80950609120175,83.74077664868159
33.78348434789428,218.4377199033878,79.8029344351339,83.74890713865918
34.939202110441926,212.88830973194212,79.79894777402177,83.75167626542506
33.785971608362885,214.34206232189752,79.79319607256767,83.75867036835123
35.54627016704784,211.11059205549873,79.79311058239503,83.75865542629526
34.78454849815641,210.31388024866064,79.7903713878674,83.76113236562452
37.15778112257387,208.91880207717088,79.78850643505298,83.7625826443798
37.72101158720997,209.84567544512475,79.7861109049507,83.76473381191443
40.18276151962099,208.1566244718627,79.7851359691753,83.76528110336344
44.818622322108645,207.0903688042664,79.78244874988114,83.76655540852673
44.95489989964276,213.78957882788492,79.7798228548284,83.76966276607489
49.42322346812763,208.33046829002038,79.75585634377418,83.77845047693582
48.61102318212953,209.42126607227445,79.7510482318028,83.78538440385222
52.49037761661819,209.43725623326804,79.74517797442826,83.78892245988438
52.043722281669915,210.98977630740578,79.73772608634141,83.79949577214968
54.254273426736425,204.20150641923394,79.73557149289418,83.80118832711885
54.17898886018416,203.10130399323,79.72982699804041,83.80871040286631
48.367230017472544,199.5523609243943,79.72897601586111,83.80865704926576
39.01898275973594,200.1484548738547,79.72867220674935,83.80865884379591
36.14916789291298,202.88245739962795,79.72462861581032,83.8108571919076
29.806869852808845,205.42890538323275,77.48440093503226,85.85317698397532
31.259021348561006,210.2654268872532,75.04082044957423,88.69947544474546
33.76442755688102,210.17859187394484,74.01897735895349,90.99064076974783
37.066932936636974,206.8307851430554,74.01625866029363,90.9920437021993
37.279968848484884,203.76567011746434,74.01616394746054,90.99149305651254
36.909754824639755,204.41552432835562,74.01592101612782,90.99148870958956
35.866605903630365,204.36815692831135,74.01589941158288,90.99132188833644
35.93877431322398,203.24184817208265,74.0150639635409,90.99121165383032
38.23731091212098,207.106523332174,74.01500376242048,90.99127579669083
39.32105564583793,208.20579073589556,72.94724419057832,93.1393110042013
40.405599473976196,210.96257429537306,72.1225326214905,94.38193227788548
43.115616706287426,210.10823257167542,71.51830740674598,95.75060520148469
42.907900364572164,208.22852706610604,71.51163895015422,95.75919343010699
48.191411485451184,224.66654584605513,69.35436192476581,96.52305607772833
48.40674234926232,227.4491233754755,69.35381184379575,96.52377130392178
50.23594628678872,218.8642796521894,67.59701911156523,99.51843090320389
49.81485160672914,222.98107090006377,67.59618207207195,99.51952572221346
49.763897593915225,217.09045776095704,67.59608427325311,99.51969750366182
49.702691715216154,211.4610443477232,67.59561939396731,99.5202998428248
49.743522435496345,208.6237314642163,67.59558568741238,99.52043658853731
49.5388227064044,205.08962655511584,67.59541483905673,99.52061175784297
49.44986103280346,202.65377136454504,67.59535366546565,99.52061469956197
48.57878979974555,201.5155775986618,67.59554597727697,99.52021542712926
49.359709077492035,200.740326416711,67.5953848776861,99.520084002922
49.641203717976914,199.61167039395838,67.59518044731372,99.51956709754528
50.26384692289178,203.10672831905325,67.59434389138109,99.52007376780232
50.517827143095914,200.48392298274823,67.59356020783164,99.51977665690409
-1.5497953095345025,231.74060242421888,64.4352794172917,103.55976250052525
-0.3276919279378987,238.42519851095918,63.76674699720762,104.43234679341431
1.1375758740357362,231.2500441010117,63.55919570722519,104.72480763662469
0.9380741225561486,237.82068437662585,62.8597098064597,105.5928921671835
3.1910764208312514,231.74023295300816,62.30124716204267,106.52018962959218
2.575643520889784,239.2957323343399,62.04216409317408,106.8558451866919
5.087742994859859,235.0169830091407,61.91002542508012,107.08000319225394
6.468406400672546,225.37632902350043,61.573029324819494,107.62123509847095
8.715175786972079,227.75167111535995,61.38044346359738,107.96396188353245
9.29038384412965,234.67231074378213,61.20682230739686,108.20711618229106
9.263672705599589,227.65612198269625,61.133538490907256,108.327752447749
10.415375031981625,235.49530973470786,60.990960998024775,108.5803795606081
11.491681460595544,230.76478026900176,60.90787672050885,108.74365082569949
11.359280346636744,223.94588050203447,60.88069909908792,108.8009745524441
12.666054797721003,225.9111545346068,60.764392409214935,109.03191072878505
12.334840249786975,229.03239075432765,60.67719457055464,109.22614912384651
19.367388392507756,210.6617554333891,60.37383038655351,109.75421633554788
26.614016045270272,204.77125708736412,60.19060315720035,109.73319581568376
24.227329793892203,203.77786836646547,59.25214981233076,110.30477612346313
34.42707590170704,197.0003159416597,59.86017064296573,109.45625834581637
36.5286734747799,198.8865854495916,61.510306585839785,107.91311710369524
26.212125426504706,204.47659143339823,61.442997561540565,107.95324273221236
25.101296560769615,203.30173385308936,61.07345255710987,107.97736489814015
46.50881635769589,194.1146830168011,65.28997958313036,103.55202046475964
42.832945123145464,197.33459608726193,68.59120544685402,99.33039405375742
31.436443371235512,202.99812455689715,69.00716045824228,98.67920610252409
31.93271735827487,203.63202486499486,69.95493702907018,98.1270364348722
30.048776953618457,206.72313247187418,69.0344452263835,98.80506263423001
31.296118901618,200.89486307186564,69.90044238736073,97.57748907615381
28.636298954234583,205.74829906582448,69.40431117922229,97.78113954917363
29.411003866477394,200.26242137884446,69.7075781039661,97.19086317722306
28.23026683515065,204.44201321301554,69.77952475039034,97.01061455984524
29.631271403141596,206.15313162773634,70.26821056641955,97.24304606154986
28.688957119490844,201.7699145715058,70.5380081629569,96.61670559210174
31.835284704054885,203.36520414407164,71.45019031606392,96.0995938446599
25.447735524136974,206.8026888846502,71.35516004430795,96.70942708643375
31.083447594378896,201.27821573744095,72.57976289662196,95.86267292614032
28.293641537956468,205.1373209786169,72.46859818451564,95.86976895471365
29.260373634934993,205.6450846037927,72.59811488083264,96.10412750186272
27.117452534595216,207.78982207691428,72.26125448294042,96.79237424675115
30.82429407209824,202.252498883054,73.37440112747782,95.83283903962308
28.322029063038173,205.54869842508714,73.14824877255109,95.93655163463393
29.822217327144337,206.0803523450177,73.64851573608375,96.3437814572789
28.409247932025835,208.46391701575686,72.12058413447505,97.90164143464825
27.076064130204045,204.51928250137453,71.72208686423252,97.56119034775126
30.65797754714422,205.9726708109512,72.7827778526178,97.73070099819022
28.473760756514807,201.43470769768993,72.75350587891447,97.02474779966396
30.21836404420432,205.20040223616635,73.21313276911161,96.83766471483757
28.445658145220165,207.77846906536024,71.93342697903671,98.00087700753012
30.67588134208316,202.58898931929735,72.46055850050237,97.35811084505386
28.705712864403935,205.77265451625996,72.34516845085594,97.63537035209907
29.580354458909106,206.70081557896492,72.6142093985796,97.9525277837265
28.00227896229879,208.85497708007446,72.13315097636445,98.50614373490708
28.395114970405224,201.87695073396583,72.29780832349768,98.19949729992712
26.455521442412746,205.21668879122706,72.25163994506491,98.36985085917169
28.347055854822436,205.81516155293193,72.46210258577592,98.5007200339813
26.660778626564024,207.80434258179494,72.10809931066433,98.92010501605017
30.399540262047772,201.55746381592303,72.75067224636187,98.35636075488627
23.605967296542083,208.0784770506354,72.49842933002218,98.68124617358411
26.451450492446206,202.96391189350732,72.58577752866803,98.60733121501313
23.605161895817098,209.40701475487,72.19516666498045,99.00902927799329
25.638050190457804,203.93654019961892,72.2439802436983,99.00057844037538
22.113457099072996,210.99081099593,72.07763173942568,99.16774599997491
58.49886095994517,265.44814745668174,68.03621702305243,101.12627254136206
57.15829127377315,267.0493936109704,67.24190969434666,101.87566187989471
53.60533469208371,270.800249797473,67.23983593069308,101.87775132955191
51.898588645249596,267.9253417845253,67.23561915061252,101.88209301691577
52.76192627582921,266.6168081135346,67.23367855341661,101.88487441300484
49.22373166612141,270.5759287516576,67.2332879304555,101.88550215531346
48.22465843266217,272.0522332162869,67.23271017519076,101.88642735233672
-6.7759654384788774,313.94698644793857,64.92499795653535,105.08466045202158
-7.8691440234123675,314.7887389334314,62.61528331091161,106.8318705651119
-6.679476896223957,306.17565307192433,58.84015681066992,109.83659052878761
-6.760401395134814,308.44958035846736,58.69655581607334,109.91957768772673
-6.931784513041158,302.31601148100674,58.66651854265065,109.95358784865381
-7.0421530496872045,295.7909159575864,58.66354113017824,109.95643182670791
-7.809395600287829,293.1427287976707,58.64655082568643,109.97332044402455
-8.235691122507518,296.5825911540508,58.646180866345446,109.97349761725066
-6.8724712094883245,298.80767834393697,58.64211071117498,109.97626608568395
-7.407839401858116,298.6323895228845,58.641002875753124,109.97664346214283
-7.377310836397129,303.41297164035177,58.622664788622444,109.99276785483292
-8.766771956697184,305.02305806951483,58.62163879466445,109.99349910836897
-6.284793674736452,308.0446074961118,58.61500339773517,109.99812927052535
-4.794639007532499,305.53290707735175,58.605005228183224,110.01116891343484
-7.358960148993948,308.07949005001205,58.60182444820939,110.01427019147242
-5.735182603573861,312.6412462135311,58.6009405571678,110.0150654968807
-6.247339133799283,316.3017107184459,58.5962128041726,110.02038179497337
-4.212816962598541,318.01545289405,58.59542150208484,110.02105501174316
-4.771144747190775,324.02185865882257,58.59215705593422,110.02370158919256
-1.6855487662886581,326.18735957155036,58.59205426649327,110.02373251672772
-1.9934687890627991,333.5880533925764,58.5894011126931,110.02686262064735
5.457183624762955,336.15332322516497,58.58945870417001,110.02676271377095
20.248326066214016,339.16222563684073,58.87008886033039,109.7899070061726
88.24517078253137,298.1009829121284,57.9394945204691,109.3344047846988
87.2920895174891,304.37750872047314,57.93938618892799,109.33479516935212
89.3480863377591,307.00094178064916,57.93923661119315,109.3349230675548
88.25085363208201,322.8903676704783,57.93864844512425,109.33570957830172
89.42960020313518,319.7691482462324,57.93856382657748,109.33578783490509
89.01278698905936,335.29815376902593,57.93777165989192,109.33676917518238
91.4249750680235,329.2197360377023,57.937460233561545,109.33675668403318
92.1153624323512,334.4898347644675,57.937389311783285,109.33797158401845
94.78954385239498,327.69986838837065,57.93683054121476,109.33800645565793
94.44050310716501,343.0037250929606,57.93602736570866,109.33902336264012
98.73626307620899,338.59457596764196,57.93892690699083,109.33603922649768
100.07080055825746,343.1903383384932,57.93886186682882,109.33848802605499
101.60369381682307,338.17092889586166,57.942561490902456,109.334898921816
102.03198325877969,344.15426318487806,57.9428556424201,109.33679342361718
103.0513837461381,339.5066083129352,57.94760849689639,109.33204003426322
103.6000627656754,345.04625600047814,57.94788465410324,109.33369634985111
103.93576064063416,341.0935509543546,57.95248198909327,109.32875659621195
104.9365160240531,347.12362697504335,57.952609634730955,109.32990673989313
105.27663824139137,342.81248713510854,57.957181739342,109.32503683785349
106.87068057445248,349.5093005105397,57.957442028664104,109.32610346162511
105.97059343785335,343.35903190096826,57.960022827474226,109.32303560111698
106.93881237380262,347.0869906950037,57.96019970739151,109.32448304905688
108.76769266294133,352.4123676563594,57.96065560555451,109.32596606482201
106.94320331224384,346.58490564594194,57.96444406799685,109.32125931020532
54.072446580701104,377.55759868899804,57.6780720940706,106.54038585837046
43.776310214454625,374.0799647449741,57.68095121084091,106.53674089699201
52.12951989872818,382.6991930921839,57.271927548470565,104.47141233062415
40.909748908298226,379.4530677310782,57.27596461600038,104.46624655655879
51.905373251046434,376.6628785125152,57.2510149875108,104.33475956857492
40.39964736977399,372.0073063138997,57.25433572283402,104.33068027195822
15.489835822417326,387.5743189158979,59.01225608927585,102.70532968954387
18.526115106721804,349.12459599651726,60.938225524359524,100.9873744052583
51.28683038042682,381.8440635008042,59.90658684706668,100.90352667695778
18.04716523886463,347.3491011088302,62.032546463687154,99.11737419039798
17.296100752987535,350.06765009626196,62.02973337592444,99.12102776811628
19.586890756441335,347.57012912559526,62.729913107938955,98.5147861591872
19.914887833021936,346.3519651906387,62.728945033001935,98.51637372415351
19.166846296283836,349.6888503246914,64.05259574344484,97.19272924569039
19.28337386857895,348.25806564551283,64.05162329362352,97.19378634742523
19.112728696800197,351.1352132010858,65.23600703241418,96.04657551057134
19.285299204996072,349.62588773203686,65.23524758683847,96.04744089950532
20.891094194485774,349.4812610218123,65.54641227704852,95.73079522441913
20.50230117625493,347.15059557425514,65.54533306893089,95.73187307159037
19.89753733734581,350.71997214213627,66.356362777837,94.84666808112223
19.218259899625572,346.71450019931206,66.35535239525136,94.8478244072615
21.72635073614741,351.19765619104373,66.56520297928776,94.5861518586126
21.260229779546343,346.04599268737724,66.56440749224423,94.58706397184153
-10.289317454620914,324.9140807680681,64.5468180006178,96.64026311563553
-16.18770518818574,318.2099392389383,60.619971145664934,101.3214143303282
-14.213618859929383,311.03627762892467,57.6652029371846,104.89726271209875
-7.401064655180576,311.9363257867792,56.338244590248024,106.05924520612776
-9.471749224246253,316.317428356695,53.156642861222394,110.17460258918433
-4.678099060381808,308.3313829007795,51.998668590927586,111.2773106427391
-6.902225665938683,312.93813684124734,49.21570918607454,115.08897118068762
-5.756120715496738,309.57852421336156,48.02505737444694,115.76141775756514
-5.323442320764244,311.07252866323,44.86373229083827,120.19495674753776
-4.35048001256224,303.5939426436618,44.301883077647766,120.41137084447438
-3.688744814119545,310.52954916047634,41.77274876131352,124.01475955645088
-3.4785260733011043,302.5819069316095,41.506384652159895,124.03810816976303
-3.0193664367962683,312.28513175076404,39.924352519996475,126.68930051448625
-1.0691407835574829,310.86629835197795,39.918928612582015,126.69426229115388
-1.5423214206688733,313.8685851731569,39.79367502531645,126.91214128932948
-1.1971510669161596,311.25638633146025,39.79053766549398,126.91465853677917
-1.9460925708986032,311.9229387954021,39.682193394749454,127.13200548362842
-1.1350628991105651,310.3877192971895,39.68013393673246,127.1332368117491
-2.08801359411709,313.27265183713115,39.58795411947012,127.2886484881525
-1.710666010213373,310.548960785116,39.585396672247555,127.29065181181784
-1.9359792682628338,307.2704575422939,39.5697383172451,127.31498160068466
-1.0697042387944435,308.54757811727535,39.56898881449118,127.315128735405
-1.9084190025923817,308.18097308377435,39.553899988624835,127.34196320349947
-1.2359323268992313,311.6536088486886,39.55327399498847,127.3418143924821
-1.7214346436105785,312.5487967425074,39.53423254448401,127.36747935916266
-0.7494117705577636,316.0326373298348,39.5336874363865,127.36717966186382
-1.1911294897679738,316.5413058994411,39.50138828570704,127.42001900485178
-0.12469452947761539,320.21908265632214,39.50124241183347,127.41974970510961
-1.7649439637682782,320.5099750219038,39.480164904453495,127.44603779127182
-0.7487919335020443,324.8641420604532,39.47994292476209,127.44555607775948
-0.9891760342397369,317.33949783825256,39.3387135314041,127.5977965256397
0.056604696770381935,321.4645365065994,39.3386485369742,127.59750079752752
-0.7307647737712557,324.17857719662123,39.31482893294486,127.62493241797222
0.3505739043133289,327.7670806322655,39.31471132447162,127.62463424495643
-0.0017893523331089511,330.6304853545842,39.28621690289663,127.65701774389197
1.6578984461854454,332.450098990139,39.28676232255264,127.65552583960368
1.0806579252246742,333.21502852977846,39.21376879419983,127.74566807639529
2.5911365299589413,335.4757368653023,39.21481809641953,127.74318899308571
1.386424198506674,323.7142654375127,39.16005299148654,127.96697565969993
2.2152429440783763,325.2738482324973,39.16016789501934,127.9661958615094
1.7892794779474563,327.1646626301018,39.1410459595787,128.00835690127656
3.398022219663229,324.60176526321044,39.14173874839447,128.00726383674996
0.636625068166115,321.31001054265914,38.71778145684524,128.9153448873497
-0.2002747567108969,310.8819176028142,38.63393144648879,128.9173437553208
-0.7937041801977713,305.5578646205926,37.74159240985658,130.83378696951982
3.350215458781136,306.21815720054184,38.45237507251156,131.78924522469092
6.026985843897485,304.215963964057,40.57506730780254,130.764634276396
6.679492015385282,306.0668778259,42.795005469129926,130.73430199033203
9.902767946599731,300.3326722632888,45.34971150312437,129.73968611512717
11.50390053883578,299.0387743407105,46.188420935656666,129.04205725096372
8.872466271509222,299.48546952272966,46.81343346368747,128.49250712835757
8.176475652124829,300.0219303779457,47.26799355940129,128.33457560461684
5.145816933073085,301.5749064558324,48.194073303718156,127.74239355229805
3.204719387288865,304.92961584325957,49.37261219869236,128.5992823221519
5.2270671154817485,305.59496693165795,49.67341005895698,128.53584546517934
4.142811436617002,306.5073302221185,49.82608017103523,129.28788060682297
4.148238055127063,311.3439032872659,49.850491358994795,129.41380960317608
4.687121917765943,313.10333185108374,49.85057600207183,129.412460028641
3.487094271978524,316.9823859284615,49.85028334557233,129.4134003357996
5.439877428344413,314.48434089623254,49.85020242445737,129.41340571016346
4.869905000992986,316.43924191991226,49.84787683333656,129.4288384574207
5.765623152080405,311.72596582498807,49.847975431827,129.42862615904886
4.8684357999040095,312.2445355310597,49.84741812839018,129.44324074470842
5.758353969282922,309.0049836905303,49.8474782873588,129.44306681498838
4.871083066044921,310.37824320527676,49.84816857997219,129.44733647415515
4.815741761175403,318.4937533009418,49.848130778768194,129.4470177293582
11.65812976011319,314.0072880954923,49.86021127961088,129.43379835235442
15.513954520358539,313.8620876203929,49.87112931740876,129.42181590950395
23.903129051245287,315.8490998363792,49.913760327656746,129.38563313135518
25.82566349851547,325.5276246233534,49.91910880868095,129.38032344082973
19.88480591778515,332.7271767779239,49.91836814433593,129.3803985903069
23.08622845048658,332.3998646593725,49.94680130769284,129.34761145951646
24.99870172277167,328.7534905331969,50.0044750977479,129.2824824573815
93.57643767304268,285.78072705517246,50.842960716737146,126.15318794126244
92.2822791423522,295.20480809730867,50.84277560946269,126.15387229253692
93.51010360497682,300.2290300820954,50.842906475091745,126.15363465230922
93.3689694668294,310.16568269219744,50.843821188316305,126.15336295566468
95.74421686353102,307.6944944119505,50.843936746475556,126.15319791688493
94.74990853911156,321.62932007013075,50.84433449177291,126.15421691912785
98.01310107417171,315.0959159438978,50.8444000556553,126.15377491982376
97.93050507489465,327.078850820393,50.84478018971413,126.15390286275627
101.38164138980372,319.0449868140725,50.84499865257788,126.15281755142253
101.56050105078006,326.3963524512807,50.84527725471462,126.15300719070245
103.57047738240593,316.45192500045096,50.846167620485126,126.15164907966668
104.2789189372844,326.7594428423346,50.84643608104829,126.15178292104594
107.45985840532413,317.06623974079685,50.847239487498136,126.15046901608916
108.93524401592906,321.1156511745541,50.84788428191329,126.15038005055212
110.07856809641518,311.66533311033237,50.84894178080737,126.14958795633936
110.83507050987579,314.3874823719103,50.84928446040928,126.14943511265729
110.95947061363624,306.68823802936566,50.85010023506325,126.14922117628667
111.42268647725335,313.9044369982385,50.850228134885164,126.14928974549905
111.20007750091507,306.8171981963704,50.85110132857429,126.14892260741392
111.26772292862593,309.8313159451428,50.85128616828578,126.14889584247405
110.86034714585094,303.68274453823415,50.85200774220904,126.14872687345455
111.59371581334372,310.4598539353339,50.85217254402614,126.14884844180385
110.97343687951935,303.6362152787555,50.85285092272986,126.14877067530972
110.65774958079086,311.35084849605835,50.85298050313514,126.14904487485927
110.25397466902818,303.87312761194596,50.85367059498631,126.1491214621149
110.33168363412747,310.7058527722103,50.853670613749,126.14991564842222
110.67639972897236,302.832427260932,50.854256124254526,126.15008164290263
110.46458672947979,313.1298469606397,50.85412766958061,126.15090531416587
111.09171942133428,304.6707461279506,50.85475678088201,126.15087501543269
110.79656101353386,318.200161283889,50.85477452660141,126.15086352069464
110.94138680566739,308.0317109349889,50.855624954110304,126.1503923923229
110.49668147926128,317.7390596275875,50.85572721392097,126.1504174497527
111.33196620402609,306.41463783379567,50.85638676925129,126.1501235403881
110.53273634892471,313.2572066142797,50.856458761253364,126.1500369437755
111.03382060579136,303.6651652485365,50.85709118898735,126.14991557369946
110.73786115507924,310.9165802623216,50.85713310676899,126.15001809465218
110.40503544988069,300.8531649580699,50.85808555876921,126.15030565811162
110.93754217937409,310.5657728436205,50.85808288583892,126.1502588780993
111.01946084650523,300.4765462309016,50.85896051382067,126.15071451442576
111.61654743435543,311.0817066551028,50.858956621033485,126.1505625045244
112.4747212390464,302.0627329095411,50.8594416494384,126.15064912528632
112.35603597843473,311.86005354124217,50.85937952689055,126.150372028144
113.46894358752141,299.6192446375935,50.85975034578081,126.1508878456952
114.34726894483792,308.3229158437479,50.85967032797854,126.15087880740988
114.3808357065541,300.35713800460314,50.86039105998403,126.15136701896354
115.12069592921328,306.68050116375565,50.86032111210219,126.15132630093929
114.83132523027345,300.8086879489698,50.86065957352327,126.15140242991293
115.20111472900751,307.9136202343633,50.860683618657674,126.15129947869374
113.75023064923312,302.67912724596414,50.862349639687196,126.15080684831436
113.533024139231,308.0773566435705,50.862351044558125,126.15085970318711
112.94360243424319,303.0020604515647,50.86317242751807,126.15059416178366
112.4105035338833,307.72076778330586,50.86316901821587,126.1506823593243
112.26205041799128,303.53606707958215,50.86389005455389,126.15035949309006
112.35400555334547,305.8877808132814,50.863951352787595,126.15035457207829
112.17508894442317,303.5614532361003,50.86540673059009,126.14964745227059
111.62947906517572,308.65774449242156,50.865406348627836,126.14960034001867
111.59177934400576,303.872613939757,50.86603979582289,126.14937537662217
111.81265451719901,309.10024774443815,50.86609940169548,126.14924502006745
111.9685123500991,304.71296938885126,50.86667377853404,126.14902431882672
111.37970297117816,310.56022194932797,50.866827812788905,126.14871208422583
111.7353966960502,303.65942726164803,50.86745921051034,126.14855413750318
111.81348989559339,307.30788915159076,50.86755896164102,126.14844384562436
111.45853190511069,303.3300697188909,50.86817394773336,126.14820731429555
111.04357943375372,310.17582798060835,50.86839749396294,126.14817714950325
111.9153908982616,304.9004429494783,50.86897419854548,126.14795424606507
111.40245410085726,307.85295457690603,50.869032187236954,126.14786444381578
111.43762727763422,303.58302264878046,50.8696211351657,126.14765013691999
111.53217170224585,307.79176054317975,50.86972483433663,126.14747361875126
111.90107215951049,303.248396670699,50.87026668180075,126.14730256000183
111.82841854868876,309.90193296056776,50.87032806825918,126.14718436411447
111.5893527629291,305.1435800607628,50.87082318328894,126.14693955642446
110.8715671717313,309.1928329291907,50.87094643439487,126.14682916716407
111.48477063650877,304.6393318768653,50.871408611132644,126.1467107578988
110.71634178196089,309.8398491857991,50.87158884048442,126.1465168993085
111.58892137991937,304.4188344749614,50.87198075388144,126.14641947467041
112.30241789205168,310.0967052348019,50.8720196042735,126.14624779446699
112.52702652648944,304.363235715088,50.87265954055051,126.14605808023256
111.91391102871323,309.3834073174959,50.87275373247589,126.14585216637141
112.0492429695071,304.51206835412404,50.8732790338849,126.14569123355702
110.97620847993872,309.5800267376482,50.87333499155257,126.1456396779955
111.13127442352886,304.4203671667048,50.87391845190072,126.14552942229935
111.0776604088481,312.48842732928085,50.87392294816831,126.14538016648319
110.70948690069399,304.95598666635465,50.87456846310707,126.14511123141024
111.36887020944471,310.5204890667611,50.87463090520646,126.14499169976241
111.46018552408681,303.2212614362825,50.87505400784059,126.14488758114204
111.3202206793793,313.06143223837273,50.87505620511388,126.14475609048695
111.21141391337613,305.85782969353517,50.875681233187265,126.14449143071137
110.38043985170104,311.2015026225454,50.87570857063351,126.14440333941455
110.90399478490384,303.99552479300405,50.87640282143068,126.1444270069201
110.83660802111808,311.6730398264606,50.87643091507561,126.14439934326627
112.33471823312065,303.43061006104205,50.87694129551383,126.14442611043151
111.17122781469918,309.9476699310601,50.87690148721518,126.14445458664294
111.5203768842118,303.9841122263478,50.8780403703991,126.14420469302802
111.70418808184391,309.2603888357272,50.87806785816672,126.14407495144195
111.63534020447065,304.9028672556632,50.87892781429208,126.14378798766873
109.77834473768964,310.8858485748719,50.87903534789072,126.14398898450521
111.25401243823295,301.42393150225547,50.88003101293569,126.14423342331715
111.05845758448531,309.01669866321856,50.87991511422788,126.14443480390554
111.42560724904054,305.88913743707747,50.8809232401803,126.14405026384776
109.87142375318774,314.20352731441346,50.88085674685477,126.14459065382906
111.22078877610907,306.1512530750348,50.881411969795664,126.14439708241552
110.0255035591215,314.77227672150207,50.8813507280506,126.14461358342626
110.60718194473307,306.0232674475337,50.88194583060675,126.14448607423407
109.6610651934671,319.455236570529,50.88191615908171,126.14454433398075
111.49368557273871,309.06401686686456,50.88235080222608,126.14424600937605
109.90152838641637,319.1699709982602,50.882353546529075,126.14434908386501
111.60478136464423,309.1164389674328,50.88335620175248,126.14381388709691
110.20012154515432,323.05417210626285,50.88331915127916,126.14388357440275
112.22447309651842,309.9294082466853,50.88388572475943,126.1434723287141
110.04047122396528,322.393887958016,50.883837464097894,126.14346035478306
112.19356572807749,309.65468839064545,50.884424025789265,126.14301961525665
110.26495593497368,320.79964443150067,50.884400074094025,126.14310272702764
111.93629055747279,310.25143276892743,50.88461107811926,126.1429550835462
109.63774771456158,319.5879139332973,50.88457504839603,126.14326774870302
110.97102825945356,308.28723970135684,50.88498301950989,126.14311474774017
110.31462665300174,319.39355236530304,50.88506807941367,126.14347922697668
111.84246970902626,309.103029059623,50.885396028338725,126.14332428499195
110.48768395223554,318.754179256297,50.885405955540165,126.14349505253269
111.79337311816342,308.9307696990015,50.88560513451816,126.14341208277312
110.7213757424629,320.026085772958,50.88561485288393,126.14353768632483
111.82662923870922,309.961005594174,50.88589777929082,126.14335746772093
111.53667568611256,318.99229550462604,50.88590432172092,126.14345121554251
112.03670886452373,330.0448926882648,50.88581972587727,126.1436226014389
110.10306726177281,323.6766840333452,50.88806119859104,126.14149544716666
108.82994833224862,328.92003146252574,50.8889015375741,126.14165037365669
107.89367005156886,322.6603612277866,50.89205330614797,126.13889325554956
108.30082588318818,324.9485163159809,50.89222015948801,126.13937674981531
108.71847633433305,329.66744583853136,50.89241890147774,126.13943922876216
107.23881253325038,322.13507411752954,50.89623493366629,126.13635830705734
106.92310403887042,324.6161809638096,50.896627621374115,126.13647495583633
107.33257560050708,312.8080845893694,50.8982009651952,126.13595894922359
107.56272983386113,316.8655872387934,50.89849329184879,126.1362128209077
107.65497353743089,307.7192292477247,50.900413495483306,126.13557476862134
107.95448929465798,311.5073211834349,50.90073893035849,126.135804051803
107.76205327680196,303.2314886565696,50.902479581220966,126.13551102142713
108.9960034749569,308.9720203452328,50.90269928302514,126.13570889745772
109.0108140991149,304.28056713309184,50.904786420504486,126.13516958199347
109.24145328199008,308.67274975511214,50.904991056463096,126.1351690382703
106.47666390928916,308.69400307362287,50.91014667945892,126.13297734012187
107.67768136061784,312.5079518439221,50.910399975272654,126.13316493593697
108.97221177133783,306.3998855028424,50.91196706253933,126.13261804503732
109.29539750302504,308.8379711489391,50.91215453957551,126.13265744238858
109.83459969986262,306.13334680151945,50.91624380873452,126.13086726164808
109.65481672534627,315.09741225262553,50.91623958235791,126.13102005084218
110.09560529671626,309.4759099819285,50.91981734255296,126.12888737757552
111.20722908803478,310.7571813194648,50.91997059113844,126.12886544491938
111.53103640064253,305.72695572029943,50.92065297777519,126.12844551898257
112.11433819213211,304.9611372681737,50.92067966289298,126.12856599047184
111.944252973969,304.10936729863096,50.92377978314292,126.12719338626049
113.5632448191498,302.839387833216,50.92380673769404,126.12729826740777
113.54615229025632,306.6345370527877,50.92585414448456,126.12562525932515
113.95655786135431,303.10244222608674,50.92585892311834,126.12583576386233
114.05818202283045,306.117737064299,50.92745060461019,126.12450529230236
115.52830995761619,301.23167110680185,50.9274441780929,126.12515855434252
116.62380391838227,307.0042881345611,50.92761025970408,126.1251410591878
116.94581710625144,302.13643453875306,50.927595619881856,126.12541276496405
117.36286185945681,307.2288446937381,50.92834784168157,126.12473456772594
117.42271020400648,303.61653251490924,50.928302060396746,126.12522018865879
117.44070379789972,304.2817846675737,50.929106469171934,126.12512004573682
118.43612839765366,301.98906848186033,50.92912095050358,126.12570496690718
117.69514243648872,304.162256016334,50.92980765840931,126.12556660373981
118.44432266092315,301.97377155030654,50.92990333003148,126.12580318639904
117.98899768131922,305.66078240229,50.93020016509766,126.12588169071456
118.27588220539525,305.7760275695163,50.93029843795999,126.12604333093996
118.50153529346868,305.44019295352484,50.93078900210665,126.12552004898015
118.34710297237515,310.4895981858736,50.930588510960476,126.12588408379445
118.35141449718937,306.36881706779997,50.93109727009729,126.1254342960159
118.18530337635971,311.04467994785836,50.93096067462893,126.12567348646061
117.86791151943692,307.2233664788967,50.93140988387017,126.12542284564863
118.12472077973695,310.1235239258032,50.931375500233,126.12518539019007
117.83160459613023,306.75820683846115,50.9320741889148,126.12516532521963
118.56353882798253,304.8589785320325,50.93211225177574,126.12509255155655
118.81546059884691,304.17726667798837,50.93244526711104,126.12522559211092
119.78446494785084,302.8105763447669,50.93221981037515,126.12568012825912
118.88657817358462,304.3586612513993,50.932590712842824,126.12557464414158
120.19520031010225,302.61185495263277,50.932304819553046,126.12609112846978
118.48763327279792,303.9616281419211,50.93204125011876,126.12591871038813
119.96372008497747,300.8185013095312,50.931868005322045,126.12648731275938
118.99910980134004,306.2161283548635,50.9316986189836,126.12611027440194
120.31523032743782,302.74480147698375,50.931499021103235,126.12627869767238
118.96009586264137,305.2600970890445,50.931088658017316,126.1254835970556
119.43221548610475,301.5708172194281,50.93098483856552,126.12645077265931
118.02292888869466,309.1788578339051,50.93081432763617,126.12566247430827
118.45285111741238,306.47554257509694,50.93040149461327,126.12527623777419
117.98982039836947,304.5377415332608,50.93146303998745,126.12486861876387
118.64590842987906,301.2762775374575,50.931282840882766,126.1255402360115
115.08313011500618,290.3839341114933,50.94477415538192,126.10874965568888
94.32247151046138,286.9508204871163,51.1835138498231,124.99060571914016
92.39116976489527,299.77686411444233,51.18344048205335,124.9907821058455
95.6729705467067,300.40769290739036,51.18356677411288,124.99058875811625
94.78356225509798,313.9650585189225,51.18351229791258,124.99081534450022
97.54685940126419,308.56828003740446,51.183652834529155,124.99076650309289
96.41948172413368,322.9997431430475,51.18393164154895,124.99107958013691
100.52150924731284,315.7612207695967,51.184040146521205,124.99081223902577
98.78062198512367,327.68215776242255,51.18440774379075,124.99143512532231
97.14729234274269,312.938398916573,51.18504077008409,124.99019663721188
101.11782491922693,301.4596165573882,51.18560931844007,124.99164563292526
99.7454172702001,315.7240330930153,51.185547754921494,124.99212851015737
102.57260208621427,309.4377272874283,51.18649066104009,124.99161523577227
102.09071086055953,320.28356307042054,51.186564830832566,124.99234937047136
104.83888148163678,312.69434626376415,51.186950101587016,124.99202626991698
104.88846831012184,319.121114810981,51.18726767576036,124.99265711371568
107.97401159090185,313.23020936992054,51.1886154441869,124.9914632350945
107.20778371554076,326.5291799505836,51.18861586978245,124.99177150919314
109.84590509616288,315.45174312551995,51.189542812975446,124.99069461305577
109.41221050961502,328.5401891128988,51.18953718111665,124.99098578954323
111.12639488754051,318.57652835550107,51.19007772702346,124.98986148829857
110.1407818813843,331.2110205068982,51.190057854440575,124.99009944502585
111.72805560513058,321.56023606759027,51.19058736846534,124.98906364834879
111.3980562958796,323.48589456679434,51.19060926615738,124.98895724411788
113.40416483882576,313.86712857645875,51.191137560666654,124.98841778313864
113.5701102719853,319.016366859817,51.19118499090404,124.9881790170202
113.5982933097906,308.48119269010283,51.19273192809604,124.98733938342622
112.58183158763411,318.3046897782202,51.19273882654111,124.98739606473534
113.35599557450499,309.7067412994922,51.19350910604949,124.98696390537008
112.96330259447555,313.5481103945256,51.193608162727,124.98663071026779
113.64387446833959,307.5248417704402,51.194546657964615,124.98621761816764
113.32666451776504,312.63595791006605,51.194596887768974,124.98576039384766
113.59275870346823,308.03045262904953,51.19580780024854,124.98506765540458
113.67894467988613,310.9012788380228,51.19592678691068,124.98471725085525
114.54783955484596,304.73782119558234,51.19656860990515,124.98494090823368
113.3435002977165,315.06991466122287,51.196601732699826,124.98481838430128
113.93488668490943,308.4536657323654,51.19784470919899,124.98433551386694
113.82553063270086,315.28579429992925,51.19792895843443,124.98403025251845
114.36466848396424,306.24272906095507,51.19873502966562,124.98425756274224
114.77682828606362,310.55838576409883,51.198987631010375,124.98387028865676
115.62127397320103,305.04512307965695,51.199393217566225,124.98402751636621
115.15042913618022,312.27693809679414,51.19972271599826,124.98301821726034
116.25824990722823,305.6616245475836,51.20039191341946,124.98322424939722
115.18666401073189,315.7465150134997,51.2003003664158,124.9836169625846
115.73625152494691,307.82779899785805,51.20125291576745,124.98328902224924
114.64486099267182,318.77738905481544,51.201212468095314,124.98396166101993
115.71018513929903,309.64640687110926,51.20227923412132,124.98306477660128
114.38679537389879,314.9259346986798,51.20244302128469,124.98362330297876
113.90519853022218,307.75002870590066,51.2049471639602,124.98269786177924
112.60798806721246,313.88472064161147,51.205078071897944,124.98298543048207
112.80799750176287,308.29515010785803,51.20665604699346,124.98217196918034
112.47772718329678,311.94762875021814,51.20702833418276,124.98230082032441
113.1457271089536,305.73920410426035,51.20745569463059,124.98240683373659
112.96629956126637,306.7352436164451,51.207389649572676,124.98317429831981
113.28158769645097,302.9199956165117,51.20793537226837,124.98352045687798
112.7429042038624,305.4012764490804,51.208191709290304,124.98355663872543
112.5891163631081,304.4878304051104,51.20865773684914,124.9837146606559
112.4219106122356,304.8338405400394,51.208760733535854,124.98412613871128
112.02409676372086,301.90998535655984,51.20966962859009,124.984576984186
111.87621982058994,305.33962786718007,51.20970255018177,124.9849225476623
112.47525376722373,302.18389948949425,51.20997864914744,124.98517868429005
112.0555307265711,303.4236892583539,51.21008976570051,124.9857109839579
112.79292191838026,300.8429212347639,51.21031432006285,124.98610086719751
111.69697137024481,304.23145448029527,51.21029871215588,124.98656075476633
112.44399882976288,303.36560266886966,51.210668017019586,124.98677674581972
111.44684900646232,303.51977747828005,51.2107211807716,124.98747649490363
112.28277402476935,300.5449054338703,51.21104452500928,124.98791791038326
112.07096781398323,302.13942475509566,51.21099246613373,124.98836195683633
112.44400614244158,300.7656467763049,51.21139627415235,124.98867117216938
112.82745546016997,302.58066002668875,51.21141117190633,124.98934835906944
113.76100881741726,299.55810847494934,51.212422385916696,124.9910878913813
113.74416474436809,303.2339667126237,51.21243182527965,124.9915113658311
113.8247985454445,300.62507407824006,51.2133759840054,124.99241392890994
113.18707157711206,301.1487364803156,51.213230560204266,124.99329593094167
113.8598191774929,300.9950369096565,51.213386032355196,124.99355713590624
113.29309648068491,297.70156048148306,51.21322320396341,124.9947484451645
114.23401440600742,299.8283321548213,51.21336896457023,124.99488437400073
115.5017079561457,298.31214407301917,51.213231574376685,124.99582480953192
116.17892805965451,297.02615666584506,51.213295594997305,124.99662118760085
117.5483805431571,298.3795714882238,51.21299922670123,124.99753208811617
117.55649207427881,296.9352639124232,51.21310313394727,125.00050113490475
118.33553611930691,295.7272774623464,51.212843827880015,125.00179903772856
118.82902834654875,294.03905387014436,51.212850659674096,125.00412717878251
120.34712907446962,291.0672014400038,51.2124155669763,125.0056571275645
121.38788553694965,289.3717703969918,51.21195041537744,125.00757387247842
122.59946454912316,288.8902383300239,51.211646337716225,125.00824877568591
124.54260738196182,285.979153536596,51.211018220943316,125.00952745906883
125.95136443698327,286.59844824153924,51.21078178080703,125.01001287542294
127.64329853499234,283.6566111331384,51.21016572864873,125.01136859552044
127.88487010664846,286.0032011553541,51.2097685903948,125.01231706442537
129.54642459153047,285.3316520240713,51.20899033390288,125.01365397635924
129.35242612704778,286.07530450545414,51.20874176969466,125.01422125652101
130.88367869693687,285.42272777695496,51.20739838643197,125.01647416076976
130.97772238268652,287.80201944382986,51.20704278759386,125.01712334807718
132.40535356871615,286.3211506103419,51.20604920482601,125.01879970333134
131.99562080052263,286.72684489696223,51.20590867546291,125.01905872406566
133.02700158414197,283.91850466083616,51.20512401786167,125.02063356735047
132.00716019766418,283.545524877274,51.20488145397952,125.0212092161895
133.16305911441913,282.1185188838239,51.20406966249233,125.02295989823426
132.77064956954246,283.9296527752603,51.203902196669326,125.02335442119342
133.46780540882833,281.6066267190731,51.20341950617284,125.0244256261276
133.0255116991491,284.21358807268507,51.203272235341935,125.0247024619029
134.15658895144523,279.92254790465887,51.20257422031267,125.0263594428528
133.6276490305122,285.41231283734516,51.20246565695104,125.02654301742162
134.0978433840909,282.85143774755795,51.20196119518932,125.02737873776752
134.11792601781144,284.7137035370993,51.20163500176384,125.02800394274247
134.84830229900612,281.7556990176791,51.20094017481764,125.0291770517123
134.05034692347164,284.1842152942309,51.20083082338566,125.02938469865136
134.97560919479585,280.0564508448906,51.200345762853935,125.03039794944382
134.7800984267626,282.5532894468105,51.2002752667263,125.03053044561626
135.7884481222438,281.769606859641,51.19980979681491,125.03136038550392
135.02682940424185,282.7094140217453,51.19963810462972,125.03167739197616
135.81518445326094,282.2731247734504,51.19900105709055,125.03278132449049
134.81532096746798,286.6272621392908,51.198882285497106,125.03294260507782
135.89365655423921,284.277225021875,51.19832688229462,125.03389298050394
134.9143994694708,288.46241644737415,51.19816924358869,125.03421096568722
135.46491481006098,287.72375760877685,51.197736420837266,125.03488484214637
134.72700579463972,291.61096359405036,51.197590382313315,125.03511915379534
135.6126656679183,286.72857782919857,51.196765931280794,125.03655831655558
134.29158320129278,291.122640259856,51.19663121243216,125.036788328898
135.18502286164357,287.67731795467654,51.19593465292292,125.03794471904204
133.49785709694152,291.09718024672117,51.1958083461759,125.03813731787508
134.17134810823202,283.56353265606566,51.195168291177595,125.0409374125162
133.36875656105082,276.3982038374133,51.194421891635926,125.04641594978435
132.92683916880887,281.74650571498154,51.19421089641474,125.04667346173763
133.6300130356233,280.3834914738271,51.193838027745564,125.04749246948288
132.29275224693293,287.9050740598245,51.193670312218586,125.04775667218293
133.00448929656108,287.8655615467527,51.19305600090332,125.04877420888377
131.9321564261905,293.5601762406233,51.19253150269183,125.04946696317133
133.19408753342276,287.3475858529038,51.19150168187355,125.05174753872016
132.009782432758,295.18915215081023,51.19122016719966,125.05210283505822
132.97468479595705,289.13070891801135,51.18997486329455,125.0547991990324
131.86935364403442,293.6108612765575,51.1896574670513,125.05533852185714
132.9354054093623,288.3767472822369,51.18867509499542,125.05740382891875
132.2834911290232,294.9183957285279,51.18837965798529,125.05787291991832
132.76497007900377,289.50820490458864,51.186487706033645,125.06117025535792
131.4256571473145,299.30707775034676,51.186078621063196,125.06170833154181
131.43103743783882,295.6596632615742,51.18437627895297,125.06406351605708
130.23329726445243,308.6796757912684,51.18385981672001,125.06452002405157
129.00578106841604,299.68080995086973,51.179469620444436,125.07068600050314
127.02971078936437,309.13688726440574,51.178371929722694,125.07258433668798
125.85692556329188,298.7685758694817,51.17401138020447,125.07961575690717
125.09277382846868,309.2067358197838,51.172489400861,125.08201900083426
125.11343154959184,298.92157773259953,51.165424139783006,125.0922327124342
123.89574239526412,307.7067345122196,51.16448047463776,125.09367360876051
124.56141732678198,300.0059509863669,51.160168661299934,125.09834143713823
16.77344541309819,242.42152785200668,53.10732830898001,125.0282198103509
11.958722317112922,246.59281357217444,54.80274969015953,124.98376696132395
9.214039890488014,247.50125799695763,55.8761017794323,124.3249203042167
10.136040888227761,249.56783914191692,56.83537274652299,123.54563055191103
12.093049011957309,251.09701872463543,58.268634140360284,122.86976321348509
12.256813502628681,253.23227360721825,59.351495774480796,121.82988956816202
12.892158108750941,253.22301341639215,59.72685010128352,122.21337264684331
12.216695807002147,253.78888438876123,59.91779524215751,122.81260191926063
13.142727802538161,255.1328820447227,60.20875736459561,122.91337275304384
13.166914464453487,256.48052927696324,60.20755237757364,123.12524810744094
14.451175767674641,258.3306768432017,60.219526559156236,123.41768549983588
15.194026107559985,257.7807696219671,60.26357133894213,123.64418258142705
15.909876006220554,260.2409752705394,61.213112147928975,124.60294170206808
17.54349414587742,262.8212866282105,62.09295485955152,125.85213191397206
17.09763213294715,263.5324362795375,62.6392176956652,127.21867123627231
17.589299847635296,263.2492854291883,63.038123873001254,127.69796469168122
17.993959373542616,264.74636994751245,63.7743189279371,128.01619027402103
19.10341607557673,266.79964657304356,64.20703854808457,128.99982457254987
19.885902249458226,267.61451454297935,64.85125609213677,129.86680942354133
22.191051814258373,268.45448542779263,65.6120116118895,131.1908327933038
22.482186244352043,268.75792264170354,66.14313164769062,131.8652024050175
21.073632582380412,269.5289854628526,66.48840955726621,132.18044880823638
22.569916620490034,270.2331160067031,67.02710626299887,132.90032173275773
22.76198831704859,269.77612795329867,67.01672836828149,132.85427497284059
24.492870758614956,270.1574391794538,66.02903904095015,133.93030668102995
26.05371577137344,269.45164986517153,64.8582526695317,134.25918612994505
27.774865747069086,268.90604215812476,63.42259601342849,135.00109165257632
29.213803591732088,268.7939080918646,62.184135588232124,135.144520151155
31.17692934780896,270.10538946166525,61.194816163022956,134.729751428964
33.13727118543318,270.24171928039124,60.2607939219481,135.20807711589475
34.989929248431935,270.35303102661413,59.5161687711398,135.31646241537248
36.11881243620773,269.34506123483834,59.22122709785108,135.3160314640272
39.54990246617694,269.9800926603701,57.97330103571541,136.86606462889392
41.365309359762314,268.6917583970371,56.537616881494486,138.8736758101695
19.642449309525926,282.3950266357548,59.10103183670359,137.7593279771434
23.40711896958297,273.2281160909895,60.46392064311538,137.78998553823152
13.658464236029058,290.1602163780593,61.942757438714416,137.09609593821307
15.284447737420948,290.87104705507994,62.76992060866013,137.02609125951054
11.302915951050732,293.6097626860185,62.98791801547649,136.9775917107376
9.649752660976368,295.7218371417736,63.32762081251364,136.78367284454598
9.431182780740848,297.53512502625586,63.907178808525074,136.4496855479479
8.276502407959043,298.3104330163683,64.33815269896326,136.0852105818221
5.851344919892455,298.0321309680021,64.52610605323974,136.00245991313932
5.041195183233917,301.7783185361699,64.73923761502728,135.60712638370686
4.444853575951754,300.03725857810593,65.09785455780968,135.29756143388312
3.2107680983052944,298.9972109971265,65.14124228327472,135.5132351089875
3.5661775155266326,300.98941839844093,64.84924606517077,135.06590607791927
3.2089901576696462,299.16733592942,64.7489279856081,134.97745268405197
2.857841849789125,301.2131566426669,64.44163767109418,134.6052560092977
3.022748801379322,299.5608106500017,64.34343379784963,134.27031314698712
3.941077602529937,302.30438365953046,63.84170017816864,134.06997561868278
2.0964199207460226,300.47694049115114,63.75803818959413,134.23691282252202
2.824662754003498,303.1445158036703,63.34615277141597,134.0011202793014
2.4373650348906573,301.65716935379373,62.98525636164971,133.73600938800837
2.789532896539882,300.5403128700567,63.0434461372183,133.88253721105804
3.3261923281261403,303.0290070163113,62.783692289838626,133.829667980591
2.9687559788747393,301.65537885272107,62.62916448709021,134.00416730207994
2.174822341648401,300.4280679429763,62.48885349883231,134.06567956155666
1.7235415213505476,299.4022023769277,62.21885516285026,134.5467831235017
3.033254881492578,300.9307246445661,61.95501759394865,134.71662176121364
1.997294527285593,298.67347663800535,61.83226953252619,134.19258647092937
1.4952022762667454,300.80871066270856,61.26480054926573,134.245677228896
-0.6355975301200836,300.5315300329213,60.83645017272054,135.08697024162913
0.2734334025260523,297.07818123581376,60.18819359574309,135.82808613265823
0.7748976962758043,299.1561235865606,59.9597005284157,136.4525802496764
-0.21149502493691585,299.26803443610214,59.61413231788704,137.42349097819047
0.07254799136722312,298.9616082237355,58.77187758529898,137.62750072008532
1.1135887008459342,297.68526931166633,58.297768073003546,138.21931364268096
-0.2103733502793652,303.3694259351415,58.072380178794184,138.19342764945372
0.03910157522490465,295.8394253742945,57.38936260165039,138.9282935401297
-3.0460580354358697,295.82262829249987,56.81937878342116,138.9508822750993
-2.6415418924481386,297.5473074888948,56.45759647622644,138.65891757623342
-2.8157307031216945,293.5774883635715,55.915789575898444,138.75282981369637
-4.133293179563964,293.1060978585758,55.238679173405785,138.99071556573796
-4.046107034932184,295.2535171842773,54.887435345979995,138.911483603788
-1.6716136270462982,294.07168368725456,54.78077011681711,138.78163701369664
1.3265574904717141,292.56804311866364,54.813472509924395,138.62087692163038
3.485837820196071,291.7974038806367,54.829837502025974,138.5979007561514
2.476718876333589,298.0298705004094,54.821701288112145,138.58751921338327
2.3234151273532717,300.7198275797813,54.81729574314599,138.57478492524504
2.0724171792987818,299.0619643607215,54.79381613724081,138.5516441758646
2.780044105599231,296.7713920171179,54.78196461313112,138.54359361160698
2.655074778946627,294.8318488837359,54.77371805859255,138.53177163709887
2.992820126496195,297.3781497402116,54.77102158632514,138.52633098829548
3.6079493124152613,297.55422272737883,54.75801523055451,138.5065688552372
5.908873585164709,297.02117065694165,54.75808919711006,138.49419001061503
8.955086388463354,294.02191287381,54.77784382351448,138.47234844492039
10.574857095740008,290.2857085112313,54.789893852976675,138.4684049552645
11.74505028721163,293.83436133850114,54.79032301416185,138.46775037799537
12.791280129737451,290.27964117317606,54.79083918398386,138.46723682833544
13.636840149382127,290.36342459230286,54.791145541064445,138.46705546392928
11.736798102743887,289.9403525895527,54.79124827867381,138.46699328122773
13.944180953910319,294.57167292404597,54.79367503544739,138.46507381890615
5.050368795684655,293.3128320665537,54.87860541268974,138.30530320806974
7.164409940069021,291.7562699728707,54.92822068709239,138.26410644015928
8.567339931710407,291.0751651294644,54.93049168334758,138.26331442275585
11.071357197207384,292.91830080023476,54.93347876642834,138.26281550019104
17.227028821381467,296.13525884118457,54.934532521254,138.2617731441825
20.368648852661316,303.7555790607972,54.962337151687464,138.2226612541516
22.820107690009035,308.8438844321339,54.96312364340438,138.22156854736684
22.07385058865822,312.30479781567095,54.96612540256353,138.21683982564184
20.68897585955502,316.09170034840326,54.96639391709012,138.2165015379788
21.582718777535298,323.1661398847252,54.96894523628093,138.21283368512235
23.369665730680314,322.8797933873851,54.969406693836724,138.212224351216
21.419454561492635,324.2975782717807,54.976661059647384,138.2017662100036
21.54614538658938,322.2297426289365,54.97729008679154,138.20090757320673
21.480886362107054,323.37850587617095,54.98437326432103,138.19072219659668
23.055635002417297,323.14276204613174,54.98492495487669,138.18998544232645
20.435644960200477,323.63599519664893,54.988622690677516,138.1846452709193
22.67771433186985,321.36517101783,54.99847007709951,138.17242724214356
23.51376237347542,319.5427056260063,55.00657266332197,138.16349960255795
22.048121541091266,317.4669841901656,55.01019624703559,138.15961420046625
21.51555490022479,321.96777382188674,55.02557037921715,138.13970817768555
21.264502184821474,322.08534929399093,55.029560598298545,138.1353936994319
21.846124094697537,324.65313365905365,55.044729215985384,138.11559530927235
21.586963028134903,324.8630069344023,55.048428780026484,138.1116920069424
22.589684853880208,325.0606819594093,55.05737821973766,138.1003313804418
21.154696390531168,325.13110585905906,55.067734098462104,138.08883066709492
22.427543899903245,326.54304795151813,55.07162513738091,138.08374645471093
21.5248859543206,326.86032552758934,55.074806753109804,138.08022776296818
21.725016811585455,326.42240920896904,55.07917629563728,138.07418089171352
21.153576842364107,327.04812056290893,55.080633247095726,138.0726011851994
19.397270027188835,327.34888309203257,55.08206838394651,138.07099073733792
23.146360074238487,327.1489449557186,55.08985113851054,138.06095290383527
20.320797797114516,326.168033609403,55.0911792068576,138.05954331764275
22.67045091389731,324.7995061935974,55.09847268566384,138.04998750777443
19.298035414759713,324.3494944517258,55.09966373795515,138.0487225417534
22.858311013992207,325.65940075400255,55.10346690197795,138.04380933409615
21.183239642828703,324.029480100519,55.105246960055084,138.0417752500569
21.93375645482844,326.1372034940218,55.10951957995209,138.03598946997872
20.187546421282043,322.9816708254258,55.11033794149374,138.03509267948522
22.614870890752528,324.58826668327845,55.114457465687536,138.02963459491383
19.546498409771324,322.4281924146534,55.11547645261332,138.02849120864104
22.885652282219738,325.98762911937234,55.11959802137616,138.0231388982937
20.589589625879988,324.2635015649513,55.12082672761035,138.02180380098957
22.53132306163809,325.39834963510924,55.12661084982278,138.01408128013472
19.52292338603428,322.8190230205308,55.127448077159556,138.01314188081264
22.969751443517993,324.8505411483425,55.13088335089452,138.00877328494877
20.017938753415613,319.5379546346621,55.13206722948185,138.0076493152392
22.493258654809765,324.39652412833675,55.14219469582807,137.9943925452971
17.633202756986172,319.32031141135144,55.143585101704744,137.99284344618675
24.212897029840754,325.2942925598454,55.15235317983591,137.98147325124953
20.374221981680883,321.0887950950021,55.155848448274796,137.97788211373643
22.682869559889156,325.70393973413195,55.19810968071323,137.92234507088943
18.551719944906196,321.2601927058056,55.20230363266401,137.91829287815239
23.97009962676137,325.87673998917694,55.2272872422813,137.8857789083336
20.168386655656274,316.9537960621012,55.229941280499794,137.88290997232392
22.59107523547428,322.1704655518878,55.25211401710402,137.8540023358294
17.917658760900256,320.41176402218974,55.25791589172814,137.8480413281478
22.105263899127728,325.142243699119,55.27463238071509,137.8256214792942
17.833958215265838,322.5025404198177,55.27871625973037,137.82163179384776
24.156355371346546,325.66640679074993,55.299694385618274,137.7950918124508
21.88042450916921,319.25520676670953,55.302407073565476,137.7928878261077
22.641917891504526,325.3667079148666,55.33231788141224,137.75200585297478
18.595801593225893,321.51133913959586,55.336409990298606,137.74819576939154
23.521593720142555,326.188456686431,55.35170806068403,137.72760554266458
21.32744021003712,321.0755838135177,55.354898026909304,137.72481372898187
22.996162978306216,327.08145979805994,55.40587760214174,137.65606159968016
19.41532168932146,319.97817034684886,55.40732048360857,137.65441239083518
22.97181189890694,324.9757531757534,55.43013804188512,137.6244757674499
18.51014664072713,317.46745898371415,55.43128456776623,137.62303875327402
22.652312031015654,322.48812427111864,55.44249841151779,137.60808871740554
17.432868489113126,320.1921140128113,55.44410770143857,137.60576795594392
22.700797699798205,324.8338732867017,55.45987167081548,137.58482551137368
18.549877043152094,321.19654624542324,55.4634370365369,137.5809818980077
23.434185527459224,326.4377657242328,55.487411162893345,137.5485007879838
19.559682800739772,318.35161840426326,55.48974875439377,137.54549864447566
23.210081329642907,324.9724786463281,55.514886583519875,137.5117430575017
20.056661490198152,320.4596247776549,55.51711887105196,137.50828552690382
22.295911740822564,325.4414466299993,55.556335254416176,137.45589670502747
19.11004122401446,321.1923390803951,55.55836679630265,137.45279478000495
23.302801904112993,325.4403924979681,55.58248193360314,137.42153932425347
19.264368652630644,317.80855146957924,55.58342356321579,137.42012853129967
23.115121655771638,323.63058991896054,55.62076338212911,137.37055598892138
19.965109460445255,318.80133341774797,55.62369533503774,137.36799053828253
22.261325937186676,324.2259432767738,55.667638762475306,137.30945361289446
17.71661971291592,316.6209895313598,55.668091517108124,137.30873068685247
22.056486195469038,323.00103788374923,55.72478967382806,137.23148577345538
17.70618320960141,315.7506318167252,55.726459183160976,137.22953511300872
21.571864177969857,323.1456702635608,55.76261767412794,137.17995962314617
17.446708550250285,315.64299042785944,55.763748135804875,137.17835556469052
23.612136138176307,321.91965204876647,55.79632584416914,137.1353625230718
22.85619415439827,322.6528362532853,55.85993901399572,137.05446521960965
23.597126084611517,322.05027839570613,55.89343705866719,137.01590927911312
19.808051126082333,323.53783043084314,55.904690537126925,137.00234996096
22.25655501286485,326.3823815138704,56.05609842442004,136.80216133097724
30.50719906185244,347.7269413109584,56.85514716421342,135.85883794041462
21.978929286153537,337.2481879027925,57.03028374625087,135.65542747464193
19.514031113233592,368.1953323752739,58.449804728168644,133.55922278871233
18.809333470721135,342.510284114344,58.71018852046437,133.29778091945872
23.738817059828545,374.68883614964415,63.590586919947306,126.95949856516714
19.097010882747764,359.4870080617477,63.601027849243145,126.94982466283503
24.648048768881196,379.44005688165663,67.59570901209591,121.40613852204054
18.956589008141464,364.19503875365154,67.60940303156121,121.39444099814348
22.34321347908392,383.38226507771736,70.62335406373636,117.10072260294159
16.28607004070502,368.9197655835868,70.63664301568947,117.08840851136874
19.27777726558456,377.8989522571716,71.87318401026633,115.27772689088374
14.243014031299474,363.0711194885745,71.88961847596785,115.26523485056332
20.138372892494168,381.61158152330313,73.17414565714292,113.41586671982665
14.83673294739826,367.8447423535833,73.18747880050856,113.40503707891969
24.518978128406097,391.9685110140237,75.54644005287277,110.67409369114428
18.14411396019294,381.2682200291708,75.55502420900123,110.6649676377789
28.90686191777906,396.2443266003493,79.05114236853602,106.82904363421578
21.428248143225957,388.1124088782075,79.0583996722809,106.81985928785004
31.243370810063553,401.42667345106105,81.9901832234934,103.52280635369068
25.087088075175892,393.56117518946184,81.99356557254119,103.51830444854446
17.868897517632668,388.34808281169734,82.76982381622871,102.30536910214468
11.111690636909046,373.7262726158798,82.7726904890529,102.30335160010306
17.107869066519655,390.9706926445416,83.20409690497817,101.60773206279893
10.621367326545638,377.3797352717361,83.20805188486517,101.60453480889832
23.31132802953897,402.20639374646197,86.41153120519687,98.24932882136054
16.692359570107406,393.16317975140703,86.4148613812011,98.2449155181355
11.05482548407872,388.2696904568109,86.52781827090985,97.99295081661732
6.973603463748617,374.1144188173032,86.531649106614,97.99076712114537
20.89722659694413,398.996311462662,87.92757643946614,96.42467088682426
13.159838356675316,389.0480242944935,87.93022023720347,96.42155268776094
22.04726034681069,402.2170961075934,89.7531412258048,94.44025300992533
14.395142241534899,392.4975452815666,89.75613174696429,94.43504352001112
25.554604686104263,406.2185493720959,92.10235654654626,92.01820661885986
35.562051564199145,410.4845149680626,94.1326345280274,90.13063787657237
8.324374621125521,392.44437397344063,93.09697919786605,89.60908652231048
3.887031000356373,379.4164187792836,93.09866629444585,89.60883693747995
3.986417970950029,394.1275137544391,92.66892384811442,88.81467967149511
3.244216752081087,353.24758656884154,92.81724108554255,88.36264286837391
2.6134679745548084,391.7046962296663,92.48883194809022,88.11086861508379
2.887397786296276,357.8629045783038,92.4888653123354,88.0177032605822
9.24990369656657,376.27445859445714,92.39459651852822,88.21248615845123
3.831092203325767,355.2518444822241,92.45263366669195,87.93135177305413
1.0273018355774894,353.94319980028956,92.44470918368265,87.94218747977285
3.419065350107246,353.2547081554075,92.50828861137973,87.76158672221946
3.7647793581255016,393.5345231247269,92.24275962412129,86.90692809705735
2.27026997065866,379.3477390205224,92.24265100151774,86.90911073112541
0.15730271655323236,395.710697493581,91.9717045015804,86.463837248143
0.004367834230393441,380.8203578470648,91.97117283466557,86.46741883914903
-0.9467504481461617,372.4613575194383,91.91634882393345,86.52570956398206
3.8085250109154316,353.8643936256335,92.13955778587618,86.09554906423824
4.247475945064821,349.45109429632953,92.14589070361103,86.06470963538281
4.6582834052674755,351.2042003912822,92.1645761047847,86.0458462404146
17.904926251199697,410.8004748147545,96.08427526094272,81.74055020108706
23.660444717980404,413.0099657572879,96.18016047703951,81.6442497430223
7.867052100513348,395.900624760055,94.84980475128026,82.28714133221472
3.0176194994470578,383.4221805370603,94.84965147501929,82.28824021216411
16.745776134770473,411.0726742455457,99.90814304446035,77.45047148415799
22.922855053918248,413.1559855813581,99.95805510667749,77.41016345257849
14.781038692188744,406.8789186883442,99.95769506280251,77.41017717482455
0.9209767666546043,400.41838984893457,98.19550957244013,77.7550543955749
0.8190068797998293,358.48217118812755,97.98369627960992,77.69533992275532
7.53730599317192,398.3864290852704,96.36974991596388,78.4444947217314
2.829601019455694,385.47715565620445,96.368712223931,78.44916065945311
7.794134136126175,402.123308837394,95.29341910765547,78.27377095356809
2.2306328574210994,360.02596502965594,95.22170550143036,78.17451325654423
12.084492681518554,407.05698508829016,97.66303179744932,75.6376959175961
0.40637384887238426,358.05951220661524,97.40642499557858,75.68578041385618
10.036349156499156,415.00806305662945,99.87529708845491,72.27004773238247
3.9004597272084283,405.93689871260995,99.87453203987084,72.27043153516746
15.261139630716904,418.8561248908103,102.09859917377186,69.31872272429905
0.082430942375332,360.78948502107016,100.93639946976653,70.17704671426762
12.10370935967272,417.19242519548555,102.39748567106042,68.15456785469465
5.961483527271348,408.61157405767756,102.39537918461805,68.15581061187802
8.353010694737563,420.58806546296364,104.87094558866877,64.70722614725311
14.18330980629137,422.04757774563075,104.87208766860071,64.70102716633046
1.7927763521838997,383.74263168524055,101.65252705911546,68.33926248779443
-0.5933328618957319,362.5409586726563,101.59560148626764,68.37032839211338
-0.8063459329319329,361.4998137174653,101.56874170257024,68.40558046260585
-2.553373991034441,398.0095079953819,99.37656954347618,70.57671314700696
-3.3191774189639958,384.73265730077816,99.37386129008236,70.58103328011097
-3.6617698330077033,402.5206512566852,97.20491585007285,71.81413502894145
1.3958063126136437,361.59611675003487,96.99720660539998,72.05611786060149
8.197595948140012,401.6222419215267,95.33532826971101,73.48207033744197
2.1791056598898706,359.09232526852816,95.18504249641882,73.73302760584153
12.760681544943537,407.39627377924774,94.86743744872359,73.35134976164841
2.5739386208289687,359.1347153620352,94.85876501753378,73.45823734802667
11.843782500842032,407.49268366309974,94.65347743450961,73.01101565068271
2.7008451692088116,359.8712886702901,94.64060980346453,73.21010446442703
11.748238587470084,414.54135079562064,97.31998525942245,70.1553195692346
1.7565684975799414,360.35863119641846,96.87836816381211,70.79740061334212
10.282462691333045,414.2647614332697,98.9721047549436,68.29561072069427
0.16787490473700473,362.7703870726474,98.38840076575775,68.82275055522021
9.252936076066973,417.7956290855491,100.54090644433805,65.80429472765894
3.1414273260729146,409.04040073742334,100.53946906456542,65.80538824947203
10.968352400784099,418.73659983121485,102.64484285313134,63.36688753808526
4.570634572647776,410.48674270731465,102.64349696948699,63.36798842834171
14.948246102376054,419.6302541699511,103.37521810863883,62.51067589125239
-1.7261599092166335,363.17285208323386,102.18088590574999,64.0919687121478
5.318432313650035,408.2969638013703,100.32217688573687,65.29260544433205
1.2367347670186746,362.20294311150036,99.58056366295955,66.38093063754842
8.96719196140333,392.9670663791179,98.81240306599932,66.89419945265509
-0.14306799718091412,364.11153782269935,98.63844513892953,67.17522192804114
-1.1337227772317675,402.7974968857389,97.66603079156053,68.02531155342683
0.2973518813696501,362.8621821932079,97.43013436399087,68.70870033790283
8.78661602826007,415.68372269734226,98.61463097255378,66.41648755473182
15.00306189186913,417.7650022080631,98.626507197301,66.39946590969396
0.4100821414622047,363.326999061979,97.95930583996055,67.52444223360044
-0.057637131228567284,391.9717108138423,95.40652083263824,71.03510570497147
1.8180205361833188,361.5684577502186,95.28979779250746,71.12683293207239
12.046708011626471,389.40476947814926,93.15324651105475,73.91401782582048
2.0048958374920574,360.8524341286851,93.3225661260472,73.89801439144804
11.799951534250333,391.06192951292104,92.02286763536269,75.21804873894291
5.052261647065414,379.5904845165602,92.02348022070665,75.22005509519005
10.580545905924367,405.29598047524973,91.48683968150436,74.56797812532066
3.916713625860588,358.24786432981654,91.80029354064315,74.5727110875738
2.310288676650437,388.08755642817505,91.22366370655003,75.53893770018294
3.430350355806958,359.55198740522786,91.69240980548186,75.4059360366047
11.100463088435717,393.63482634615207,90.65053085969456,75.35259335983443
4.889915857948196,358.46558859509605,90.95162257408757,75.2929060201495
4.198293234664746,400.48484155105865,90.93113254061754,75.41271004474778
3.933784297382921,359.5565169761876,91.24937451827434,75.24216040298592
10.517635406830884,403.44303488418876,90.66493855761816,74.7613456563196
4.273513987094006,358.7531289189203,91.11535199798303,74.71768041400497
9.77866505518623,405.19995333098706,90.03721310032397,74.44677328909015
4.875628669419719,358.7735053571445,90.31462128292877,74.39258763277148
12.393845248966507,400.6974066989567,89.06306971563207,74.32206003459629
5.024669643794141,361.14738813162455,89.58458018195824,74.25216003547148
12.498929300716092,395.0481664150717,88.72596279224764,74.05607984797172
4.431471656077036,358.4599127590104,89.10883340379138,74.02443438909813
12.950272234209926,393.0125934267659,87.767893243009,73.66467852233725
6.614543739675952,382.0891108964428,87.7687922563079,73.66619222800294
15.647380433811414,403.61892889959324,86.92458111779284,73.30605344460236
8.79523433841559,395.495384429709,86.92503782121877,73.30699713595777
6.265093865234846,401.94860190480597,87.15276251986907,73.29694928598363
6.395603162855934,359.71205941500256,87.55356642247159,73.3286203861959
16.476823587905685,391.66944744790806,86.26099289720119,73.45347139558024
8.738595734176528,381.6060017409235,86.26259413536019,73.45418788279149
16.74206923180958,392.53476678322477,85.45385690266733,73.59739594210986
9.56353249219216,382.65068631112376,85.45545400250764,73.5979444290365
18.181897909816392,395.7364696715372,84.59444223769374,73.39620536018724
7.733373541014316,359.7289462872192,84.9965835961475,73.37735472892086
15.699561999861913,393.0796486222404,84.11445196348649,72.94260502714005
8.99004598137001,383.165022635815,84.1157651131412,72.94291565477616
14.75787967266146,406.8780547774552,83.84817081252851,72.31970781680822
6.182799816357374,360.8882677059377,84.94961302635738,72.24403751404236
14.793734489345468,394.26039688895185,84.26257758846225,71.6428760718423
10.041807561682681,385.16772486605674,84.2633958984387,71.64348195845272
7.674521509285924,363.1234466445297,84.32316045470927,71.68067350282527
14.612887903994363,396.60178577257983,84.38460572773135,70.47465900404916
6.2282261011685165,360.98858733579516,84.86092052906176,70.482801788263
13.361572674090581,402.2615585667927,84.98274571665269,69.86025257577973
8.777176346015708,394.5985308100031,84.98315668182343,69.86086100683926
7.51639975659802,384.94129474207233,84.98522104916589,69.86078846496652
16.133823235304583,382.902544991801,84.10328508723616,71.42562770054028
8.228560590078168,362.7313859080572,84.15221274432717,71.41162262584041
8.207478826707117,357.825077751569,84.29868603110336,71.44288689566498
16.62373623040532,384.5005817347161,82.92683788020109,73.13917736076722
8.14850263173868,364.24108415001143,83.01224808595722,73.15082923794021
17.235256676037835,380.89113233377253,82.10142195841848,74.05079848321103
8.912765656324567,361.8343617287451,82.17706424564776,74.03060022183034
16.788815766496477,377.33374287823665,81.62821872501097,74.62872551134821
10.774467643193844,366.69402027493703,81.44016673400637,75.15254976152654
17.384312819003654,403.14506114760957,80.43008827508694,75.24502825788065
7.305127661322743,359.19274182481377,82.08524470800248,74.83899795815977
14.550742842914723,404.7777025751215,81.82985800326578,74.16431571535679
7.632275292389629,359.24659589955047,82.76846623053667,73.92506117099106
16.17212953456812,389.627339473627,82.20796093221485,74.15515498597284
7.730189010772904,361.1693183492326,82.42161683637266,74.12320681728117
15.350602084537961,400.3107573179478,82.22007920965554,73.72700948287807
10.670426079326589,392.22541081288216,82.22089695646744,73.72741249972324
9.00604246037387,382.8915881188649,82.22369235256075,73.72602483722065
16.496475453560926,401.47790048286026,81.86795415854503,73.94416625302864
11.036801701205171,393.86451750684256,81.86874831090059,73.94450321946837
9.160016392102854,383.8698140446034,81.87120479908508,73.9437654143325
16.88210956279186,401.31962488675606,81.54359369879593,74.60802083574006
11.232162059264304,394.06745580958705,81.5441055423989,74.60818761861809
9.283219354797744,384.2630360883486,81.54690156343834,74.60732971917606
18.260966258093795,403.400329956072,81.38386152271538,74.41323972542841
7.785634137937521,358.94487728981886,82.3757378449371,74.1810328753176
17.51350729780775,397.44808160688774,81.82315543510876,74.44237021285954
12.622146057806383,389.72042047928596,81.82512096473307,74.44257333506746
8.069964827453902,377.1791204520507,81.82728100997173,74.44248410425968
14.361239798095198,404.813593535689,82.031152844507,74.07150622921942
7.211446107461661,359.7138405910462,83.7060091619313,73.77069168393459
19.00787358342201,387.8340340458277,82.12778548137291,74.7962311354556
11.06902985221425,377.94313945066807,82.13322429419127,74.796821824188
20.88792117341385,388.9587052587607,81.2916967634864,74.77000653795884
15.054391922535665,375.3151833914972,80.80205417729111,75.57745318081096
23.083758690297202,403.4024685459739,79.60513609434372,75.26750308059783
8.942518103078427,359.1402652600907,80.8638097431465,75.01405473293056
35.12599292717735,399.69433233359894,79.89399296848381,73.39293535642199
26.333186804741423,395.43045748865643,79.89405490512813,73.39253162681237
23.085393840725033,404.93763238995234,79.67314674975637,72.65156019641285
8.999885703315428,360.2270442036827,80.8790064693998,72.53336126377648
7.749905283692257,400.5685901142273,81.27744319403737,72.50529111016766
6.3557689826366826,389.8168259430299,81.27901602426742,72.50832163456931
14.348840251959338,405.61621882967574,81.63976679616898,71.97757289435867
7.386258956884163,360.70565176598757,83.61206187838476,71.80236913111005
33.19765526047107,398.686236867081,81.921657576875,71.23733235177475
23.926127762789037,394.2235761870992,81.92159504904572,71.23725965351088
32.68385232453426,407.6652715135818,80.77792632106309,71.22405675994501
36.83810856915162,409.5320679622739,80.78530986606908,71.21947730555397
24.035467755389845,406.5000260298204,79.31436430548229,71.25954097545369
9.361994764732891,361.3532784768344,80.51801309136162,71.14382587634746
20.9907270541309,389.26772218518613,79.75150768004607,71.51017848039598
9.39099351940866,361.8570267242876,80.01074151889974,71.50584003207582
19.482580315132907,398.36147198311755,79.17048823079597,70.7833875026972
8.771336613979308,356.88456254716544,79.86717607255629,70.88275233407406
10.174634171739477,359.1493162573115,80.01602076302045,70.89171661254294
20.041470713206138,396.4545265587435,79.16797924136642,71.61208366837039
9.444372612301336,361.295978660013,80.06700370550513,71.53267983204222
17.54525555381852,390.17624650476654,79.93487512105474,71.25928861275008
10.200217741867945,381.7265032849343,79.93792567476547,71.25891276298574
16.7379404087935,407.6339234684011,79.76008146853887,70.92475095440187
12.167953754200532,399.42233960649236,79.76076587544209,70.92503087609529
7.660309409232326,357.78855292814194,80.6198274535621,71.01690690613597
10.5621990931268,358.88536696340543,80.85266345747725,71.02090423424482
20.85036716876286,381.8437688792415,79.37476747649322,72.70419805882273
9.38412059732213,362.4658764198796,79.49274455186979,72.69721900049578
35.759619273209665,400.26273841033867,77.68911963661816,72.56955184330809
68.34652895424267,402.953122757139,82.35730314320449,68.63282166003006
68.02255904147653,403.6263408546721,82.35777231567968,68.63238399058326
35.22532308624183,410.09936503313185,79.22334713142251,69.46403510418381
29.834426729498723,421.9778175523957,79.33416511346341,69.38446389744315
9.374781072760364,365.7416262449043,80.39093048699873,69.76593464719161
21.185845779543115,392.8440582950092,79.03335605085022,70.22033034312453
13.733519864243668,384.41354306004365,79.03454261045302,70.22044467536026
9.4715275739417,360.82867211631276,79.39356823719953,70.26325632600559
16.442226225754183,406.83955742812907,79.28865965732945,70.29115306077139
8.198006486643138,362.4169989825703,80.251945021782,70.27183666331474
17.674978474290825,389.7332625859322,79.5909850552757,70.68152289653229
12.947608296754908,368.7543336108842,78.85034615314538,71.54922047675525
8.72245955298569,356.8472956263506,79.11315222375266,71.55504601857635
11.02287177391758,359.08997323146747,79.28393041250412,71.55465613274457
19.838376914230366,383.959829813033,78.10902059574573,72.73849643641032
10.52589831717897,360.4046097201596,78.56118726250477,72.73708969832897
19.152754186141877,386.4979971055122,77.84688706937877,73.40191175989926
11.250145596842295,375.75583910184406,77.8499258651044,73.4016105339591
20.00418336558748,380.24509564407094,77.39826016342946,74.13634951707124
10.370090195202025,361.23323321029875,77.61784916838494,74.09432426254537
20.31679839138087,386.90487006975275,77.3908584809833,74.0942245243502
9.94185423534369,360.6387584502154,77.96732493331645,73.94199189184297
18.72168429725489,387.2662300412475,78.1231913903046,73.34418371954425
12.03887679226304,381.4286239553331,78.13071504591818,73.33862597102404
17.908028959437544,378.31802189574256,78.14367623738704,73.93550958315552
12.87103290780734,366.4920445411862,77.81465701862597,74.49091048977802
11.320385475866892,359.9850586998255,78.09278408160354,74.43955262080259
20.312461977075714,390.66521872490887,78.0162009644398,73.40363061140744
12.819453743849493,382.0964925946251,78.0176192711022,73.40326548916242
21.11580782998763,393.3026692630477,77.65750654255152,72.97334737875767
10.59577965441958,356.4353467799086,78.61421557313098,72.94413736456698
11.390754630171024,358.5620135067504,78.78204009386472,72.92877187887053
21.610036045424003,385.0491794712333,77.7144622944867,73.44879801264887
11.01408234187609,359.86905222570886,78.21079398747119,73.3722315198111
21.292893537477454,388.3500732155201,77.57684141133194,73.34635439614556
10.338888772427111,361.26494940719704,77.92572885586134,73.29026839462767
18.67192977400451,390.0624164221745,77.9867243368374,73.02938358952626
11.719380378645944,380.5447549087957,77.99076016216146,73.02931194770474
27.993917344294104,407.2354834742457,77.05568082925382,71.97645283926573
22.7853972293668,401.98931544692266,77.05575748183792,71.97650316545722
18.485482153542577,406.7526896332252,76.95418687665043,71.57475097815484
9.73264641031033,356.9043033723684,78.13571590706023,71.60419561900906
10.680837751977421,358.0029025725113,78.28544909897019,71.59241606294626
20.60943044031758,381.2208881842228,77.3962946518553,73.43140821842952
9.999164016370784,355.4929570445307,77.94636775243444,73.45237212134883
12.124753782904982,357.7501838168004,78.12227123480794,73.43027010879186
23.413086333198848,382.44604456662006,77.10313367633447,74.59531130446506
10.464387819076684,359.14941867743016,77.54359672935907,74.54942962947574
18.657048658961678,384.72578013170937,77.82787649001877,75.55119814547783
9.725712011397661,359.13296845861464,78.48760979796418,75.30688985104236
17.881837404949643,385.99086481315226,78.63436245934655,75.41327502893006
9.828618248371903,359.21663777893343,79.1269711597701,75.24488644600052
17.889524200245297,385.6703026009502,79.4237669678153,75.27810855977947
10.281874518956592,359.6902352916676,79.9725328602389,75.06375129602048
17.742195693637008,385.08133306294985,79.84579386170815,75.02769146512584
13.415023783148378,358.8745819831698,80.07209622455552,74.96241478557467
12.881056578746005,359.050270921112,80.07071555748594,74.9640170167593
13.364721739231932,358.332358025895,80.21695223118114,75.04314310206927
14.405357137540015,357.0541347664383,80.21589569657364,75.04453638688237
15.6432165090025,359.19503065308174,80.21610955176268,75.05970496744686
16.71696420645359,347.45280136785135,80.21516648115555,75.06076319305896
17.280089796643225,356.1429832189041,80.21488626043967,75.06120736754046
-21.28973454006475,330.0707874773933,76.71254427223452,79.32274057419471
-15.041324836496273,324.7864009389778,72.00941793074088,84.38184100927164
-13.39752027356991,322.66729992304437,67.18833757819596,91.65707445326315
-10.33458940068708,318.24571453812575,63.017978700128964,95.61926330095065
-7.819946132015115,316.2881431027882,59.01915037468384,102.78732942182423
-4.7010263464330215,313.2650377826389,55.52045751296179,106.50789151590392
-4.625683273729926,309.26574847667194,52.59799707556341,112.29571024967926
-2.015400088235552,308.7215496048715,50.27032235000618,114.74814383808301
-1.166041501267447,307.72453183843334,48.80393774841094,118.89409563644703
0.9740179894577992,307.54819247383233,47.4789612649768,119.94534765695069
-0.28998909934229644,304.4709009659748,46.34583786170541,123.20333805563092
2.3074810311900436,304.6851806707171,45.63469705819078,123.14335284820693
-0.42832348879216653,302.28720192525753,45.2031398040573,125.81590607467604
2.085168262046441,303.5210423917686,44.64132287113619,125.44165995229228
1.5483375693014167,302.7365260449535,44.82930638253795,127.51312064112744
2.907118184206407,304.5962780663252,44.439821276919254,127.10754019571979
0.7262695341704486,302.74512110539706,44.250232356440634,129.6600905334392
2.679772284385926,304.2817342153576,43.712373679892735,129.32596643868598
