347.0,58.0,103.0,251.0
348.86864162808365,58.41087421781867,101.08481333006011,249.20967128486336
347.2868035818298,52.48961088712416,99.68050245738836,249.7385878693481
339.0528245883186,51.72403156736503,98.4123154248796,249.5777532723246
342.53054557565633,50.23234286387374,95.6492948865139,250.37788764303704
340.0233578759282,52.06871650728024,92.08803056123868,250.14437199036405
339.0203028848742,51.888225638727306,89.48069907606153,251.2157501961093
335.9372521930491,51.51554932894474,87.91343826183568,250.0895975552069
333.83316525472327,53.35900667713935,87.41060311291369,249.41408737313043
295.30822595700215,66.10051283845365,88.27021223814103,242.92174239364147
295.7311929295883,69.29721412202768,87.89320972950743,238.20900543871417
274.8941337080632,75.1336110336861,89.40510054194245,234.96520674784364
276.0682401884077,75.66183947652334,90.13479490509079,231.96895639464748
358.66862928350173,46.45435570190334,89.84716368755895,230.49611800516678
361.974272098077,40.049624121757205,88.99955517861714,228.10160930266608
364.6622741864492,45.957116072673855,88.87985145124402,227.7468781626736
367.6397484673329,34.99072837845877,88.72172639106361,227.40974273872584
372.47066773038836,28.16389493669857,88.6336488512808,227.15720730596206
374.4225912622231,37.365710404540835,88.61535085606224,227.0695858917619
376.5637022518073,30.197371703052823,88.56806320688037,226.95121473364173
378.77509187554153,37.523887120351745,88.57861401846338,226.81656120312104
380.70797833394,31.89464550878114,88.55002910711391,226.5506742327808
382.6125981918948,27.894891880641524,88.42859552065994,226.06574259288084
382.2145343635499,38.23535920055184,88.32840354958783,224.8186115114098
381.78287475197465,36.724179780050335,86.82512965025609,221.73731882882274
380.5356226157216,38.5505334548821,85.4839367486899,219.93830365311703
376.5393250942524,44.44446819984286,84.44776706689692,218.99970307646456
371.5691230921689,50.7571959646031,84.19133459950612,215.86259173944896
369.4373015894948,44.36282519508278,81.5910640687827,215.6813854635482
366.79772037262626,50.04395877936227,79.37397015104872,215.7461898663393
366.48727849932135,52.25251529001217,78.44373039778831,217.08701904474654
364.39524711881177,55.285770392105576,78.94482382706605,217.76631696510196
366.32033745812134,55.79522561665814,77.7205090847263,216.47840032331266
352.4806771075316,60.720137600692226,77.82036773451406,213.7012935450333
351.9198670461322,53.21705187904834,78.44143454739546,211.5784271312654
351.86474177381666,50.671763240378226,77.27172732072532,210.35686012912566
349.8905594746733,57.070939202640275,76.23248157889363,208.96675043024854
338.68641345257305,65.11655642966078,75.5969389368148,207.92672351862697
346.58562626116037,72.10360322724607,73.89552107110501,205.20529448949642
347.74956480081005,73.10939294224889,72.24811100135,204.26201471063672
348.8290956268251,78.97446900672169,72.55767632533312,202.7940925011247
349.9252928522794,87.25262947176813,72.58434014964723,202.77857357298495
355.1419647663605,80.85132769087454,70.46050845985184,203.14319648291666
360.22870656132454,80.58311210165472,69.72915495872982,203.46532379532752
359.43236386376793,81.29429736963915,69.55394250952844,204.91236735046888
357.7881067993074,83.1286483109698,70.00207668506516,205.10269547612364
356.6567274933586,82.13315371809459,70.15812271723561,205.51284765053677
355.6548556716935,85.16541631150317,69.14163773622192,206.85695569583632
357.2786178385762,81.33509863701268,69.13640461453836,207.39654783955606
361.14934764164013,81.50203561220555,68.9640272685424,207.48210551596705
358.91351036829514,79.31444066060098,67.79723402653609,209.05866351266678
359.3856689050738,74.83268426077169,67.82352959812798,211.16254811179437
363.0321014442454,74.8397778712175,68.60252101850298,213.88304249719545
365.02549604592787,72.31311171199881,70.02822981242204,216.3136808001299
365.4175231498885,71.1092279998372,72.50188224665172,217.8489692029039
364.97380132936945,68.46323095839507,74.9694052047827,218.5514213737093
368.14888095679026,69.94529797163283,76.71528286095179,218.3199078249102
367.50642485997713,68.41394343287217,78.01041130093708,218.323421860775
369.533332100933,68.3615103702342,78.20727726565008,219.1290102632154
372.0711045151675,72.5178243026776,79.21201417164761,219.27931689234717
376.17629612840165,67.7069048779803,80.21269146916623,222.34423521332988
366.5215059236449,63.25785323141875,81.94748283143848,223.93854936765905
371.7699632693821,62.73949012572879,82.8455676440534,225.10654217297207
373.69194318595567,62.67460089310836,83.09073010628589,225.79349687055088
370.5789188185722,64.5257502538304,82.97926539424493,226.24051684417518
365.39453490436597,63.681122914725705,82.52859428833125,224.94901452432242
357.68196261812295,56.43151642522794,80.89687126133006,226.9707962060157
352.2681129958246,53.534456871708784,78.60163902551906,229.15525850229352
339.7287417645473,52.744749479534704,75.43337411807846,231.06808879491194
341.32685486977556,51.735575779037575,73.38238082350028,232.120894117888
328.965045839307,50.018040253981894,71.89007557511133,228.6804778404237
332.4007202848966,51.373746986646324,70.03281149991108,225.35679044359154
334.2501526959963,44.903844893787195,66.98240432408156,224.690794954322
335.27967769051355,49.01103196776366,64.24102932951575,225.56711618753363
323.5346353113265,61.029692626464126,62.57296246130296,226.70781916212488
302.66875114353866,67.56235251703053,66.29768505102906,227.00957148639978
300.77524055812546,67.64053266264959,68.63279441479517,226.81187651022347
319.296785878496,73.44610882630789,68.16935846765766,226.58723407823157
315.68465861611907,58.16709942197821,68.05451930726137,226.60325688469368
313.00483956100373,58.72842842735068,68.02726128406918,226.60097283825843
348.2185509659329,31.329352382390397,67.75604269784372,226.39411241597196
341.67692059895876,33.905821940092466,67.7545952179858,226.38245252114888
329.4855360389701,61.942697749617494,66.18294424824136,226.49134097778241
281.90507963940405,97.74323121418139,70.18286919336958,218.93495178302962
249.08379036135833,93.92029925499646,70.12879247602352,218.63678493968072
322.99958345176515,57.67533032014636,69.42711962528799,216.61783456475203
342.0560613225001,57.63491301271645,67.98259039748993,212.5691759430701
347.7031318872409,62.070780332944565,67.66250551190487,209.9442455399796
352.92103783498516,73.51114755350488,67.2330193381571,206.18082829856598
358.4260543047322,82.87200372793312,69.15115755649991,202.590962377627
360.6618139809489,96.35523984404873,71.92044716784208,198.22287500257352
359.79616998563984,101.21018680109385,75.19990775157709,194.93816247733824
364.09085566418037,115.79132689345458,78.5470369438124,189.25090746961874
366.7075310363372,118.87554215360161,81.75562746079027,184.49840006791598
370.69508008740536,123.03238456907998,84.71973834302888,180.42802854948977
371.66440874478997,122.34900148736253,86.9931314661869,177.7418705567357
370.70756549504154,121.90615615896391,88.35548906820753,174.48636782364036
360.8906604812689,133.9704888674222,90.20158318388762,171.62400642283708
363.57817795323353,131.53906584301706,90.96515812612776,169.24728566866887
364.5056034550183,131.9084040512513,90.77736046442384,167.57131864331743
353.8428583839053,131.3603075914466,88.46712558528748,167.14729605160485
356.5659798994611,126.9565777362549,87.09247154724837,167.4429778841806
354.89170526752747,122.41058267196104,84.78670581630368,167.87129556556374
342.35256628867984,129.26722962339346,81.40099451618642,168.80441928049677
326.98139460310097,131.02560447691573,80.67384020668008,169.22594348015997
329.64522855671623,138.25508709120408,78.99856587893264,170.48093126977173
326.1324701112083,127.37277427915548,78.98488055666114,170.49304110102227
325.01479281549405,129.12067562006789,78.96493224205321,170.51498391404
284.8547021297791,90.73444313843434,77.62617043721356,174.53313826939691
289.0209120699896,85.92373365932735,77.55596903213441,174.64275455427105
290.9404595529986,109.4015938239606,75.21748346400459,179.3103672022995
291.06381561863486,110.26418604405623,75.03979052369908,179.52108392711676
280.3663431783889,96.35642206850291,74.85079871290692,181.37854684526442
285.5053571246246,88.36793108943935,74.50277398663425,182.62794491819866
275.6973512614173,84.53634545272223,74.19381508621778,184.89955897498862
281.79115198916406,86.59839508023738,73.97504755406408,185.6322931779051
283.7681741682534,94.86866517715605,73.50111217224963,186.83008001043495
286.55307737585764,99.60171088833471,73.46799408483038,186.93214387677392
244.39719869443704,83.74174226704423,72.73852982901921,188.6273428075873
251.45844513059257,81.41337996907185,72.55352265159343,188.8748505227337
253.6944560087519,82.26363710574455,71.46564090992317,190.76401525215016
308.9746210972596,63.459773784977585,68.09662543017336,193.41667139807862
315.2767214767709,72.50978702358937,68.35821789930029,195.80933786824275
324.18729266570415,79.15270537204732,67.19052553364071,197.9789893762829
343.61421007672226,74.79986224098673,64.91070728264944,201.16775888654252
342.6386373772475,72.84430629913851,64.59012106653242,204.4680327146283
347.40180020638394,72.90135139524989,64.32945187951199,208.15069306790724
345.165901676794,71.96954747853901,65.00875488008289,209.69492446247287
345.50514628783793,74.49545304720282,65.12205358037735,210.48126764109375
345.50792846202137,75.44713295625367,64.31911122841325,210.74806501712962
347.32918922800525,77.42354118922343,62.73744937662131,211.42447952729484
348.7654283795421,78.00887918799899,61.23376551477078,211.5297967577024
349.4086959538811,82.60579806422882,59.67811608038534,210.93712573040142
350.0819282945148,80.38761612523629,58.41385717896828,209.95448993645044
351.2771690125951,77.79027632397312,58.95457886971513,209.04913625574315
351.93957498520564,73.68561110181635,59.40637849103752,210.93218562934746
353.25131271452494,65.70935843013051,59.71555860529023,213.90359565869326
351.2788675094164,52.050502657464946,60.637133347401196,218.8137850024863
341.49235189115046,45.51341582954426,59.489579714548334,223.01554883777104
345.774117001951,45.84841179444655,57.72696759521158,225.17134469063552
334.08663576821533,36.76590564899871,57.231042306335375,226.0064600546513
338.06209821107365,39.66575195350927,56.28987017101544,226.76577365977204
340.89246739342906,44.34057148751788,56.09627629559293,226.78103899544135
307.9370344221646,61.30367858166916,60.19190710018246,228.09343412110363
329.942394936221,68.56576499301178,60.08803116484307,228.1294200279716
294.87489676427236,70.0821678075187,63.254155438427794,227.05721441745905
295.1928235960512,106.6206771027265,64.23527827442766,224.91090566591063
298.48981227451674,107.68693404231104,64.24032998167498,224.89742297761376
296.6112873815592,96.56274057856996,64.2427296516233,224.89230610565744
295.16784964126344,91.35532616995327,64.24224789725999,224.887840565591
285.170341778911,57.43547713227298,65.73649114576858,226.6077418880219
290.34688054486423,59.10811395564177,66.11455470425514,227.92149438721938
304.21954201021305,56.80046698594204,68.80514867419231,228.0055469096877
291.28502628555606,52.160385651820064,71.16442594259807,228.65928478850293
296.3192682346121,59.9223761553951,71.22843029521847,229.36159734519563
301.3165829718285,61.47758055395521,71.47275727220166,229.89041713045762
325.51858730654413,65.08135589043897,71.12738431444026,229.9466761384288
309.6847605509804,59.2724782711459,71.24936636255504,225.29120940741046
329.43147855527684,65.14648831842548,70.04915087398177,222.16199519816624
333.9900402722362,66.6731523790408,68.50144062518271,221.19439286123736
336.77776370357697,54.292700420650576,67.41560109663803,220.3676617377346
338.8916221311166,44.02325027974585,65.14065495155018,220.8428317796759
341.3785592609396,43.40558316153958,64.67330525474,221.2222708544597
343.2345244118981,44.99345015376517,64.62189646008603,221.23902363300903
342.7672122363891,56.6556772952986,62.837442508720585,219.47048899715895
341.6362716304355,54.398335210055706,62.09272882431142,216.18122905677438
342.87970350363867,53.60619221852245,61.13241334431581,211.5094468101656
349.16982918051474,53.118646205820355,59.17732316152322,207.17144851116794
354.7539966023637,53.253032984155766,59.08271211085497,206.9489639179044
358.1740548892605,55.23130482570993,59.025614126081216,205.4804022694793
355.69993598351164,58.34243161726417,59.20326735429646,202.60860969253537
353.96984699340425,54.75013359704309,59.72400174625439,201.965712065375
355.4536975612045,49.994141367760975,59.490528983227826,202.0344296553479
352.78571323079535,47.98109169196934,61.250650256732214,201.9436195029944
355.5489630318178,50.22399317418757,61.1178793877501,201.48363393281454
343.93385666741017,45.96719000760224,61.643519438952985,203.75538845934457
350.20196293049315,47.09595304608568,59.389492467291454,202.9527749256745
354.129480727256,47.324575106283646,58.35107054792951,201.9112495991476
359.00376195890294,48.870439222188494,58.71383430228711,198.71347539105673
361.99132886609937,53.62993041295145,59.20472774772084,194.81368608661822
354.4680443079767,53.463084641312435,60.87361513178844,192.41145076336488
360.2194196124329,54.930492132189926,61.00240768236097,189.2616363591789
363.7036789679538,59.77832412330889,62.24601474951735,188.25613694298102
369.2985460078247,59.000732615532954,64.62327915152608,185.36417783435687
357.1897976713323,53.765207654491604,65.4106744298575,185.8462283896793
383.4492626996069,49.03974146902331,67.35481810377713,181.17159809276922
372.02484813336616,62.57963535935613,68.78106651726442,177.23867806417877
359.02208968384366,64.0117418151489,69.25126694902428,173.730778619619
365.5554756375702,67.69849307897555,67.9807682730775,171.39408029118445
365.7520478784776,67.9810897266957,66.29268629984583,166.69832898182813
365.39799251660673,68.67285146483785,64.63429116230517,162.00083684709656
356.13349045481465,68.154097522422,63.04706908960036,160.01336251795425
358.4847848753042,69.76583833295345,61.49810526006533,159.24235358365894
360.57819467653627,68.78639862716874,60.03372637720561,158.61875041885813
362.11532396447666,69.12642866656094,59.15596285747717,159.22190645888628
362.5130426799025,68.72962269741979,58.558129278182285,159.27244064219423
363.7274305599961,68.54942210320016,58.41974472473651,158.52689731635888
362.1831496003399,65.47251997998009,59.01286020049109,158.31017334166864
360.49039814323874,63.423537457722944,59.23662805686264,158.8910616554548
357.39457378270293,63.43363136165789,59.34399962491908,159.5317402869274
355.6626697206626,60.65794898483145,59.29408318349379,161.67012424567366
359.01536524169893,62.126252195738886,58.3624152668789,164.79122227255874
361.4933699465085,68.22706424014993,57.32128207987021,165.96769190321908
360.86001982842384,68.36950732827884,56.81670155050608,167.3805429439107
360.3766796927941,67.84572616708073,57.30430495943044,168.7415896370154
360.9616476175614,68.76815008162578,57.00909331920435,169.92019218252858
361.8635787900134,68.36008802981875,57.76325561915211,171.21574314695195
361.7175723214906,68.76340674650794,57.85789853366241,172.95359819671262
362.7683717456785,71.17642406872517,57.93880791549584,174.0700531763016
355.6359493418828,64.18301758739433,58.58699641968153,176.25687453129726
358.5379170720651,60.214923298324194,59.38783638808884,178.74944528869779
359.80408968407244,61.947462788526906,59.28435492788346,178.47571581467054
359.08840508246624,61.38733232933309,59.40591706894685,178.53708972820587
352.5755466963083,60.60326368050295,58.893781553970136,181.53468445193732
355.266588761016,60.1717665002036,58.88930810799588,184.29505642274262
358.010256035958,59.14966521529308,58.695383859320465,187.51034232367175
358.1369119863061,61.83255598325495,59.26778314932486,189.68026444680564
357.83804984093484,71.07518037035888,59.85684001760873,187.73033213988293
356.41222326640127,70.61044912820543,60.355410032978405,187.42697089467475
345.2050906023027,76.48625899156086,61.93051062728881,185.160941149043
348.03299126997456,74.76030332105593,62.872843332777585,183.4639319540116
333.34279857130844,83.04119438091439,63.211743897346174,181.841772713323
347.2556667348764,80.72783846100283,64.06416728395537,179.0498315418241
350.17528976741147,82.14755919282223,63.90986870957735,176.21861439412663
339.18263194492647,82.80447277543048,66.44171984649068,172.49369065603415
341.832285399694,84.06200092361323,68.08198288705938,169.12843102438347
332.8714991036409,86.82285816086836,70.39079398166812,166.14901534366592
352.4239133295752,81.70947766263772,72.4435392297506,161.5867777363064
352.5529255112253,83.26682597400443,73.42178147945708,158.71167689931002
355.49220687165626,81.90780261075037,74.29380240727673,156.5663870627078
360.3920136758727,82.29000257208347,75.16138888734483,154.94759365783335
362.1145033547733,80.7765296726231,73.14543589482378,155.8082806448034
362.7789303856519,79.31989038816864,70.72260855406725,157.01373677165756
362.33639045751863,75.26043334481824,67.52429674392143,157.32761002202415
353.23186742310475,79.42908942588191,65.70702330896503,156.90141445993342
355.1864981212289,83.68256854309541,63.61596464671022,156.94236214744245
358.27125582827597,82.24011303839376,62.27133507780042,156.8227434422614
361.1872712089165,81.05201568717028,61.93189045238365,156.43037988092968
360.57946517476137,79.32198870745684,60.29400954545894,157.39774017771313
353.0136231244589,76.99927992656566,58.92241300641552,157.82689063057825
355.00074461781793,78.5347681207717,58.47762043626231,157.86638119925846
346.6254689454547,75.56421930511104,59.0422415289136,157.34678022599604
347.4766392855581,74.11225329959618,57.83670001967772,157.33030088868287
338.20580940189603,76.218118727464,57.588246337905204,156.44275063597456
340.11491403232475,76.60533324461792,56.5715624314331,155.41457875780037
340.86211861159387,76.81399657533763,54.373739011553724,155.8313129441202
331.03797276883387,77.2392203741773,54.143597469534676,155.51214991713485
333.96538562884723,80.98359967628801,53.15210211373526,154.22838217671347
333.78644331313376,84.51740797511457,51.68908690099259,154.04698508055571
336.6779457896457,77.75105674677418,48.55060747592273,156.73332446960953
332.97437965838617,87.38203921207787,47.9353961028828,154.6046984672248
334.7862469556023,88.26741986631689,47.291598823437724,155.17224596993452
339.24515707370716,89.12946905391001,45.15791011417502,153.93132075649334
317.40096069206925,93.61019232202409,45.85559547998992,154.24200614012602
332.83677744926797,92.54827165225718,44.76335802272133,154.79936541255168
312.5324424141338,105.44891130282726,45.8776013656948,153.55862344966837
336.5172725901337,75.4732907103384,45.62856784474969,152.2596967879664
316.84039957366815,94.06649652841344,45.97254443798353,154.3952532304296
306.2591570223559,93.5982810180801,45.99245523030523,155.2185611992741
343.13966673063453,100.42153734902071,46.0043926618926,154.3963044806912
345.68660373691216,101.08549242594202,46.458741667983496,154.71122410265883
348.99402972443175,105.95221816663128,47.878466108959984,153.21278181470072
349.8820249536372,109.31135360536902,48.05454362177866,152.45412187625112
352.4088338922777,115.81473316755121,48.54000493379817,149.72582325451125
354.0851504587154,118.58399240217085,49.08584625580251,149.15878372432837
356.15256855608,119.88619770974238,50.42554981784831,146.76221079512797
359.87891697929456,118.62301052267742,51.3288996480549,144.25194643253303
354.1093721272332,115.2710353436144,50.71795540137187,143.56660788837635
355.09607099822813,116.64099019251242,50.78131679748939,143.52451861561389
355.75649153114546,117.5999353250029,50.49883334712554,144.36151688517882
350.06243982432267,119.1639260097946,50.842373467314104,145.62846110992527
354.58445558141045,118.22250506306085,50.78529473481586,144.51006727989727
351.0828944202949,116.32437543265523,50.38969440842634,143.32978645205495
343.21024279334966,121.08582554418513,49.93281870723864,142.50316480107767
349.4907956729922,118.15940477049827,48.41191985713325,140.50593205722214
347.84234570053775,124.35713426661331,48.55912464403742,139.62332382640562
348.8150868520263,113.84038564387554,48.77267921583146,135.98609620310677
322.10423678461433,125.36018948633267,51.42933036994246,133.3070327229044
344.7814770054444,103.52758821068528,50.83670600738388,132.05719239700193
333.50974917351414,105.0660213415314,51.472647099100875,131.7016224457345
332.12805062636806,105.25844371276531,51.166387344485585,131.47524624774985
322.38452455548065,118.11599634138628,49.919121706719366,134.51141128469737
313.130896512524,126.04307844644126,48.533790130889585,136.54824210022218
315.7585125072362,125.93581357398091,48.520213014359385,136.56205557314638
305.77853877358757,134.09415004935,48.14321208688123,136.8713229452842
297.2409043256688,116.5761040886152,49.96962157720121,139.3617681992733
298.54930462846727,114.06593093829464,52.30727157890412,141.84255275140978
300.80941865366793,107.35395503357665,52.303761439269316,141.8348086227354
301.1129107519207,110.36628892147954,53.36606850062213,141.98914790030489
293.14217985377826,113.75173966737349,53.70698059903103,142.21474308591567
282.48206275905534,121.20684642664848,53.77675893215362,141.98965205729488
272.4194953449346,125.22450454816763,56.10960784120556,140.05271447255126
269.4680158425446,136.76514703810952,56.434605401130845,139.41093411608057
268.6651895700722,122.34371137669174,57.602435484947485,137.68667248908702
262.0412680263393,130.37000293663274,58.182502464625124,135.40392293396332
265.7620081632656,127.67078174083453,58.37151916953229,134.94152548180975
264.61152278908133,126.52079129938765,58.367764032509655,134.94612386500867
266.761935310855,125.72371594154784,58.366900555887305,134.9462632739256
307.08760033416456,114.6410010483356,56.67486006004945,138.69250551457372
311.48028912448547,115.08709678787348,56.01656053574308,139.48468097695
300.97575770259584,133.44797111445556,56.756683407598565,137.74675419268232
274.6618526241143,139.10783347255165,56.79398605723737,136.97887121233
272.22516373843575,144.82219856882043,56.792727178509004,136.97923247334467
272.24036098980895,148.75203466073384,56.78845461063853,136.98035864843507
288.0142803100705,121.25095809101745,57.4049607577131,138.58677890822918
324.78642613342265,138.42991534207096,56.55255601286418,139.42266628600498
325.74020323059125,139.72763440954736,55.96438913523078,139.6698611600091
327.2436835382512,134.0575573926676,54.84485430020717,140.09795445615876
326.984402929102,136.30176548214507,54.71129850457437,140.16820975166058
327.49639792825667,136.1537916629188,54.710360602631944,140.15041302394417
328.74456299377476,133.37957371831106,54.704383102210926,140.15338678165935
326.70571758647736,137.66187540948405,54.72189468325477,140.1310902993378
324.49143616749836,137.24834021116794,54.75368322922053,140.0940279936194
327.4741153558318,129.8613607844605,54.754532833663184,140.09366910564026
327.5294396410915,116.78864147171406,54.753850079284014,140.09485686138217
326.8006119039288,114.6347059793073,54.731417200452384,140.113901380589
325.75168126454844,112.61434424225386,54.72768450796065,140.11660901225812
325.8226708899689,118.899565408432,54.70156896031111,140.12527301077344
315.52717174418245,105.2647536564555,54.436745642386896,140.31647015364246
318.788723617515,106.52833601096319,54.33030697293123,140.4382834395459
344.20668398295163,68.3204440859274,53.08995585265368,140.58642050006668
324.2398346473134,104.94555639565937,52.31878239258252,141.12026875657932
324.08655501204004,108.14129319311732,52.12633560038318,140.7897745279659
312.95502377920064,110.69502706173348,51.889794794577604,140.8003463987353
314.494589775512,111.64816849631389,51.45623570272703,141.28586512526235
313.72059084184013,107.84669311715759,51.440154404612066,141.30159378427075
303.82534222722546,108.49435957186647,51.39721848259622,141.54848242102608
308.43331511663945,114.43552374760081,51.15546055472042,142.15241448368093
310.3044735949758,117.80187307338139,51.145023070780276,142.18526120031436
312.48674417786094,119.10260728728231,50.898437112834706,142.96251639388092
282.1352935944301,156.33460390137856,53.47044838711828,139.20011465738767
309.60308468813366,117.61356445986067,53.14445863745532,141.13739465126326
301.13473595620445,116.48201046517195,53.09768899926293,141.6832423991322
302.23340582661706,111.15014035220531,52.87710881139331,142.6782471209151
327.5445963604181,121.12077245110294,52.62271633021707,144.9363199287351
303.1250213289837,94.06803138924107,53.39773751735346,148.51532042404085
341.2851321120204,79.9898510961952,51.2966626797957,152.91759737670975
343.7513965624345,77.74150147279299,49.60217947141126,157.54434486870574
358.1732288291969,75.55557151122848,49.27094894362379,159.25486980037968
359.44480471569796,74.24867544140179,49.2392519912546,160.08528357737742
359.1970578711415,74.38744830165032,49.292164593016615,161.04289212800614
358.959921462172,73.16078670096229,49.35997548664118,161.18522881052235
359.6448983375234,81.90137720993387,49.18862119367917,162.62002145590927
345.8223018002242,76.44766141360071,48.618726377652614,162.78164063249892
345.4782372227917,75.00590128239813,48.61911353765984,162.7819466595983
311.1196863699364,116.03840483472966,49.71194766524537,162.60397873950555
314.3183610960926,139.58416224386522,49.541101585125354,163.61935173861724
301.9858883657674,150.39169940235755,51.40321730334412,159.3754302994402
305.4382196242631,144.8008834191063,52.06966646542979,159.1902409768802
305.7555152118564,146.85842755911017,52.72629118684975,158.7529843466527
309.0232256024048,153.41818052626726,52.591424109060995,159.4911768528903
311.4286015254099,168.18052898360122,52.54669303789221,159.57474486131812
313.24914173085074,169.2006930235466,52.49680201147086,159.69471059894747
314.52544075170243,155.43308528501225,52.50201666050241,159.74135872372125
318.1500346460174,150.40797435526846,52.499788558151806,159.76125469362142
320.81896367469824,147.32385253222787,52.50265496902127,159.7673617849846
324.73927656223987,185.02136781560404,52.309737609923104,160.1852126879588
325.31534724130745,176.26239532234308,52.26846899730183,160.34774805228838
326.3077133752005,178.97985213496355,52.17753078926926,160.41894414155547
317.59036442614024,136.47377325831815,52.07128744898635,160.7868376736549
317.9123614204433,127.86905268854831,51.987536172877974,160.85037617952756
317.12700961245497,121.12058915591813,51.977583260381685,160.86386189194369
317.50347616477893,111.93100347455135,51.96947206182354,160.87756618314404
317.5746314837865,109.65915645271065,51.96490979934348,160.88851868019458
316.47405637184113,100.73098651801052,51.96252565853382,160.89368896341318
383.69789025427724,51.723633052634426,53.093623762802295,160.0118428546146
412.25878270153186,41.1030821516799,52.77207461658403,157.86209268203635
427.8359791431869,44.6867270056608,52.44515823473892,156.1508900865013
455.73625278471724,34.95497067733169,52.795013020769915,154.01954838830113
471.69456228886344,52.43700863182741,51.967774276759755,154.5964537720343
499.6171087531094,41.62467248858739,51.66329643005491,152.40039203446648
525.2613842058964,45.615765629413204,51.44998279865084,150.40212108179435
550.5486644542262,32.88773801073776,51.185602966053786,149.1776095314255
537.477460323717,11.446496730972868,52.93283529323439,147.2733031505256
540.2839089247691,13.57250584797417,57.291688350529554,143.0735649551182
539.1046898337206,4.895020386753146,61.19301374347243,137.79376453051435
554.1364244516403,4.5527562035574505,63.48896909869743,134.14265628115257
570.9962406493121,0.3672318296636661,62.973609927230925,132.83505989496797
575.5754786209066,-1.5906369265313316,62.93756097073624,132.82910527440814
580.837004204557,3.0492621924456387,62.9119577709647,132.8371612310953
582.1834029776649,4.62743295126954,62.907300140215334,132.8407683008651
519.5046486034933,5.462634558630668,62.545624013070096,132.07177244717343
522.1317286477683,7.5284798038498195,62.54504258739223,132.07115781580495
521.6009974589927,3.9138228378228916,62.54486553680508,132.0709819445446
519.4556637579631,-1.1025562484101812,62.54203156175838,132.07063045209375
518.8126002189731,-3.768005478017912,62.52856221086732,132.06154211016175
508.03397066415243,-12.046429787954025,62.23653428742751,132.0214382916795
521.5500206473274,-17.163968319803487,62.00465290323078,131.97910484817626
522.0477268952613,-16.664277514068246,61.99914886416535,131.9757248975296
522.2299360569383,-16.03552271605922,61.99424656540098,131.97330720710542
522.2144804046246,-11.037885373546885,62.00373354112009,131.9420761393293
522.3723639747209,0.6585510568680633,62.289071375674204,131.56644571014002
521.8067854701965,-7.3091365360838125,62.19678666471421,131.45961317814826
522.1804370088713,-5.180267031670681,62.02158231935907,131.60550728699778
524.8270575706085,-8.356561332970585,62.00444087773889,131.61423812439983
528.4734062317257,-11.757807368191067,61.99604960485166,131.6139467056135
527.1949610042604,-12.314924113840249,61.984977890134715,131.6052516967364
526.2795746759973,-11.913327111437084,61.96540398141447,131.5894824947102
442.58300938668503,16.808045359455207,61.28265260203125,130.62069842939047
456.5618300771113,20.786933935460183,60.29941841722362,131.61172136435562
473.1076400494331,12.662644745092251,59.67362641447463,131.95315901327996
487.7281273941738,18.380907882035984,59.18481465834279,132.48761242994425
515.6567992477144,21.396816281545284,58.398328952970616,133.46057926129674
529.6147387504657,15.031955563838636,57.59289497005112,133.9544932778868
533.168081001184,19.751979687627625,56.64389002641463,135.23279639444456
547.647160177763,13.803581942014176,56.376765990273306,134.5519980822657
584.2017574894492,18.259893360240255,55.92317286836568,135.30718091750543
586.1451498141677,20.196121317844486,55.4195583467974,136.14362974549155
589.985514293843,16.184240759732717,55.34914661767123,136.1855426218164
592.8628329287851,16.2861524977518,55.334729894509614,136.19364244699818
593.5533422486736,16.103903128767115,55.324749930040696,136.20235509983877
592.8782463087979,16.08366827009621,55.32171049894784,136.2048203890323
591.884742413507,18.40088203473988,55.317202891504174,136.2063982613563
590.5140282078455,19.694183715113653,55.306501748078624,136.2089307858474
550.0483197086612,19.852259178340574,57.42654789683764,133.19614199051233
556.8583848037415,21.49710577178479,57.92075562781964,132.4528138262832
557.2565429702123,24.178132759035734,57.96316992813703,132.4012681029715
558.957694782544,25.750997874879445,57.968431658774556,132.39522993938405
557.5317204872987,22.403287455905897,57.96840743089047,132.3952019019039
557.9100066681483,17.607517518928987,57.96802608443474,132.39549898563556
557.4830406545484,14.268311181383027,57.96793012510804,132.39556931835077
557.6813296354317,13.044915837572177,57.967494795110674,132.39575170099505
559.5088551354434,12.465764366328443,57.96738797652969,132.3957969206279
560.6063736810785,10.098744330246546,57.967193700658484,132.3959626718078
515.8128605227711,-16.423872086929947,57.04837590106249,132.18909360796744
528.9385332362233,-16.790959817664643,56.80716421744415,132.0330779912508
528.7347828279993,-16.56891407513514,56.802938529327754,131.96527614208847
518.5004448109956,-19.333656137500995,56.708940994609584,131.92023491052745
533.5913999242874,-20.465740850218126,56.20981961690293,131.77335759256877
548.0731877175311,-18.14806586059275,55.96287878078162,131.75081870188004
553.3059091617166,-16.295118964949282,55.964148844070955,131.74475377373702
557.2727331951163,-16.15926258801423,55.96465671828108,131.74064516229436
509.9642508937443,-18.12131198443521,56.34058585959931,129.7875047278414
534.6269718102088,-31.8694378376627,59.99439970293975,126.1486665600288
545.4778903639808,-24.15063791279649,62.93701945879917,121.54338692361425
546.4417603253038,-10.461660011250686,62.238059328938775,120.40303144706073
563.0821470107976,-12.891875651906247,62.29447086395708,119.9123627604153
586.9364533802137,-0.596027747818475,60.30587460461695,121.50975958834816
588.7105180708729,3.0768606979158832,60.06335635687396,121.74227745090776
588.1824012303764,6.854562387056909,60.046362393900274,121.75673405416258
588.4255902138115,7.613918872495901,60.03975222640773,121.76243836443541
508.43677601925395,-16.05110842122606,61.0262154543899,118.85791958762152
523.629777457701,-14.853773140261026,61.161447089824854,117.62841623817772
537.8216999332178,-12.836180329922001,61.24885267284894,116.13150180623563
536.5286906678082,-15.406827134845372,61.73143211103202,115.63654396649741
533.4469724979524,-13.427429830043977,61.92382677136127,115.44623490300668
537.355082501407,-17.187710707896088,61.86411273063879,115.47932507820553
538.4599949258117,-18.117119094289748,62.300794429757175,115.17625110582989
528.8016828639871,-12.06720368799121,63.25548961358688,114.28471516170205
530.710729086999,-1.918877474235316,62.566401884436445,114.67381178814534
544.8566184248538,-3.1966084434762223,61.27349405833609,115.36105482785396
548.23849021627,-4.535783617233193,60.79206334552952,115.51336795918138
528.2975294884662,-7.777261052347569,59.74926022227947,115.37494154660374
463.4174559873381,0.8985328589419552,57.58956164348103,114.88156905605594
466.29138254059063,0.08610360915130144,56.85597502791224,114.2382612520026
466.2869662476194,4.353029496131889,55.74973417139566,113.83680999073674
480.9883789026072,2.453068486666538,54.809944444916006,112.75063219429879
495.86828882374857,2.678151616512551,53.977828460055214,111.9741552701914
530.1310836279972,-0.5685574562883318,53.323424154292375,111.42827583507417
533.1667224080846,6.132236929842861,51.841260306428254,110.19101086957448
526.8388683517725,6.156313653777801,50.856993824936275,110.0915001486922
540.353982852521,6.284825731968631,49.97780203962591,110.22348084865858
552.9196249988153,6.916338011694364,48.92657870589963,111.33915749922909
566.2396606567452,8.461278397136219,48.056032917993846,112.64001044721745
590.3659788071051,7.399097117804956,46.08993378768423,115.3111255779396
594.9004309413976,6.345521377882221,44.054563092249694,118.69111255087284
598.5721174310777,1.872581999983069,43.41858137494407,119.71840266836548
538.5400264919393,-10.076659759211125,42.73485370732245,118.31833462730563
559.0036883281458,-12.248661790730921,42.41917096508529,116.76831241089576
568.2562517714132,-14.473269740537717,42.69327991839407,115.9723066956717
512.9010649588691,-9.152966706530293,43.098531167993926,114.15085441336242
517.8990296228626,-10.706046302765742,43.56185610483855,112.58301954150227
541.9098658634667,-11.863109204311144,43.90845068295653,110.78186233220293
