446.0,181.0,29.0,26.0
440.95185847922033,173.60350152298,28.438193403802984,26.968809675292448
439.6023876158956,170.0029632383263,27.933072191762168,27.4977532756973
436.69521970805494,164.8809226394228,27.75424442178073,27.988795113457883
436.4782162823735,163.1983634354769,27.507609562385365,27.92700049835467
435.6316626890206,160.4068098174461,27.0482978972388,27.58888457081155
437.4277382707956,155.11459601221205,26.220729844498095,28.36066817645789
438.65867211237867,153.70014812442415,25.4792825218972,29.00231858307614
438.8061476155566,147.4390988319524,25.657082358112632,28.605265861867306
434.75122203994084,143.64160613359667,25.875041076177542,28.27968756076381
434.33761874737905,144.82307971924698,25.54930440778396,28.544164867994095
431.29073445314873,124.3697970245641,26.172933969602866,28.151101045934077
429.2659798357365,127.95748794402414,26.25706778099579,27.95835327454939
432.1768262132012,123.04630644338697,25.915874293644606,28.143232679021967
432.16857518618815,119.66019800019173,25.89161856491345,27.841256564619
427.04469223380784,118.38185665865801,26.13982983557983,28.15346435983853
428.1140318154624,112.71289126268425,25.944934193922947,28.38484779613417
427.557242194403,107.11610802128351,25.69537237616628,28.40153630347179
426.0239334920933,105.05890776661707,25.439371296288478,28.46007867758128
424.1714106601038,100.7797296259764,25.044427546052482,28.557191329407058
422.7181779950701,98.51605133638145,24.904397200079224,28.810811431698752
418.0334248521859,92.89827364693767,25.031251546455525,28.790882229592693
415.6862906306948,90.53899489737918,25.852622126049628,28.91074063584465
409.99076578885786,89.76049268823829,26.454993640473045,28.90884410178729
404.24772392594895,89.76985464039768,27.281683102069714,29.803828109436708
399.4578138757484,88.7528589517228,28.10145910457041,31.051775544811846
388.09298463500437,93.048999852871,28.216434434813323,32.26610766463457
382.09997640688965,98.63883994401135,28.7586213546048,32.96929911016151
375.93616413713676,108.06004420685184,29.260475515997715,33.13066522742485
370.4057539261104,110.22164344929483,29.625536164796163,33.15359663679547
362.75356587211434,105.90791206789243,30.16236943373794,34.20374979114081
355.2869059021625,108.7955266746723,28.931790905624002,34.84323300662769
360.98837903208556,110.2206861435252,28.94825535134428,34.01191579125771
362.10836323948035,115.16525164988761,29.043754751953927,34.00502602761736
366.1844929863819,109.44399603280641,29.47908070736961,33.418470222290004
384.19100954330355,107.3016276801186,29.831053086690254,32.86034861315148
373.9199448698898,141.61525740961295,30.401109832199488,32.254588787951846
380.0916014062671,141.36625156291424,30.6356785724942,31.85752134545446
387.9186617797827,140.39779069183714,30.755787828819823,31.490102486641256
393.64014761720927,139.6684934288062,30.921716224157155,31.190951389114634
399.8337916914531,135.65283619866676,31.01638074290591,30.958961139005254
412.6185247253937,131.63556363215952,30.936141969946526,30.878098328294204
417.3665672875195,131.04076657631757,31.033874556571394,30.512603800718757
423.12240260810466,130.23809122328205,31.05330323485902,30.37526918879663
428.06361052676596,129.07114003376412,30.978693412551117,30.20385602561141
432.870077259353,125.9003633530567,30.913519003468288,30.025550549898558
441.75952917981874,125.02450139055851,30.887769917175508,29.92327533701653
446.55886963102506,124.22889523809589,30.70600013994602,29.831101077687013
450.92345194839373,120.87165861765159,30.553368822774537,29.626825939821945
454.55212286739976,120.24550703701959,30.413751880239836,29.52368800764112
457.9324949973691,117.85595959904042,30.370774858918107,29.309248318627546
463.37930414036066,117.4145397547143,30.227548533078973,29.219558655568502
466.4316805112808,116.99679549569767,30.136094779581015,29.1961561037127
467.8983309230446,116.37910912618207,30.16098129774344,29.19835475712683
469.6092562531379,115.90584601158167,30.174565217406073,29.110835170859787
470.90173720130895,118.38118131366451,30.216682807910917,29.056213589368653
474.5905273953104,114.81171920130744,30.081578883225877,29.104561642207806
475.7783768837373,117.35125327617543,29.970089176849505,29.17000709949699
476.8295474140996,116.45102575577904,29.919744585622503,29.110535558907007
477.9341642737349,115.69203913563354,29.793350355335026,29.09840940726077
479.1993043511478,115.08053198994455,29.732983921593757,29.11126248953229
480.0314529751093,117.91470116768554,29.552590796977153,29.105391613756122
482.1561762306608,112.99169698862899,29.44058782835464,29.12664621057772
481.7846571812261,114.01014667656437,29.347538461937635,29.219037653875027
481.7706872874157,114.47764004047662,29.260246176787966,29.23943768390119
482.3449899829149,114.42951007728766,29.243261073684746,29.25144777109244
482.4471265568239,114.6300764456716,29.22966927907812,29.186490446264173
482.85410931901987,115.05965295372886,29.190246265195697,29.001426027447337
483.49043219982576,114.78112612785934,29.213324061056166,28.82237191255811
483.10232935927803,114.61105916590209,29.12846346035609,28.764115483746625
483.3736490452044,114.78996107608104,29.07782982413913,28.79598590969991
484.0355823236341,114.47174191183845,29.106028711272355,28.721928945044674
483.69892391321474,114.8754110521841,29.0722165900983,28.730394251790038
483.61487852665886,114.5760153329733,29.07855497532871,28.750725294875497
483.3682842401853,115.17426459192485,29.105441481234536,28.80818702878057
484.26836558497206,114.5634004375011,29.149362458462416,28.786199932163907
484.45038419340574,114.64352049250661,29.12911621978837,28.923913338397778
484.2447719437744,114.14333781286331,29.130490270680966,29.036124846652104
484.04440506976124,113.76045983288307,29.14287165440572,29.124827176260574
484.0475164510864,114.31346766309679,29.171488845982555,29.224116138483296
484.03343063817636,113.86882737951866,29.263130090361535,29.305194677364984
