122.0,51.0,51.0,61.0
120.96517235977413,52.03889329674661,50.500650148730244,60.38179597372175
121.93995885268025,52.31657667666726,50.283854400810164,60.19900434791937
121.25630519957042,52.72906113910739,50.30163184462594,60.123669212101625
121.92934892696553,54.13355485844829,50.124646224132896,59.8104243328528
121.60888994307172,53.85475514438977,49.796828616244554,59.41005254572172
120.34379334145291,55.26617516697866,48.956852895150504,58.51901596543347
122.80494760183734,55.99746903282687,48.415171529685615,57.633289555663175
122.29689328854273,56.22269385375779,47.78484084238628,57.083725525573875
122.98916704017708,56.99851574648032,47.466442335470724,56.32893486522418
122.89973943191535,56.35974220899794,47.613788152580135,56.28168383304172
122.66996881297841,57.75342631774339,47.2025278224227,55.81345080460721
122.42881037216151,58.24452525295172,46.83146491804193,55.57939016983203
122.47039692311708,58.25069819306603,46.439592565909535,55.295125933184806
122.81747476356303,59.19028943119387,46.09927973951747,54.29028506402294
123.00813368144769,59.88884819165127,46.30138462418043,54.631071734125285
122.33164582343558,58.878600717614646,46.12698368844074,54.58470743689825
123.01459755350585,59.834624449830585,46.4291640152646,54.81872020081415
122.28264510406808,60.16749307452931,46.458248858178536,54.90415370584937
121.1561577566017,59.62957435377214,46.183225105693076,54.280048439348256
122.35547890150906,61.281690469730776,46.04717846941231,54.58265657951656
121.49350841396986,60.487218058701956,45.75242790472629,54.3903926479884
122.75289052634716,61.088223039237015,45.66090548218726,54.669068993871704
121.24048098341515,61.41768631729623,45.30492360560316,54.10429267549235
122.37043222778763,62.13667301477512,44.978049337988566,54.06727531519492
121.7218897510682,62.49951362306523,44.360556568877996,53.676710842656135
121.77376934639831,62.64993875606196,44.60589981571396,53.58685511830774
121.44089881742708,62.855678917598595,44.52259579967038,53.20753385174897
122.34284145827796,62.23229890991201,43.5917883873839,52.48972942448755
121.81427996046658,63.38271929934337,43.32654788717994,53.005402422404
122.44034084167978,62.82832758684511,42.606343517961065,52.04236105835328
121.73125915409902,62.854497926222386,42.1276507043485,51.43412946182072
120.9122884029886,62.154452846322286,41.65997349128311,50.64327042003706
121.09274581436989,62.08786950666112,41.94913464060073,50.87171142854488
118.3904443877786,60.78791492493188,42.73085131290562,51.67583611858416
115.20077396288235,59.88949253079721,42.76262031287514,52.17648790319901
115.14132401616143,59.942606614927456,42.63573738394644,52.055769777807086
113.66685118093203,59.5437299899361,42.833530062156704,51.793949258220415
112.96072003420596,57.7831247808885,42.81175598151674,52.457959053757016
112.58402209282761,57.674547182366055,43.06510924695242,52.254790193461275
112.37187952184726,57.10798468301567,43.14435040187736,52.85796040109302
110.84015417497714,57.052471066428424,43.30386685527643,52.46362649449318
110.48826397645816,56.50843749878457,43.04353938125879,52.30254716829407
111.47773701941782,56.016005441142184,42.886523823026565,52.1570477000141
111.12551493061413,56.429731213737995,43.0738440630271,51.48313745154298
112.3715580734023,55.46552703425178,43.18238543820212,50.91030508022976
112.81983323788066,55.40034459064114,43.38516875315868,50.1963384645366
114.94296119885712,54.831111765943206,43.1284333809799,49.959334906168806
115.35321227266158,54.676005046924075,42.925914276564804,50.01184140403296
116.90222767988321,54.65251451064756,42.83498118322141,50.0109113131665
116.14976319179777,55.08952883448399,42.89363730935566,50.32365322385088
116.0441481550877,55.7999340085224,42.99684443963674,50.43747603541153
115.46056501621118,55.871795369062134,43.036254717824654,50.86406271489052
117.49272658565587,56.79739924318264,43.207498671830756,51.2200666995139
119.38807286024388,56.97602991517597,43.58397855460055,51.58473830316287
120.10857293714508,56.28738079138936,43.48300215682538,51.83731561968294
117.55313171840842,68.20627059599602,44.36374915347226,53.43995043918056
117.12766905875591,68.4971983279717,45.09696286168521,54.08946458983032
116.52419359926013,69.97078700030495,45.18314070366566,55.55190180815212
115.84789167687062,70.14942674100769,45.2340105778026,55.52476247037954
115.27932448563442,73.39582350875057,45.1922958592084,55.739603860736054
114.80146287957656,74.17057941235018,45.1500619013145,55.02172901881163
112.22766909299419,76.78910551038138,45.25489053282885,55.262984546748285
115.09636759181703,77.81632775902423,44.952468205593334,55.34909495440031
113.90879303032906,78.76588582648661,44.14714280883965,54.66827034054793
117.09552897752283,79.95489061854377,44.54580235747578,54.56938167852225
118.22236355166515,81.3625094887047,44.04625951953966,54.269186004774475
117.77883856283748,80.89250517725465,43.4188506024654,53.75831302729464
119.81571204806554,83.77910731839634,43.87478865245605,54.327363383683135
120.37004077240451,83.04631725976937,43.76011739314351,54.72405245250568
118.51371037667083,84.16340272320195,43.44728503962184,53.88414503157618
123.00290901233839,86.02864232537422,43.95831152011779,53.62557582707904
121.6058516761791,84.67056029210953,43.36864952770247,53.30306863849674
123.19955448099412,85.72110883852022,42.684975407253944,53.141326084592905
123.86177594552663,85.01047110121834,41.92145796189256,52.38581060651416
124.75029092899686,83.9462103946311,42.3250565330838,51.82347484767634
125.74881205507245,82.4399233826902,41.95414867653198,51.64751389650625
128.89795290903288,80.33775217170852,42.67811475990142,53.192797509189205
129.92455815174233,79.24729426538948,42.58237254573802,53.36794526114306
128.4727029406635,74.85909972429408,42.92717951216137,53.64559223975721
127.61155521375025,72.73083592890688,43.842544960437536,54.12503977148008
125.91202243950688,71.07885219638169,44.49316237545563,55.15509528355806
125.37385803955421,70.25579265297614,44.05662801618129,54.85058287107871
125.32013097890837,69.32945065951975,44.12419455645239,54.65243983162428
127.1836674367911,69.25728774368129,43.48249456549159,54.64442894664929
126.01141667518554,67.12071554531165,43.900169850070505,55.351233373753566
125.00391906510458,66.89010526752287,44.13472128265767,55.87211146577819
125.2062620789274,66.76918091926113,43.47249991661025,55.163903847833275
125.73913177645544,66.73038528804071,43.07164812865179,55.258060548634084
125.82412885797035,66.40047138023678,42.5484412514267,54.68150587980592
124.91415357828089,63.335861365514134,42.78165203228696,55.70116685010814
125.87565901417582,63.65652517768264,43.10802580214443,55.45287332630365
124.29682459287068,61.74307995099804,43.063067462747874,54.98853500846315
123.33464625395372,60.791341077315224,42.972728019365974,54.14162365670767
121.0573188786917,58.96121775893178,43.18084327251453,53.50767845616377
119.35995998943221,58.091138782725444,43.35796380486345,53.0538375949473
116.60926432833335,56.96880794415688,43.43136945887882,52.66470234177131
116.6358136990622,56.72828471420988,43.76669502452903,53.09423211230517
113.1514516823297,56.00631332451562,44.11620166221157,52.77468028090726
112.8001333864645,55.23310043024349,44.18894298407123,53.06173860347862
110.1990936701909,54.459628524158845,44.83394643929295,53.327387712164324
106.86316252794775,55.53030125928368,44.562505615563936,53.1022911594943
107.3651791298679,54.93331382080942,44.624724404902956,53.27813215773494
107.48909889042025,56.92450643269299,44.68083322659838,53.371328007728785
105.96878002870723,55.98457294509258,44.52969848908695,53.40894904653587
105.1552812811412,55.68264619127363,44.89376702151147,52.9817163477376
105.0660564866805,54.799745775860075,45.21177275014046,52.45879156401699
105.4581470959307,54.16308464898654,45.717256038552286,52.174795607162245
103.30700085780688,55.17758727220258,45.58893356652719,51.90286340550709
105.11513731969693,54.46730254140658,45.95489655125542,51.94471365647439
106.1852748424501,54.235442020773434,45.69562500478013,52.24834365522207
106.82197576566443,55.254734405612695,46.05515617894321,52.19784022156498
105.39808849986579,55.81798434626404,45.91275045655793,51.624188142901296
108.36163065262367,56.209147552386966,45.94685256003876,51.94927800281882
108.50380296916606,56.78696469988479,46.02991834832544,51.63922833878937
109.71955460448287,57.57132248511517,46.10231584406451,51.58462297588629
110.99391935330783,58.49868254362011,45.861153704431544,51.60282754435461
112.28872316493138,58.94716456476205,45.779690698265135,51.368168559119546
112.60273036790925,59.575802136261316,45.70469396818604,51.52249317140818
114.11456724914964,60.454731158644634,45.97803539582974,52.24725155120209
114.01254419946402,61.2781636074631,46.27099638131798,53.323430333756185
114.59052632239862,64.96984097923618,46.58975237508806,54.537337019043036
113.85326949575962,65.76728998804234,46.610212268791166,55.40322915874883
114.69175437136408,67.17693582295267,46.45907338248854,55.8881033290771
113.0255214071552,68.36380553517441,46.418207525704304,56.088792224564656
113.80924486652015,67.7856894829253,46.28254392549398,55.95487118327276
114.62476258763974,67.49611870143232,46.05992582734814,55.24259324018574
114.98263580112226,67.79942174256433,45.615462341486065,54.816229279141325
115.2322097411594,67.19076412775209,45.37146683591781,54.58946856672633
115.76996801127078,66.67989650760882,44.935635688074804,54.27330626787409
115.67770000916926,66.6588287410585,45.16951811691707,54.65965975704085
115.22294437825809,66.29374976108596,45.2001956675921,54.87648987999559
114.93116036909815,65.34977837061473,45.58143734344847,54.86482845962122
115.0269831244697,65.03195560637633,45.198611141582376,54.5896583915175
115.05954550183546,64.72746809375143,45.0315861520324,54.36807887184162
115.12590925676272,65.61139383889622,44.902199582401856,53.93689289268333
115.41657511851108,66.01109894532306,45.06378897287307,54.076472676739726
117.05192021408087,67.52624670277183,45.36288485351082,55.15716053357683
114.63826335791524,65.53688646925337,45.110696936966335,55.02982860193209
114.4088163696961,66.03560287497542,44.51135193025033,54.60076440420792
114.95190469930272,65.43324006675627,43.771227411034566,53.52940440548815
114.25169681783865,65.78776052342761,43.679280793934936,53.37004694379799
113.63397419827946,65.60396834950093,43.47996689303867,52.43817672183477
111.13875098614675,65.21180607485248,43.4658762117438,52.59879045999352
110.07463213760663,64.64828700966302,43.08955296140581,51.85059350965343
109.04850551465496,65.23987466334484,43.429683528552424,51.94714923752236
108.7024225768593,66.29688758046876,44.81272094087546,51.30043132849881
106.46465974281175,65.38811559529951,44.463640190360955,51.64060122199405
106.58133839290512,64.63821501253418,44.60126604375583,50.66666109457124
106.02763113822519,65.10417169970158,44.83402226654421,50.11465842771017
106.43913109430059,65.34721967467881,45.14898231151621,49.4124129390003
106.40028846642375,65.99704691424319,46.14449755765685,49.676964344805
105.46193042844313,66.87057362643492,46.18743227203819,49.561060570041604
105.8892157379138,66.34365921660066,46.04143261028068,49.080289012627304
106.96238707906062,67.53362672558264,45.61396807797332,48.75998343497097
108.31439274350329,69.48452317206228,45.94989376843612,50.51736021593135
108.07045561548598,68.69700888523744,46.39213361319534,50.71045402758
107.1879256112747,68.64138447259803,46.40294750593342,50.59643986822537
106.58590895682566,66.83729604077624,46.4082762144973,50.600071615444406
108.01016716212564,69.21892579235936,47.086728759890995,50.74064407104892
107.10787898545613,68.38691630895191,47.002674007807066,50.13741631468874
107.08438634231636,68.85504852480574,46.78323687334646,49.688557481144706
107.4026050410428,68.321346762834,46.404118866667346,49.123777691718445
106.98342544511983,67.56249601775599,45.96144978779186,49.75021039210623
108.53322506830995,68.03086508361748,46.40533093768239,50.493049134162526
107.921055903432,68.56059402304122,46.33361704995474,50.57486761487316
108.46926268172166,68.06215879413642,46.489958181638386,50.639739700604814
107.93234784663292,68.70235559436566,46.26520613241736,50.62378127222736
107.63448059422146,67.32411875901113,46.40082383359418,50.75069924072694
107.75728320730121,67.45318189395073,46.574157333621415,50.388549633483535
108.2802555602063,66.81789689222953,46.27504118387204,49.85044863930632
109.21400654230524,67.95194410597814,46.3064943264094,50.20832004547301
108.16974714970628,66.51719112543019,46.081380384937994,49.52017448679353
109.0345880917667,65.775136405379,45.473265630906,49.357507489136516
107.73074169151339,65.88384455976066,45.14605552499476,48.95574364023305
109.10208144745252,66.71655671227218,44.992760568933136,48.55304111217228
106.26562078602112,67.72663929889924,45.52950292145904,49.01653544476228
106.12010149806184,65.95316131827849,45.68463493516846,49.04928356603794
106.085470852407,64.99204789803234,45.24368696410707,48.654359575307716
105.60838401619758,66.24848498820666,44.93153039436894,48.387797536377555
105.56242655927039,65.80086872097783,44.30975937844806,48.28595582442865
105.71807969029368,65.45415019279243,43.985104495085224,48.043801004292646
105.8907147875075,66.3790017995571,43.34775398769027,47.83556977276557
105.50741128410581,66.30736675988824,42.8763942185995,47.69977245498567
106.46575504802645,65.69712058287273,42.307191994637016,47.45670470464657
106.1551835285436,65.66827519841809,41.68599756831645,47.4527626242798
105.88913156944567,66.85055713706458,41.26670454437365,47.166024293251425
105.87688929979329,67.57320291905295,41.15618085287301,46.90725354417035
106.67252817362512,66.6359701477864,40.901867354820254,46.40027606302182
106.51223963532698,66.87633184449432,40.338824765317,46.20325963266826
106.50530257425623,67.46285510420981,39.91301789390148,45.666768069673424
107.2279414405622,67.78036666757761,39.49909291969715,45.46999470976446
106.82524173229605,67.33809135597414,39.092727642969265,45.399960555616204
106.80759146521501,67.1662660317829,38.89470403682106,45.09372638401425
108.24227476673032,67.67154805577945,38.70232174394059,44.74495562758988
106.94117331193948,68.8658683520909,38.520771258441684,44.49296082888178
109.09934884391049,68.92594035481022,38.32346783625381,44.15684821458693
108.67113000117116,68.84796291140674,38.106533038479,43.94837738260957
111.41301419851348,71.27010889981976,38.855681475764584,45.283866842703695
110.30413179745256,70.57463241174634,39.688061837464375,45.67917936217408
109.03899826268162,70.24408904040524,39.81021590422917,45.6197768413217
110.35818417970651,71.10783961906439,40.03916603825796,45.78809785139996
109.53097612438174,70.979073897143,39.957387657521096,45.67259532464835
109.37705709875996,70.63440321359427,39.48561096219409,45.462352636798904
111.11643930368218,72.79063955160106,40.10435402915627,45.86927082992593
110.43716800452395,72.5404539809088,39.784849328087674,45.79728765459904
111.51019516496561,73.34760283488227,39.71820865962441,46.02958904867236
110.54679284588155,73.352776584566,39.459602798219734,45.875846021107606
110.88631017141552,71.65287774020908,38.537331098764284,45.55396688334441
111.53123269620527,73.61778847649038,37.99759858275414,45.083601377731284
111.06133553596945,74.25135549628266,37.70664746846471,43.95223570698691
111.55058457472353,75.67536218641334,37.5443390972821,43.1127028755842
111.43286140349224,76.18386621336268,37.06334494091577,42.8272732313573
111.21548248249003,76.78339925434187,36.56144565220197,42.39142728079616
110.08602240363456,77.53491872784004,36.36656179379962,41.63798153209925
110.48736098157562,79.5773066599616,36.24832078036212,40.831938444497986
111.66987484839568,81.26916987151021,36.20755447364767,39.74569069724303
111.07769460419308,77.76557121874833,36.49024480414347,40.43848256148259
109.83684442863114,80.86517869273919,36.49243484795535,39.2359922190612
109.98369918252138,77.8804625850001,36.62741371731682,39.91546738803058
109.33155233395422,78.36944816863868,36.461817296805876,39.4162420090892
110.6869937945524,76.42036891099542,35.94322873481666,38.16242441582471
109.9182636300977,77.8547171417732,35.17645169800339,37.47417338693215
109.83987032717643,79.55468376320525,34.36830109376294,36.87849753695134
109.74499075533879,79.67713756244297,33.76351858046724,36.19349329192859
110.06944395659296,80.1714015618238,33.37139107381383,35.56567138409403
110.55134916642433,79.18380417698721,34.16625575257028,36.72390635543118
108.59561888712103,77.84451792961087,35.255419214924444,38.012074864206674
108.89957042929726,77.54049981418206,34.89678111589497,37.765087293737565
108.9768244849113,76.77783481162922,34.2442924994388,37.895723924209435
107.85869217818023,79.89697101683805,33.56189981004452,37.157775286222204
106.47414746768756,79.833939865062,33.08524238006245,36.03925028756635
107.47007432731326,80.20299907225757,32.95143972244129,35.07650987689168
107.95713888290379,80.62256385600932,32.63760496522217,34.57203532604886
108.99777722670447,78.64246198860911,32.21637676242308,34.31353245303069
108.67286552482352,78.76265585336435,32.838143146027406,34.9218237296199
110.75542558252562,78.31884255602256,33.717903420790435,35.983417402631645
109.0783177900485,78.86613007986632,34.35297060829899,36.61529756658351
108.22981663620101,78.90634970356238,34.4535460713971,37.484016034035136
107.73802898472829,78.57324656789802,33.773839695189096,37.24172777325555
106.61439025896668,79.40411039275503,33.52867644618132,37.168761095564555
106.75664064474257,78.3661371527167,33.33432711870702,37.0161635788303
108.5191059197754,76.90752245478394,33.342264238700565,37.18612215217078
108.71927511675565,78.013749795613,34.03485544640938,37.97780260234862
107.371982909933,77.31151127520978,34.58304751462623,38.36438752088636
106.86604204986944,76.53977157417762,34.66708775020669,38.1036162057876
108.30443566321354,75.69590544084666,35.24297515082256,38.7633479984734
108.58945273607455,77.06612353322006,36.02558413731032,39.351218250265276
106.9554767177428,75.33689716864299,36.221908557091496,39.542088324466434
107.52648574817793,76.80079273831383,36.90019357868735,39.96075728911339
106.7581569470108,77.13341153314317,37.04581812762348,40.67940257966559
106.85464917224877,76.39542637251606,37.63339971384875,41.42802439446915
105.62537073571208,75.36249977492471,37.76782652863355,42.052321851202734
105.28418325727827,72.0384487783393,37.51005229745947,41.460864193952446
105.40900024216258,72.40503481550978,38.10926792228391,42.18160652352689
105.45348153010578,70.5811944542366,38.38076306476987,42.51149268468714
104.776426722903,70.38319396614042,38.26611338085084,41.95287246508634
104.48928472362854,69.9651140821926,38.14681406974934,42.1746568801225
103.93652262296538,68.0137880991541,37.96306035988943,42.21335382529495
104.89533440704852,66.53760899830107,37.73485963756359,42.48057284777127
104.73419723676523,66.26084941178955,37.65822774720368,42.13624120931283
105.44177242625216,65.0194640607096,37.470880717724754,42.049351963123726
104.79559597919685,65.31952584693427,37.81861151243581,40.97570608518581
105.12311399117625,61.048264233695114,38.648337561040165,41.67344076033355
104.91874380280836,62.874772825712796,38.832540088349674,40.276255294743
105.11454288583691,61.131150440924614,38.87157573543536,39.34867605537773
104.49635655606792,54.85174811164242,39.09141192074544,40.320797440626684
104.3395048823399,57.526794268547874,39.05797438976253,39.3040057173309
104.48917274580188,53.202237354675454,39.52320955469571,39.941160469148016
104.26737334300543,51.12387929983579,39.65193880743789,40.26991322662397
103.85225649422212,52.32584226582243,40.06081234012376,39.997332089877744
104.41993570789347,52.89113753469742,40.273949634598054,39.38200707651513
104.41118930587263,52.773613353611786,40.49264325169479,39.12024306528666
104.13093909205959,52.658676288075576,40.162083982646514,38.80820493868772
105.43977305326898,52.317434369173384,39.984466900605554,38.624354755400645
105.70088898286811,52.77873945854083,39.91773221686238,38.68125732776821
108.89109217719854,51.79791586699354,40.829346149093865,40.43292788244004
108.73087378887135,52.492875213627286,42.211614161633875,42.13074913363056
107.81250646315499,53.18251572864839,42.03731122494706,42.140675347507724
109.02560542041996,53.70240436458393,41.97044944818872,42.3427644258106
110.7942826494733,55.40157440911847,42.016499292679086,43.174018567393375
111.64840975164499,55.36326964336715,42.124917532679284,43.77859024708555
112.86501517572756,54.939182217678265,42.14325859872922,44.402062576304694
114.3933829234792,55.9892491021879,42.289389895904804,44.780061293628826
113.97238815791877,56.52868767573153,42.056161107132766,45.375706784862466
114.66799451960773,56.86329695913628,42.02367321628965,45.86451932404816
115.91420298699322,57.23601704257617,41.984462105416966,46.4656775439329
115.95711946857692,57.44668858738939,41.811044818068495,46.66253708101163
117.32232262064345,57.97673858171237,41.72759495772206,46.88774175793116
115.87794837022784,57.60112588965744,41.960597237010916,45.980129942829905
116.71752905720041,58.54834840998845,42.40429963259703,45.72546494672354
116.24635306895203,59.793911501230674,42.32169001832687,45.152002934504296
116.60506859546848,60.90222485734556,42.64298136119088,45.297764356277206
117.03588287761521,60.48850669134406,42.10027790938333,44.90878421012318
120.35502706832929,62.90066630978749,41.99366295935164,45.47853893640159
119.29860209101923,63.1913344614457,41.67933143165669,45.14763360446922
118.08085161501037,65.68182689750839,40.427510720771565,45.801678048292324
118.60236717604859,66.87327933529434,40.0678605601133,46.17073201976632
119.69470960225932,67.29330925466857,39.72193501078479,46.47788873947429
118.87283246153729,68.97200018668372,39.18686176804367,46.72309862844998
119.33658681650718,70.10746740813876,38.87852473712384,46.69989491750399
121.17489429281308,71.79069984611615,39.50556111736725,46.67735837864638
120.00161203912612,72.13339026150004,40.31995318325865,47.295498823398916
118.39153598643699,73.08701850390617,40.92356294931194,47.718518351007326
119.39211258166873,75.80863093129189,41.79761646775653,47.72544160185722
115.59819247919859,76.95310972885302,41.405757061033015,47.57226982483494
120.32046475967314,77.72097292894156,41.20463500832364,48.16459351354028
117.26881286075306,76.40180820848346,41.607271424877176,48.50276469220369
115.5518433822983,77.97523135125046,42.532773701946624,48.88857173842629
113.53585820432525,79.02711495810937,42.78434855008022,48.57946437769004
115.94795793231046,79.2018606665434,42.54429988527801,49.12223696934401
113.64876933384575,78.84618824578742,42.37644077697061,48.72148538198482
115.4822057971653,79.3667560883358,42.15180570433539,49.60036193252953
114.20717045941728,78.47849246496789,42.38136027036491,49.21918053439841
113.42840447289439,77.85550083942587,42.26949238588962,48.55959101345639
112.82530065556082,77.36621785653313,42.60378825641185,48.09328161970666
112.8685370683153,77.29364882642778,41.86943088319248,47.88750627449896
111.91197434623741,75.84665102615001,41.88044813490441,47.44144927037919
109.91252794983146,74.91064343521677,41.94413880598172,46.95269565723224
109.54171337008813,75.18748528222463,41.950477438124594,46.37605697026659
108.96721893990616,75.70155355013227,42.22738185968774,47.22420598742981
107.6087236103539,75.11765265848071,41.80826698137769,47.22365862388997
106.20355566905545,73.7056620151157,41.72020517987731,47.287441794317495
103.84402139115198,74.72870155604899,42.85777845065007,48.69976510769933
101.98465317476058,73.46570581533629,43.70132844010401,49.46984428520015
102.76910713347226,72.53792384847823,44.20941327284851,50.121622680242886
100.00584173889979,71.34441653719287,44.07814815592655,50.89684748023517
96.44830943063997,68.69265385234942,44.98098352058462,51.521706258277774
96.41115067771486,68.6292736625628,45.64520718249794,51.21217744660501
94.42019613760884,68.6951624334666,46.58246475437867,50.61182812268527
94.04814928519392,68.71095338358447,47.18156345526985,50.53414006276252
91.85422242318027,69.00533936765414,47.693862617682136,50.16965901690728
91.82668850326641,68.55360200854065,48.397580984510284,50.358597306682725
90.1564881708585,68.4012905555845,48.99466094581966,50.318082705871646
89.30060893320092,65.96951048620785,50.34264130681596,50.04918320412198
87.36877610240268,68.18970520420444,50.93889406748775,50.115492376527236
92.87808277970754,69.94746337295639,54.207926052843845,48.04193756589408
90.32505024536462,70.10194303770997,54.31116204667008,48.5462392684914
83.01014060191363,66.71950320646195,54.625013773757594,48.72423824708853
81.13118203515816,68.33629284647479,54.329437884349815,49.547208039328474
79.4999576459418,68.11785657881175,54.653756045640804,48.97044756188293
77.40667559885821,67.30047020755491,54.59177878467493,48.21175788488674
77.16847364567533,67.72734348836357,54.434857769909556,47.91864706879478
81.71320167123969,67.70516092846692,56.75278754489172,45.77983304849712
74.09559503154568,68.2585323424779,56.03701586944573,45.59556871750352
73.66913253184491,67.54923075479778,56.26975734137764,45.04026084588195
70.84884094645886,69.52792377330668,56.719317639224926,44.675892625407734
66.56131845036283,69.8725078991695,57.80368575153417,44.432340291126316
66.57312111915442,67.70660691129106,56.91461942209156,44.78090881503992
65.02972947233016,65.04927781295136,56.02312884717931,44.223794245606065
67.24281364493672,69.05655189814394,55.94982095271081,44.25522176034055
66.78156356853444,66.42064397530804,55.17377016595542,43.586449131738654
61.686484622193916,67.20012950309398,54.302010753643806,43.88111660594431
64.59428357793082,68.39861575158119,53.746597607032044,43.220612185675805
57.73550350109879,66.08985264111563,53.1279522782132,43.20252019676807
59.37213849397325,68.54285347081128,52.03559287977506,44.09124443230475
61.992840493389494,65.50899799561614,50.829111480735065,43.83483867584687
61.87636119054065,66.36365994517334,49.42067833228237,43.83299115421967
60.285797661948635,66.60739836986473,48.39334076696883,44.04674721499313
60.343288124697395,65.73606301805026,47.078204821711175,44.11855595916467
60.82080776442966,64.7995272480176,46.30650689637835,43.951912447578984
59.22519301736393,64.69207207156076,45.512437756934375,43.91235406145992
62.32733881886204,65.36667697195514,44.5338307967299,43.204349511888054
60.93293139823602,66.26514911644881,44.59273144959693,44.27231367970309
59.041555922611906,63.862361306952565,45.04378088374005,44.8837584011736
60.43002741357961,62.13401977783339,45.16554290745041,45.050910705322586
62.08494451086126,63.05615871707316,45.771255130123414,46.64769241622904
62.206075204679706,61.87950045692679,46.60963870765834,47.455622264501805
61.18616246247159,60.106161642695255,47.55342251269225,48.27532731300884
62.33791560693412,62.861452651769866,48.14504733491223,49.42356926183959
63.67399377362337,58.95372491047752,48.411250023674214,50.39037285843795
65.12028782503127,55.457664799984265,48.85934895737271,50.886690676928126
65.32090925879791,54.85604860653091,48.9621198666186,51.10054669769637
65.64994377462335,52.64710171207939,49.345610054328056,51.41144919555328
66.27741543778696,51.02868862670594,49.56074197767279,51.71195315408092
68.15435402347642,50.13603572654037,49.937293597340016,51.7037536433998
68.08420840548278,50.11576230217618,50.03675405350659,52.38771397622471
68.74829724259288,47.49699485196439,50.081560430990805,52.67483421905552
70.45280984296254,46.6841523431476,50.58133845481509,52.27578211701441
71.40838525769307,45.763239004599725,50.74212399429629,52.40344882859503
73.09665373448183,44.03034689612771,51.23103027039405,52.01917639728466
74.12666550191082,43.896821733449,51.424370106431454,51.99879101221194
76.71224253589604,43.25588323178815,51.41828037333042,51.88864910131094
78.7684361527624,42.8821551999864,51.10556216692616,51.65065579119234
81.23889298199794,42.07849865529842,50.61752173843559,51.394246675406265
83.23128430966337,41.87862922378194,50.122518555455805,51.31816180820889
85.58024501702505,42.329804623571334,49.76148545402589,50.950919396100346
85.90260356713814,43.31877102752575,49.3418513771094,50.92005551786376
88.66564698620263,43.03323258614944,48.74181043360325,50.85095985947486
90.2221770104079,43.69659854453113,48.7334113730467,50.796238865143444
94.98072100510299,44.01554136532519,48.019232281056404,50.706586673014385
97.3075048415862,44.758455628416954,47.414502746670344,50.81398589093334
98.16668255660369,46.499316920668335,47.323745244682534,50.89145572548269
99.64276288127367,47.054429691410725,47.02471774925797,50.94689986363964
100.84854207611426,47.071385612162814,46.742849768283456,51.42448277788041
103.1697078387893,50.00327130112674,47.15076591215337,52.66329623881974
102.39401361860631,49.5824733466889,46.88341696486217,52.88253811708628
104.83318162364368,52.93226150160055,46.864604727980776,54.249698028576454
104.63317530253163,53.86979379457021,47.06675328476903,55.14899314570111
104.04006022908601,53.38963081957358,46.63499842151315,54.885479097449114
104.31148608944879,54.977644170755944,46.14181985946303,55.43199325049211
105.0867486432545,55.84559897257873,45.4714726669479,56.37640438659263
106.2677171690873,56.02506683610547,44.66817538006805,57.196041910309724
106.61664433038814,56.930315840056295,43.77463136437307,57.86925276089806
107.00689563447803,62.11443265348966,43.51594298329749,58.35736526440243
105.83706495296215,65.29266831416442,43.57425397210744,58.66391884539666
106.61370477114633,66.19477319570183,43.674412903854325,58.41514175959081
107.036380017397,70.00400611825978,43.90970117764175,57.75478529328962
109.50796044701869,72.95226637954865,43.72131631937493,57.79837497731588
109.76853892116662,76.56772484387785,43.34383168834551,56.94279946406275
108.72173299154355,78.35591274215543,43.4639736941905,56.12903791769072
110.11142382862731,80.66438460871085,43.040530216205205,56.34373156708718
110.5758703294935,81.4256902045246,41.391197303584164,58.111931914155974
111.35814552389537,86.0200734455031,41.917219987213876,57.608875385507076
111.67843954687164,87.54361513742654,42.46126507705694,56.93217335694583
112.0716036658404,88.54695769651889,42.91267139531753,57.13925338310928
117.49109042821395,95.22318603837137,44.61817819436195,55.97855771625003
115.1986630125468,96.70139750086356,45.037580545380095,55.609820376287615
110.72900268564167,96.49623670334749,45.01264109787198,54.951062929838734
105.64294555810491,102.89458880858274,45.18380740067501,54.86399540760067
109.67468721090765,105.01053695125628,45.81491943198358,55.18955752297989
108.83444798034846,104.97158524864884,45.326749650151534,54.335459099047455
107.77641164108745,106.5042421567616,44.95841108904953,53.61964808471705
108.15598521970492,113.55368921564477,45.51163053661956,52.79764186062748
107.69328203273982,112.10639740849179,46.14669067551292,53.40120984993345
106.68782659382664,113.52539805418054,47.16027565612249,54.78480527639041
108.19281987707396,112.4370379239441,46.554399998136155,54.55609879621692
106.56673072069403,112.04240033517307,45.59081092732058,53.63695918074446
107.15303264434365,123.24331214558349,46.84745064462704,54.18623877037285
105.37606274101947,128.34626438809156,48.04154791244179,55.475419047929975
105.82948280069164,124.38411537834698,47.23053259352919,56.269413684545576
110.06611101537759,116.73262132568028,46.60370980368365,56.60126951143659
109.56914185369712,122.59534043661125,46.766393167938126,57.73931090383245
108.13476928016954,115.5561900403826,45.53783873918762,58.48774337963936
112.09847941144824,126.9327825722263,46.4591657300482,57.20377561636702
106.042321145806,122.63220073018653,45.4300275646774,57.348763496308386
107.16954254612206,139.31472668253906,45.25961729959827,56.44896732890799
101.39296966689764,129.05654568949134,43.36786636004905,56.68265452557472
106.4140159079545,139.10782015349744,44.339415235357215,56.502413565702184
103.3424943898529,147.134084247849,45.78131500678989,56.16483879954546
102.62165519735434,140.60774124561024,45.48741163614889,54.00226620569534
103.67515578411599,139.56704165950387,45.37677863241015,53.493024356179546
103.6613415493017,143.56926289083856,45.710620868375166,54.35495686299259
103.89582930279381,145.01751103601936,45.19975533625209,53.73779964771952
103.01185319318472,152.10563536615163,45.93251888054351,53.90147293874892
102.30482325720803,149.82165569510536,46.94233921716516,52.25087063151893
98.59011427152022,146.91335660466024,47.05724302838454,51.2923514151008
98.90363006729059,149.48299236773659,47.44314337978356,50.10055103076334
99.66576474087088,156.43506535458974,48.30214358103912,50.36392844115126
97.04996790145307,153.79796295785837,49.0496650514702,49.34338254415378
94.75904011880134,152.86862737634866,47.261273252729474,49.085962455799894
94.5008879742872,152.55874143983348,44.52868738024347,49.82916265120506
96.25760826927979,155.1243229818001,45.42319051584423,48.736467451335535
95.47719104172128,156.09571066772455,45.11233124060692,47.77082803577405
93.22430069149483,150.20256656289556,43.87260803862452,46.599951481027766
94.1429339385972,156.66123653076346,44.81734137085107,45.94939907428363
87.45094097106193,156.14165920710795,43.64464471925168,45.31009681909068
87.52119043378357,154.62504256090864,43.356213666690266,44.15668174265385
87.58358561581602,157.40210557414946,41.7953947028863,44.16576238884069
88.80643555786521,150.85410601951634,42.6744364207319,42.34296114410302
92.7217126793571,155.0812873810971,42.70318183747713,40.99387119086949
86.59080779887255,149.32777550664966,43.2437696746181,40.13375512348015
90.75305821252381,147.81849570658804,44.229594469874165,39.36715537416188
88.15508953716757,147.4512814628298,42.41175122671459,39.26024600204779
92.3848799234649,134.45333986522087,42.87018498048713,41.70803921618654
91.97635255576678,130.3318140616437,42.9032078479024,44.42691947095437
89.39840028979673,131.8115384527334,42.62537557869504,44.192856831505715
88.88962931779857,119.76265494862187,41.81519747664797,45.92723196350807
93.76859491325993,118.18099434238908,42.66152959138931,47.635230433511474
92.93419736769016,115.71158002332088,43.33310881548629,49.27993709098079
100.42725731059306,107.93883286156942,43.41986204522003,48.32750851714483
92.18526971619715,106.31481654127825,43.44730761670228,48.57388653278822
91.53109036702216,102.52227583002195,43.23091739365795,48.57382391233206
90.78504761899225,99.84304684080875,43.34650633629672,49.02911178196327
98.0351804376477,99.6109813720334,43.99719589918115,49.61344345037422
94.39060897110018,98.41697537444931,44.14216854800495,50.03276516939646
94.29951999846051,96.2671877643318,43.141262482206386,49.54697242393326
98.96161331708664,95.0112250380649,43.61568748588431,50.405138277735055
96.58249441837384,91.01961724169735,44.162893369552584,50.70411257560933
97.0167173396651,90.91467238448712,44.81804286006942,49.736414184828035
96.91537085324673,90.1340190369788,44.744655015922014,49.5633935635605
103.07706557441674,90.1334004194691,45.855036707004835,49.40620876062082
102.47346116495947,92.04191011770664,45.58816496332781,50.40982468290183
101.35345119139446,89.89469026376224,45.286075659435504,50.3068482759835
106.25585644703841,91.65535228196961,46.59285362623598,49.67482840064053
110.28756568717591,92.21400727873136,47.69092654000396,49.654009624730264
108.93473377761816,92.96972518392894,48.36690581550983,50.03576169485115
116.59363270161363,93.05470220153889,49.272857128285494,50.48142523289252
110.53960921397567,92.79623007832853,49.46428289537049,49.760490679874735
113.58760833401085,94.0630071545331,51.080626440731045,49.88382262823468
108.40856381054925,93.82279124928141,51.612139254744065,49.039135539392646
112.20691361590718,95.75884862477938,51.818393364121,49.56705855389964
116.97469712553892,93.70839092431325,51.465506474862394,49.73243208662204
117.72836932711377,90.4299620761516,51.465148570545395,49.52152807563946
122.65906059924018,93.58333956249359,52.389294209275995,49.519361420826556
125.17222558683068,94.16517092936425,52.57515057061232,51.2666734280673
124.5258253855631,90.9224918467881,51.29481011354361,52.57621267308409
120.40726025984769,91.04473565367047,50.93290796293584,51.839585570860706
128.809430747967,91.21810531290333,51.088773972170806,51.109151216222116
126.9704099874258,87.83073889780735,49.629214594510586,51.652113530972194
127.84847412440021,89.43555283262282,49.74530278365073,50.90478929979953
130.15994636743986,91.12474525018375,49.00741598533083,50.17923768802055
132.42199156082532,89.62093355264474,48.25733053477818,50.246361538954886
136.99189614509663,89.7319386958514,47.473109325525115,49.732831074223554
138.43076984592165,90.06493085824344,46.50756058663295,49.14986915762686
144.32907811938702,93.7915877157431,46.34900270211675,48.29591829281673
141.6671580766597,91.65109170421579,45.28486661798526,48.28649359834209
147.20703237343358,92.42639472562652,44.73049434432273,48.23727276746517
147.89529507208522,93.66979296835004,44.55011185893042,48.359455507176854
150.44362752366206,94.02971159366507,44.04673442373331,48.49089691922837
151.2359441193511,94.86066885348835,43.976642500703925,49.065072344421274
146.31388891810582,93.17278353140804,42.93965797063834,49.03998554000402
152.09305369945005,98.18242539866137,42.83958608312075,49.97668496742365
159.9254817223112,101.57357076316744,42.87775776261819,49.33888304990441
152.10531489596752,92.61576078918185,42.86911795033974,47.91119741010704
152.546669199893,97.87231067914564,42.415127074918296,46.84566556993775
161.05556301071744,115.5499927809087,42.906647314597535,45.75603699263235
154.59023064529362,107.07118772367716,42.296575847019895,45.74932024857492
157.6374353889234,111.09523213294119,41.2544095924874,44.949167678826136
158.9424978805718,110.41458862478868,40.07933235489522,43.97495350113092
159.28678958848144,108.95678930261445,39.93890871719405,42.42195091867275
168.0645248450063,116.50413667401435,39.88809976420295,42.77089497744764
169.47724059876796,115.23528418201988,39.641460590282506,43.02297498051008
167.0692800856876,112.82429036506345,38.98418081840855,43.527057188397556
167.54343555731273,106.07632000774775,38.048018707129316,41.963020371595825
170.44609836319873,104.33222050556162,36.16141858592738,41.81356411778938
174.53733182560893,97.58966410257975,37.170246331211985,42.94555135154853
169.62235025806797,105.90312036606035,37.77034439213617,41.88649465954828
168.00952110621327,99.43597630485033,37.45646192817587,41.478453756699764
168.76326291494325,97.64929638471452,37.618247872483465,41.209476465471155
168.96907407358134,93.9408489085364,37.75873265092574,40.912215267009515
170.50064659392035,88.93766290463395,38.661722873690685,41.625724382663535
170.11049992561857,88.44066447764419,39.00631349895048,42.81788423937246
168.6743451445253,92.24308393689688,38.43385200973016,42.45069809949258
170.00705886040498,88.72288919377274,38.111531563062975,41.928377300554075
168.20286696857264,85.72075909335032,37.60152764760047,42.06070737902341
173.1179169165611,86.39382163529609,36.481120706640624,42.96239337415717
168.82976485771667,79.85764842069376,36.850081722827994,42.45306236653321
174.8791908244507,72.52195423652479,35.814745452506926,42.50084882141899
169.98575721067755,72.70101418806769,35.78564130554153,42.506030582924055
170.3822248699126,71.38822522105654,35.87750624237003,42.398757965341105
169.27585784341377,71.05697865365909,36.05111890597864,41.522975619865626
169.0503650882511,68.86481369831876,36.156068578176786,41.6178515472394
167.57489660104036,67.8780854088323,36.18440957481513,41.55269337630387
167.07699470481504,68.8921251153821,36.41882095269594,40.769377456742184
166.70127170850168,69.27803145300528,36.4561655711733,39.70886300880599
172.6623140724921,61.46606400548581,36.88207374022613,41.15831460458956
173.7116910912586,61.49655441514378,37.75227068955536,42.768777724482625
172.71475061079485,59.06136128819185,38.04293175988832,44.25254250316675
172.3302675417409,58.75016447301009,37.86633380679066,46.18578818431151
168.36347514184928,59.342930836961486,38.05922456055338,46.44880413099216
159.75244811716817,64.39169004391891,38.449209212942954,46.48086144644741
157.12895184036392,67.14569069290333,38.50873323780388,46.42832165055378
154.30349078508564,72.25139970564425,38.53991247802965,45.22593778187126
151.6966418711523,74.80176011951255,38.4841062356143,44.12609004297134
152.0271945309475,77.52926462322469,38.245816387911546,43.01802441399555
149.92037824008048,78.49614753190212,37.992842352671715,42.40688018057928
150.61691131796192,73.9887319768333,38.806309390497034,43.769486750006486
150.02289777625504,71.98062861779191,39.53571527001143,45.41501575850979
146.8514681187076,72.30082816945222,39.28262064376108,45.63932478078044
146.2529969049438,68.68347730110918,38.917619063415174,45.4323499007978
146.4374234545925,69.87920117940172,39.1093587942989,46.088086849947
141.77229377511355,69.9600244254597,39.8219318815893,46.531584024098436
140.40399799653537,69.17322878331869,39.82391216593379,46.46171622673066
140.75886120753418,67.63819855538462,40.783651404985044,46.97554542229911
140.89644097495798,68.7940007973919,40.74001708266378,47.08611157732264
135.52340053999455,70.55688311135523,41.079373022781056,47.26068221360192
129.0048501148355,75.92076362716267,42.598656375845756,47.878705369303916
125.04074430461768,78.0328617528485,43.27760470969083,48.89696460041518
123.09309317095563,75.66210720983275,43.79893217690505,49.24568432258558
126.70407164600566,76.23938572967272,44.67019307653643,50.267445213127225
126.51446226617253,74.23826945987878,45.317247602279735,50.556267136794084
128.44938855921697,72.77935195453789,45.24172084474311,51.10457051600613
131.43817093542765,72.26195471553929,45.767730940496776,50.6937996511002
134.69018102882492,73.84738298026842,45.97819496848496,51.33767185851938
133.71604675984506,72.88916570667368,44.79106774114011,52.524791422817785
137.713030917574,73.18932426114269,45.076932265648075,53.00075156989171
137.9759670828222,74.18561128336896,44.12572214370883,52.61127353373997
139.4338283739054,73.76638010918421,44.803462982410295,52.56534934265022
139.9176955165216,72.75533936112981,45.03174071728896,52.26952159803637
141.7453217600122,72.52205304623828,45.576599142630826,52.745881207114735
139.5792307656098,71.63271754026634,45.99825747840523,53.05297433629189
137.5519310602745,73.85483643981013,46.158790555305,51.88209416698032
137.62817389539873,72.45885331799403,46.1112088288933,51.54782444869848
137.04204021549006,71.27194929809201,46.27916450791685,51.557922561897264
136.98316944890865,71.86298989128122,46.141801707917345,51.919714447189385
135.13723224632378,73.38638360811979,45.94413377185483,52.66924149143277
138.03347556628103,70.99949636006978,45.409242671033354,52.67043154920881
135.25754807818709,73.78505881810696,45.58260386136304,52.89664750303802
133.78868191681406,76.5305537774914,46.60903087576712,53.5312798567606
130.82264217542686,81.68924347363118,47.74670871288113,52.86845197052352
129.74924525178434,76.79601676573841,47.65661510517956,53.02113348994674
125.89686489205651,83.88054789954352,48.39209510487816,52.58859771159436
121.99306278083515,77.34769375605389,47.7084883898209,52.11463600803406
121.10558062160203,82.18645195667472,48.4697345800828,51.69286072617717
117.43478599358568,81.9510686475824,48.31017418172708,51.434114176026846
117.14420475418613,85.61386094562664,49.34153152599132,50.43263531953188
115.55822671380044,87.13443261293878,49.41152170252687,49.52445588070533
116.05556266364366,89.22346784642608,49.33826542984315,49.21997779043972
114.84520541008757,90.30982031533202,49.233709713337745,49.222175291745245
115.31808261987632,92.21364160073892,48.65662212143894,49.0374980567774
109.90420526105603,96.19324878841569,48.954917839445734,49.6735938926055
111.19002314740924,97.85452768311133,50.29619181290936,50.65601781174084
114.2528212822558,100.29884167854696,49.38481320602754,50.6233954895097
112.20671669477366,96.28787876705074,48.403967590494986,51.02793640191865
113.94486338466972,99.16880333662496,48.53650776210972,50.862693040510685
114.69067800472146,103.4582188559342,48.69420723065491,50.55552280664074
114.88536988745598,113.23309308975193,49.41983587248874,50.82375224427872
114.3493416915785,111.82858840738484,49.3017510632244,50.86690558140974
112.41585890447669,104.25339012470207,47.632438866431926,50.35405885301311
110.80883710466617,109.19959224670598,47.73601550896068,50.65837473229629
111.63835832463019,105.74652258928124,47.98746191295051,50.96054161214821
107.6471833211368,119.45193900638836,47.8254742658235,51.18559592393008
106.46995106508581,106.7707601157106,47.56962560081673,51.554709534143015
104.77968608664179,120.04069557975423,46.349846185756526,52.71690121286726
106.76865455782736,109.67676983363137,46.45390139273841,52.15897465945869
108.45060456182895,116.78024381600783,47.07523183059705,51.70536741583615
110.50550523216445,124.36919492864367,47.523446313290286,52.9986699482549
104.98834198728267,113.53601476282293,47.931015181288736,52.802778998158104
102.01338401189994,115.79143349432832,48.25524734756932,51.91790832248556
104.06833514862797,115.30965483758561,48.95803914683664,50.92580100126638
99.71426698003359,115.50630675883026,50.36939346727127,50.24713482571777
100.05500975159057,111.2661127710736,50.82208751628985,50.447866391013825
101.64010148860191,112.97031654895623,52.05688851644932,49.53727396738967
100.55992354259021,110.16832805404808,51.4022128799998,49.99012028093646
98.86567409093988,111.25832691927206,51.66510786903962,49.85706526136493
97.32406975675357,107.65948069542652,51.181871186765264,50.7257739253341
96.29484127248679,103.51781606272272,50.0516031606394,51.44989193662185
98.89998231587623,109.54096059946338,50.62214287409243,50.037495876141
98.40294283435702,105.64820294315655,50.24081116112836,50.29135730768165
99.23809647753907,96.3509972146856,49.83899693106157,51.01170718015091
98.86584215824816,92.14243429783826,49.14380520457687,52.106558328939585
101.23072792128256,92.2618866838582,48.99178626868749,53.024770208434745
100.70310211652293,91.73591325948834,47.8755171682153,54.27612058157324
100.41071783077103,89.45861884988965,46.57813044053238,55.42691701948402
101.97921261399242,85.22987669280671,47.30449603384915,56.13316680224731
101.22790365035091,81.93202962288258,48.09745247736751,56.936202136248404
100.91493379088156,80.51188142489427,47.20809943259618,57.06472108357084
101.44000019190918,77.47732255755156,46.403510661803345,57.63226716298283
101.80417947477756,74.32086150345557,46.037942591223825,57.12613514443531
103.27004210011322,71.1633260174,46.21812100800247,56.80375685202008
103.45562598384983,69.09177773197811,46.252391037837214,56.69690730546272
102.78967778208161,67.25355774630042,47.157702690959766,57.39509272016224
102.15913249060763,66.9073174847094,47.34302444551569,57.26004935618684
102.88282046839085,64.98354432877966,46.5032163367243,56.66335509797797
102.16377328505163,63.8386823253643,46.09103721345065,56.25505816975008
102.07069164090707,62.40959591966069,46.53099088031032,56.13418725900459
100.75380056303605,59.87170689966651,46.747773219157835,56.98705203376467
98.48166446108108,58.916291712071185,47.28747779992935,57.551179118015995
97.14897880057454,58.036830380964034,47.54883954033025,57.75742641382863
93.01587243141414,56.68055138530951,48.28178859533197,58.38842117080845
88.833433911962,57.37110718927802,49.1411567345475,59.00177717895267
87.3100847270554,54.8330220155826,49.75188503638283,58.29654636896435
87.80420245707704,54.7129596141715,51.087485187682915,56.95869840204931
85.81321624905266,53.44760227343614,50.78371770505004,57.67790883871565
83.92635099014234,52.744733343492584,50.36806090139852,58.23159687102709
81.02693115714717,54.50834773817395,51.009094647741634,57.41953608093193
80.79348638795341,51.9817586751267,51.437288392530256,57.04575564608282
80.57072230529951,53.78468173041483,51.8472852530614,56.873709279158895
79.53093314304749,53.3723575960288,51.964356687268506,55.87708374422003
78.55010332113847,54.61920211800383,51.898516655335825,55.419514161329545
77.19048044932072,57.17732657089282,51.78787572409033,55.59808508739972
76.53198544219877,56.96444713951744,51.898903557242896,55.6411063135843
76.58744546860515,57.33012446458764,51.7633900952793,55.33577335858092
76.38106878535694,57.592589601672145,52.207280278143244,54.973484430866534
76.79881337922663,58.00259355692417,52.60307821217663,54.828871591868996
74.71618452570607,59.2978213845791,52.73477993472068,54.45974085721342
74.81711573630359,59.23383533242985,53.2656985065104,54.34691213377031
76.07239704835175,60.50338821362939,53.69659053138565,54.06025016180701
73.9704993810936,61.47222556578814,53.9112928006401,53.613732631599916
74.72697253247479,62.88773234576804,54.645657374724045,53.43615597082529
72.80879257016693,65.38673466337085,54.48909165541886,52.431587910555606
71.5597402610183,66.68432127230166,54.616261310489776,52.43237554817799
72.0077860459029,68.65486484183165,55.13019223789772,52.519776091460535
72.08228136639963,68.79953624041329,55.36242453043509,52.48189539623358
68.9917743475861,70.06024837558553,54.5120040320819,53.21199915056257
72.18830173231204,70.32875814285508,54.59460481835513,53.92317633710045
71.33053006548006,71.6574144042284,54.1724800192371,54.538115897178486
73.9232536942864,73.28184361278812,54.29274355416592,55.10276694432298
72.38855080904538,75.1817748954717,54.16642126106458,55.098317873065916
74.81508946307969,74.6870186187621,54.51545996556923,55.26129973152358
73.98343103255483,74.66848653070835,53.98550685858609,55.07130081802194
76.46991646832272,74.0313645078534,54.58953565135696,53.99589829543349
75.8371810388665,72.7543312355113,54.12764411593649,53.17534130305409
77.67661135792719,72.40714985204684,53.83782204058979,52.59096402157449
81.02867557244781,71.17072732868287,53.270395672248,52.03163495788985
84.47123432200164,68.2240129393865,53.11104816978344,51.058991558595636
87.85363759743639,67.19493151298968,53.080281879228856,51.25727777869882
90.40100606322754,65.78660556359861,52.90673473265023,50.52057231473378
91.42545155958618,65.13947606720602,52.58143947834389,50.96070193349172
93.50589218546594,64.17790340735033,53.11907078075309,51.698221461653425
93.71584405953848,61.313406111637605,53.496389646896326,52.25350141532252
96.58361159515026,60.12952956663428,53.71545586351456,52.92340010564807
97.81482191510037,57.82306111057621,53.61566034568466,53.45703995202935
98.54655249000707,57.23202738522133,53.359885024080164,54.07593029397447
98.91923701133555,56.34810521996891,53.27505632375414,54.53524071754266
99.42343263932074,55.81314537673582,52.69945478092808,55.33953644709013
100.44820800641492,54.49980670133794,52.56801394053854,55.35256299908828
99.36499463567804,53.95191356771123,52.58092367418454,55.61801871567108
99.3266589103039,52.0445444591554,52.158077892753155,55.17544558863601
99.82530195038747,51.26703585058351,52.313301859544964,55.47949828341802
100.40227926594841,49.769839068169844,51.8565299433622,55.52900349489758
98.74194433376373,48.98639951488832,52.427591052619874,56.1506308981983
98.57225193786985,47.866601947207144,52.212615335488856,56.70326855503739
98.64530360388656,47.33537697785371,51.890909954819975,56.25237992791784
98.60809584028507,46.00198179804988,51.61585430039183,56.23316445676073
99.34504233474595,43.561307211661514,51.19513044274909,55.358286613088495
99.21052681540367,43.528804444912375,51.36175186532093,55.38782102387488
96.40160765750103,42.93376203693697,51.06881976486644,55.265207117940015
96.4843789505779,42.53760395610267,50.537104924627144,54.68934836906325
93.76704836650325,42.642112208334325,51.38085565805356,55.18749633098103
93.16995388037267,42.16109527515282,51.47318696811378,54.89312007542631
92.5824281547473,42.35281085096709,51.51107895262105,54.15232865019814
89.4800775250961,42.495611680832305,52.01920313977989,54.29525458408038
89.54516027302849,42.747352992716436,52.07655421400639,54.14743892555832
86.62102599077429,42.611189699814815,52.46629521351234,54.007156381217435
85.75970073049571,41.45368354527673,52.6615324850537,54.267450911134056
83.62716699194968,40.24026246416499,52.10362814131447,54.5004253899469
82.35267232011311,38.41653307553091,52.09637788003763,54.90566567279979
80.87371783012098,35.89475574365883,51.8548525796264,55.92289654122534
79.15416833140343,33.89464639441566,51.3204260529221,55.29701851424782
79.00487889218596,32.512623373049216,51.12027594080223,55.02873618974742
78.12990225750367,31.581808354576143,51.03954764774309,54.572880178948814
78.23918248803827,29.275682117164973,50.7628788047469,55.808757932244056
76.88077078143283,28.269063022701445,50.77727149286011,56.14455678916275
73.83910311589449,27.781407789842913,50.52266088582645,55.46292560258184
74.25193097191433,25.65043741410162,50.45044400416243,55.855768405990084
73.83849201999382,25.2730274855244,50.44195816231406,56.44498303102497
72.66828552897502,26.706526061101897,49.61263595109909,56.03391635129026
70.6173833715416,26.080799374291168,49.61255113251254,55.732649535817174
73.11078094759783,26.242760576840922,49.92660684862519,56.15658583385411
73.3157923567272,27.222995148070762,50.042435876107724,56.66572285251198
73.14393176038163,26.813198244448312,49.55701050479207,56.570763673135026
72.72013358353527,29.043239892301028,49.56317464470152,57.027317321246734
73.33196891299755,27.994530046059875,49.79197261942868,58.00376175776285
73.18362085734762,29.836556230718287,50.10214749319874,58.80249938173216
73.38782278231413,30.367378279929056,50.28137045810795,59.24783606009743
75.3583780974307,33.19836899857228,50.02179006507268,59.253285500496524
76.96345332005272,34.71019270842001,50.395848108293,59.943778257574145
77.50167874350434,37.232330242066936,50.82015865112212,60.10775085187087
78.19539460339013,40.218861419115385,51.205834460037075,59.47695505737479
78.99267062406085,41.82890784632689,51.13344700190179,59.53278903133618
80.32470742604934,36.70443483804868,50.83048003206482,60.42827473600296
80.6269340210156,38.1055395466987,50.63021443201611,61.01331645739005
82.84925155321933,40.467313704107,50.4740377149292,61.14036361681662
83.2374798969898,43.46719256738426,50.256684099077894,61.078756296145876
85.84418563068425,47.032307032381475,50.578758853002455,60.25786688946688
87.15993159938571,47.78023824960954,50.830496171275804,58.768751015811574
88.67069303917506,47.46620163382053,50.88974402266938,57.7778945036228
90.94523851353634,47.49793374055892,50.63885225073516,56.61768718330399
93.67464712685515,46.61468432125599,50.12612095396816,55.8612978383161
96.05437430237001,46.097264383367765,49.804215717165725,54.883726596538835
98.89314168598756,45.974759865564934,49.660698989634014,54.30976173325686
101.0106111339921,44.70154877349353,49.28431564896855,53.83948984849099
103.1869683773339,43.147536349823156,48.84102713617715,53.605434817978335
106.13745023089382,43.2206904405745,48.382523489176954,52.87993018338117
108.03171059328497,42.66287004631168,47.60636309879102,51.894644572675844
112.50052807570559,39.94005488864145,47.07174899271441,51.762193757034865
113.13699051281446,40.17940238378388,46.52431605947184,51.08740021559586
115.02071889205787,41.59624090157028,46.22859930838556,50.056077992645136
117.32497911510848,38.70358175026185,45.93631440458171,49.71954866571488
119.63596008326599,38.71139788855665,45.473680928960036,49.30917992033332
120.56236228123346,38.853443581192046,45.24995778226215,48.66956342887089
122.72742654869006,39.44422282417368,45.13902413641755,47.72582771398001
123.06304518541643,40.0161577798677,45.04295755874653,46.8899948750121
124.12372435538896,41.56915343283137,44.75462968106648,45.78512246747647
124.06402143839729,42.40047211129506,44.60760236547363,44.88965017536079
122.78209048007405,42.269250269338414,43.934021788681406,43.996349187452495
124.7642295887094,41.53699766182796,43.609053692946965,43.609482279708814
125.16932056952541,48.27725770357383,45.602246021781234,41.04874197374393
129.71503589851443,46.07025920347586,44.353021841922114,40.425918562257756
134.67730867507845,44.682364059542465,42.63035197543957,40.32017832682437
132.15133299582186,40.54036566502836,41.18430891104015,40.7452903044512
136.19579725211952,41.50085347407311,39.734709831885986,41.075571629110726
139.82264345119364,38.55121598917836,38.084058128928206,41.666044947899245
144.45707919852694,39.89275855714757,36.84117998142955,42.011271064554826
145.53469579046273,40.59473394187653,35.71002314014066,42.23361085486558
146.69259945546165,40.98725712594648,34.67498670800812,42.62365706465995
148.69904171375268,39.379631297917165,33.441156117893954,43.33375387261982
149.989278537863,40.874904145868896,32.44653688079853,43.968883378132375
154.14211560776505,40.929625883513594,31.390480794430676,44.74731373125408
155.6609665021718,40.881712174031094,30.585292671770183,45.36914707396709
159.60757804320667,41.538182508916236,30.17350298127141,45.77224486969669
160.23489001024947,35.06727265955719,30.267022267133655,44.858210533990956
161.5143499496545,37.32821395924318,29.623422188700495,44.95707645451644
162.4029345905612,38.69058865261948,29.18294059094624,45.358308398635415
163.550957486924,40.006618904863046,28.619587397517222,46.10422812638706
164.6085070010024,40.56508456596562,28.321019669905144,46.67606721758066
167.66742829075167,41.91023517879478,28.21847593379038,46.97796827387424
167.60953623311528,38.552670223931514,28.58799174686094,46.44899999710785
167.70928854463466,39.552411040944406,28.6851582163324,45.80828801830972
168.2552340286452,40.81193087615378,28.72391633812458,45.299311757696266
171.77655397235955,56.50288934634338,28.4200726848267,45.65537089153582
169.7830382460197,64.28760260284356,28.38172495659826,45.388714039485166
166.92187874221358,70.5121437509516,29.15951872235866,43.83857850535406
170.30413000924182,67.25510102026757,29.009171003975997,43.638118716783154
174.26803039152293,65.19314565827554,30.34964454666477,44.10873249328795
169.02660053270463,72.2073051879814,31.442353240436617,42.796894642677486
164.77329965816222,74.51090625124272,31.912802149860777,41.3497731874653
162.4882949414256,76.40451312418975,32.25854696159939,39.799826220517154
161.21474604486954,77.18650130155794,32.43059087211266,38.73103479395955
161.1844571314436,77.71624153089894,32.35935135811373,37.76687161706018
159.1857658066992,76.76032858273487,32.28641721606806,37.42831461315028
161.12306617730096,71.86642183439557,31.760973092982848,38.13789439095683
160.43343796731764,71.41082771193244,31.34365170170831,38.8367945989406
159.53431293207137,71.71150235141948,31.396486680686287,39.19472432072564
157.4952551872538,72.00302089033389,31.570256657931306,39.06155806771068
156.70367320940798,71.83234967261443,31.772659705496118,38.9100601832777
154.00365021191732,71.26452824087296,31.834035923560897,38.9911253385163
151.32536648458617,71.80725703551099,31.995721939014253,38.783124354674655
149.65133233847936,71.23286684940686,32.06978243398665,39.05878775682068
147.44391542670064,72.38840464484353,31.582430340643445,39.019866735573174
144.45784291257638,73.28537647182867,31.30694811059117,39.009519120421245
137.69164130280814,68.79751275415055,31.82330766710275,38.61160840270135
136.16152547323844,68.74504123097795,32.609918720773436,39.235479976878565
132.3686854963008,68.1257496663699,33.46850020968287,39.95362962058669
128.6473348973355,69.27867126810324,34.950042178334925,39.70879129421048
125.53008070160948,67.32340591462702,36.32557515932554,41.125787674609555
124.52730354363779,67.85621766860646,37.924835606250355,42.170799447259824
122.1828042898518,65.31709928417965,39.263408870444636,41.56132402357804
119.86716280043558,66.88525185208489,39.56356325201756,41.259962182292696
117.45967782882933,68.65629515796357,40.300475429269376,42.113260835885676
115.6185271238212,69.35437192839318,40.927556473761335,42.88767719172446
112.3488270566489,66.0153168078968,41.347447387982626,42.278150675820264
109.28393846781827,67.06099226211502,41.53491900076352,41.99687445438789
103.47924608351448,73.30108295952215,42.08945223738868,41.85379118121669
100.4725230946741,80.48653543807643,43.232116793408075,40.72086420567551
98.2888534920805,78.24340158580522,43.61939279859833,41.24157314289922
94.71493528351618,75.39244040157176,42.87309660159121,42.06477856571794
99.73542853627832,75.49506171963105,44.00243156060552,42.13143911663587
95.32368437221905,74.87717711905889,43.92405774425385,42.27801950361701
92.66788678606986,78.0340074794084,43.35057353270213,43.47125051036548
92.45820132777675,78.88374110422922,43.6190942128725,44.631836323162815
93.60496908181838,79.81350440341876,44.2314792103129,45.84845537374002
91.68898430012348,78.21464560101158,45.39979539998443,45.68622338977874
92.85018605946863,79.1908472284378,46.175205487556354,45.933690482902975
92.56245048299522,80.62847223636253,46.420651831857924,46.646534701520096
92.93593195598882,80.93370081286224,46.10589575499609,47.566751171605695
95.43983566928296,82.039686876952,45.4076805754171,48.13614777587855
92.76766728064246,81.38376676152106,44.109375331518905,49.49076133918727
96.52104198326793,93.2107249791312,45.02828892065271,49.52176807596405
91.10021787578646,102.9646261179831,45.427447511592234,49.504503441692854
93.3354600414207,103.18319765574253,46.60186302544701,48.377129340955044
94.16100730990048,105.82423358684098,46.78979434355185,48.817402830931
96.15645940637663,111.87248033174515,47.70203069549091,46.74933169677451
96.94216939118085,115.40494966113867,48.077461383345536,47.36708556575846
96.49983814785716,110.43010037791757,47.182416438199695,47.839926946836904
98.32110054552628,126.77278627188444,48.029987735085605,48.772333936979315
99.16430337690039,127.54540478870973,48.155790367205825,50.56727896929248
100.25326602620963,127.61790114445068,46.724056033763,49.844381377763746
99.13950067177129,131.5853916680634,47.511315126657614,48.943175183290975
102.67446276770663,127.91244200132712,46.36352676471247,48.36273298310266
101.73387676382322,131.33852169002444,46.093822011996515,48.531849126032746
100.42057366944583,126.14150649063221,45.798005791693676,48.28367619382354
104.31717129630985,125.41475482132167,45.26086875406058,48.24882365742936
101.09273743110086,121.33404038401017,45.33617891688213,48.07394119172035
100.20531822747047,118.29645637116411,45.769079543762665,47.646104189641456
99.17718416712626,114.32707580878883,44.859832289313765,47.46166489782705
100.41161895335782,105.0482313399814,44.33034562757911,47.78447148070561
95.47286445974055,99.57437260970715,43.98175750788003,48.57229876638838
93.5028977450861,89.03481456227922,43.950616832879874,49.750217427772554
92.4825423359426,84.11044572954384,44.205932267332024,50.68224233231804
92.51956632070315,79.87755971013488,44.56822960683002,51.47310668680978
92.02058315815727,75.72219454545058,45.230424043427284,52.14338939960122
91.56946362755694,72.97706061121065,45.52755001554331,52.15476589540043
91.95291903323223,70.9343552242876,45.042952074218356,51.760096064693286
91.79924352638056,69.01254931052176,45.449890677424044,51.18806753806847
93.45098674138987,68.33692151375436,46.25053785336246,51.5117371483269
94.2595922689086,66.7476300350023,46.948931008224896,51.00507864503087
99.47996312384657,66.95881355859932,48.29562769098812,52.0114171709188
101.93929773061001,66.48985708894746,48.37509309049834,53.194405559570015
99.00765573475593,65.49231969743478,50.094944941856184,51.743434228627486
101.87361662135565,66.9774588772164,50.760289079759026,51.38506215911853
99.96829099585719,67.58349739459811,51.397020414603006,51.22289054370482
104.31997018219863,68.07174279288202,51.60139977385371,50.97964601397887
105.11388589836862,69.00240011728384,51.01206326462849,50.94461076695441
105.38227202115372,70.86447403869124,50.51001823109991,50.55889952768576
109.37218819453295,70.90936317395827,50.151299661502094,50.209407309378726
109.47943398033692,71.46248679405906,49.55449701396832,50.05810116309878
112.7282851147729,72.23680028875107,49.648359400400324,49.7494595205089
114.159054632763,71.02610515070589,49.330839348261065,49.65538739807021
115.4879819099352,70.7260662498091,48.907618478074994,49.88923894397009
111.62092399612656,72.7815653738583,48.31071585781629,49.23826076117931
114.80667557712651,72.23774326748058,48.09622944996678,49.17565513510569
113.40880515682697,70.61161006220824,47.21708024921455,49.62964035287083
114.50613743389744,69.75334139931545,46.42213171470406,50.12530611093031
117.34755762062078,70.52751245757783,46.83136811966923,50.102714393041396
115.8158925033556,69.45331524498481,47.511182996228385,50.14802449243704
112.92085808889311,70.22945236660327,48.13820498830035,50.09859660940672
110.38304322931785,69.06952183160767,47.46125454158785,50.33627598727448
109.55193357871434,68.58440208169671,47.35708018129582,49.92447820510636
108.56931576384892,68.90219418015512,48.21552407633125,51.171607326060645
105.04052160841617,70.24051229146613,49.45897635890693,52.233450240859256
103.17324141987565,69.62319750833603,50.09948609015972,51.66468429739963
100.54202250687851,69.24424983167461,49.872328979783155,52.38211981295795
99.35181737202133,72.16365445715206,50.42118793609726,53.60860339723866
95.01970730920277,71.40926467825787,51.679680675259775,53.03578729577105
96.36314416837942,72.19361402898821,51.425008103985924,53.20798100458872
90.13347453673428,73.69562357169156,51.96674864291098,54.07476432167834
90.50008953519318,73.23295852661619,52.01772759937377,53.46788883016406
91.66708210226243,75.42741645612773,51.761705817438646,53.899989759623615
88.56077539892951,77.01709816981334,51.08498740647752,54.72918412873067
85.12216319944326,77.8878205838188,50.97403212176471,55.054487681380785
85.74295693281306,81.57196705060063,51.03285337599527,55.877076476943074
86.42154498248647,85.2010968310532,51.46461699108021,56.65240627913606
85.67947238952691,86.88994026026428,51.3634833083241,57.14037984971478
84.9490800581227,89.51078694012837,51.086663949106445,57.292275509762
86.05367209973878,90.11238677219434,50.73611088069821,56.64805094614732
86.18960556277997,91.00394173205125,50.55147851129078,55.952350045903735
86.4226257327561,92.89174801790668,50.03463833586521,55.32883112310337
88.44832228416524,94.55723109449198,50.38543925617927,54.772623785698165
87.87804350021072,100.09128813524732,49.494951864066344,54.66774079091843
86.92071708613216,102.34714020034347,50.128952049973414,53.991467044408374
87.32571357469924,104.5929535090118,50.24997605444096,52.58392517629352
86.19157423051995,112.00344938982417,50.913214788614056,51.245192211360695
86.23330201260009,114.05628761184069,50.26835851291735,50.687826285592415
90.17447867223757,112.66399039586315,50.90523508255841,49.863141561816285
92.38859972905864,115.51984730321001,51.274343375563,50.310671807638926
93.80185539571143,112.72063675191455,51.137743407766465,50.44761610740391
97.08380081146618,116.91421888417675,50.93351320171472,51.81300101432729
98.61938306107976,107.7235297488145,51.18462028795205,51.40790314979788
100.57940240734726,106.67359075833318,51.41111270045853,51.120732171028465
102.51244862239719,109.14493277715992,51.27665202618754,50.74045276594333
104.97048101162612,106.7630822463889,50.97817624461688,50.62790022259644
105.98056596283368,107.23530667284298,51.007680853157574,50.34900070755223
108.86065898137545,107.02581753852843,50.90980160165754,50.50541157524902
106.4148625796752,99.87388612566826,50.603715362241864,50.491356577177854
110.27462357542174,99.2909985627431,50.328138778616236,51.03525224460075
107.8671233949263,98.12317639388371,49.22736288686053,51.51631200762012
111.64738921836303,92.35389336910603,48.161062464047106,52.46490937584002
109.71808567892947,87.94212813480112,47.97449923575481,52.98077688058267
108.42086472613339,86.79008185513464,47.28899290678887,53.81800092013258
108.96889572174884,83.70930622898624,46.81513575574124,53.74037351489766
108.8639276595032,81.4044954771205,47.126267953228165,54.21006000199704
107.5550922290946,78.75615058779772,48.19159234607357,55.89127531813345
104.97376666565788,75.6634426793309,47.86438675297633,55.87983415951169
104.81264058742592,74.54895304369273,49.276272493462756,55.56107487869451
102.93665157962269,73.822837449607,49.00578146533753,55.64303164231307
101.13530294728388,72.95044383362115,49.37135667114674,56.05088812248422
97.62736299161287,72.10911573620783,50.44960545227025,55.574445215290595
95.80007762894041,69.8579892834775,51.48466433488748,54.207074936547166
93.51089600806958,69.49055890126334,51.798455909911645,54.12483958681685
92.71346897759605,67.14638225264201,51.582598944667,53.18454507979924
91.62452275351826,66.98322245977546,51.48323895713835,53.245803227448704
92.03320504899743,65.22249481392218,51.457018737212735,53.10711895845579
92.39646237663896,64.53693653938228,50.96362942584848,52.681146646070154
94.62468975460278,62.816110606915565,51.25029629391375,53.39352686068925
92.36236907588015,62.08870327116763,51.29455139418739,53.034968920185605
93.49955516689515,60.8578021121054,50.948766410414834,51.96963562772963
94.23486415123016,62.51517925843776,51.02187202496626,51.356319523617756
95.70870197303083,62.52747100687566,51.56159214476212,51.22897638980339
96.53119297642438,62.77485862653331,52.09566535190326,50.99019806320591
96.71408071986924,63.77804083379114,52.52301400432245,51.16973815155891
97.95495136353958,63.593539359836726,52.48131712005794,51.39043680094763
99.071549244724,63.80352504597444,52.675657606849875,51.713799304805185
98.03945395583384,63.693140288284525,52.52636055950814,52.00162356126958
101.62195549482419,63.499822949028044,52.372031481313805,52.3829164398528
101.52918524690453,62.14056793871965,52.137054323926264,52.314418413365715
105.22376451437454,62.20754323300937,52.0562301395722,52.51409019097623
104.70652048056691,61.45706773990281,52.49575620634058,52.221568767941
107.48884856599857,62.40637688912085,52.53583684043943,52.14839779044303
108.18713798622227,61.391463879374385,51.595645639037755,52.23174448940983
110.5312354377962,61.84273209867354,51.3314257267346,52.6205605612638
109.49690070979577,62.150368493184644,51.41202541001512,52.457393264595034
107.22147245900264,64.57640483872595,51.026888717021315,52.63277876443038
109.6821560400338,63.20394157584364,50.66160618783252,53.23960967290069
111.22509350121264,64.90802016205302,50.42691348784117,53.467978846688595
111.5180686064287,64.14898182233841,50.21535700876471,53.4060654967828
112.78679976312414,65.17367433314786,49.937998159500445,53.52518566696689
111.1161668759766,62.967780361378644,49.26234002937656,54.02407769261284
113.97977034381613,63.66634069424117,49.87236234555909,54.132084218431366
115.72605661004508,60.99955504922286,49.8843402701019,53.90946215672238
115.79456153092407,63.82861067397191,49.42952978728406,52.84446814431536
118.00678235567369,64.63180810784621,49.4429829589518,52.020540641831644
117.63194732122113,65.18019755203721,49.68065073856172,51.16914018810768
116.93170940954403,67.40415747821984,49.507517805850554,50.24068220593592
118.72317798408474,68.50977987389396,49.99339922595249,49.52780031341428
119.29878736919173,65.24923468303393,49.669794405514224,49.83954916910284
122.64908488404296,63.57403858682118,48.96439714879146,50.67343254385561
121.74166597403901,66.69448605164065,48.64662679352168,49.9918509114884
123.94206810586203,63.1001623742118,47.73816190251051,51.201664590961585
123.82806601829893,64.94912072332899,47.41242682793046,51.03344674145158
123.43524156045966,65.33928963414508,47.648708494596995,51.351154268940505
127.15528925216681,63.39439459190713,46.7133967415538,51.85340806610864
126.96793208730293,62.89514743155747,46.030754832916394,51.97545137133555
128.78217375140682,67.67377018724477,45.07771229297763,51.55586779385986
130.33325419172064,69.77699326388328,44.098308847194964,51.80167879695492
133.23990839594256,64.21594235317743,41.72678291326895,53.05518263405267
133.98878748823918,64.93374170634696,40.00889933659635,54.457123362146575
135.07821894309504,64.38330067841594,38.464576567513454,55.727540637677976
136.000691413879,62.37072683948233,36.890507944161854,56.69760837856399
136.16462791669102,65.23817244902597,36.05264871674751,57.914881332602924
137.0725124766443,77.90378703828364,35.13541466964443,58.44440235245185
137.6354522457348,70.64723328994727,34.01321875299294,58.758271071963954
137.15422831043102,78.7842743616721,33.410913210400125,58.60166825285509
137.63902887965392,83.41700256079639,32.63105568019065,58.50459545293414
136.1121382833523,86.28497511172918,32.209907778479334,57.96429997493941
135.5558987739651,89.26133335476342,31.871996219937394,57.268816631723716
134.19584603367016,92.60728578024474,31.842314608318393,55.762356612609246
133.62689455196897,92.5752216416868,31.52795564697716,55.72276680264799
133.704587463699,93.44966938821818,31.612188974274883,54.637270767516725
133.19906351642237,92.95432793101705,31.67065224453767,54.06539252755345
132.940618363393,93.14829079218057,31.598670892748004,53.113620455510215
129.0310013170141,92.30647048392575,32.29294313247853,52.233670783857626
131.74298015058406,93.5740926054972,32.19290762262618,52.301130112034315
134.33238378185195,89.27454383120177,31.26176576536386,52.06223022410173
125.17445750950202,97.64454418439777,32.98023671826684,49.77605642200661
127.56534842106761,91.02972834989669,33.780574360009915,48.9444507558037
129.85518148592374,89.3658704122382,34.69956974839459,48.192530534166345
129.60244578378985,87.0690807957283,34.2137087408963,47.91506656192491
129.967018819797,84.87671874403803,33.6383863575083,47.982158466971704
129.24580014650437,80.55816749153817,33.18107645162927,48.4015981606921
128.75907583221445,78.40410293793053,32.933272758012166,48.06559131591154
128.4131842038927,74.43750852644021,32.584142909644626,48.609814532202726
128.0934062418064,70.48454973452979,32.393166879051904,49.41014797143127
127.74327459027184,66.64327298493205,32.301695546291135,50.208544289840646
126.80327126872426,63.572204469216565,32.26036208146851,50.351682679303835
121.72560913883837,60.303596756225346,33.098820420219795,51.13045570340029
118.93500023384887,59.580412214433984,34.081900374669004,51.441814186892984
114.19339173759917,57.284752537163314,34.68261862601849,51.1413884509497
116.18231032224173,58.01508346785454,35.17697946622434,50.505642833120426
109.57322911024121,55.90707786168196,35.52552061336991,50.27871094930468
106.59839885446922,54.74129634050253,35.82926657031793,50.34244314296969
102.9492790658897,53.725896426127576,36.09371651277239,49.93428146582971
101.40790311585496,53.05714372124713,36.49584488150033,50.00862807737284
98.24329563792803,53.418455964904894,36.93052334214545,49.92387801451486
94.826199013955,51.853733974644754,37.859430277988224,49.01750103403659
95.78981958762625,52.90863657803531,38.153454685073825,48.703359899292224
91.69383590760482,53.568212864754685,37.837767855053215,48.94786985484517
92.66085056874181,55.46461850010593,39.61390403342011,47.91665764801599
92.93059044208975,57.13032296583435,41.123057862163684,47.36168075391265
80.32276262990005,58.160757859123805,41.424822647920024,46.93412819946571
78.93334053461984,58.869957085704314,41.72729149706503,46.27067347475165
77.26356804310605,60.08774328539542,42.059813384008045,45.963795371252615
74.26637115420006,67.57748077468241,42.34565670863398,44.99833177573525
71.31646139366752,62.673258765669424,43.030597193749344,46.331083998412126
70.02288397599253,57.09827611045277,43.04972119490132,46.53078247077169
70.82948008179783,59.47449678239221,42.46573561685855,46.49166853472975
70.72756211851338,65.93897601540903,42.535221899243346,45.95734240817363
68.55550129527558,59.93821856360458,41.384048974796094,46.60831524330109
69.28411037922895,59.561684598346034,40.844284870781706,47.12844117378671
68.40196834273942,57.851768898003925,40.53205708386696,46.87001391701549
68.81494628933046,58.86840849499488,40.81080557072028,47.28598041433301
69.73064452230383,57.84840391270231,40.43112803120327,47.37519440527314
69.76118886640731,57.993196262193464,39.61715680277036,47.11899693886267
72.72171307207186,58.02929391871736,39.713426163352864,46.701385407772506
77.06358736769467,59.62007628282501,39.71513289437289,46.00911044014679
81.65605810493072,60.6348379467193,40.308434484781145,45.68911794274151
84.12073393440133,62.03971892532612,40.7216297656898,45.262864906197436
88.77414325313032,62.86868972706978,41.52919768676452,44.775977069914404
91.77911576144919,65.09287623981768,41.19531382353864,44.74016355369593
93.58446790872597,69.39263250881775,40.69066216608529,44.60029914802002
98.08094257050078,69.86870881309287,40.259608213019064,44.33723512246233
103.26008888095467,73.31459596794622,41.73258294898385,43.42273618430716
105.81930941507571,72.02170616392937,41.683216034641916,43.30448957011186
110.4454951941946,77.7401664569286,42.73988836068147,41.53059293278282
111.17130993441711,81.59335605670681,43.83526548729212,40.3006312747303
115.6316484943166,82.03672198867632,44.161999141724124,39.228974972195516
104.55463624733326,83.9748999164974,44.45278434736072,38.7889775683966
123.16270041739088,81.90312045107952,44.623493012860706,38.46562470647726
126.61503586712823,84.04519962606557,44.67233859669289,37.45935966133
129.30811415847478,83.11940907374077,44.59535559798417,36.981792711856656
130.5519770899859,85.47027975026079,45.48956103989353,36.07188833582163
122.44801162892274,85.9019444719784,47.92620309025475,34.4840361825399
144.85280136575477,85.02987281908321,49.27071068324109,34.815260086207786
134.48411071550282,89.10972740752297,49.398831424662916,34.68688674001673
134.732809308786,89.96037454060644,50.51303630604401,34.557185043201
135.70266531576434,90.76298677094996,50.25979873456928,34.965856570978296
140.37331309993863,90.13147440280912,49.986461998007854,35.36580426277299
147.18563100872407,89.89285308212284,48.42009854219233,36.94381427818425
145.44334938397148,89.13683898402448,46.98281540192699,38.66131024984503
144.64662608658153,85.01433555737324,45.7536685461606,39.47033678317068
135.48073182349466,92.60186929569838,45.98538039691929,40.0404551585712
154.47395685267307,95.61337090321015,44.419111612976586,41.58217257419341
134.62672522792303,92.71680243576455,44.04880130290634,42.04399065379897
114.17132951458262,103.81015570484979,44.269697099704324,42.34863428957867
122.0894643372905,107.92968262849584,43.60347330694972,42.31816618142232
125.78901261833997,110.59096345226483,42.374527978523886,42.51043035480719
154.86226210450704,93.04560344367037,40.84948896712725,43.29120621916408
134.7625912004258,96.13535315117866,39.704165247945994,44.02054841410235
152.37843011741754,89.59681205391121,39.383871996482,43.507486451227564
138.04095962862607,96.18081718454727,38.317239640324686,44.48267038856386
152.81393374378484,98.64456416420862,38.12083593515365,45.21840780207442
137.8267103638568,98.16450405017044,37.40298571319825,46.063270193272466
153.26299386522845,101.1691901379627,37.337326364263504,46.575771491809036
137.51630623886695,97.10951815627594,36.78851106522873,47.387544997724056
130.60967656690752,129.14612701997783,36.99697590688922,46.067249328425774
128.1425355550625,113.03374937077157,35.532077041449675,48.20816521033434
127.54908686476877,135.73498455462902,34.293199609338764,48.30874278573469
126.86986945550406,138.2251535022233,33.335991594158465,48.71401594782763
125.78334673011454,134.26382586722445,33.27693107455478,48.766649874594094
127.34875405525922,126.9842380390199,31.573313761416006,49.63230498504376
160.7833918602674,143.79485675196858,31.785214909212186,49.20609014215419
128.72959733289622,132.2901190152454,31.178349313075607,49.894516879028295
129.38794255831687,132.60613773283106,30.404356411100576,49.82845707685643
128.54403882561115,129.3985884091332,29.967497662522774,49.88058298789346
128.04283790500304,128.52097351199265,29.957289306671747,49.90083255661153
153.9160395076292,143.49875799290572,32.021749596292494,47.82864829937522
165.9779761048,149.99648692386768,32.851165433933275,46.91621160139175
176.15023247866975,128.73637657917655,31.55807862003165,48.21884577344004
186.9158823148023,112.04464788853485,31.742416154797823,48.212219841735134
177.58974957641448,123.28039671723582,30.99451607371213,48.12084532276094
184.22909429747037,113.29143068457356,30.266321779305407,47.99432716225539
165.01258347681647,128.09295597097136,31.458712317097593,46.53157161814628
184.86435889205495,112.13590974545833,30.602947436327696,47.26449455928465
168.29202197126833,123.29136397469887,30.215875367256373,47.34080839084267
183.0127007458405,110.40225628358628,29.69845656933274,47.73074481188619
171.749144903281,115.41370815543581,29.64825959966655,47.57170310584581
182.93688058086187,110.02975663888695,29.79696388842575,47.159891936062685
165.6587056800715,106.29140445184663,31.296676879703732,45.90261231661303
174.45279497381938,105.6146186007168,32.593208604097654,45.278391875050986
155.6156347373496,92.20372309807918,34.145672387584035,46.00530754463287
151.17972332218056,86.2011062967062,34.811766687038364,46.69329852500334
148.91456627924714,94.47782774155799,34.62348574498159,45.63482595695504
147.7298725146871,92.52860216068675,34.52901466967059,45.24768551637209
146.63638629601948,85.78968170515407,35.693815252032934,46.21847686689057
144.2788435740605,90.68288967791317,35.871477562100836,45.24147292393585
143.04065055620788,83.44855962336175,36.99523274415307,44.97327275777013
140.97577977195658,85.13486356809072,37.52480560766911,44.66104127402812
139.7201528285605,85.04228200221608,37.95645415350367,44.764225518457835
139.92345766949185,84.26712628618725,38.50559118194138,44.47342397920965
138.8332832596593,83.83746424358218,39.05753025829747,43.594460377118175
134.16694737172827,84.11673009524581,39.04690979783142,43.385504968213034
134.16643295743026,85.12466288560155,39.201287280936015,43.500652542485085
127.4915261844135,84.89568738618777,38.61647234033623,43.59566290205521
126.25764896278108,85.95551086472868,38.687595542756355,43.61026157905238
124.80905873166084,85.64325705733687,39.17839845105701,43.347064404197475
125.3787544888315,83.9657474363443,39.681982982324215,42.758892117862295
124.9435019075398,86.27428863387462,39.722998973402625,42.71117236318251
119.82791338654594,87.71261549085932,39.9636774726047,42.788212515942845
109.35873962097772,97.44020118457527,40.6582467749814,42.28522771298362
94.19480615660589,96.57093827535971,41.48723141002387,42.27156520648646
95.78751787672451,94.30508811226142,41.82339605686856,42.32364173812739
90.6408091954703,94.968542211456,42.08318686298048,42.57425367180304
91.34832112974696,93.2775917077805,42.38195162300534,42.35587201008664
92.11783227569941,93.45859099294842,43.27771493557735,42.06525380911604
91.97328482200163,95.16361556839834,43.101821492104705,42.47737324685449
89.93416971157453,92.39576145978765,43.3214241552044,41.95846548964958
91.99563059597548,92.45423285955184,43.515456045460084,41.75238997137932
91.88935228426328,92.0359697952245,44.942572939193944,41.05288878775525
94.26553111802069,91.91864066877457,46.10149161216376,40.25710504121968
91.27415213684445,94.73881872950925,45.63900955376429,39.9493762161981
92.39409810555995,93.8145682301875,45.28937390200072,39.61463775485012
91.70531723514623,91.72284278400835,45.52959557401101,39.17087564595722
88.45132764362653,92.08810581357915,45.42173193783655,39.234123595566516
88.96924313957462,91.44367012434154,45.578895182886455,39.165587046528636
97.93129747809063,88.8993438394951,46.323304572260696,38.50482088071735
95.59644235405925,88.39988158012943,46.36312199424312,38.42292913052779
94.94804389734132,86.31223625052058,46.756059292353065,38.1852797644159
89.03260713758512,89.45766464289458,47.22224584592309,38.10120818169426
88.52873288818846,87.49027587331989,48.43591803610835,37.80286194154679
88.97467961930133,85.41006752198534,49.86513386877397,36.88078295482379
89.680979863262,87.15604073057918,50.765269415245925,36.784012948311144
88.61453060621858,84.3204166492016,53.31196343032649,35.89375483970399
85.11602931043774,86.73512293330771,52.85400090729467,36.68501688162975
83.61008178424845,87.65707555375191,52.13025448018107,37.58664844494055
85.17787982616237,87.93481279117503,50.731503889669874,38.67483630358276
85.6977999408299,85.39414993971145,50.008948154973275,39.5181148835546
85.98314072791553,86.66560360309059,49.16971886704546,40.73302196414496
83.78824147939068,86.36635225298878,48.52126167256682,41.79130753297231
82.2273075202972,85.86133797390883,50.21388042331146,42.3620697074843
81.48465401566607,84.78798022901532,52.728012357996384,42.86856002522847
80.9047851404282,83.8501650689534,54.04458795928122,42.80447746331037
85.71483344205997,83.40821908498535,55.8557085496212,43.014669515837404
79.43932755933169,81.57536614482831,57.468371544936154,43.28939014567847
80.6249912561212,78.30120830235197,58.19443718724578,43.67086193948735
83.17640924318353,75.24288463477967,58.92867215504619,44.78654224887509
83.6669821616738,74.13500020187111,58.34411774300768,45.55965054454756
87.20857066996561,73.63173887365542,59.75270479502757,45.222649698629084
84.70177867715638,74.06626714090703,59.70913031049222,44.60065201763291
84.88091730894861,73.99474786123395,59.616009464992864,44.035942104288495
88.28777147190688,73.58168881647603,59.39820835038003,43.86340338447433
91.29009893973766,72.03529033026703,60.02737394847091,44.128627534321545
93.59276344300758,66.4982390576117,57.639858433752366,46.2251957855038
97.06064968391972,64.46460991420992,58.86536658394712,46.69323856480002
95.31777376881442,63.947912503235315,59.48419794296633,46.99133475317378
98.09219355221555,59.01816269497573,57.42448482002699,48.888318061862144
100.14015028103998,56.198902913581314,56.11944345939351,50.530209340196635
101.95935500579974,53.30669239754714,54.558630674302684,52.06852231715025
102.33501787544822,50.0902437305481,53.26900006964546,53.197704898951045
104.70090601184513,48.30812518689855,52.82281778336287,53.205000953840475
104.80879931865121,47.5388275480716,52.19832545838598,53.35308066562219
106.24100399787858,46.6769400581685,51.550648840333466,53.54579232717583
106.46906447270003,46.15225370237287,51.6223730349624,53.66355195111298
107.3087298123051,44.952203539940044,51.23086805937315,53.207049607216426
108.59828181306546,43.413851732128705,50.63783957836791,52.56297761859104
109.45477858782533,44.69626368458222,49.89831331924961,53.0670094761657
109.60271512962532,44.82097909743298,49.480486733352215,53.18958467935479
108.7102742016447,45.796298972719,49.285758742244695,53.438886325496014
110.04667694936538,46.3709494200325,48.10765940067295,53.88342388416186
110.72613050436959,46.33748060236171,47.24847390717111,53.98919527177796
111.87731055859514,48.75978406586991,46.99580142269767,53.93835818118733
112.4801691931209,47.19169179642975,45.81692149513357,54.10541768764273
113.66626183841419,45.59506433142295,45.32534714738757,54.354479731303805
114.5954896972216,45.37237190062444,44.88880016600168,54.34821060573155
116.26863668825396,45.103177057815046,44.68021294052873,54.37565097770974
116.16166002422898,46.29638938426613,44.634776868096544,54.536117060433796
119.00017044002317,46.07357758775153,44.39636659024962,54.89595506335079
121.720706045353,47.18969276854598,43.999079997967634,55.02594689643352
123.57203770363533,48.84024701674964,43.91901819049721,54.92274751677118
124.67487667568078,51.101030800275055,44.47835870954109,54.13162748046681
127.45274459668806,52.813124185472745,44.60023421853968,53.37963733673465
127.90646507627328,52.350909151030294,44.60672498677864,52.9261017169141
127.9146743055328,51.444380038345,44.02100587670929,53.35552072586165
127.75113913298802,50.528425184459024,43.48820596680544,53.50814133107929
126.80694471829176,49.61810051412391,42.39308930875593,52.92873216383021
123.6341510769904,52.47885011600354,41.906867070637176,52.835470684375146
123.19245339499173,52.83221305718597,41.24536690488753,53.416990360749004
121.52020519425272,53.364210024784484,40.99496698983724,53.45612462036092
119.7862725673685,53.23452813106777,40.76431778208834,53.69214595298838
118.07587568063653,53.291918130738466,40.91491440246084,53.55633200163433
116.02217327815835,53.158083022000355,40.836065659748755,53.592367378741336
115.58242877785557,53.33394393561146,40.894034808669744,53.25823707266304
113.86732974312801,54.48471885751677,40.930481733715695,52.6912781168758
112.2022309165323,55.85696458674528,41.12799086456822,52.062845246446734
112.11457919884703,56.48449118865965,41.113437532284365,52.23422739398974
108.31334751400466,54.708257543366486,41.807737354453224,51.278605619024326
105.35715487572604,59.55672384938748,43.44400769036715,51.04309020516349
100.51717738381744,62.26662779257073,44.58785370354226,51.41559112617002
99.15390481438882,63.33173111900001,44.894500809257416,51.09726601551727
97.50855847444103,64.58226060280336,45.0417265396901,51.97110548159587
95.53165362772553,64.62456427430939,45.9459334861576,50.97103433338516
92.70393957411532,66.00040382911676,46.861430009973475,50.02735054313687
93.52564728768405,66.30892405437775,47.117965087138984,50.475629630731326
91.13852285940148,68.9575847849663,48.135245922311334,51.30247799606182
87.10146416125087,69.58414406673097,49.100777007272185,50.418918541743444
88.08940121578064,69.40924331589555,48.95006828918098,50.876207416468304
86.14370302461833,69.60679209918646,48.355894240749976,50.977107397989805
84.83761492409812,74.02065835267636,48.2773055377682,51.00181191035816
86.22220699752063,78.5868794816408,48.0766104656302,52.22179522768562
83.69941747906736,78.74094781225463,49.06480167370985,52.83987493036482
83.71236797173187,80.22725481403819,49.81078739473307,53.90294408185753
83.58668375636573,79.25414590551236,49.71759705004039,53.82111028414783
83.41418121600125,78.66536157256296,49.36248674809799,53.976311949466805
85.35766276483696,80.33370692707946,49.854979693669975,53.41536162548934
87.51301851065425,81.0461730212876,49.810726236550785,53.15402523270446
88.14452951716034,82.92314905138416,50.481084350491734,53.07482207006384
88.45963821374497,86.53598181540454,51.071322127000194,53.89708249111975
88.07554211705353,91.67828120974102,52.215466772804255,51.85415526464163
88.77266866560754,86.40056375919247,51.87525875683486,50.71666852724998
90.8289453816124,87.78904352697367,51.198098419841614,50.144815488498466
92.48834148553351,87.96861673364116,50.64469589286183,49.51297407022346
91.72734272402025,87.57716844870188,49.92901941800933,49.081983306232075
91.94839470835915,87.06298207765647,49.27346194786859,48.31413467285751
94.1048696781735,86.54305002893074,49.05845054583753,47.781904210639496
95.57667728288118,89.53008997247636,48.71404440662787,47.480343530548964
95.72134878922694,87.26094854724978,48.033640564773755,47.47152965172356
97.21357673954307,86.52654438547893,47.24874697531398,48.749237228872055
98.38348995776747,85.53967521004057,47.855637801133255,49.29594060565056
99.02863237086015,83.70649214911876,47.97331100564857,49.59788178357026
98.12096041083859,81.33209885404534,47.91252017246445,48.762609135283256
99.41134762644862,80.6618743007099,48.10867416607959,49.74259968911675
98.70301693232093,78.6632073880987,47.33029747411952,50.05118157838028
100.51171879069759,76.21809962487043,46.592915567897805,50.628614340401995
101.26036075171547,73.71853729199576,47.05876784199852,51.350922638048324
103.06200551095559,71.77933498089791,46.68676341873314,51.60192638515245
103.5564547499444,70.03703031527903,46.88306777774588,52.00539233717883
103.81872402012874,68.81633626688497,47.44948532925797,51.168734064414316
106.42339229024938,68.71562185833045,47.09785199794003,51.67011613360046
109.87307889106002,70.65049351343855,48.114722826317546,52.70204900136279
108.66809135782616,69.50092798765483,49.19158422243615,51.875636458569865
113.62360618999409,71.99836622263443,49.25327375060516,52.215109620873854
113.31662367808374,70.95694500944,50.03147058141935,51.988492122564836
112.0670542864519,71.28602440061408,50.71265279787242,51.20756235276559
113.23639538461316,72.2932027256426,50.902834031573086,50.58529006283124
118.14661615101193,75.54021293336356,50.65228442840202,51.07893243959513
118.98256812814915,74.4044085028912,49.93916082242851,51.36321157908903
118.87460219553967,74.80079385896443,49.803246201317435,50.874989517922586
118.95906188690847,74.31864614377832,49.85205340682903,51.453942141717114
120.60723601827519,74.42336319886876,50.20647413938066,51.71279982082953
120.3414087664544,75.72764216330015,49.899670224176084,51.13375858889668
122.86633914148157,75.57921233444391,49.617958373200096,50.85817905288358
123.6596428493491,75.64838434875836,49.335309015822304,51.13261265672957
124.73345145047072,76.16907353443749,49.01595092402979,50.985395509736556
128.23882832625773,76.42396572707935,48.72204983740327,50.04316723745751
129.87182759733122,77.48342542034271,48.90629929826232,49.17454122499237
130.16579165304256,78.10945100441224,49.25718308507109,48.891079183917064
136.20219559118908,77.83449932976026,48.81662980930299,48.60492171121098
146.24712911939173,86.93133471383749,48.70851324117892,47.97616373907704
154.2603544936999,100.26812942062476,48.79110370655186,49.42077653497514
161.4701857979056,100.57914360633123,50.29949972240801,50.377483038287565
168.12394928723435,101.2971523399692,51.60889607596486,51.796633436764786
160.56019529608722,96.81488870336212,51.864679929536,51.91656575453461
174.5064884729737,102.91486257359313,52.79904364900525,52.60204548904819
174.99996183286208,103.5229260194602,52.78735915390269,52.69967530164448
181.3214513812066,108.57914810431943,52.13984533583913,53.161233397856186
179.75856182145256,103.31410229631132,52.043752364053866,53.13480836653356
177.81771213851604,107.31648987189578,51.70433041873918,53.016641339143916
175.88153469965383,109.03951919641847,51.37127576963868,52.97798353657987
183.6210148400287,107.23262640568936,49.5908065853855,53.5256251284751
180.8390738621206,105.05300751002059,49.32582396676928,53.50124551868959
179.74761879905924,108.93835572118391,48.62094937342488,53.276893376605884
178.17883052196237,111.97753983294578,48.34832199390281,52.4865648373778
178.4737959316897,108.32117505888594,47.82500987775387,52.0534442992853
180.123177995552,110.42814209383121,48.13718215330382,52.38464477376732
186.83479061496743,104.58461705729306,48.50816925578154,52.660119529460815
187.76839434485663,100.29564284204402,48.47488883133486,52.6437543384379
181.68389023304908,105.20335801217344,48.3649520857727,52.889710106577496
183.1563671915419,95.11239762447886,48.33459901793867,52.88501398438364
179.13774992011062,93.66936380562245,48.24904513154099,52.92171567246574
181.48195990189205,91.55524542628142,48.03690776456623,52.967515964930755
188.0764223583999,94.41129826003166,47.07156321196317,53.24286518863512
183.28652149132375,94.24511297291842,45.16136231397436,53.823806532886834
184.6568396718381,98.7058521336512,43.756314884983006,53.86458845769811
179.66720244583036,93.66476291897055,43.6693576093984,52.82555297409557
186.4875943928156,98.13702357439666,42.12393065665108,52.81821885806756
195.85655372917702,100.86131859820101,42.071579839763174,53.04423704104968
193.65013919864674,106.34559780242216,42.30169300803197,52.54379443918698
189.5592196378817,99.58495413153545,41.17952555302396,52.5943281112216
188.54678636160912,106.9770990142688,42.47465464495586,51.69583680003959
190.1402601790129,100.12514341852757,42.368060985444366,51.15433230396101
188.82069772117907,106.2897182730345,43.05645748466912,50.72570387332851
190.14063469603843,100.96742277298651,43.070392843956135,50.19100505561441
188.81208086112858,108.52208521918688,43.79602487443259,49.442613467046705
190.9269553891436,101.97739569763172,43.25275061851246,49.408266619043715
188.71809253184725,108.50798197901409,43.50130118509484,49.150611397892746
190.07037721686683,102.6746851357176,42.79605434866318,48.851170195264544
188.85569465197034,103.12886218574594,42.627706007997155,48.570834593628575
190.04572107427268,102.74761397594702,41.724409855325156,48.413146996998705
189.5435429647202,102.73762364160294,41.365150680791544,47.94373177902723
192.27409906874473,100.43433820276758,39.4694629150337,48.169830473470434
192.8230179925735,105.8263112027698,39.95856523671059,47.550234983109526
192.9307850931383,103.90495670151479,38.85090215078866,47.527670271553994
193.341036795749,102.51040743443558,38.53974511149593,47.003406207293246
190.50154043619614,106.90185134652228,38.896754016362124,47.47434547815158
192.8029164265866,105.93377160570958,38.96537969442525,47.25577249403294
193.13822187070593,101.2489802313595,38.00295507499297,46.29280996227659
194.36873492286952,102.52154336604337,38.681190931649084,45.6245490798717
194.54321635851076,108.54775007699146,38.10694302201461,45.74747917146431
194.9516534069463,102.83057639157869,36.713675022841755,45.964598606498825
195.54470588408304,102.40277278030952,35.551873853162206,46.07193072785233
197.68449927563123,103.14832909127536,36.187553107053155,45.14923392651926
198.08215828649105,107.75989554280513,35.71257583793508,45.22650271108179
199.00524247432656,104.12144284113437,36.42177898516749,43.95130507182077
194.83384177119794,104.81268746161761,34.96022858478416,44.038358930257665
194.81801866294285,104.80974886261393,34.890981981830116,43.641874824697155
197.34112357381744,103.91897378105321,35.287004768876116,43.305671005274625
197.41846223070297,108.47853031857603,35.153200832204696,42.90548722100046
197.67265649320575,104.9168855614839,35.6306804631554,41.9405351580363
196.7838481836959,108.92875979936863,34.44623853801612,42.1469864961096
193.00372652550647,104.4328069788433,34.43353244491014,41.85244461213586
193.19230933380814,108.76459307486526,33.6892618509375,42.00366791417154
194.33887985720685,106.848430896373,32.75366963703347,42.174491578788476
195.65397174455174,105.85587529942444,32.58968788298879,41.84471119591864
196.27509060999716,104.77859128819313,32.55836261814714,41.65171094483698
