32.0,60.0,68.0,78.0
35.05039159379095,62.73140999577652,67.24112002210438,78.34701734975556
38.57763550629491,67.64088399901757,66.91823391218435,77.51467403382522
53.09382237579857,76.27981274460205,66.61440440840653,77.13331236174805
57.64538082637926,82.56571660848235,66.60670452995022,77.1346276121979
65.49190544181545,81.01016795578671,64.97716142548165,75.93140053862189
79.54339045424182,84.99762954589013,63.10638630114161,74.45813865907422
88.19754762569725,86.17431426806668,61.17250738303543,73.33878706368964
98.24305222803065,90.43502658742682,59.8711519564448,72.27443897449939
104.63997474600961,97.84160337209896,59.8157579245152,72.21154003619759
113.99586849284306,97.45013868231233,58.737954042908854,71.0396508093942
125.03199973490035,101.08638217941564,58.52347583003451,70.99923902957356
131.47997400662766,96.43616437180223,57.66278462605745,69.36546863588924
139.0583033254533,95.3967851191306,57.10031849328898,69.12319080242636
143.18740210021605,91.88672712704894,57.0176714045789,69.04148154931549
148.37189103811232,88.08727610969575,57.01351019443573,69.0367835588449
152.608977809181,84.56918796659069,55.7782120413975,67.70717424630013
160.91234880238557,83.64064017127927,55.19077051580384,67.58036762096533
165.59740608300044,80.04081475496238,54.45617307493539,66.69165194511521
182.68909764058984,76.7932045534343,54.78294086918044,67.80447469649904
197.33512971902064,75.59264223518468,55.79099611234323,66.5367582094173
200.4570658255197,76.88216514340394,55.790464391593645,66.5363361646463
205.88914442052973,76.24233540899846,55.79046392459604,66.53633517012412
206.21893887254916,77.37257642248244,55.790463178687865,66.53633235496342
258.2692727392888,76.37167359581338,56.23841757655623,64.31338129061965
262.88291200081756,75.63800967766176,56.23843683639664,64.31335387561063
284.4323842474478,77.64574391408189,56.49343902892715,63.587095722289405
297.88112151626575,76.72282662997517,55.73396307222393,61.92079907636101
301.8808191921616,74.60737592484229,54.7142668552589,61.00640534349932
304.0788962969004,73.44026781715493,53.38589623991279,60.1786540429286
298.7468153405824,73.39032172193058,52.19461324440674,59.47157486220344
297.9877092749637,71.90510237683209,52.18942781075605,59.36331515571768
287.85815146660644,71.52030322772585,52.16755854893047,59.30506901299314
268.03825977879774,70.9001390989684,51.26154648387408,58.11296223480245
249.7429578780606,70.5040586142564,50.38191636811206,57.452312559123
238.87471328234167,66.58179517961452,50.29184077073155,57.189180088502
226.69675243611422,74.47259959770338,48.82390992412392,56.056208070256396
209.71045289490377,77.00053298391745,48.127971866652274,55.113892437659786
193.40693987649456,79.29701680175312,47.009015237455074,55.16428827778801
182.0842929845155,85.1072614402517,47.69986985820513,55.6906247911961
179.7788259135445,87.1471499613113,47.33541165853344,54.39327291425333
161.4059722588311,99.13185878163401,46.40895023627074,52.38418242204541
155.14956638071877,107.28072578773714,48.544796469729306,50.80465386180447
145.25186857041749,103.63443705574805,48.86797071582014,49.209578928626875
145.73133788842466,103.99491747853092,48.274514648546635,49.815113015235816
138.9462916765081,100.086927958009,48.71785803368345,52.146406158452514
135.19780091513974,100.51251094463021,49.19496307631769,53.956522962996345
125.11683075456557,98.66144688447322,50.00798066797381,55.44692346413919
124.2456387625146,97.78011485099577,51.052066853442184,55.17073984623387
115.39147250244571,96.79170465363805,51.528543981123896,56.26730317088477
118.19654548292428,99.00282565516662,50.98032867659988,55.16962490951159
114.36737835266237,98.45081115839999,51.66323817058314,55.184897937811996
124.52516928040566,100.75545069922197,52.31386763406631,53.53507506153609
140.20683772829398,97.46254860622422,51.6905934519127,52.85200031076399
158.599060255132,99.46801106635604,50.91776796610776,53.37416312090806
174.30211736463056,98.07511572726357,51.504571761637024,52.16635748370911
194.35654921949606,96.76905355932561,51.57665058730642,52.1386838936359
215.62120995829423,90.26108389013731,51.45798508505189,53.377629480486625
224.73001037599207,92.66703487233872,51.52097812172651,52.96341447439681
252.93973713457785,95.50288727736257,50.51432825445729,53.3693873910947
267.2353043302282,88.41314522070869,49.76610844445546,54.174704062080714
280.0391229031087,89.65010937379154,49.48985977220517,53.622072114023524
293.194518613141,85.78834183195099,50.328211571134666,54.118548787060085
303.2366677083477,81.49212369003627,50.61219569883657,54.73005331200893
311.35937554885015,78.85865267647178,50.69722244642049,54.73971069787203
313.05017052293215,75.28620477337688,51.46540752648528,55.65570893249809
315.7616861078284,68.01903881134821,51.857512789340525,57.75185516472195
315.3319462188848,69.43053454081122,52.50524515931448,59.28442639271608
307.71675987454546,73.0009540131895,53.28048345620842,58.91723332579766
307.0710352184413,75.06104076156808,53.75429002006097,59.09116535882565
273.7757148227409,83.92026839226594,53.710394068297646,59.6613224631526
254.43912091757372,89.31166279806226,54.28668475338789,60.86901216718496
229.05084263173455,95.70883430611835,54.81037267272246,58.86938026404887
210.22841186698815,97.28356144418645,55.825240763494556,57.55162774343634
181.8161637865795,99.71823758572171,56.682692093989594,57.03584687531332
157.59279481273248,100.63439820466363,57.198323474300814,58.78217086676911
157.45399360660406,99.56816677674163,58.338176035807685,60.430256040404046
128.63399074691142,79.40050792529318,58.884519493230066,62.32985520692401
120.46371662474988,87.64507804658999,58.984421375248466,63.758658918798176
81.66234606074872,89.12156865643053,59.74955416584845,62.90708236601775
67.22971633815649,82.40975177770132,58.44515685749285,62.24208258618368
40.77945882721423,83.22966126617918,58.598048435773876,62.11457661753635
28.666213457358463,87.95557587185057,58.63602446601275,61.840626739689675
9.387646383584002,91.83002865572526,58.57240818631558,61.132890815342385
0.21603821028257997,95.20314911074905,58.43240157149264,60.2939789877838
0.9534224432971072,92.66748444163042,58.42390867824038,60.2700190956744
5.291220048022094,91.7727379911546,58.91776518235242,59.51020822656073
2.3852514466554773,94.41125179794307,58.87456074537618,59.39849290317544
1.6011971534965248,90.62790248472344,58.932670175695854,58.92189280830123
6.203897250102052,83.64511122963725,58.92419609942816,59.86643344835641
9.949652555818123,81.71956977470049,59.05151759935466,60.77274840626461
24.370873101322335,78.11671272746963,59.082211121383345,62.09552125469362
19.805082200929746,83.43301938582333,59.54868042674616,62.033027795774295
19.079609557808993,90.456951218832,58.92221120035339,61.266358816646594
25.609305982196773,81.36814330070334,58.95603429396064,63.19058338703478
32.070575296764055,89.35955407844408,58.90722918533389,63.04947382953915
48.260939350201,89.26823591906516,59.13338126644829,64.81323731504503
50.88718277690735,97.6573674801391,60.024050941508484,63.10261640481122
63.00412009564741,97.10011242426336,59.09917059724125,64.06406020925641
71.62191669309863,97.03121960126686,59.66598371337399,64.38134303761865
87.71010411321812,99.43441366295282,59.7508813035549,65.92439072052113
101.1549150824822,101.160053625869,60.38701429361562,67.10938370194586
119.70004563457313,105.00083357024288,61.48118617283219,67.73416879916002
142.697793204368,105.2176104708891,62.75278850638698,69.18807475281142
152.66640964393957,105.89004954858233,62.78491025676041,69.36294909986637
175.92155998935436,106.7551053754562,63.28485584278632,68.30265912571075
209.4890276882686,109.43953411464,64.33462808655943,68.03694009415102
220.0152348606264,109.90223128752694,64.37694602638969,68.02479094948797
246.4972017646507,130.20508316768465,65.5125796316712,66.4285476383913
273.7772527236769,119.07523634009807,64.51239134887271,67.09987955345215
300.2130637229562,115.95129583620113,64.83214889743333,68.7868832380954
315.92427449407825,113.14024443099458,66.17997195357783,69.84171386222918
332.6800882209317,111.4781224451862,66.13662147741,69.64657631071364
349.80070931758735,109.22203743703164,65.3225605279952,69.77493866787358
356.21054670290596,104.75481640120562,65.05158608999956,69.9341503318108
357.10055067446956,98.64573143312231,64.23166592305638,70.80414426547496
359.1807605656944,95.97548220312511,64.35097646058347,71.71851862955262
352.0979886436815,90.25874688316841,64.1056478451977,73.03799848577461
338.7173863026288,82.25348332131591,64.00090861861173,73.26961020420617
326.39985033928684,75.40048547138399,64.47132676721947,74.2171058048879
312.1763744705678,76.27611218382987,64.92643432741141,73.74878036995584
297.0472316644166,76.49998133690306,66.03728379774611,72.37231163559063
284.28021007600705,76.45725427706971,67.41433883064434,72.69802918752166
277.5855518678906,77.438773899696,67.68214283385228,72.17851680632089
273.1565972079683,79.36415559181852,68.08320305549142,71.841638204867
272.8238529893128,70.96309822368622,68.7424536078189,72.21967304611205
260.64199023221204,81.78536199977312,69.66207969575092,73.06481529374295
257.9067527456598,87.94473123021498,69.53593029446574,74.11661459073277
255.27215087412162,92.03643179656576,69.10568926672909,75.50815986153461
249.45408299557798,89.94318273315946,69.08732120148971,75.51411838034551
221.0424491345791,85.33537779566835,69.13392800429801,75.49089387422421
202.10786499150282,81.92883868554921,69.82385892472792,75.2357505254012
198.8112294923257,76.637591398627,69.77975981352407,75.67091004675542
173.2476445049088,79.55970273061811,70.60962754226412,77.35762696178318
166.07460352808,83.24889709866619,70.74175361671027,76.98530645536232
170.51378003962645,82.54574883824358,71.88629068455978,77.11874745595911
182.8077156703341,82.84407517002023,72.77378220085446,75.71519381431744
195.19510684190297,85.21651991536814,72.54583671074404,74.47810871738996
218.21978927083993,82.66665849087647,72.17006346663963,75.65605193380492
227.41958325455437,88.82087999672476,72.48529445367856,73.71819913206929
249.01844225575525,99.57973751728554,71.9960725450268,73.5875270902153
251.97570412842356,100.6121717051067,70.86562072199237,72.75449968270497
256.94311847133787,99.46002980438851,69.86250037204024,72.53325743738844
256.41243923741297,102.88289594888056,68.61859484376572,72.1373685550816
256.2817511164085,101.95183666320068,67.89811783908593,71.69428845700774
254.17740321901624,106.63328089084095,67.4036566857808,71.10821064778435
251.41094832138043,106.58186567830231,67.3970319122658,71.10522251065203
247.62740988465148,106.17114200495456,67.37538941774271,71.0956207130795
241.69547204642836,105.01517757466428,67.36692966022902,71.08458466696756
234.7924272725775,101.55939613738036,67.366439618087,71.08432426883031
229.6554838636616,99.58370096582013,67.32233804022785,71.04354833120432
223.80421868264978,88.42229607537035,67.26721230483943,70.98562271476499
241.0178919214884,101.35766661776724,66.92377009351955,70.95207607272025
245.52507240325468,98.04571561259402,66.92438372410325,70.94965104525538
278.1034420886601,87.78025066742846,65.65813583888811,71.24084437857968
291.8032248751155,86.82032450068242,64.46990830919015,71.89655539088952
301.75878148842867,83.21371293139792,63.31265937089389,73.27380049830006
308.98651143184355,74.01019813404847,62.78540688152511,73.13805398521089
310.3614585525643,65.54520835930073,62.69381637772398,72.83165009659601
311.81813476094754,61.90859037722997,62.33254673798081,71.82779598810569
310.2057156899486,61.337772545603436,62.32798996725901,71.79141367745892
307.85834895703977,64.49395226067328,62.13892006546186,71.29405478137684
298.322860180632,74.71406387713614,61.91025696275985,70.93838240599509
293.2975656451704,85.88166907523463,61.7772141367104,71.49287385305982
282.4647541754148,99.49208830280928,61.93271859172459,73.54868296565954
286.70068928310724,101.18589164376992,61.29959969241024,72.83112404374802
281.7479288479858,99.20840465109002,61.31652021322683,72.38912251183487
268.82749887444197,110.30329758288532,61.62195497415726,71.45146524931849
255.47599454588988,100.59382118054162,61.91568285428388,70.72538898601272
245.78718141717906,90.62346921372374,61.92257775794579,70.00606064730962
235.3226100065179,84.05580692852266,62.338836439253456,69.46945395092713
227.94927443318892,81.5794672430611,63.469106867222415,68.5712727261471
212.93644359233707,80.86438852126228,64.56379358859897,68.2009732882216
219.49953509933442,72.48009666806908,65.56349272334691,70.37206668393907
216.1821288487942,74.54478319432286,66.77745447064322,70.11970898368064
208.14311743251892,83.16715599707742,68.34223076693891,68.91882095263443
194.16298030627104,83.30046853384728,69.81074858022569,67.83752710448991
178.7647363214703,89.50276621040008,70.56103484389452,68.07368168271975
158.65013753391688,97.61653233496264,71.05846285723379,69.81390189025967
163.46378332311025,97.19169914487807,71.21967969406921,71.27749092601123
172.35456876981104,97.19333979400784,71.88384854676139,71.66129819477023
172.26590078823784,95.67366086026567,71.93352818420985,73.05232012856926
171.11365831550884,94.85457520647263,71.50084434075798,72.84480857673455
169.61603046319527,93.47479431187864,70.74241147154781,73.04939843255768
182.2550663877201,94.80641952558855,70.6804612960822,73.00764468253651
188.12361057838194,93.53840936287986,70.675522038904,73.00329263628034
202.669433366745,93.12522529337346,69.6244171573683,72.47823059760452
209.40486800419023,89.81062717372048,69.37663996164045,71.9795152692225
208.46184863569061,86.83468079287684,69.08985932264783,71.82798109762119
218.87226234030064,81.13428375455749,68.62072411313481,71.06726852142789
221.70844734530107,80.20837376261696,67.58950267033367,69.62997212271006
221.7092758370668,74.72342501810064,67.24026212466649,69.47285640526076
219.61472506846036,70.07165443546705,66.93313449012643,69.38628564731016
219.38562743170453,72.54740746036049,66.66982090305004,69.1878528130079
221.0783204680488,77.79726281761661,66.66631892841451,69.18657902629107
223.17923027362997,75.92635687615686,65.10264786347099,70.14299957849158
224.5669186950007,76.7728010326078,63.08622536690951,69.9142682508726
230.1186121489855,80.9353256772111,61.077894992753414,70.06137930102147
231.60860693538112,79.85421307928536,60.96759965290284,70.03031283274943
230.65424359215973,81.90281502358219,60.191442744832656,69.96012796805101
231.2250054317725,83.10182251275108,60.11187141813093,69.26820582418588
239.79304175574129,80.1863682172627,62.31187169194629,69.69742059420929
248.13722308959453,81.25763782141857,63.362129782296435,68.73709564599886
273.13140415235557,78.44862786377949,64.04017619559268,70.47920170286332
277.61538472795746,81.51461797383044,64.61909481276057,70.92085324621968
273.25315476190684,73.75363218220495,65.25927568449798,71.86771820868208
252.26273424197223,82.48563108196899,66.73919356762894,70.46250298666865
239.04947692687446,82.17522212867203,67.82507289814185,70.14791444680566
238.72865229361426,84.25628885266912,68.24764500966826,70.08334951077438
248.54801740612524,84.7639909875198,67.76069205210234,71.43939757261596
246.63096222957424,84.88477094261034,67.19960119899709,71.83132780764134
246.55706427340502,83.72555187211553,65.74271490422797,71.31525824484984
231.69892330007832,89.43914735393341,66.44694622221925,71.44018653628
216.43867704602548,86.11287439512961,66.43979552658959,70.70684578472869
196.04376981401214,87.30533554186802,68.05038025428817,70.69205069233217
182.17660982712394,96.66355325634564,68.80868704447079,69.7459056381328
160.52652832100694,102.73402287174498,68.48930125909735,70.11080575517346
149.76175405257595,116.18219933195061,68.09307999005115,69.90437898222312
148.86914938027496,114.94402289658103,68.08254765736885,69.90276053757839
153.76594157643478,112.51806164814633,68.0819491811869,69.90209819558062
162.39976371983306,105.86905803968924,68.53998810667065,71.54210732747282
164.4955753897932,103.91261339917126,68.53576081624989,71.54688145996445
173.0456194445736,100.55181788248956,68.53545565041469,71.5471232539785
178.08854521061264,95.36010432156161,68.5354090576066,71.5471628102216
190.1478910236597,87.2574565673365,68.48175611254277,71.52246259113276
209.51863844444182,65.83548651164045,67.86430378196486,71.53258617420455
217.8312515602655,64.161686046835,67.86425302639168,71.53248936898267
233.63616843080595,56.94082980458459,66.4109477582112,72.49985092422325
244.98943961852962,60.934368166136494,64.80333001960466,70.92397949286749
244.2846782409802,64.60559692049519,63.79967838391062,68.99661635976045
242.43939713046515,69.4602008538281,62.43608287102352,68.47532715611953
231.73091285426295,73.01496916339899,62.26328778207048,67.58513086137961
218.78651922012037,81.3865036756558,62.11014771270921,67.69661505952223
206.13147329348425,100.37656851286579,65.30621445001464,64.00452936093235
198.5690963189801,97.47038786642617,66.51478874204051,63.449659284793015
188.9313138864036,104.59380734476542,66.4259889831701,63.343225983021725
183.91243900522176,111.53773085249901,66.50680095561674,63.737350899012085
185.24122433544534,106.98444644019031,66.29824400519158,63.916398018002056
193.57839073198443,106.1895590476388,66.24312813105874,64.38321998423453
200.9162353435859,98.34940179744461,66.22979719185236,64.26902173590463
213.30858122296834,88.31487489065,66.11781203709137,64.5219401429997
223.81499455764802,86.01403853317589,65.76721490569588,66.08717224706233
225.7352975579925,84.37694115875885,66.88831935804035,65.74227214726356
226.23643745241844,85.36409145649961,67.19006903391015,65.26179806030412
235.35638341410095,90.3098754298647,67.12999812494948,66.24319115788543
234.39390626660554,96.42499949297147,66.60798004979253,65.13395285833207
244.1589671629917,95.96624546475238,65.75821332904175,65.55068599478352
242.8510515583369,94.90861666716893,65.16823828301077,65.18782087876878
248.16898427681002,102.87444691420885,64.76060713714116,65.959394103561
244.10936714288897,99.19387435819701,64.75752313716097,65.9636761937341
242.17031401079228,96.30809979276758,64.7536940433069,65.96632397647895
237.8438019006484,94.69184555654999,64.74726963993741,65.96953123469598
235.30595958507112,92.8648079072779,64.746236894383,65.97014245433697
235.2012804996259,93.26266564203551,64.74619190803925,65.9701535225262
236.0352699502279,94.05618470331721,64.74620249925165,65.97014461863651
237.1150383099006,95.74603802015976,64.746201903182,65.97013649988978
235.7229268235859,97.72048300380575,64.74620322664146,65.97013340393566
213.82398562894426,119.19338512514867,63.68650352363962,66.97589776476548
222.12099908112256,123.53247284306326,63.662096751729266,67.12170266035719
232.99068963543112,129.472877927305,63.4919428617401,66.89884956890005
235.92340043775346,124.98425991385608,63.45990100257882,66.86433918924273
232.13532710155593,89.83038292229733,62.746875502427464,65.82309414892273
230.1470710748663,80.67257921203846,63.37234218570486,66.849215638044
221.01735986092453,80.62908534011375,63.7201473345356,67.79334553229549
219.14077095622417,82.64801612891975,63.5430506573946,68.96055111242886
227.03739585605962,59.78276957802794,63.824052032650485,70.83380544468122
209.2809684153517,61.98909200347978,63.85456514770888,72.42320241048895
217.17264746121614,67.78663979591785,64.17455674164893,72.34298605229739
215.4847265891185,72.58152381088779,64.17989029187446,72.37016138173252
214.07366363795887,65.55709657110935,64.05053461345952,72.51529977394807
213.67656232516143,60.03862675035884,63.92348993556851,72.59272098283192
205.89050171107738,59.89985373902309,63.93776700174933,72.52897903496051
206.14864947513502,59.554553802060695,64.07318329519009,72.20143418213206
195.60854018502533,60.38652276407231,65.40934135905209,71.53444599041245
192.4500555837761,61.553295999826794,65.86225254381982,71.08321050542234
181.07155279920963,67.4967450176067,67.02794761185413,70.72791342201097
172.88578486307608,68.12928915792224,66.64368895897474,71.65731652779345
159.53244805623336,74.03753561935366,66.96410921572657,72.29460282551167
148.61514201260457,79.87978510166624,67.14998625659743,72.3595917377786
138.57855855526094,78.1814130405981,67.58825975392632,75.82299058677778
143.49450928662304,75.38501125587787,67.1752959743076,76.09480740847656
146.3257201273218,67.27230456549889,66.75057141739126,77.04016192845572
157.29048808686417,61.69367180083205,67.27202998988366,79.12899846456429
166.67566961332255,58.94732958287102,69.18463316926673,77.84366824060476
192.0191952162295,59.41699638813256,70.6708569573493,78.6248675242162
202.13194956323895,57.723246079384246,71.59282064492223,77.2657260289809
216.83540718724274,64.84093413868698,71.5364436506988,77.14855402719674
252.3246078986192,76.9428808717827,71.08556145402008,77.91188086740176
268.89600454931445,86.51066503161591,71.0447578987233,78.32092352490818
271.8943203270735,81.57693288704115,70.40579378934176,77.05932992984141
270.3965344099909,84.29503982902082,70.41767178538737,77.14730742542916
263.2479117738982,76.03021973733682,72.30892454963822,75.77348424514972
252.39796260103304,68.61012576002429,73.69275806077385,74.28577798895937
251.95599746623486,57.09617458258575,73.67895070810917,75.54685562154638
247.8448225599663,63.86339640506704,73.52547749971122,77.11150636745295
245.15744410984064,84.70885488692176,73.29260176293863,76.65927882635093
242.017506427458,87.30664096418096,72.9475205198853,76.4846369620547
245.1730768436215,83.36002357964016,72.75471922613251,76.49513314089583
240.31508299116848,79.83949041812704,72.75332259265963,76.49146784694817
219.46802567776749,72.49671416432483,72.33934395774287,74.78453187493834
208.62468021362415,79.6594590976907,72.27696948685963,74.54216998367048
207.0577989738889,81.3854092455533,72.269149715735,74.52538097220125
207.6800892655778,82.95475690811335,72.27481506112154,74.4118636027086
213.3665453850404,88.07613936948948,72.2752300774454,74.40146047347439
221.9808640619895,90.99183031930122,72.27521134537335,74.40094729485924
242.29984970210938,111.90587424769376,71.90045799115899,74.11256280721476
254.50706490774817,104.06135218056302,71.29736600456403,74.43775444056072
254.95917006710835,99.273890957627,70.96631478446884,75.06091659437953
252.0721788051408,95.10700661986921,70.8144311813898,75.86096716076426
248.02103133621281,92.88371723103928,70.58455849381852,76.41252855294132
250.9048954139355,92.68679495780461,70.5567337883854,76.44048667939914
248.31922529041339,83.55050288412208,70.3826045606371,77.75803657078276
247.14435698086774,86.54777124309138,70.51887596595274,78.08913814706415
204.57887896552637,73.78738950277469,71.93249343462381,76.59280606190164
179.3427250535127,74.98734565824147,71.36843193492064,78.15598727017888
170.31610235247655,76.4952843808351,71.89534066707111,78.39714245781936
168.91509751176727,79.66101974838683,72.21055086995874,79.88471392852645
181.74570866628363,73.44561256234618,72.48917269239573,79.37289371808824
211.1638658288402,66.58889708118635,71.65269052060296,78.9676494484743
233.81795909485473,69.96202359177383,72.29791509086881,76.25137136473829
274.9786252983315,70.99991092548697,71.59876743733317,76.75728009460511
300.98391090809923,67.73874650636681,73.01500743605948,78.96645280491575
301.4364886674528,65.54663779102054,74.29153569611515,79.77641929910008
273.30577412484104,63.51280709476721,76.70905837875083,78.86250186470247
229.89469002142084,64.87699183161926,76.74053139516147,77.58129048921919
225.52328262935762,66.64166374438643,76.74003811196617,77.57966330034256
229.62208100449686,63.07240471003758,76.73918341948797,77.5805289718845
225.75558910910183,60.617565744709374,76.68654365986302,77.60846919349551
219.00919417845148,59.35671401234493,76.68601210240152,77.60862510230093
213.77464691327705,64.18322684710729,76.6860104489735,77.60862410623812
213.04054970373903,70.90913982966796,76.68599071380609,77.60860611688584
222.1618241027305,82.81650434510641,75.78439765007609,78.00338407453434
234.962780364222,72.65216196694192,74.36003830397297,77.5218881668008
240.7325529003237,75.48335761487016,72.78836012935258,76.82670048804026
229.69592647139268,73.77045341015653,72.9339968678298,76.33307911841477
225.47402697581794,84.49591235095856,73.41617362082013,75.75510892968182
220.3331098627031,84.86459734647426,73.41611888525782,75.75514024527963
211.85917414527538,88.60618391896278,73.41612197294528,75.75511662880598
211.60613982347874,95.86161379122089,73.4160910348201,75.75497046156029
210.50741064603648,103.44887750583533,73.41608206258675,75.75496066386218
209.90760044243726,105.03237091438356,73.41610976024386,75.75490666803948
205.2071737303002,110.90969779413584,73.41610907380013,75.75490588552469
202.56026775031498,112.55785251430663,73.4161001757689,75.75489423380309
199.65581460787448,117.92214397291595,73.41618668983692,75.75491086492431
194.90661269764837,125.55112380497958,73.41685071841901,75.75457773430534
198.63751222719662,129.79503977520204,73.41688942787722,75.75215934519096
201.24984234005024,129.83063354941308,73.4168886450716,75.75213294025065
223.08182392957892,74.31432953049764,72.65668828339706,73.9463086660698
202.26549233890108,81.46913076429536,75.06738567495779,71.89678748967309
201.7628565163797,83.92728491192216,75.07200262258235,71.89061064888726
201.65591233246988,83.81037271501603,75.07079636445211,71.8894366079175
199.18330439605177,85.59146167185247,75.06982331059154,71.88885222680686
196.55543997725474,80.86434600513792,75.06975047048178,71.88889616704749
191.99890171656827,68.27965765428503,74.95382022458175,71.88993218576988
195.70920975713105,71.14587699837972,74.95205885689614,71.88864412471672
193.50463601079346,78.68363333216212,74.95205241127786,71.88863003808457
202.46080913236455,120.88982041429925,74.05596250053317,73.9448609153142
198.98562046502423,124.38831172199885,74.05333356766617,73.94218677159469
168.3213647788503,93.92434810432971,71.66218704206484,73.11828295224547
151.21696496562356,92.42579799592738,69.69874545758083,72.41986252963056
139.48827101325827,93.2921929106077,67.65598077442073,73.30035776496719
129.05881867915127,98.57244278807529,66.52747966565722,73.40085540077908
140.01235743449246,97.07963152350521,66.24490624433034,73.79468725380228
148.89987695326596,90.9385188560419,65.77166507360457,73.47416657890227
161.4557437182981,82.29390223511615,65.44313276119166,73.83762238545103
