692.0,439.0,24.0,79.0
688.942975967103,438.17737024097516,24.913472237241706,79.6909212170765
686.5591802944718,437.8896999597133,25.774414231384068,80.08432043426612
680.1344084482886,439.16170460627626,27.33035307298155,78.80071715844367
676.4873075835238,439.38918551212396,28.240150620077017,77.66145164582443
673.2287632029381,440.8618856484577,29.16349558013141,76.87137487855856
668.2141818086191,438.3625685378371,29.35598177117429,76.26897588904541
667.2574880284994,438.9727085420394,30.24528738599427,75.0713398174387
665.9452499603249,440.8530372190076,30.122918276982023,75.06008427128732
663.8289838366654,439.71020592950674,29.96662367722452,75.00620422295445
662.5485516987944,433.31582658497376,29.4681684568118,75.85119631808735
660.9105977117543,432.3912882086568,29.412695586775808,75.76297977962925
658.8391973328077,433.1215013308143,29.34629357825072,75.9138621099909
656.6368134540967,433.87149866800587,29.10733927832996,75.89827950969678
653.9577390917558,430.6790970637736,29.11378388237589,75.83997511318083
646.5335172786474,429.57872958260367,29.199422523546126,76.14469097437781
643.4736115949556,429.99562702617897,29.85941505090297,75.97574447446857
644.3919846000131,429.2972624143336,29.926490628350724,75.98415909340011
639.4244431811508,429.0113548958526,30.694515475047346,75.91441208574162
634.9074095465594,428.61985299293997,31.67064130746247,76.01304155913883
629.6578967272993,430.9199085160011,32.443665206480816,75.05651428758321
629.4978585398692,428.6785759852861,33.06036397685639,74.94112017161457
626.1951752041282,429.02600184713253,33.012494736015384,75.02111547856134
625.0511039186217,427.15792872123825,32.36622220502335,73.71902749649368
623.4351846749937,425.10838609433597,31.235728825061454,73.94553913617784
621.6016602742116,424.2655996324614,30.113817169777494,73.75199457106594
620.5225555671384,422.6511189838699,29.689417168869504,73.80466011095524
618.7119992956342,417.9789768757305,29.71720671955307,73.67653698623052
616.785427339882,416.62029351181366,29.72773192721546,73.66292260253773
615.1481489348748,417.40100274009893,29.802560725144723,73.56886213909304
613.5454194582119,417.4895549654321,29.99678706395349,73.35644790058714
607.9683418162515,419.4848039597995,30.89770271622144,72.29338769413994
607.2826090747975,420.6330889321796,30.987672985620677,72.19154469334944
605.5012784937751,420.7259340040181,31.048235110495092,72.11953897294025
603.9092309407223,420.1938723970465,31.051471366121696,72.11555327060084
602.188412302345,420.14477547727586,31.05480326491612,72.1113754398364
600.2719937665603,421.8283794674629,31.05497703883229,72.1108888511401
598.2054547227639,423.62781587597203,31.054704754110602,72.11157891749899
596.341393688272,422.9744598934493,31.054191273549158,72.11215844674571
594.1622924080965,422.56228694691526,31.053070332313144,72.10797462427578
593.2667984091717,421.3421864454332,31.05230026970742,72.10593777323608
586.6841998826213,425.36952067125065,30.95201442028135,72.21022203461386
585.9494721887783,425.57338458455257,30.747439861640206,72.55377731719807
586.2465758753608,426.02629330144305,30.278720277986885,73.50548749705689
585.228424586868,429.3779788844305,30.238709120917875,73.58330338857724
584.4914582239235,431.0741632659011,30.15906704631552,73.69614407158933
578.3160604338353,426.8554026789855,30.12619468063008,73.74351898992735
573.1788676126699,426.6860375736769,30.11132041237745,73.74603012820259
567.0434854605745,424.3641761522507,30.08353792549146,73.86495314729406
567.5737048720357,417.34915220437676,30.371044911933506,73.48586427088617
559.2932212562138,417.49124640386515,30.307277265037346,73.5071577528127
557.1810271555163,414.6815293719789,30.28915324032755,73.46034254137756
555.1711698695271,418.13008891127106,30.212655425220778,73.50100861141397
553.7599814556927,414.73427917205106,30.21828411064736,73.4716680449931
553.7529668713494,414.6701100184357,30.216556385430902,73.46137789920753
552.6962011264991,411.3496004524098,30.21817729354268,73.4539781279085
551.8875797812206,410.096236156506,30.219308586356693,73.45087767537407
549.3587677410676,409.94307158310664,30.220164726141228,73.44845574571286
548.3769517586292,408.55737207626294,30.228657650071195,73.43527023715298
547.0210352340343,406.71201006912077,30.233013606517986,73.42853407687674
547.5304381691345,408.18068746718353,30.25034519797976,73.40838008450795
546.5423741099744,407.615983078387,30.26038132582934,73.39464175116194
545.558565730356,408.2513246669201,30.271752424284237,73.3794362409507
534.0836682203595,409.6437073228294,30.349061329775186,73.18501035135799
533.7550747556029,408.8702536899727,30.3561180469814,73.17179858421161
536.2295133949062,405.85134189995136,30.446525951327608,73.06428315210827
536.6880378243296,407.75472179384394,30.45332983419926,73.05132491041995
530.450381211772,407.1375446291305,30.47333223778139,72.95878197631983
524.4714822889109,407.1763249376405,30.48522058338136,72.82344984047333
524.4986450444617,406.56217660638345,30.51907250737984,72.54831732856422
524.1994772570184,407.20653009031616,30.52165328003944,72.5275729356577
518.3291743091794,406.7866659735089,30.552619626462096,72.26685268008306
517.5429529269328,406.775185838152,30.556406780870674,72.24940229058949
517.1102120167004,407.09900191350823,30.590122115167457,72.1957235109251
511.48820397846794,413.39884393005025,30.49399117319989,72.29123276855151
506.90504134094596,410.0531981141748,30.47727010730147,72.11288071210049
502.5189385569725,408.53511853212586,30.50034637989925,71.75288523409324
503.2257689228067,403.7659460987438,30.775388589171733,70.80222691939974
499.0718908041839,402.85674331955863,30.984031362061845,70.21135956860577
494.160653688443,400.5701913466702,30.911195191627133,69.73593007474648
495.21747306867013,399.7272542058746,31.045635492681097,68.96179096675021
490.41815577265555,403.4095094501749,30.963066242547157,68.86026475396751
491.5940546905237,401.6121782723832,30.99185216993338,68.25702919847907
492.11760626031133,401.703166374349,31.026241335160066,67.99608678674522
494.58144388361836,400.1093700518023,31.23214677320784,67.68623933212245
489.8848578929818,405.8601697539275,31.178517568873048,67.61162948323086
492.4421398309508,403.40001524038956,31.669813926241996,66.95243878877963
480.65049698169133,404.06637165619696,31.593225662358623,66.94911421800624
474.59995436233197,401.1886136626458,31.099967715652518,66.99369842715441
469.7652673549198,397.02817621446246,30.54877116620687,66.54942229965636
471.2899049954783,400.6073794959523,30.270749232486697,66.29510089597854
472.75484825140944,404.24862751003377,29.788709371701707,66.11030641734561
473.645931666845,395.9561446240116,29.840113259595807,65.03759358526392
468.8604471208116,399.04524223740253,29.18699368283931,65.08563565554014
468.61517616359555,396.35987818381665,28.67707485336736,64.3369389427656
463.38681512853543,398.31381748231735,28.076688044398235,64.39975846397408
462.13086240150034,395.74479589852336,27.83744241356846,64.17250097619709
461.34512087035733,396.7543545422327,27.757383050698913,64.01634796127743
457.2483525686837,397.3927996400319,27.71485378948315,63.97142354593721
453.130914327167,393.741736342154,27.628971452936483,63.63803826654043
448.6586015285759,396.43894290996633,27.51629838984036,63.462605920100394
449.24760232683155,393.47626650158946,27.145229302274466,63.362416954475
448.63684249753857,392.6708583089469,26.847749622710435,63.05727660414911
444.66060303651875,394.3353867340966,26.638321348705162,62.77529216443327
445.5378569534745,395.5260705742293,26.244372978294635,62.88354516974511
441.97241200377647,392.7050928628027,26.3689104530691,62.40314989984938
443.2928905991599,394.1483496169345,26.55407912251655,61.82339145750369
443.74745647648587,395.81167325764807,26.72293551560019,61.51477386586539
440.1363607685503,391.21524242427745,27.09427444199986,61.014901767958264
437.2685541367045,393.84208301544817,27.15711815918272,60.93270887068145
437.89418764364984,395.1764243844019,27.260752339864457,60.720204321098024
433.75054673954054,393.45665958700073,27.125484900341338,60.662657642935876
433.5506268593285,391.7823099357667,27.00294186495473,60.3428093150939
429.4461421598398,394.19936507366805,26.7943125395669,59.90645656950357
429.3379751552212,393.80834687834255,26.72033446722864,59.757633454024386
429.2801697987269,393.3937235884536,26.754756330112475,59.78549254496022
424.84864136686156,390.2397423783991,26.708770835444756,59.720444329693244
425.17129220686405,392.87508703913574,26.67056952298581,59.495707805155995
420.8383399938304,386.10063327844074,26.38109446296916,59.39415603699519
421.2192104422664,388.98606479773895,26.024475905822698,59.26747472676183
416.51918245597847,385.9375133845322,25.901369990275946,59.2562787746414
416.85610505736855,388.03222502978105,25.761194020817882,58.95131354917672
413.44333294549045,385.4123350059936,25.804688588659825,58.684294375712774
413.79024229309084,389.45362891782753,25.838117846873974,57.918196248547574
409.6820520812053,386.5472665071971,25.904545382156222,57.60127000016736
409.33112042839656,391.3585829288395,25.952467294875213,57.320290980735074
405.4062995074639,388.3124141455209,25.929942026297297,57.160174266518965
406.0931060582094,385.64356708597643,25.933038862855707,56.632400837237526
406.0648232910684,383.67574369205755,26.365055365879993,55.543637854109726
401.44080832283765,385.18320827971775,26.033100637424567,54.80884121090918
401.35839222000175,387.99648698204004,25.843056801684003,54.53316395229115
396.8546454558314,384.18643970551057,25.772128737312297,54.45820778894999
396.5816801570522,383.6696464198702,25.59454638731143,54.46304453666045
392.20181189690703,380.9964601272959,25.373292497750636,54.09987389365957
392.24406061405654,382.2101280781151,25.23056100513114,53.72464318039103
384.2726177250733,381.12574813631187,25.77618325618103,53.91395355342309
383.41867449715846,380.5086836500675,26.023441202489238,55.291091517987795
388.51152433792873,381.4611322755449,25.947178509779267,54.481899895427965
384.1255769939072,381.1033429686751,25.65249624011976,53.90669558070081
384.2858201274952,381.4437819535817,25.469083817615047,53.43499218430907
384.00863902257964,382.1063123691681,25.365650955844217,52.999243858858335
383.77392929090166,382.8326928512426,25.32145528782199,52.31536826877861
384.5814761511628,391.4859150501168,25.144855176728115,52.09078727435058
380.2537011574963,381.2598892455243,25.162307400999584,51.83906347765173
376.8011433986661,375.29897952131364,25.64377789912871,51.17686517247194
371.54664980248634,374.7968323181113,26.54450398308984,50.12468584688198
361.6475600097296,373.0593838643526,27.73811127246079,48.7918854582568
362.4738199476249,374.0102055134694,28.588511309008318,47.573110461891716
362.8893203038776,376.29782753123004,28.99935548900485,46.979835782907244
363.4652998871918,377.69574568117224,28.42334122288913,47.275011007223235
359.14955563676773,377.2406988400729,28.802411205670833,46.76522751790546
360.02734466238917,378.61226871386754,28.542267557847445,46.92861195168224
361.2163789128244,379.71492283169437,28.314942779892714,47.1208933995613
361.14236588138033,377.3650787958888,28.31131331781176,47.12462237998596
349.6212564949013,377.7914085801004,27.60622908173665,47.56850486001706
351.31753270051365,378.48496180122845,26.38778875203953,48.70741608362389
347.7824025377815,377.84416116944755,25.831061143391345,49.2370194590975
348.1854133312242,375.91711926205596,25.20206807840139,50.169779497635595
348.46133768156625,374.986861036214,24.53858302219798,50.88684115920408
348.14579736137847,373.5453199676491,24.399495358130107,50.944716062904945
348.18641416702565,372.6697665300011,24.314243667812004,50.90532062840177
348.41365001099564,374.9168225668978,24.230829043213173,51.22094671378802
348.47537411839005,372.8967247218152,24.170770666166167,51.32511034714486
347.1744306500334,369.30425068053034,24.170487850758455,51.31936266708021
345.909817566486,369.1635754530618,24.170705867752577,51.31698473108523
344.16241204891037,368.23974466492257,24.182403137187315,51.29982415808694
342.9335019869455,368.4443575599373,24.183416363000042,51.294614594587536
342.29985845497725,368.75621858547606,24.18352405701005,51.29394883604393
341.7189322833502,368.1877751456764,24.18373837879499,51.29327975880266
340.89456478961984,367.89027312588235,24.18398555993549,51.29228825300356
339.54934266451255,366.7664982523311,24.183501112564034,51.29199950294428
338.84258833071937,365.9178472025745,24.183186890822416,51.29189781389084
337.52492886521986,366.2762133688334,24.183036385175882,51.28972241382235
337.8545002084668,366.1390256131202,24.184099480141896,51.28733493310511
335.014124804078,365.1578181103718,24.18817496924778,51.28256503736444
333.60031178028083,365.9718050662559,24.188599173580382,51.28106610213585
330.02381725830566,365.22077774493675,24.198753554139643,51.26864182288385
327.03584881204404,364.09065175472324,24.201064786720316,51.26560149068884
309.10315466354547,344.3132291995943,24.301442249977207,50.672573676142015
309.339576600963,343.02124370003156,24.302746171772927,50.66118558827711
309.80564658127037,343.064371421217,24.298413542243463,50.63061359481698
310.1728669058024,340.5367590376131,24.300410690725812,50.56919779424529
307.1263704550158,348.76132674317955,24.2786145832048,50.53029301970898
307.85387775089356,362.4624156775376,24.218349275239817,50.39283797508961
304.92537922614287,352.10672457911727,24.07686075955564,50.29109837627591
305.54565644578724,356.871200746789,24.04890380962387,50.28961853696524
306.8167781807925,362.7855586557347,24.08876025416419,50.24243405299711
304.65993040648726,364.1418141970561,24.105455394602025,50.120582588732034
301.8936547443327,365.18902799570185,24.08649590805907,49.81160175447917
303.02701696897464,364.61076557350736,24.130780865818714,49.47428197053415
300.0822856363,365.6753991221518,24.082867508829032,49.32200604985036
301.2323731943648,365.41244459629,24.024888237349774,49.22422968201458
298.2202502546319,364.8744767327938,23.858476501153955,48.942489141382985
299.69180008871234,365.72373923818304,23.719311407120195,48.608612115109295
297.6377626682338,367.67117235868307,23.697689402069013,48.46011738175386
298.617656430207,365.95609712518683,23.682167482141782,48.36933398224546
296.1463342378611,366.67600478351915,23.65361330802627,48.332797254829586
297.374144407525,364.2956210209177,23.5915850879153,48.28854873923044
297.8118306997136,368.0368715802286,23.585880212411926,48.26018113119829
293.83061037662424,372.6005182834831,24.071629612557853,47.53664100532884
284.9529364498262,362.740893160421,23.57143089632975,47.8217500923954
281.4550449152719,362.31002900527113,23.152936888717175,47.72363196571782
281.6263048950197,361.0308169183225,23.078004263139157,47.59745221009539
282.37986013206734,360.4396046462774,23.059118176212785,47.54730646362013
282.2426451896707,360.30631305722864,23.00463100468393,47.30855943675401
278.8255072611772,360.21984320448826,22.954173661597643,47.2731905050926
279.5613049823134,364.25187530386387,22.889019073397925,47.20908100681129
280.2044715044181,363.1685996078604,22.86234484266506,47.17289292166064
280.77315449934247,364.2783005356805,22.825995374270136,47.13433036617609
281.1216005596435,365.2030208141314,22.73912019569227,47.09635447659454
280.48787616673695,361.417048311451,22.73365159163579,47.09635953673436
280.23923778002035,359.9718876235696,22.732509199457724,47.095053839209136
279.62156037877025,359.881529916312,22.732109392849896,47.09390517091116
279.3063880027357,359.82907288604343,22.73192748304618,47.09144510721938
278.45518616690885,359.81893508641133,22.731821513052527,47.09082883331762
278.2076864794845,359.565969720316,22.732045354225036,47.08416719022974
277.06833776495927,358.9602079214217,22.73180329772566,47.08337618230539
276.2325968192534,358.6202392847166,22.73088662193766,47.082454247608695
275.4037181500391,358.942050946153,22.73055611074924,47.08163811038571
274.85360370390583,359.37320164824723,22.729666080782128,47.07948430160287
274.2460111438814,359.6745838567279,22.729161660921708,47.078522531755354
274.06560800306727,359.70545789430014,22.728709882809913,47.07760706510199
273.5848395255619,359.407103765463,22.72855676957564,47.077004958529955
272.96671215887767,360.097984183781,22.728318034659544,47.07587270770929
272.67649617979856,359.6749087915463,22.72819783207788,47.07545037778372
272.53977322752075,359.0394626505292,22.727902640375266,47.07455704294322
271.1900504254289,358.21721975071034,22.727628100287156,47.07446665067865
271.1267779163423,357.0208468333925,22.727162355768932,47.07422523403267
270.51607443487904,356.7852584437662,22.727053305549884,47.07415428064584
270.5171104821852,355.6089984279375,22.725681329714416,47.075063651750405
270.5885357270335,355.0724573107914,22.725569614436683,47.07477447567274
269.8553720610568,353.91703765393595,22.724891455133434,47.0743592880408
269.31111387984953,352.44807654544303,22.724885383313335,47.07395896092873
268.51411267176155,351.2815576880266,22.724251240002918,47.07301325443585
267.4657830838922,351.0795718416612,22.724161586853672,47.07275241538071
266.0481892361691,350.57592579701907,22.72384594253238,47.07221007015571
265.1255327972634,349.73597008628263,22.723485736084783,47.07148961563681
265.73388332666366,349.36372187023034,22.72164857365418,47.071678768154584
265.40477028502823,347.8730761131457,22.7211306793783,47.0715380828457
265.1637570021538,345.56500000564233,22.719942211119275,47.07256511856168
265.8226887932819,343.275971575602,22.71956467660773,47.07261285007181
266.7176759721234,341.62405881354096,22.719882224327844,47.07229399171711
267.43688087414347,339.93447714749556,22.72182879407471,47.070103707093345
268.0811737842426,336.5967929442606,22.72264796216529,47.06919733710463
268.12745878822494,334.3708150971522,22.719576928583425,47.07597404572557
268.2203564003534,332.41795109376676,22.72053995432459,47.075804911993586
268.9603975426683,331.9239464621632,22.722211972673332,47.073122930598544
269.2878606857626,331.5233653200956,22.722911685458563,47.07156878073178
269.64380908119875,330.4272696113766,22.724481777292027,47.067930091434604
270.17004838077503,330.3995354771291,22.725289849777937,47.06661167747278
270.54837938426095,330.6952850107361,22.72606143607927,47.06506299296841
270.343913348875,329.8186767297448,22.726978166284514,47.064257433521405
270.84177392338927,329.0120118946736,22.728659506441343,47.06131250840328
271.2376455632793,329.0921680170906,22.729910189426047,47.05823049175485
271.4621903845796,329.7708069350103,22.730175314624738,47.057568795327505
272.0658553824814,330.05557544335585,22.730648925808186,47.05661413461246
272.2767588494561,329.7340648623919,22.731680322127602,47.05451127834808
272.5788103251762,329.9787762582617,22.73229879765122,47.05349979394339
272.80007300314077,329.8047942769017,22.732938088347606,47.052068541152
273.2587003358024,330.5316206321045,22.733264087182153,47.050913909092706
273.1935290787272,329.911292309512,22.734919964646284,47.04909826328493
273.79106127186293,329.9270718409947,22.736498811674135,47.04566689482203
274.1297621342114,330.3443692284177,22.73758450705932,47.04410115172965
274.5869442115048,329.8094386275241,22.738788048567024,47.041581214715215
274.81486757277827,329.0156913785543,22.742057576296563,47.03820688197395
274.3106710810459,328.30324940196505,22.746496387627012,47.03321248107987
274.2862949917792,328.5485415177925,22.749793304095366,47.02968471338183
274.67773805720685,329.4143320560097,22.752089112841972,47.02381510182937
273.96846133840495,329.95259337748456,22.752732809044108,47.022502076494355
274.4885835434745,330.70171238462854,22.754264340753796,47.017806852619266
273.9935035898641,329.8168082066973,22.75501134418889,47.01535180077449
273.73629072910893,330.8408757578046,22.756141653635584,47.0095002335636
273.70228471711266,330.4611448605208,22.759257690117447,47.00701928387617
273.6895586526578,333.3539167457808,22.761771779873385,47.00988856114666
273.3146762312664,332.77583962503644,22.76272376836623,47.005872843567126
273.2199503081758,332.10081798968304,22.764571261715574,47.00308045906149
273.23863338325464,334.6258702635576,22.767245556140608,46.99767319601084
272.74111233114775,331.7311222021975,22.76322065185897,46.97637162738574
272.7933792582168,333.64578645430674,22.742453578514525,46.96287883750761
272.6492933109744,331.6858189935004,22.736871044374325,46.95345408466655
272.12216940372934,329.1016454442765,22.735193966438807,46.93731622446553
271.34223314737346,329.8505016264962,22.733945134584243,46.92954033101161
270.3866024662775,329.78337896430986,22.73262111908302,46.9257131050875
269.9126584001087,329.176076852983,22.731775742833793,46.92065811848988
269.46906913095074,329.7840170437792,22.7307522695644,46.91915621304034
269.86207571867567,327.67272295751394,22.91005533013367,46.20794702610428
272.98763290149236,327.25517617536497,22.975915127555673,46.09935380708846
271.71858743252636,327.57506744946613,22.9796547166108,46.09454842077048
271.00212229468383,326.44029387719087,22.980692716485578,46.09081661367613
271.5060285837008,328.25392186613215,22.98099423795422,46.08924799655706
271.5875165261629,326.90885967542397,22.981727397486424,46.08660547314248
272.164539113042,328.2785884627683,22.98231741469204,46.08423443295401
272.6058980433429,327.48805202792795,22.982987238912308,46.08235694901226
273.2589948749333,327.3212720381727,22.984409928766436,46.07725647973315
273.6871178140898,325.9311329005544,22.984465715759626,46.07699095080105
273.9247296551653,326.1145430053439,22.985132729657238,46.074756498477704
274.4253881681974,325.6883223201542,22.98596766968812,46.07375305417493
274.5193937609475,326.6221776058309,22.986195015538964,46.0719542050048
274.9351538549541,325.91740820897996,22.9862868780591,46.07158541928476
275.568872729189,327.0205279170276,22.98639173022095,46.07048444808988
275.95862695140494,326.158915493827,22.986407373694963,46.07035710065871
276.2141274110544,326.756790061893,22.986499653649155,46.06926266766702
275.7008903287999,325.71959826849616,22.986513408993677,46.068982615392045
275.2153982310704,326.426298642583,22.986510403715673,46.0682988519673
275.3635505018733,326.49523257389666,22.986551096027124,46.068054984882494
274.6235522249598,327.32266694654277,22.986572664731536,46.06713538109265
274.94083831694127,327.33766368131137,22.986611312506106,46.06694542976129
274.7662393367636,327.6664538975726,22.986657005882204,46.06611019262771
274.87701384107737,326.2307730243523,22.986706443623767,46.065793586712296
274.60317626021197,326.53288897889144,22.986777938572217,46.064935920416545
274.6273630529868,326.6934004076838,22.9868879780769,46.064469077608145
273.6023181961429,327.044054938551,22.98695699703206,46.063612999253024
273.29887226253044,326.7204410489606,22.98703126114571,46.06332542189318
273.05031480899646,327.61734116989885,22.987314065676525,46.06218362823593
272.77252074639836,326.4354806975781,22.98788662690789,46.06155401555023
273.39892344106494,327.4436259133149,22.988189500590472,46.06060176652589
273.33386057987065,326.99889340511936,22.988931405663926,46.059702255214674
272.9711283139317,327.33775955568603,22.98901593408963,46.05909522921637
273.4824942391459,327.58891236245836,22.989115523633053,46.05884359173075
273.71867301234164,327.56200175059405,22.989406925672576,46.056665830734985
274.09508835920354,327.18397613881194,22.989573213092747,46.05613473456275
273.58113201818406,328.1238417631248,22.990076937650358,46.05420764605515
273.45877024187,326.839781209766,22.991024571198594,46.05314540316344
273.2749691463507,328.03746049785957,22.9914197715184,46.051820258983035
273.5085219427245,327.55689056420823,22.99161459380987,46.051382293586954
273.3779524869931,327.63047268294645,22.992163846058705,46.04915956488054
273.51483174358106,327.4284102045553,22.99230175884516,46.04880603131019
273.25858989035413,328.11110447248063,22.992541061936723,46.04797988769425
272.10535303933426,326.9958104612645,22.993344502593512,46.04693067067035
272.27728973979515,326.1170508536612,23.021961865335967,46.01701483109781
272.4258919571235,325.09749416042604,23.023156998283334,46.01548977076038
272.160442169961,324.86527785892446,23.040898430041555,45.99637662338401
272.1600003159704,324.16393526544044,23.041436309167118,45.99568821129962
271.93080656650443,325.1217226474551,23.05401036086206,45.98268917854778
273.3696505003142,325.3400474315971,23.05685833423069,45.97954714214508
272.9609653412116,324.82646270508104,23.057591851669915,45.97858987856344
273.1748392366939,324.73529667173983,23.073811611698222,45.96216896084124
273.7017330692028,323.9909728962542,23.07510531417315,45.96070027321847
272.98694696829824,324.00307951172863,23.07767782783374,45.95735527288075
271.75622878341414,324.2889143378086,23.07813068281621,45.956728039200705
271.79694160450003,323.89483235063216,23.084742367576364,45.94949044037242
270.9184697239759,323.9755905891564,23.085386513718426,45.94864008635649
271.3662248897963,323.76132785384203,23.08855257749382,45.94488015874041
271.50886534751265,323.40814476151,23.090149353806847,45.94279823139351
270.61277617914897,323.9478616033997,23.090619697980504,45.94215223205475
271.1849650034699,323.7850418681998,23.094733431937424,45.9375445684842
270.07687429379956,323.848727881042,23.09513197049509,45.93700355278385
270.5180244316059,323.4300460968236,23.099720854561888,45.93185791111086
270.91172334531586,323.0677741342197,23.10051369000285,45.93083950225813
270.3867308379777,323.31856894716054,23.10084505534896,45.93037932479023
270.4827797660224,322.773568960767,23.104196745239,45.92651449903149
270.34821034662474,322.5088405802136,23.10489861570781,45.92561342246137
270.1514015042314,322.9924445625453,23.105343499953662,45.924993418517964
270.3124279993299,322.29257820286097,23.107755397137193,45.92218938804688
270.1400857344991,323.0574474324421,23.10831915610592,45.92140483875858
270.26424215029243,322.65549683567565,23.110574744214176,45.91877758323293
270.7883326908156,322.4479618998017,23.111155865430767,45.918023697332316
270.19073631704174,322.94768553145116,23.11158817119837,45.91743542231852
270.1112348607396,323.0570408593705,23.11196589831296,45.916950349913925
270.27941556344365,322.5776522202179,23.113379514696387,45.91532287453416
269.38305533421266,322.4518378079132,23.11383491559462,45.91476593721494
269.9003542909032,322.6845343442624,23.11460759051609,45.913781858237584
270.73554752939543,322.4548034728225,23.132537935583674,45.892345697674976
270.92393748003724,322.59258472335847,23.13316463143749,45.89155235377423
269.5525749358221,322.4785638390675,23.133553685092902,45.89105265874276
270.00357474462317,322.65166755524535,23.133911645768475,45.8905775874652
270.096064427519,322.14553274714723,23.135317509206608,45.88887909357693
269.4413492043948,322.71377554260386,23.13551357473302,45.88860823578745
270.28914095769267,322.60183046767696,23.13607894051284,45.88788839969371
270.0225035554826,322.9121510580428,23.136896393248293,45.886771459455716
270.14623119839547,323.4239005668867,23.14527309408831,45.87696792020738
270.16898449317915,322.8023189988322,23.145729579532965,45.87644402266296
269.69763789616275,323.04419877275325,23.146009741510888,45.87607832276327
269.9278994444568,322.8745428287265,23.14625459951066,45.87575379557366
270.11572943944844,322.79275681395154,23.14681504443146,45.875073856858975
269.59185582029056,323.0014745722511,23.147389259523322,45.87429930474891
270.84362463305723,322.53417072327574,23.15026843162802,45.870960265886964
270.4940446498352,322.9878088624086,23.150831503331016,45.870176161293
269.74286673173947,322.63683782337745,23.15104836724004,45.869894282770375
270.3713278609021,322.0866816455117,23.152051500111963,45.868641873525306
269.8560207892076,322.68834880509837,23.152518925475796,45.86800638114184
270.84930622884775,322.010664334117,23.154614580619327,45.86539030342074
270.22983208553063,322.7812959448132,23.155114962666765,45.86469722191329
270.7076944510765,322.34476336545725,23.156666277851055,45.86292051174783
269.6602337426107,323.29225538607517,23.157348221439754,45.86201234102592
270.3377596780545,322.68100779341694,23.15957827384624,45.859296859685855
269.858393772976,322.74130777065943,23.160559227126935,45.85800473613059
270.5551847475023,322.3644405111274,23.162440506300012,45.8556104075957
274.83636493645014,318.6168406391447,23.45941221306004,45.58313522861792
272.39281351877713,319.79799837010955,23.459663260838987,45.58277564780697
273.94435600959997,319.17232336311287,23.464806247409264,45.5770516633492
272.1722250917467,319.8024034572184,23.466223549195387,45.57520823043286
273.63055619292936,319.6566930117739,23.469591940702216,45.57137202979966
272.70017301037956,320.3567965621226,23.471655526985575,45.56875818891362
274.1156403710388,320.1557489159502,23.47565027191469,45.564365807737474
272.71762127131325,321.4919926548483,23.475916872549853,45.563981496521436
271.7620888886531,322.46578853457044,23.47663524905332,45.56306062693162
271.39437775941263,323.22688700433065,23.515834665794614,45.52229815186576
270.77059730244554,323.0936000712122,23.516332181367613,45.52169047260666
270.1763758215666,322.63723548692553,23.516752052762946,45.52118600337032
270.3978389397296,322.4435472517062,23.517349640651943,45.52050473526638
270.76103512077776,322.86404010698277,23.5192686384379,45.518290606362996
270.6032403692474,322.40737809809866,23.52053969319358,45.51674835549645
269.82755912419617,322.9072947227422,23.520931628944087,45.51621892395836
269.9010762546093,322.12249369966844,23.524955371424298,45.511605200338174
269.29283444084734,322.9559947350706,23.52601481891738,45.510215588716655
270.1778206924033,322.78503479432663,23.528216793382615,45.507529815726514
270.62083804891046,322.5342420655597,23.5289425536197,45.50661956717897
270.49643919849973,323.38329323919663,23.529532178679382,45.50578940141596
270.73967029364564,322.949830462574,23.532083421843897,45.50275428895839
270.96041963017524,322.7528811197343,23.53299876431625,45.50159723356616
270.8706138573468,322.27708341550255,23.533802231803293,45.50062446862109
