1
388.6264,371.5351,129.1357,113.1711
382.3271,361.9786,138.8169,105.5090
382.2794,361.5025,155.4133,87.0384
318.7149,339.3318,103.6054,101.4606
2
0
0
0
0
1
329.7477,339.1202,102.1869,104.3084
309.0872,339.7220,114.1122,100.6938
324.1422,328.8790,100.7069,106.2784
281.8683,320.7860,139.5006,120.3159
241.7753,326.2846,153.9351,112.6597
233.9758,329.6617,148.9559,108.0093
223.9209,328.4311,139.6747,116.7219
210.8364,329.6253,138.6044,118.3818
225.6841,329.9312,111.8880,115.0165
227.3139,326.7509,96.6845,113.9652
207.2477,315.3061,92.9896,119.2183
196.6235,306.0858,104.6083,118.4553
166.0038,310.3914,108.4992,121.8785
145.3181,317.2741,115.9598,123.4676
135.7574,321.4510,114.2306,117.1839
146.2825,336.0284,100.7357,122.0466
165.1974,346.6517,105.1375,120.9259
167.6685,350.7822,116.2540,118.0835
155.4180,381.1863,134.0256,127.1085
139.4032,426.1102,151.1114,111.3282
156.1226,426.3446,126.0993,112.0054
155.7174,425.1190,119.4114,113.7774
144.4894,411.5715,125.6053,106.2597
141.5163,376.3153,121.9616,113.6260
135.1024,349.7311,134.0762,110.0894
150.0937,320.1796,123.2031,109.6521
150.6754,315.9734,124.7230,107.3534
135.4892,321.8087,145.8872,100.0181
126.0599,325.4060,128.2341,96.8525
110.8526,325.0583,150.5592,101.1866
113.8869,324.0776,146.6956,98.6143
126.0270,317.9566,126.8789,104.6951
115.1397,323.6527,131.9882,102.1727
118.1818,325.9129,132.2833,97.5507
142.4302,315.7526,129.6791,94.5514
142.4171,306.7277,139.1019,94.5052
148.6542,306.4787,145.7157,96.6821
159.3187,304.8208,129.7817,97.1010
173.6208,309.4454,108.0897,101.8761
163.2588,319.7068,110.6233,99.9573
151.4576,320.9708,108.4852,104.5845
156.9761,320.6663,112.1221,104.7165
161.6694,330.8611,119.8511,103.5658
179.4432,331.9105,135.9405,106.4429
213.9191,331.7057,125.8009,109.2229
242.0994,327.5533,108.6606,111.0363
261.1125,331.2074,110.3282,102.2152
258.4617,337.7769,110.9431,97.0928
245.1966,343.5962,114.4628,89.1642
227.2745,344.1310,130.1297,90.2404
186.5939,346.2690,140.6469,90.5720
207.1274,350.0340,112.0736,97.3737
213.1242,356.9134,113.0020,90.5833
219.0857,350.9096,115.6676,97.9184
229.3830,350.5606,117.3975,95.8342
237.1732,347.9603,120.6113,94.1884
280.5811,328.7412,89.0785,90.9243
293.7885,332.3112,80.9832,88.9822
286.8077,335.8745,86.5004,83.5102
283.3013,337.4552,76.6779,84.9006
289.6745,332.0408,79.1074,85.9301
308.4988,325.9620,63.4381,89.5250
315.9157,328.8222,64.9884,82.9428
324.8011,316.1587,57.9529,91.8070
328.7509,307.9003,60.3431,99.0390
339.1591,307.0965,60.3818,91.9949
362.2820,316.8820,49.7492,67.8350
375.3680,284.3058,45.6901,93.3552
2
0
0
0
0
1
2
0
0
0
0
1
491.1285,279.5165,84.5022,65.5829
2
0
0
0
0
1
677.5527,227.9809,74.8992,76.0664
2
