1
121.5316,469.7811,24.3749,60.0778
110.0870,484.9108,24.6011,60.0345
2
0
0
0
0
1
149.4078,580.1406,29.4303,54.5580
143.7688,576.1124,31.2902,52.9333
144.4553,571.5084,31.7185,52.6700
144.4553,571.5084,31.7185,52.6700
143.1596,578.0388,32.2555,52.0287
135.8723,588.9495,34.0370,50.6874
128.0352,590.6448,36.7556,48.2867
122.0210,589.9805,36.8290,48.2815
126.3117,590.6418,38.0488,47.2089
125.7007,590.6757,38.1246,47.1024
126.9749,585.0522,38.4026,46.9951
124.7142,579.9208,39.3834,46.2314
2
0
0
0
0
1
235.0800,771.2021,37.6807,36.7407
2
0
0
0
0
1
422.7564,863.7553,42.9767,36.0326
431.5820,859.0675,44.7164,34.8101
441.4878,858.1947,44.5565,34.8413
460.8400,853.5433,46.3002,33.1724
455.1177,854.7308,46.4487,33.0421
2
0
0
0
0
1
571.3804,753.7870,25.9597,53.7085
570.4543,763.4613,26.8147,53.4492
559.8372,763.4009,28.8975,51.7675
567.9007,759.8223,31.3472,48.4960
568.1432,758.9452,31.1637,47.6954
567.9705,758.3701,31.3373,47.7242
572.3621,762.5212,31.5315,47.8225
561.8394,742.2957,31.7352,48.3159
570.8176,751.8212,31.5886,48.4260
569.6997,761.2100,32.5883,47.2778
569.0861,770.4039,32.4535,47.6879
577.6018,759.7542,33.4338,47.0463
569.5499,741.5529,27.9609,53.8630
569.6674,734.0562,25.7787,59.2069
569.3469,744.1885,26.7314,58.5858
569.6124,744.1846,27.7661,57.7603
569.1823,739.0090,29.6532,55.6165
557.4097,740.2170,31.4963,52.3301
556.5648,739.5045,33.0000,51.4207
545.7348,754.1340,32.7593,51.6929
566.5624,748.5453,32.5985,52.3453
566.2678,748.8089,33.6406,51.4672
567.6825,748.4921,33.3496,52.3239
560.7362,753.1869,33.8389,52.3105
565.0653,753.6271,34.9120,51.7761
565.0653,753.6271,34.9120,51.7761
565.0653,753.6271,34.9120,51.7761
566.3737,748.9598,35.5724,51.4482
555.8557,753.6517,36.3781,51.5903
544.8326,758.3233,37.4001,50.8594
538.5020,746.1601,37.0012,51.7325
555.4698,751.0229,37.1765,52.0068
556.6129,749.9633,37.6213,51.7461
539.7308,750.0876,38.8982,50.8630
551.0200,749.0600,38.9996,51.3275
549.7184,737.4092,39.7321,50.6503
542.7390,736.9590,40.2072,50.5270
548.1164,736.9357,40.2382,50.5353
2
0
0
0
0
1
616.0627,593.6501,51.2095,28.1997
2
0
0
0
0
1
729.7891,716.8710,32.4321,40.6969
734.0533,721.3163,33.3197,39.2688
734.7169,739.0504,32.1517,40.5085
733.9894,748.0623,31.8466,40.9580
737.1765,753.3173,32.7786,40.0372
727.5814,749.2599,33.6401,39.3109
2
0
0
0
0
1
622.3743,806.7968,34.1912,35.4567
614.0729,802.7261,33.1089,36.2736
605.5598,811.3978,32.3412,36.8365
592.3387,825.3524,32.9507,36.1293
579.9592,829.9492,32.6112,36.5249
580.6565,826.0201,33.3889,35.7507
589.6234,825.9541,33.2374,36.2025
2
0
0
0
0
1
471.5855,860.9294,46.0186,42.2715
455.9241,854.2102,44.8979,44.1133
446.2700,835.5244,43.7549,45.1677
464.1418,835.2236,43.0692,45.9053
2
0
0
0
0
1
331.4251,778.3361,46.9864,38.2566
335.8781,784.8458,47.1245,37.7084
341.0997,783.9802,47.1315,37.7892
332.0837,772.5532,44.3518,40.4653
319.9609,784.5252,45.6847,39.1309
326.7451,788.4274,45.1589,39.7848
337.2868,789.0960,44.6388,40.9062
359.1817,789.3680,44.9558,40.6613
385.7912,730.6819,45.7235,41.8108
2
0
0
0
0
1
462.9985,683.4103,38.6631,41.2444
2
0
0
0
0
1
330.1013,479.9874,60.9999,29.7806
330.1013,479.9874,60.9999,29.7806
336.0562,479.5560,60.8871,29.8834
2
0
0
0
0
1
260.7844,249.4477,30.6091,47.3056
265.6428,254.3051,30.8697,47.0321
265.9703,244.6021,30.8734,47.1240
2
0
0
0
0
1
325.9323,223.1015,28.4743,56.9512
326.2808,228.7910,28.5253,56.9005
313.7148,229.1203,29.1007,56.1921
2
0
0
0
0
1
218.5033,339.8258,37.8751,38.7106
223.9104,364.1013,38.7267,39.3676
238.5705,339.6699,37.7611,41.1042
238.2242,384.3178,38.4167,40.7750
227.2962,383.9524,38.4573,40.7690
2
0
0
0
0
1
129.5246,511.7379,48.9944,28.2804
115.0419,506.6603,48.3348,28.8118
93.6917,485.3039,43.6228,33.8421
140.2889,510.3318,46.9014,32.2747
125.3709,504.7986,46.4396,33.0056
114.6298,499.4189,46.4884,33.2198
95.7988,512.5488,42.4353,37.5187
2
0
0
0
0
1
142.8325,520.3026,57.1276,27.2596
152.7675,513.7319,56.9711,27.4589
156.5107,513.8641,56.9007,27.6392
166.2899,513.4954,57.4243,27.6093
164.5720,514.0771,58.4077,27.3868
158.5988,508.5689,58.5497,27.4578
152.2777,514.1743,58.5258,27.6157
152.2777,514.1743,58.5258,27.6157
156.7352,519.7641,58.4042,27.7958
156.1847,513.7879,58.0460,28.1653
128.8439,518.8605,58.8270,27.8160
161.3322,545.1216,59.0683,27.9409
2
0
0
0
0
1
159.1233,528.5081,28.0288,47.4453
157.8511,532.4186,28.3560,47.4053
166.9867,545.9172,28.2448,48.1936
172.4818,564.2836,28.5851,48.2512
162.3793,573.7016,28.6700,48.3425
165.7467,579.3814,29.6382,47.4921
169.8316,575.1230,30.8495,46.6819
180.0591,575.0719,30.8630,46.7982
173.7916,575.5500,31.0154,46.8264
163.2417,576.0870,31.4463,46.5404
2
0
0
0
0
1
182.3902,622.2150,31.4608,43.6858
176.7973,612.2983,31.0459,44.3948
171.3959,598.3389,30.7116,45.1393
176.0520,589.4354,31.1741,44.6545
176.2114,589.3834,32.5516,43.4261
176.9920,584.4981,33.0846,42.8756
178.2174,584.4736,32.9056,43.4113
167.4220,584.4556,33.2590,43.0472
172.2179,589.3550,33.4111,42.9705
173.1735,589.4592,33.6988,42.9235
177.8165,594.5401,34.1381,42.5452
2
0
0
0
0
1
154.3461,654.9017,31.5296,46.7017
149.1812,670.4177,32.1007,46.2524
160.1152,685.5119,31.9490,46.8177
154.9073,696.9489,33.3722,45.1221
164.9496,645.5477,30.8740,47.2173
159.2831,654.2029,29.8889,48.5140
153.4679,670.1322,30.0259,48.5896
2
0
0
0
0
1
197.7591,658.0811,32.0353,47.7523
206.5822,658.3734,32.1347,47.6787
210.7070,658.5414,32.4075,47.4583
209.8312,663.8196,32.4030,47.5576
2
0
0
0
0
1
227.4532,668.4544,39.7815,35.3146
237.2961,677.7286,39.0951,35.5530
219.3716,677.0518,38.6925,35.5974
214.6427,677.8910,39.0916,35.2529
2
0
0
0
0
1
360.3932,767.6375,39.7549,37.1790
356.0096,771.8700,39.5309,37.0582
349.8726,772.7080,40.0872,36.6395
339.9926,781.2351,40.4776,36.4188
334.1145,787.1729,41.0714,36.1304
332.7695,781.5776,40.9301,36.3855
2
0
0
0
0
1
408.3321,734.3185,40.3482,36.4849
402.8613,728.2895,39.8925,36.7246
2
0
0
0
0
1
608.2997,785.7942,22.6329,62.7019
602.1821,775.4930,23.1274,62.0675
602.3500,781.1504,23.5496,61.7334
2
0
0
0
0
1
2
0
0
0
0
1
293.6865,710.3459,30.8995,43.3540
288.8436,715.7275,31.2971,43.4252
