1
838.2110,264.1123,121.7890,99.5434
2
0
0
0
0
1
748.9526,231.5498,133.3682,98.9877
750.4481,229.0255,134.0123,98.3050
813.4040,269.8724,131.2250,101.5496
813.4040,269.8724,131.2250,101.5496
814.7116,281.5893,129.6399,103.6982
783.6826,340.8974,130.7286,102.9244
2
0
0
0
0
1
767.4644,261.3221,155.0912,103.7703
751.0622,263.4724,156.8834,102.3210
751.0622,263.4724,156.8834,102.3210
751.0622,263.4724,156.8834,102.3210
734.4459,279.8895,153.5210,104.9234
2
0
0
0
0
1
823.4189,225.4378,133.7891,106.7835
808.1105,224.0747,136.2029,105.3035
852.1381,236.1158,107.8619,107.9937
865.6509,234.8840,94.3491,109.1765
876.9214,232.0084,83.0786,110.6230
892.2062,229.1055,67.7938,120.8675
903.9188,215.8584,56.0812,122.3515
889.8014,282.7065,58.0342,119.5266
2
0
0
0
0
1
885.0683,239.1885,74.9317,101.6923
895.1431,225.8125,64.8569,103.2332
894.3225,307.9165,65.0220,103.7195
2
0
0
0
0
1
912.8667,223.0959,47.1333,88.6097
922.7994,221.4121,37.2006,89.9849
932.5699,219.9371,27.4301,91.1422
938.4044,218.0729,21.5956,92.4954
938.4043,218.0729,21.5957,92.4954
939.4504,197.2008,20.5496,92.7989
939.9870,196.3767,20.0130,92.9684
939.9871,196.3767,20.0129,92.9684
940.0992,196.8171,19.9008,92.9183
940.7681,203.5214,19.2319,92.8476
941.8975,203.0619,18.1025,93.9037
941.8975,203.0619,18.1025,93.9037
940.5264,209.5034,18.2642,93.7437
940.9974,215.7738,18.4406,93.5798
940.8354,222.3943,18.7214,93.2729
940.8354,222.3943,18.7214,93.2729
941.6445,208.2940,18.3555,93.9647
941.6445,208.2940,18.3555,93.9647
941.6445,208.2940,18.3555,93.9647
942.0129,214.1444,17.9871,94.2815
942.0129,214.1444,17.9871,94.2816
942.0129,214.1444,17.9871,94.2816
942.0129,214.1444,17.9871,94.2816
942.0129,214.1444,17.9871,94.2816
942.0129,214.1444,17.9871,94.2816
942.0129,214.1444,17.9871,94.2816
942.0129,214.1444,17.9871,94.2816
942.0129,214.1444,17.9871,94.2816
942.0129,214.1444,17.9871,94.2816
900.9614,222.0593,20.0236,91.8284
924.7209,195.9051,21.9951,89.7437
898.8121,215.5113,22.8313,88.9905
2
0
0
0
0
1
888.5505,258.7571,71.4495,98.4969
846.1174,257.4442,72.3577,97.5906
825.1986,259.3156,72.9656,96.9946
2
0
0
0
0
1
858.2723,245.6011,79.8790,83.3799
819.6674,268.6296,76.1949,84.3834
806.2124,263.1245,85.5720,79.8816
808.0302,260.0416,84.5068,80.9968
808.0302,260.0416,84.5068,80.9968
808.9936,260.5510,84.6826,80.8977
798.6673,269.9474,85.4071,80.4388
798.4633,270.9068,85.5000,80.3557
2
0
0
0
0
1
857.4335,251.0716,100.8551,92.4555
823.4402,263.2205,99.4384,93.6000
823.4402,263.2205,99.4384,93.6000
2
0
0
0
0
1
821.0957,257.0482,126.8124,88.6977
2
0
0
0
0
1
840.5956,260.9048,119.4044,90.0402
828.6788,299.5638,119.5476,90.0056
2
0
0
0
0
1
761.2185,269.7485,122.9012,89.3657
2
0
0
0
0
1
787.2390,274.7575,123.1771,86.9953
2
0
0
0
0
1
799.3154,251.9186,126.1545,91.5784
2
0
0
0
0
1
801.1974,218.4716,121.1644,98.2697
811.4550,261.9729,127.0509,93.5803
2
0
0
0
0
1
814.4627,223.3202,124.0771,99.2250
812.3808,269.9138,127.9086,96.1130
2
0
0
0
0
1
828.5283,255.5127,130.2594,90.8050
826.7606,268.0277,130.3710,90.4578
2
0
0
0
0
1
808.5640,257.7490,151.4360,92.2573
2
0
0
0
0
1
769.5986,252.2881,174.1893,88.0042
624.4960,298.1603,169.4086,90.8745
2
0
0
0
0
1
746.5792,296.4140,210.5057,87.9965
2
0
0
0
0
1
757.4530,281.2745,202.5470,84.1238
757.4530,281.2745,202.5470,84.1238
757.4530,281.2745,202.5470,84.1238
2
0
0
0
0
1
736.6655,263.8111,221.3895,80.9708
753.1704,280.6561,206.8296,82.0411
2
0
0
0
0
1
809.8708,246.9982,150.1292,86.5722
794.1906,261.6771,151.4025,85.5269
2
0
0
0
0
1
782.2487,267.7442,177.3043,78.8545
830.9731,279.5728,129.0269,83.5039
2
0
0
0
0
1
820.1941,285.7799,139.8059,66.1620
820.1941,285.7799,139.8059,66.1620
820.1941,285.7799,139.8059,66.1620
2
0
0
0
0
1
462.3244,160.5533,184.5258,110.9333
445.7141,159.8276,183.4521,111.9306
428.2897,156.9135,184.0877,111.6040
398.4245,210.7206,176.7227,117.5862
399.3826,210.1168,175.0781,118.6716
401.4536,211.1154,173.8149,118.5854
404.4933,206.6369,170.3621,121.1462
410.9453,202.9593,168.4350,121.2205
415.2833,199.9255,166.9761,121.0553
418.5083,198.2157,164.8776,120.4632
421.2503,195.5592,163.8267,120.2478
408.6760,193.8904,163.2342,119.9814
2
0
0
0
0
1
403.9085,200.8411,137.9646,98.3824
406.6012,198.9526,130.6941,100.5463
406.5515,226.7503,129.5769,101.6708
395.9446,224.0617,125.1221,101.4044
395.6409,236.6235,124.7816,99.8406
395.8815,237.4594,124.8316,99.5348
396.5383,236.3052,122.6629,101.4095
2
0
0
0
0
1
395.0465,193.3188,160.7038,89.1315
393.5516,193.4689,160.0078,93.8174
386.3946,206.0534,147.9435,95.7840
391.9821,188.7332,142.3351,99.9893
403.2047,188.8780,143.5270,99.7192
394.7405,214.8686,140.5156,100.3831
406.4380,175.0909,143.3020,97.4228
404.9801,178.1902,143.8837,96.0715
393.8637,182.1098,142.9002,95.0600
395.1436,210.3528,140.6264,97.2106
405.3206,185.2926,143.2437,94.7631
393.8611,223.8954,135.9767,100.0437
384.5010,220.1061,132.3316,103.3154
389.0828,214.0008,126.5153,108.8887
395.9590,222.4022,123.1172,110.6855
386.9716,216.8441,115.9493,114.4513
401.8246,201.5635,117.6243,112.8777
403.4816,200.5667,117.2894,111.9747
403.7542,201.4438,117.9929,109.7194
402.0151,191.9997,119.5738,107.6531
396.6696,208.0895,120.8719,102.2971
396.3770,198.5826,121.3568,99.9254
392.2770,203.7081,122.3227,94.7098
388.7556,206.7331,122.1990,94.6739
388.8224,195.4336,122.4856,93.8572
385.6939,212.3761,122.8121,91.2351
387.3203,213.2891,123.5388,87.5571
383.4338,217.7556,124.1983,83.3630
382.7924,221.1591,122.9577,79.9864
381.3809,224.2667,121.9348,80.2811
382.4741,222.3486,121.1608,81.2626
372.2448,240.2801,113.8517,90.2349
388.1354,216.2939,115.0308,88.1526
388.7532,218.6904,115.6981,87.4868
384.8767,219.8193,116.9470,85.1197
377.2734,233.5859,116.9807,86.5900
379.4434,223.7187,115.8973,86.3163
378.6774,217.2108,114.5385,80.1810
381.8341,217.2589,115.8474,74.6937
380.2307,219.8151,117.6901,73.2012
359.1832,240.5054,110.8602,79.6132
2
0
0
0
0
1
377.3019,227.9751,115.9201,108.8824
380.2936,224.0845,115.1846,107.1322
382.0081,213.1228,113.9042,107.5762
381.3111,212.4312,115.9100,106.2087
383.1013,214.7622,117.8792,104.1875
380.2642,206.3755,121.0342,100.3270
375.9177,211.8325,124.7232,94.8317
374.5829,212.2761,126.4342,91.3113
374.1481,215.5169,125.5420,90.3287
351.0348,223.7285,119.4127,95.8948
246.1753,262.0553,108.2011,102.0678
365.0095,218.9990,116.1428,101.7509
378.0244,207.4325,118.1190,101.4134
379.2323,220.4859,115.4424,99.2870
379.0982,210.7007,116.5825,99.0865
379.0908,211.5926,117.0292,98.6956
380.4090,203.4489,119.1485,95.6355
382.3394,205.4444,116.5934,96.4095
381.4077,219.9806,117.3178,94.8089
382.2213,206.3147,118.0876,94.8927
378.6518,221.1122,120.0762,90.2557
375.5855,220.1272,120.3367,87.4139
375.6147,204.6605,120.4417,86.9908
373.9609,205.0602,120.3194,86.2301
382.0730,195.6573,124.4783,83.8041
379.2331,198.3116,125.9180,82.8337
376.8104,202.3270,127.2090,81.5855
373.2769,203.8958,130.6259,79.4028
372.7716,204.1330,129.6618,79.3590
374.2980,204.6783,127.4056,84.3909
372.6450,199.6794,128.2712,85.0559
370.4690,199.4459,127.5211,84.6068
370.0148,199.0135,125.9710,85.0148
371.0869,201.0977,124.6118,85.5140
380.3835,190.5663,130.3857,82.1978
376.7206,193.3781,132.4801,81.2036
376.3566,192.7864,132.7069,80.6461
374.5134,195.6421,133.9510,79.5461
374.9288,219.6646,130.6302,80.3480
244.3900,265.7839,121.9002,88.8638
301.4254,224.7240,115.4086,92.3271
235.2529,262.0588,112.2156,95.8480
312.9608,214.7469,118.5943,92.0193
276.4919,240.6639,116.3167,94.5009
200.0490,262.2639,108.9498,98.8198
327.4121,213.9908,111.1052,95.7036
307.0567,235.8306,103.8314,102.2723
254.1513,260.9171,103.5640,103.5794
307.5494,209.6827,108.2894,100.9825
186.1277,239.5471,108.3901,97.2606
183.6822,265.4540,107.8276,97.5510
180.5921,249.1715,106.9294,98.6728
100.1657,304.1051,112.1717,94.9118
2
0
0
0
0
1
225.5232,236.7223,221.3832,96.2825
230.7368,224.0380,206.2337,110.1491
210.7331,219.2870,200.7393,113.5780
202.9523,207.2112,176.0001,130.0013
249.0843,218.9893,171.1963,135.8685
243.3624,185.1907,175.7764,127.7774
260.9273,202.9425,176.9689,130.7655
259.8894,204.3448,173.3897,132.6298
261.8722,207.1106,173.9736,132.3768
247.2845,206.8226,162.8654,137.6266
249.6833,190.6710,164.8262,135.9061
234.2028,219.8463,156.6993,143.2246
231.1319,187.4744,162.8791,131.0294
221.0255,193.3885,141.4509,153.5204
217.3440,178.7699,149.2704,140.9448
226.1051,170.2656,133.9778,157.1015
233.4437,180.4422,117.3911,172.3086
252.2663,196.8535,119.5636,169.0886
251.4910,193.2602,119.7524,168.3012
249.5714,206.6481,118.3388,170.2272
106.2582,209.3620,145.6671,135.3620
108.3126,260.3549,145.1992,133.9979
38.2536,313.0384,147.0672,131.3405
56.6313,328.0373,146.9925,131.0336
56.6359,328.2022,146.8398,130.7328
2
0
0
0
0
1
2
0
0
0
0
1
104.6083,227.3367,221.6696,99.1903
165.4712,244.3216,217.8824,102.6707
144.0965,260.1701,214.1909,105.0854
185.8751,258.2450,209.3359,108.2016
167.3201,199.8856,200.7692,111.1264
150.5787,196.6554,189.2712,119.0269
163.2783,183.2449,200.9366,108.8873
160.3574,182.6112,201.1865,108.0632
175.2070,179.3681,204.4556,107.1194
2
0
0
0
0
1
48.5384,229.4364,247.8954,92.7457
2
0
0
0
0
1
28.9937,228.6946,211.2881,92.9013
179.2973,267.2776,206.8486,95.3157
198.3308,268.5600,204.0942,96.8452
28.3153,231.2250,197.0718,93.9581
191.6765,265.3102,187.6249,100.7411
2
0
0
0
0
1
84.7178,231.7128,171.2226,91.9126
185.2328,274.7030,169.3978,94.5790
68.9475,237.7630,140.6962,103.1148
55.5408,284.6479,141.3144,102.0620
2
0
0
0
0
1
150.2397,211.5325,148.9172,103.2552
61.1109,239.2898,140.8618,103.5336
196.6723,257.3677,139.9337,104.9771
73.4101,233.6049,133.9926,102.2367
99.6369,206.3468,136.1353,100.3022
200.7888,263.7545,135.9684,102.3668
72.0114,234.4245,133.9803,100.5280
43.2293,258.7297,127.6806,106.3973
59.5527,271.0920,125.1313,109.6238
0.0000,283.7812,105.3248,112.9974
82.8916,324.1117,105.4107,112.3635
2
0
0
0
0
1
66.0567,251.1682,200.7962,91.1287
68.3099,270.3423,201.0358,91.1085
138.4417,269.3171,200.9944,91.6740
13.0681,236.0917,196.7611,87.6401
0.0000,252.9957,190.8305,89.2704
158.6701,267.7615,186.8234,93.1915
5.2712,230.9588,176.0677,94.0129
4.2684,246.2099,175.5299,94.1390
157.2315,263.3308,175.1057,94.9629
5.0151,217.3633,170.3041,96.7229
2
0
0
0
0
1
1.3021,204.3006,181.8004,103.1134
0.0000,214.8904,125.1768,113.8929
0.0000,228.1764,96.1030,116.6902
121.8741,239.4537,94.8025,117.5427
24.6397,205.6905,101.5963,110.8163
0.0000,203.4001,60.2635,139.9247
0.0000,202.2951,47.6255,143.3051
96.1814,219.3508,59.7220,126.8872
15.8359,193.5404,74.4595,113.6363
0.0000,214.7675,53.8830,119.7254
102.9213,225.7061,62.8115,113.1365
18.1409,207.7151,76.3361,101.0580
6.2119,206.2629,76.4381,100.6788
0.0000,251.0173,69.9173,101.5829
108.2370,229.7393,69.3521,101.3720
16.6565,211.6262,82.6269,93.9657
128.1299,234.4279,83.9981,93.4041
30.8366,216.9813,94.6154,88.4758
0.0000,217.7975,55.6091,112.7968
101.4976,239.9036,60.7899,104.6350
38.0165,207.2290,63.1439,102.6288
95.9936,240.7392,68.2034,94.0000
12.3051,180.6890,71.0067,91.5730
87.5065,254.7217,81.4595,82.1796
3.3934,192.6839,81.7288,83.4937
97.2279,235.0036,81.7680,84.5016
4.5570,192.7643,82.1861,85.4624
88.3062,232.9644,80.5932,86.8673
3.8416,189.7554,80.6374,87.5066
99.0681,233.6731,80.6841,88.2224
24.0783,209.1352,80.8951,88.9497
93.8580,231.0614,86.6390,90.9798
3.2183,192.1486,85.1742,98.1381
106.0680,226.7226,86.4398,97.9342
23.2812,200.6586,87.7012,97.5392
0.0000,184.5071,58.5004,109.4016
92.7590,226.9638,62.1533,106.4360
10.0294,185.1323,64.7455,105.3204
103.3045,230.7769,68.5964,101.9758
100.4613,246.3334,75.1542,91.6990
26.5458,202.4881,75.6973,93.4594
87.1957,245.1001,78.1376,88.3400
15.2695,195.6646,73.6493,98.6456
100.0459,239.3395,74.8667,95.0698
34.4931,204.4567,75.1385,96.9407
133.3674,233.1474,76.8041,98.7410
85.5189,235.8157,79.6039,92.6545
8.8004,188.6312,77.4813,98.6508
102.3191,212.7261,86.0293,91.9277
43.1910,213.2225,93.0000,87.8038
0.9300,188.1715,90.7379,89.6188
113.7874,232.6947,89.1060,91.3258
88.0318,241.3523,89.1029,89.6030
8.7763,190.3565,84.8394,97.5264
99.1483,224.9846,86.0357,96.5345
10.2519,188.4774,85.2684,103.1199
10.4759,174.8387,84.8288,102.4748
104.1472,225.7491,87.0547,100.5291
11.3456,188.2367,86.9898,106.5859
107.5156,237.4883,87.4529,105.7880
21.2724,187.7592,85.5437,111.1997
0.0000,162.5962,70.1348,113.0806
0.0000,162.0768,59.3861,113.6710
0.0000,162.0768,59.3861,113.6710
0.1354,183.6096,59.2216,113.9958
2
0
0
0
0
1
89.8978,182.1313,119.4690,99.5596
62.9588,198.1897,118.0098,100.2197
53.7926,153.7721,114.5864,103.5836
43.1670,124.2440,113.4661,104.3898
43.1669,124.2440,113.4661,104.3898
43.1669,124.2440,113.4661,104.3898
34.5568,121.5758,112.7606,104.5182
34.5568,121.5758,112.7606,104.5182
2
0
0
0
0
1
42.3285,235.3772,100.0054,99.6476
41.3746,245.7926,99.6803,99.9080
105.4394,333.2696,98.2280,99.3802
107.2226,329.8907,97.3799,99.7998
119.6882,327.3892,98.0822,99.9097
123.7781,336.8934,99.0193,99.1182
2
0
0
0
0
1
49.1064,226.6347,117.5891,110.3855
120.2565,199.6033,118.7944,108.1662
118.5652,213.0932,115.5866,111.3281
122.7559,206.5235,107.5871,117.8580
121.1501,208.5237,107.4538,116.8029
122.6445,238.1973,108.5916,114.6023
121.6770,235.8380,108.5064,114.6445
122.3574,237.4097,108.2918,112.6216
62.0233,213.5028,113.4690,108.1799
146.0895,239.1123,112.8211,108.6979
46.8404,229.4462,108.1741,106.4138
0.0000,199.5342,83.2983,111.5493
0.0000,211.8784,71.2508,112.3488
2
0
0
0
0
1
97.4309,248.2508,155.0923,89.4624
114.1163,244.7049,147.1945,95.7934
111.5265,247.0898,145.4767,96.1215
114.5938,213.6077,141.8544,98.8625
125.7675,243.2403,140.4242,97.8653
124.4439,241.8055,138.7465,98.4556
110.8297,253.9716,136.6873,100.3269
110.8297,253.9716,136.6873,100.3269
141.0741,239.9196,136.5278,100.3949
126.5504,251.7004,134.0759,102.1131
122.7221,251.6200,134.2768,101.0900
135.8227,253.3203,136.5123,99.1848
146.8719,254.2219,137.2568,98.5273
144.8809,316.8146,137.3367,95.9577
145.4530,331.9934,137.3415,95.6725
147.1937,331.4925,137.2955,95.2558
146.6590,331.6399,137.5115,94.7371
135.0803,332.2817,136.9211,94.6832
137.9802,331.4641,136.8043,94.2939
148.7576,332.3608,135.8210,93.2559
146.6330,328.9856,135.7952,93.7061
2
0
0
0
0
1
29.2054,214.7550,177.5741,97.9043
170.2750,265.7714,174.6142,100.4872
2
0
0
0
0
1
87.0292,234.2920,185.5714,93.1901
138.5265,254.9967,186.2686,93.5131
138.0519,269.3447,187.2529,93.1426
136.1118,267.5692,187.9616,92.7841
2
0
0
0
0
1
93.2206,238.9689,173.4993,92.2817
122.7754,270.1927,171.8098,93.6174
137.1107,268.8581,174.8401,92.6948
2
0
0
0
0
1
62.5425,238.1931,200.2273,79.6642
147.3312,287.3914,199.3697,80.0631
2
0
0
0
0
1
38.3196,233.0992,241.2497,83.2432
116.6904,271.8236,240.8712,83.7497
2
0
0
0
0
1
47.8413,223.6386,210.5513,89.9205
162.0971,219.1931,203.2444,98.1393
160.3971,255.9500,202.7252,98.7877
2
0
0
0
0
1
112.3380,220.3945,245.2119,95.9356
157.2638,259.7389,241.2748,96.2232
160.1671,275.1192,239.0779,96.5850
220.5614,270.7236,236.2715,97.9552
236.1299,263.6621,237.4374,97.9731
112.7427,234.3442,227.1918,106.0471
193.9617,253.0291,225.9149,106.1877
186.9098,251.2631,228.8560,103.3939
228.8685,250.2178,221.7960,104.9623
115.6821,224.1175,200.5913,115.4378
116.7290,243.9187,200.7559,113.6291
97.5593,240.0052,199.2883,113.4633
96.3449,256.8437,198.8259,113.5031
253.1964,254.2168,196.8779,112.2737
273.7555,248.8964,188.2345,113.2728
261.5986,248.2564,184.2469,115.2217
263.1858,248.9638,183.4738,113.4568
159.2585,198.3643,195.7743,102.7196
254.2206,254.2752,194.5271,102.9496
145.6205,203.5230,191.3277,99.9448
255.9755,257.2262,191.4351,99.2626
256.1967,273.0381,191.9373,99.3845
256.2611,254.4739,194.2767,98.0813
151.1380,201.9521,190.7329,98.1618
258.1827,256.3828,190.6691,98.7828
256.9639,254.3493,190.2964,98.6066
258.6406,266.9734,189.7823,98.7590
256.2148,249.6127,188.5277,99.8666
274.3416,245.5051,185.3718,101.2604
264.8404,236.7398,175.6801,113.2646
267.1403,233.0490,172.2073,116.5347
285.5369,225.6643,168.1296,122.3159
287.6692,220.5702,168.0239,126.0043
288.5443,218.3295,165.7399,129.8479
308.8962,195.8432,159.5083,134.5236
310.5613,196.0347,153.9219,134.5497
311.0938,208.8350,148.3715,138.6816
310.4484,204.2903,146.0181,138.9568
312.1605,214.9933,141.8571,143.3206
327.7487,196.0056,140.3656,141.4719
328.0732,194.4073,134.8577,140.7513
340.2296,192.8039,134.4495,138.9678
355.1117,177.2654,134.9650,136.6710
352.8448,163.2448,131.8874,137.6944
365.9125,184.8804,136.2681,132.3464
363.7812,167.3394,132.7314,131.1037
390.2592,151.3248,140.5422,124.3992
391.5390,166.2715,140.7950,123.7463
391.7065,164.4747,141.6606,122.5470
392.5609,164.5687,142.6006,121.4152
377.7358,179.5780,140.4294,121.7971
365.2224,178.8082,132.2987,126.3917
364.0354,178.6800,128.4206,130.1411
374.9273,164.7533,132.6556,127.1390
255.2047,205.2062,173.8377,106.6933
272.8951,255.5115,173.6147,105.9291
205.6969,236.3932,166.5537,111.0956
191.3932,269.8466,164.7654,111.1248
190.6551,267.1685,164.4037,110.9156
188.6287,268.0842,165.9930,107.4817
172.5002,265.3865,163.1924,108.8494
157.3954,265.3801,161.7188,109.0158
2
0
0
0
0
1
2
0
0
0
0
1
225.9880,190.9952,216.9321,99.4218
206.7022,193.5345,215.8909,99.1441
187.2906,190.9348,213.6590,99.7051
294.6505,223.4711,197.5019,108.2949
297.9190,201.0011,189.0981,112.8742
297.8124,212.1044,184.2450,119.5358
301.4246,209.4761,180.6049,123.5995
305.4357,204.6600,176.4949,125.5596
303.9499,200.0108,170.8309,126.9292
305.6882,198.2339,168.0203,128.8062
319.7596,193.6280,165.2721,130.3952
323.7225,190.1147,154.0358,134.1811
325.7666,174.2460,153.0476,132.6918
325.8805,174.3135,151.9347,131.7102
328.5727,179.5475,148.5878,130.8753
331.4044,192.7521,141.6540,129.1646
332.9663,178.8063,140.3018,129.1430
335.6495,179.6624,139.0621,128.9807
339.1455,193.3756,138.6920,127.9006
339.4929,177.2906,137.1760,128.5840
340.1656,177.7232,137.7756,128.7534
352.0789,162.3712,137.4446,128.2171
349.6380,182.8612,137.4894,125.5173
350.0426,188.3539,136.9855,124.1955
350.1306,192.1169,134.7151,124.7413
213.8057,201.6673,142.8618,110.1719
197.3379,230.0524,140.9976,112.0173
324.9492,200.9103,142.2126,112.1701
352.6671,158.8549,156.5496,101.8240
369.2742,174.3971,159.2986,99.4253
369.2669,188.8766,159.5247,98.9917
221.4516,201.6340,155.9288,99.4302
2
0
0
0
0
1
266.7422,218.0300,233.1895,114.4769
312.1691,178.2305,233.4767,113.8021
299.7937,198.3193,221.7194,112.4454
175.7454,216.2055,214.1020,117.7260
175.7454,216.2055,214.1020,117.7260
175.6884,235.8583,213.6358,117.9626
196.0377,255.6977,214.0780,116.6659
196.0377,255.6977,214.0780,116.6659
212.2344,316.6852,216.0285,114.5250
212.8609,320.3326,218.4558,112.3765
214.7896,320.6292,220.0769,110.8091
216.0129,322.7481,223.1087,108.0161
242.2546,325.1512,221.6187,108.3586
261.0490,328.5061,218.7380,109.2068
2
0
0
0
0
1
309.9499,178.6795,174.0245,146.4411
311.1353,165.1969,167.5375,146.5438
312.8264,167.8852,159.1479,149.6935
245.6534,198.2059,184.2780,125.7694
224.6609,213.5277,181.1271,128.5938
325.9415,175.0320,172.6199,134.9467
314.9418,170.7757,152.1987,143.9017
334.8267,166.2071,144.0248,147.3378
335.6291,164.2277,136.1484,148.4608
335.2292,151.9644,133.6529,145.1808
224.9732,189.4333,134.5389,141.3666
228.3353,216.6143,128.7370,145.7095
347.6645,161.3757,126.3459,146.6565
234.8225,186.9091,137.8130,131.8943
337.3823,156.7825,132.6371,135.3885
245.9348,196.9728,146.8965,124.0959
334.2212,175.6473,137.1622,133.3458
246.2928,195.4707,149.6427,122.0891
350.5575,160.5859,144.1045,127.0020
226.4478,195.9903,147.5741,123.3687
330.9138,176.3295,143.5365,127.1378
223.9480,196.8909,147.0788,120.4739
225.9087,227.9862,146.5926,121.7761
2
0
0
0
0
1
313.3369,163.8002,174.2893,142.8367
323.6661,160.8676,151.5225,154.9408
243.0965,187.9483,160.3269,145.1671
246.4018,189.8705,163.0449,141.7091
259.0433,200.6369,177.3354,123.4592
260.6508,220.2762,180.0536,118.1727
260.2911,210.5661,188.6591,106.4426
244.4382,211.8397,195.5542,99.1774
241.0688,213.7970,204.7089,92.5283
258.2244,229.7892,205.5068,93.1167
244.2482,226.7449,204.5160,92.0468
308.1181,181.6231,185.0871,107.7907
249.9812,200.9522,191.4156,103.3258
252.3651,214.6014,194.9540,102.6470
2
0
0
0
0
1
313.0729,168.2812,174.1653,141.1072
314.1578,144.9980,166.5152,145.1430
236.8129,186.6352,169.1670,139.5327
317.8189,165.3793,160.0472,145.2212
241.3053,188.9882,163.4750,137.1564
329.5270,166.7787,145.5314,144.8277
333.2635,164.0661,138.9456,148.9651
334.9146,163.9426,128.1973,151.6485
259.9165,172.6581,139.0150,139.8771
228.2092,190.6451,137.4084,141.4061
311.0389,321.5998,139.2037,138.3905
2
0
0
0
0
1
320.5110,179.6576,164.6815,143.4651
319.6433,159.7681,163.0547,141.6252
222.3228,167.5418,161.6857,135.3494
322.5577,188.5185,151.5846,134.5997
334.1425,180.4282,157.1601,126.2978
333.1213,179.1312,151.1998,128.6851
350.4952,178.4749,140.0096,131.6696
349.4427,182.9070,139.3719,128.2777
345.4080,171.8983,136.8125,128.0773
344.5842,173.7697,134.7147,129.8199
346.5275,176.2538,133.7267,131.0831
359.3601,187.8799,131.4705,132.8065
241.3678,194.5321,135.1041,123.5318
2
0
0
0
0
1
312.3255,185.1035,223.3632,99.2276
311.4017,220.7830,223.0426,96.0247
311.1846,215.2635,219.7576,97.3614
328.5415,213.3315,214.5555,98.5171
347.7007,197.7959,217.0082,96.9031
346.1342,220.3034,217.0128,97.0645
343.7397,220.2024,217.7332,96.9352
340.4296,216.5470,219.1824,96.5049
339.0929,199.6291,219.4819,96.6765
246.9444,202.4406,215.5575,97.0638
209.7400,218.6837,212.8745,99.0906
2
0
0
0
0
1
2
0
0
0
0
1
2
0
0
0
0
1
2
0
0
0
0
1
2
0
0
0
0
1
2
0
0
0
0
1
2
0
0
0
0
1
2
0
0
0
0
1
745.1556,241.1350,141.1614,69.2999
823.3159,264.9458,136.6841,69.4192
807.9693,292.4431,137.8208,68.7048
2
0
0
0
0
1
672.7535,297.9574,146.2992,95.9523
2
0
0
0
0
1
772.6683,252.1912,160.4323,97.7098
772.6683,252.1912,160.4323,97.7098
772.6683,252.1912,160.4323,97.7098
769.2084,256.6476,167.4370,93.2906
769.2084,256.6476,167.4370,93.2906
2
0
0
0
0
1
766.3502,236.0619,193.6498,102.5260
786.3660,235.0273,173.6340,106.5016
785.6285,236.9867,172.4852,108.3169
