1
2
0
0
0
0
1
509.2018,487.9833,78.9736,79.5941
2
0
0
0
0
1
586.7171,594.8773,78.3898,81.5413
2
0
0
0
0
1
2
0
0
0
0
1
2
0
0
0
0
1
573.1677,453.9684,78.4943,82.7961
2
0
0
0
0
1
593.5646,530.8375,89.4515,84.7488
581.8544,530.1918,90.2944,84.3042
549.0897,494.6585,89.6915,84.7047
529.2449,482.9675,89.3334,84.8767
518.3446,480.9986,86.8840,86.0097
516.2009,489.6000,86.7985,85.8644
516.7928,553.8575,86.0625,88.8967
2
0
0
0
0
1
527.4003,544.4528,79.8903,84.5604
2
0
0
0
0
1
528.3587,533.0217,86.6223,99.6855
506.0678,530.6945,82.9437,105.0275
2
0
0
0
0
1
556.1413,568.6996,95.3147,97.3628
2
0
0
0
0
1
671.0336,571.5306,92.1185,96.4752
741.7000,581.6696,92.3407,97.9209
656.9611,533.5041,91.0736,97.6016
683.0605,552.5360,85.2333,102.7778
755.8476,576.8854,82.5504,104.6467
681.3419,532.1617,87.1177,99.4689
741.3127,579.9573,87.8522,98.6470
690.8397,531.9110,89.7615,96.2532
772.7678,588.0530,87.4095,98.3705
749.5050,549.6869,86.0632,99.1847
728.6541,533.2507,81.1929,103.7181
797.6146,566.9802,79.1536,105.0581
808.5718,589.4204,77.1929,108.1442
807.0465,587.9573,77.4584,107.9244
818.8370,598.7197,75.8916,109.5050
2
0
0
0
0
1
731.2173,556.8184,82.6486,94.8112
2
0
0
0
0
1
821.4021,556.7339,81.3938,82.6040
799.5309,533.4147,78.7239,87.9568
2
0
0
0
0
1
811.7961,512.1392,94.2692,101.2035
809.4741,512.1118,96.8252,99.0520
804.4416,513.4190,100.3551,98.1333
803.3091,539.8178,102.2568,96.4879
805.6896,551.2020,102.4255,95.7830
830.4137,563.1078,100.4921,99.0525
2
0
0
0
0
1
748.8058,530.7957,98.7404,105.3002
698.9464,530.4208,99.4318,104.9821
2
0
0
0
0
1
2
0
0
0
0
1
690.4320,397.2599,126.1779,107.6837
