1
2
0
0
0
0
1
36.4692,47.5935,25.0704,62.3667
47.6424,44.3262,24.1831,63.9577
54.0471,36.8174,23.0090,66.6629
2
0
0
0
0
1
83.3679,32.4525,25.3624,65.5302
89.9000,31.8667,24.8146,66.0215
71.3115,27.0436,29.1478,61.3299
72.3508,25.1717,28.6750,62.0114
82.1777,31.6819,28.0206,63.4193
74.4805,37.0102,27.7911,61.7204
88.4428,38.9996,27.0136,63.0026
2
0
0
0
0
1
66.7398,18.8551,20.8155,65.0258
71.6114,23.5178,22.6033,64.4924
80.8280,27.9730,23.3497,64.1279
71.6368,29.8578,21.9602,66.0633
78.5850,28.6479,21.6291,67.3754
110.1133,24.5017,21.6932,67.5399
125.0072,30.9689,22.8187,65.2596
106.1613,27.9796,23.0772,66.0924
106.4314,30.3127,22.6036,64.8376
117.3839,26.1651,22.7979,65.1883
117.7730,15.9854,22.5092,64.6093
127.2390,38.3661,24.8077,61.1848
140.3897,38.6299,24.0047,61.7844
167.2024,25.2513,22.4516,65.1452
145.2772,40.3083,23.3031,64.1465
152.2731,47.4786,27.4594,57.7615
141.1918,46.3994,26.8228,59.0504
136.6883,41.0779,24.7827,63.5377
98.3300,44.3361,25.6566,62.1110
101.7707,44.5635,26.3316,60.8630
101.8458,57.3742,30.3655,55.7075
96.8028,49.4284,30.1918,53.6561
100.9634,42.2188,32.3975,50.4727
99.4417,41.6909,33.1634,48.7788
101.4229,46.9441,30.5499,49.4752
106.9220,49.5289,28.3788,51.1967
124.1137,49.7980,26.9324,52.0223
118.5814,56.6885,26.7865,51.1634
102.1057,62.4872,27.0184,49.7941
96.5378,63.8000,29.5384,46.5141
94.2497,57.5492,31.3761,44.3562
109.8300,57.9947,32.2276,42.8087
132.5603,53.5366,32.3357,42.1101
114.7836,53.0484,29.5605,45.7697
115.5261,60.6888,27.0204,48.0692
125.5062,33.1314,24.8702,51.2866
116.6621,62.6775,24.4237,51.5788
122.8125,65.1804,22.3236,54.3670
2
0
0
0
0
1
120.6979,16.5509,25.5791,73.6858
2
0
0
0
0
1
128.4892,65.7295,24.6803,80.4580
133.4700,67.4961,26.9090,77.0414
140.2327,64.9220,27.9807,73.5850
146.5245,68.4896,27.8413,70.7919
176.5391,62.3498,26.7076,72.0715
171.7540,60.7524,26.2645,73.2987
177.8758,69.6860,27.6982,69.5567
164.4892,64.9377,29.0585,70.1304
182.0183,71.7507,28.5794,70.1482
180.7742,68.0058,28.5980,67.7543
2
0
0
0
0
1
126.0245,46.4617,34.4291,84.0591
143.8410,54.4471,36.7529,82.5753
133.0681,64.0074,39.9715,78.5371
123.3467,73.1192,43.2789,72.9527
138.3636,42.4569,41.6338,77.2792
2
0
0
0
0
1
188.4637,29.8831,29.4717,77.2961
182.5016,45.1808,29.7111,76.4057
2
0
0
0
0
1
121.1795,46.6443,26.0943,85.4387
120.3973,65.8063,27.0335,83.5539
125.6463,56.0545,27.0777,82.6456
117.3385,65.2830,29.1196,78.5804
118.2311,55.3274,28.7240,80.5036
132.4039,59.7081,29.1643,79.9118
133.3099,57.5340,29.1690,79.9079
154.0338,47.2904,28.7694,80.3549
141.6450,41.1512,28.2668,81.6231
153.4284,32.1623,27.5403,82.1128
145.9570,36.9397,28.3321,80.8460
2
0
0
0
0
1
169.3755,32.6098,28.0939,91.8806
2
0
0
0
0
1
139.2713,19.3041,29.4579,79.7939
