1
293.8678,150.9373,48.8669,143.2327
292.8630,148.7309,52.5412,145.6846
293.7061,148.8856,53.1221,146.1057
294.4727,148.9479,53.3402,147.0121
295.6510,150.3798,53.2380,146.0620
295.9009,149.1427,53.2563,147.5076
296.4210,150.1891,52.2784,146.8527
296.9031,148.9113,52.0758,148.4812
296.1800,148.9644,52.4855,149.3293
295.0190,148.1113,51.8358,150.5463
293.8781,148.5166,50.9588,149.8322
292.3884,149.4301,51.3077,149.1992
290.1282,148.7165,51.7165,149.2987
287.1806,148.4473,51.6933,148.9517
284.4304,149.6723,51.6909,147.4495
283.3686,148.8748,51.3237,147.8421
280.4839,148.1887,52.5674,148.8177
278.9897,149.2655,51.5320,148.2497
277.1356,153.9945,51.5640,143.1070
275.8209,152.8280,50.3849,144.0495
272.8918,154.3033,51.8960,142.2091
271.6287,156.1940,52.0118,140.1338
271.3917,156.7878,52.3477,140.1223
270.4691,158.6223,52.9569,139.1222
270.8593,157.9878,53.0034,140.3639
270.6884,160.4091,52.9307,139.4039
267.7903,160.3091,54.2360,139.5857
267.6914,161.8158,53.1410,138.3156
267.3383,163.1335,51.6579,137.3824
267.9395,164.1615,48.3298,137.3506
267.1068,162.9813,47.6937,139.8640
265.8815,166.6920,47.0776,137.2972
265.2397,164.3745,47.1324,140.8003
262.7996,166.0695,47.3515,139.9399
262.1231,162.0823,47.1886,144.6214
259.2562,163.4366,48.7288,143.6349
258.0412,160.8436,48.5134,146.8832
256.5038,159.9964,48.0379,147.9709
255.4997,158.7712,47.0760,149.5640
254.8709,160.5339,46.0598,148.3374
254.1789,161.0309,45.8667,147.8545
253.7496,161.9193,45.1814,147.0005
253.1553,161.9556,44.4410,148.4308
253.0304,162.1673,45.1343,148.0166
253.5809,161.8889,45.7551,148.5418
252.9022,162.3305,46.8315,148.9816
254.6171,161.6467,46.7710,149.0131
255.2895,159.0306,46.6523,149.5323
256.7040,159.1824,46.5809,148.4353
255.5127,162.0970,47.2679,145.0932
255.1622,162.0808,46.2244,144.2638
253.5147,159.2480,45.9671,144.6867
253.3464,159.6782,45.4657,143.0490
251.9901,157.2035,44.9173,144.0851
253.8810,154.2109,42.9878,147.8727
254.1509,151.1680,42.5251,151.3002
252.1361,147.8275,43.3532,155.1381
250.8920,144.5283,46.4833,158.6624
246.6882,141.4656,52.3226,161.2823
240.9666,139.3539,60.2672,161.1831
239.0589,138.5373,65.8890,159.8982
238.7643,138.9497,67.6870,158.1628
238.8226,139.0540,66.9606,157.7290
239.2764,139.4989,66.0997,156.6879
239.3997,140.3219,63.4377,154.4825
239.2632,142.9654,61.6541,151.9137
239.2381,143.9417,60.2365,150.0703
241.1597,144.1872,58.5840,148.1042
242.6019,145.2796,58.0242,146.1950
242.7704,144.5318,57.0682,146.1610
242.0530,146.3823,56.2648,145.2038
238.6745,146.3677,56.7058,143.7190
239.2623,147.0002,57.3663,141.5596
241.4366,147.2692,57.7398,140.1641
242.0820,146.3166,57.9813,141.2290
241.2789,146.0858,58.7007,142.2195
241.3476,144.7149,59.0908,142.5424
240.8305,145.1120,58.3932,142.6605
241.2845,144.6305,58.4218,144.1386
240.5873,145.5440,59.2394,143.4954
240.1804,144.9391,59.2163,143.7895
239.5578,145.6153,59.0141,143.6018
239.1016,145.8842,60.0768,143.5379
238.2764,144.6221,60.8631,145.4433
238.1455,144.9190,60.9353,145.6433
236.7341,143.2424,61.2253,147.6185
235.2635,141.6373,63.3706,149.9879
234.5710,141.1068,64.7689,150.1720
234.1477,139.7435,66.6740,151.4638
234.6375,139.1004,68.4543,152.6963
234.4489,137.5607,69.2056,152.8391
235.8406,137.3589,69.1038,153.3066
236.3281,137.0288,69.6883,153.6496
237.8493,137.9638,69.4608,153.4624
240.1553,139.1415,68.6152,152.0243
243.4386,139.6949,66.9734,150.5916
246.2293,139.7364,65.6412,149.4041
248.0229,139.8202,64.4734,149.1038
249.5541,140.4736,64.5538,148.1942
251.3696,140.8427,64.3672,148.3170
256.9758,139.0241,61.9669,149.2357
262.5340,139.7848,58.2349,147.5167
267.1464,141.1823,56.0468,147.4676
271.6702,140.6400,54.5519,148.5488
273.4797,132.7952,53.9888,148.2212
269.8271,181.5857,53.3020,149.4963
269.0041,183.4661,53.9286,149.3140
270.3003,201.0903,55.9276,146.8622
272.3706,206.5719,58.5381,143.9294
284.0401,197.5027,59.0645,143.2736
285.9355,201.3016,60.6439,141.4359
299.2036,190.7852,60.1571,142.6528
301.9963,207.0399,61.3924,141.1243
314.5407,220.5998,63.0462,138.4188
323.3533,220.8268,64.7363,136.2767
2
0
0
0
0
1
279.4023,155.8178,45.2644,90.7383
280.2856,154.7091,45.0566,92.3324
280.7446,152.5776,44.0580,93.6550
280.6311,152.6136,45.6116,92.9417
280.3377,152.2527,45.8370,92.8658
280.4690,151.9005,45.5432,93.0314
280.1155,152.7900,45.8654,93.4197
279.2528,154.9140,46.1931,92.2146
278.1403,155.3517,46.7910,91.9683
277.5967,156.0722,47.5447,92.4370
277.2804,156.0974,48.3124,92.8305
275.2800,156.5152,48.6306,92.5786
274.6899,157.0925,48.0582,92.1742
274.0551,157.7172,47.6761,92.2151
274.1347,157.8389,46.2701,91.9195
274.1769,157.4862,45.7979,91.3156
273.1339,157.7651,47.3092,89.7644
272.8158,158.8867,47.5679,88.5793
272.8010,158.9792,47.3744,87.9724
273.8902,159.3858,45.5768,87.4792
275.0582,158.0725,44.3177,88.1311
275.1331,156.5688,43.6262,87.2820
275.7072,156.0512,43.4043,86.4860
276.3344,154.9486,42.6609,87.9531
276.9205,153.9766,42.5824,88.7259
277.6911,154.2367,42.6962,88.0821
277.9956,155.5074,43.0552,86.1180
278.3071,158.0058,43.9415,81.3521
279.2481,159.3856,43.9034,78.3486
280.3511,160.4600,44.4830,75.4765
280.2719,160.3286,44.2012,75.9341
281.5320,172.9310,43.3987,79.8248
283.2607,171.0825,42.7144,83.3377
283.1418,169.9475,42.8966,85.9085
283.8858,169.0585,42.8284,88.8117
282.2371,166.6792,43.5853,92.7558
281.7318,164.2285,42.6951,98.0545
281.7676,163.3829,43.3889,101.6469
279.4070,163.1044,45.1579,102.5713
279.3104,162.2661,45.3980,106.5119
278.5529,160.9314,46.4556,111.4356
277.4937,161.7365,47.6931,114.1519
277.6234,163.8771,48.1070,114.4961
276.9357,164.6895,48.5303,117.1216
277.7386,165.8291,49.1110,118.3490
277.6596,166.8971,50.4052,117.4323
279.1572,169.8411,51.2778,112.8835
279.2766,169.8142,51.8729,110.4630
279.7708,168.4474,49.7916,111.9172
288.6993,169.3850,51.3399,110.1666
289.0915,169.4449,52.2599,111.0142
289.3032,171.6458,52.3006,109.4734
289.5115,170.4874,51.7823,112.0426
289.1743,173.3034,51.3654,108.8282
287.3401,174.4932,51.3540,108.0227
283.6003,175.4480,54.6018,104.3252
283.0418,171.4868,51.4425,112.5845
284.2437,166.5652,48.0303,122.1701
284.7374,161.7907,45.8666,129.6012
288.2711,156.5333,43.1795,138.1675
290.9462,154.6864,42.6130,142.4440
292.8439,154.0591,42.6855,143.8519
295.9656,153.1637,41.7339,145.7558
298.8210,154.2618,40.8069,145.1505
300.5798,156.2943,40.3771,144.6768
300.0609,158.6429,40.7267,141.8091
298.7070,159.0834,41.4075,140.4143
299.1965,159.4449,41.0215,142.5122
300.1288,161.1135,41.2657,141.1238
298.1355,161.8582,42.4075,139.7215
299.2612,161.3194,42.6852,141.7414
298.8968,161.4542,43.3307,140.4523
299.2705,164.1987,44.4924,138.3702
298.4296,166.1753,45.6558,134.6359
298.4192,166.3505,47.3597,130.5692
295.8742,166.7555,48.1869,126.8410
293.8282,166.5376,47.4266,124.7775
293.4465,167.6444,46.2585,122.9676
293.8770,167.2748,45.5297,122.3790
294.4806,159.7153,45.4344,120.6149
294.3809,160.0901,44.9274,121.0931
296.2613,159.7881,44.6838,122.8119
333.3327,128.9730,50.7822,119.4648
328.1749,129.2785,56.6725,116.4506
323.6023,128.8152,61.8466,114.1578
312.3185,128.0681,65.5431,111.5627
312.9036,136.3741,66.4655,113.4612
311.6296,135.6637,67.1621,113.5644
303.0450,140.8578,63.6085,121.0976
303.6929,136.4107,62.0936,127.3088
302.2437,134.9372,63.5024,126.2431
300.1702,133.4691,64.7699,126.3245
300.4266,142.7672,64.2266,126.6190
311.6504,153.3197,59.8029,128.5194
310.3989,152.8807,56.7114,129.0409
310.9974,163.6946,55.3182,124.6402
310.6039,155.2527,53.9014,121.6141
308.3980,159.1078,54.6267,115.0612
308.2545,163.9810,55.4849,108.3440
308.9028,171.0507,52.4792,109.2005
307.7132,171.4761,53.0223,105.4850
307.4083,170.9716,52.6016,104.3391
307.7184,170.3275,51.9648,104.6709
308.0215,171.4773,52.2836,103.0359
308.0564,171.5643,51.5720,104.6182
309.1717,171.3772,51.3187,106.9424
310.0857,171.2552,52.4136,107.8906
310.9639,169.8425,51.8920,112.0808
312.5397,168.6009,51.3658,115.4420
314.6821,168.1127,49.8977,118.0080
316.2107,169.0510,49.7956,118.4931
318.3905,168.6917,48.2478,121.9516
321.2561,168.0031,46.6346,123.8554
324.2282,168.7115,46.0485,124.7991
325.8925,168.1854,45.0374,127.5419
328.3477,167.4500,44.2719,130.1247
330.9756,166.0792,43.0789,132.6893
332.1974,166.6195,44.3175,130.8517
334.2164,167.8733,45.9285,127.1096
335.9388,169.4157,48.1266,124.1807
341.8027,171.3895,51.7322,118.3317
339.6133,172.1304,54.3137,115.1938
339.9212,172.2741,55.0497,115.9286
341.4913,170.9359,54.9085,120.0690
341.9312,169.7743,54.1135,123.6751
343.1688,170.4635,52.6151,125.2458
345.1446,172.1450,51.7075,123.5596
345.6738,172.8483,51.9146,121.7008
346.2985,171.2478,51.9732,122.8388
347.3571,170.4477,51.8786,122.9257
350.0501,168.9512,51.3391,125.0723
352.0788,168.6041,51.5612,126.7906
354.1908,169.2953,51.8524,128.0688
361.4940,169.7292,53.1282,125.5909
363.3873,171.5170,53.4445,123.3683
365.5365,172.5634,53.3329,123.3766
367.6749,171.2482,52.7057,126.6651
371.0546,170.5697,51.6694,128.6521
378.4289,170.1291,52.8656,129.0950
379.2767,169.9539,52.1400,129.2534
382.4692,170.0439,50.6264,130.1898
386.2662,168.8255,48.7332,132.9860
388.9774,167.9986,48.3755,133.1919
390.1386,168.7555,48.4329,132.0583
392.7295,167.4648,46.8008,134.2094
394.4540,166.2454,46.1031,137.8707
396.0523,166.7841,47.1732,138.4439
396.9881,166.5586,48.6473,136.4502
398.8662,167.9669,50.3409,132.9278
399.9509,170.8985,51.7698,126.2839
400.7758,175.2099,54.1277,121.3047
400.3278,180.2713,57.2717,113.8351
399.4986,191.9517,61.2233,107.2008
405.5018,193.5923,67.6099,102.1078
407.3310,184.8699,66.0439,100.6540
410.6226,185.2484,63.4875,100.6883
413.4883,185.4748,61.9767,98.9311
416.7409,184.6887,59.9819,96.8983
419.6169,181.7060,57.1038,98.0484
428.2273,175.7368,57.7009,93.3295
429.1019,176.7361,57.6525,92.2168
430.8672,175.8974,55.4203,93.7033
432.7363,174.1363,53.2299,97.3052
433.5038,172.0169,50.4637,102.5111
435.0007,170.8692,49.1286,104.8689
435.7812,169.5774,48.5031,106.3723
436.5624,169.7459,49.5032,106.2814
436.1589,170.8675,50.6479,106.2428
434.4167,171.5728,51.8014,105.7810
433.3814,171.5308,52.6686,105.9406
431.8294,172.3762,53.9866,105.2329
431.4311,170.6725,54.6721,108.4413
431.2995,170.2474,53.9852,110.8242
429.6125,170.0775,55.4614,111.2911
426.4199,170.8389,56.6501,110.6626
422.9208,171.5629,58.6378,109.5835
420.6038,172.0613,59.3868,108.9221
417.7693,173.4311,60.0013,106.6144
415.9936,172.2813,58.7333,108.3034
413.5754,170.3004,57.7643,110.7004
407.2629,169.1055,56.1152,110.8617
406.4420,167.9845,55.4714,114.0587
404.4970,167.2200,54.4316,115.7844
402.1741,166.2235,54.1984,116.8308
400.2655,164.7715,54.6212,118.5132
399.1019,163.6908,54.8493,119.7402
397.2215,163.2635,56.5289,120.9368
396.4148,164.3971,58.0172,119.2524
396.6432,163.9482,58.1045,121.4100
397.8424,162.8273,57.5182,122.4458
398.5317,162.8492,56.3978,122.4521
399.5237,162.2336,54.6488,123.6681
400.9978,160.4730,52.3573,124.7439
400.8988,159.6117,51.5775,125.8703
401.8347,158.1383,51.0123,126.9663
402.0512,157.5510,51.1702,128.9023
401.5865,157.7614,52.3903,128.8851
401.5757,158.8105,53.7516,127.1936
401.1302,159.3294,54.9543,126.4048
401.3731,158.8876,55.0024,125.8404
401.0109,158.7379,55.0231,125.5894
401.9276,156.6730,53.6165,129.3969
401.6243,156.9628,53.1343,127.8966
401.7383,156.3135,52.8904,127.4567
400.8843,156.3492,52.7811,125.9480
400.1603,155.3870,52.5095,126.1544
400.1289,152.7834,52.2362,130.5547
399.7369,150.8758,51.0331,134.4370
399.5984,149.8640,50.2621,137.6372
401.1798,147.9304,48.2379,142.5559
402.5213,145.4612,47.2390,145.1957
403.9794,145.0277,46.6019,146.8807
406.7047,144.7346,45.3962,148.3290
408.1618,142.5439,45.9020,151.1825
408.7529,140.4164,46.4011,153.3295
408.9171,139.8868,47.5398,153.5195
410.1086,139.5559,48.8135,156.7014
409.5429,138.9088,50.5912,160.1087
410.7715,138.0882,50.3920,164.3176
413.5344,136.3219,49.3561,169.3822
415.9183,136.4068,50.3561,171.1866
417.0440,135.2450,51.2926,170.8046
416.3241,135.4009,53.5253,169.1971
414.5630,134.8492,55.0969,170.3386
412.6445,133.5661,55.7535,173.5558
412.6602,132.6921,55.4424,175.0473
408.5319,132.9367,57.4247,174.5492
408.3285,132.3459,56.8922,177.1756
406.2771,131.2785,57.6682,179.7163
401.8157,128.0346,59.1534,181.2838
399.5244,129.0123,59.9610,181.6373
396.1852,128.5119,60.7773,182.4300
391.7009,127.8751,62.1970,182.1040
390.5941,128.9519,62.6746,182.5403
386.4141,127.8829,64.5276,182.3910
382.8596,127.9784,65.9330,182.1227
379.7122,127.4175,66.6374,182.2049
377.4094,125.9071,67.2211,182.7047
374.8015,125.4017,67.4732,183.5743
372.9908,124.1427,67.5818,184.3559
371.3607,123.2636,67.9455,184.1863
369.1229,122.5378,67.9305,184.0289
367.6873,121.0647,67.1303,184.7996
366.6253,120.6987,66.3539,184.8894
366.7633,120.0003,65.9450,183.6935
365.6587,118.4068,64.5856,181.8824
365.0776,116.8771,62.9113,180.4478
366.5770,117.1000,62.0283,179.5484
364.7638,114.8687,61.9946,177.4625
364.5270,113.7001,60.9531,175.7910
364.0115,113.8433,60.2566,172.6946
362.1792,114.2215,60.4161,169.8121
361.1375,116.0039,60.1307,166.4241
359.6440,116.9400,60.2423,164.5457
358.6297,118.1189,60.5221,162.7660
357.9803,118.6760,59.8157,160.8488
357.0256,118.6109,59.4102,158.9124
356.6724,119.7547,59.1129,154.3880
356.2310,121.0353,59.3497,150.0769
354.1681,121.7396,59.7020,147.8376
353.4425,122.4498,59.1541,145.9616
352.1441,122.6954,58.0978,144.4921
351.3747,122.8068,57.7687,146.6584
350.7231,123.2056,56.6506,147.4687
350.8069,122.8854,54.8107,147.7302
350.6567,122.7959,53.2493,147.7352
349.6145,123.0101,51.9664,146.5126
348.3785,123.1622,50.1078,147.6217
347.6010,125.0443,48.6748,146.7966
347.1727,125.5633,46.9635,146.3693
345.0963,126.2754,46.8768,144.5726
344.0222,127.5645,46.0392,142.4718
341.8747,128.0557,45.6680,141.6010
339.2744,126.9046,45.2839,141.6529
336.3051,126.3777,45.4286,140.7963
332.7137,124.9133,46.0598,142.2107
330.5267,122.9034,45.8845,145.0076
326.4407,123.8026,47.7700,143.2744
322.8397,122.9994,48.0406,144.3743
320.4891,122.9827,48.0457,144.0681
318.5060,123.4205,47.5571,144.0945
315.3802,125.2221,47.6255,141.0371
311.9429,127.1870,47.5192,137.0317
308.3183,128.6699,47.4196,135.1209
304.6254,129.1283,47.4600,133.2721
301.9783,128.9496,47.0522,132.2761
299.1316,129.6558,46.3357,131.1473
295.7547,129.8833,47.3149,128.7883
292.1113,131.4795,49.0100,122.9723
288.6151,131.7818,52.5044,116.8041
288.5356,131.6428,51.9062,112.2364
288.4324,131.7926,52.8492,106.6636
286.3346,131.8641,53.2533,101.8418
283.1849,133.5096,54.8521,95.5792
280.0119,135.4793,56.6103,92.1314
276.8539,135.9456,57.3771,90.8473
275.4678,144.2275,58.9547,92.0262
278.5269,151.9624,57.0862,94.6154
279.2282,151.8177,56.3969,96.6279
281.6234,157.9194,52.8010,102.4473
284.3538,153.6305,48.9048,110.0391
284.2805,150.5873,47.4161,116.9609
284.6173,146.9820,45.2711,123.7922
284.3128,144.3266,45.3868,127.0771
281.9531,143.7143,47.4722,130.4001
279.6013,142.8884,49.5447,132.4578
276.6231,142.8023,51.9816,133.5035
274.4906,144.1150,54.5804,133.4410
274.1099,144.8248,56.2585,133.2189
272.8462,146.4609,59.2662,132.7304
271.1920,146.8952,62.2669,132.0469
269.9766,147.4250,64.9069,130.9566
268.5107,146.6126,66.3425,130.0249
266.2047,145.9225,67.7432,130.4551
263.6541,146.2948,69.7772,130.0316
261.6100,146.7909,70.5107,129.5462
261.1835,147.6710,69.2578,128.9895
260.5754,148.4357,67.6440,128.3343
260.4764,149.3143,66.3842,128.1581
261.8983,151.1279,64.8724,126.8457
262.6876,152.9344,64.0623,126.4832
263.3946,154.1150,63.3604,127.4876
264.2280,155.6185,63.0816,128.2936
266.5513,156.8600,63.0139,129.1933
268.1276,157.4144,62.8627,129.5170
270.2786,158.1794,62.2324,130.8420
273.1787,158.0004,61.5389,132.3278
275.2912,157.1884,60.0497,134.7640
276.1337,148.8400,60.3445,131.7938
277.5649,150.7248,59.7845,131.0885
278.7545,150.4485,58.9778,131.9518
280.2563,150.4937,59.1530,132.2032
281.5000,150.2268,60.7195,130.2688
281.2388,151.0728,61.2175,129.2565
281.5078,152.2139,62.4445,128.7705
280.6192,152.3674,63.1736,128.1058
271.5003,152.9148,62.7633,129.8222
281.2822,143.6833,64.9928,127.1966
278.8586,145.6255,66.3950,125.1842
276.8782,146.8198,67.8727,123.6953
266.8772,148.4839,69.4135,122.6901
257.1973,157.6886,67.9935,124.1395
258.4670,145.9380,67.7358,124.8666
270.2274,136.4072,69.3321,123.4142
269.6736,139.1148,70.5503,121.8640
269.3224,139.0339,71.4126,120.4478
246.0701,149.2320,68.8197,122.5626
245.8994,148.5667,67.0477,124.3424
246.9979,147.9857,65.7599,124.7004
247.5145,147.4577,64.6097,125.3028
247.3405,146.7948,63.7388,126.0277
247.2737,146.4770,62.7170,127.1925
269.0986,135.6705,64.0870,124.1245
256.0300,111.8755,64.7194,124.7545
255.1736,110.6982,65.3257,125.1711
256.4453,108.9223,64.9885,125.5749
256.4750,108.1562,63.9974,126.0603
266.5467,144.8437,66.0680,124.3821
266.3062,146.0152,67.0102,123.9311
265.5745,146.6457,68.5214,123.0295
264.4705,147.9266,69.9769,121.7235
262.7187,148.5577,70.9855,120.8954
260.8111,149.0013,72.2816,119.8397
258.3977,149.4457,73.1796,118.5402
256.5022,135.7112,72.9960,119.3817
253.9119,148.9718,73.9393,117.9176
251.3730,149.7708,74.1862,117.0478
249.9827,137.4862,73.6594,117.4995
247.2731,161.6372,73.7596,118.0308
238.7894,160.0515,72.8328,119.4379
240.0420,159.6258,72.9593,119.5990
232.8233,157.1004,71.3074,120.7982
235.8260,154.0110,68.8342,124.5251
237.1927,152.5676,68.1472,126.2173
237.5705,149.8360,66.8915,129.3891
237.8660,147.6152,65.9570,131.9429
237.1574,136.0061,65.9717,132.7094
247.3058,137.6143,67.0208,131.8011
244.7047,139.7577,69.7296,128.7691
243.3240,140.2140,70.6971,127.8763
243.2542,130.3856,72.4561,126.2444
242.6871,133.1334,73.5573,125.0563
242.5015,135.4692,74.9682,123.9181
234.4549,145.0668,72.4965,126.7426
238.1629,130.0403,69.9830,130.7830
249.2038,132.0961,72.4481,128.2985
248.1876,133.8636,74.3313,126.4344
246.4756,123.0956,75.3456,125.4935
245.9117,124.8921,75.9374,124.3229
245.9283,124.6973,75.2008,124.6021
248.1277,124.9848,75.5328,123.7319
249.3324,125.4711,75.9658,122.6138
241.4004,122.2061,74.1405,126.4259
246.3102,117.3075,70.7434,132.6042
255.7112,116.5456,70.6523,132.7999
254.8041,114.8891,70.2791,134.9013
255.8616,113.4350,70.0726,136.9053
255.0807,112.3396,70.1738,138.1127
254.4398,109.1897,69.5516,141.0186
253.4839,106.1321,69.5003,143.2935
253.6400,102.2086,68.9417,146.3017
253.6222,100.9681,69.6952,146.2533
252.2716,100.1592,70.5402,146.4113
251.5912,98.9038,70.4675,147.7495
250.7308,97.5134,70.4828,148.0973
249.8097,96.7371,69.9359,148.5554
248.6983,95.5411,69.3006,148.7113
248.3217,96.5880,69.2202,147.9530
246.7767,96.7953,68.8771,147.7922
247.0997,94.6862,67.8206,149.5396
246.6066,94.0443,66.9387,149.3353
246.4223,93.2601,66.5500,148.0181
245.8086,81.9291,68.4834,145.5117
245.9040,69.7088,69.7085,143.2596
244.7699,71.4629,71.1141,139.7107
242.9945,85.5641,72.4430,138.1842
241.5188,86.4383,73.4906,136.7960
239.5632,85.8911,73.6720,134.7211
238.1018,83.8561,72.8228,134.8565
236.7161,82.0206,72.2864,135.2129
235.3102,80.8375,71.8366,135.3573
233.8771,79.3351,71.5961,135.2437
232.0413,77.6437,71.2388,135.1139
230.5659,75.6475,70.8688,135.4594
228.7204,63.6327,70.8335,134.9148
226.5244,53.1307,70.4916,132.1523
224.3175,65.3899,70.0848,132.0725
232.6116,77.1864,71.1314,131.6541
229.6563,75.0960,72.0261,133.0050
227.7880,72.2258,72.0251,135.6335
226.1362,59.1325,73.1551,133.0218
224.3430,58.0327,74.2356,131.2919
224.0753,68.8132,73.8196,133.2841
223.0743,55.3225,73.5341,132.0911
223.0695,53.6486,71.9980,133.0963
224.4835,51.6469,70.0436,136.0174
224.7785,49.8450,68.1102,138.1849
225.9178,47.2751,66.5074,140.8239
227.2934,43.9086,64.7713,142.7837
226.5376,41.5326,64.0341,143.2169
227.2047,38.1717,62.8885,144.3781
225.5553,37.5124,62.6185,143.9780
224.3782,36.2743,61.9865,144.3372
223.5811,34.5864,61.2070,144.4331
221.8628,33.9363,60.9801,143.6736
220.1226,33.5817,60.6349,144.2468
219.3998,32.8726,60.1095,145.0674
218.3456,40.4479,58.1451,151.0727
218.4789,36.6964,56.4012,156.2938
219.1362,33.7154,55.4403,159.6837
219.8525,31.9303,54.9963,161.7487
218.9213,21.9646,57.1750,155.8613
217.4165,23.0245,58.3458,152.4573
215.7497,23.2957,58.6372,151.5358
213.8259,24.0891,58.8912,149.6196
213.0610,24.7925,58.3219,149.0498
212.9822,23.4860,57.6662,150.0640
213.5916,21.7076,57.0374,153.0045
214.5708,11.1351,58.1775,149.1394
215.5944,12.3501,58.7859,146.7493
215.8081,13.4526,59.6211,144.6839
215.9246,14.3010,60.6385,143.3297
215.6265,14.6593,61.6310,142.1289
215.0287,13.5903,62.6771,141.1714
214.7413,11.9538,63.7839,139.9074
213.8248,10.7483,64.9248,137.9987
212.8389,10.9176,65.9438,135.4902
213.6870,21.4249,65.2112,137.7137
214.1691,20.6625,65.4067,137.6906
213.9488,10.6877,64.8371,133.9603
215.1894,23.2728,64.5018,133.4994
214.9536,22.5624,63.6977,133.4432
215.4635,22.9955,63.3163,131.4514
217.1232,24.8053,62.8823,129.0302
217.9243,26.3066,62.2940,125.2018
218.1759,27.3686,61.1301,121.1951
219.2451,28.5437,60.4536,118.0442
218.6988,30.5045,59.6114,114.3259
218.7709,31.2640,59.4135,111.6748
220.3134,31.7687,58.4173,110.4304
222.4155,31.5534,58.1613,108.8989
222.7560,30.7368,57.8423,108.5401
222.7466,29.7437,57.6714,108.4883
223.0736,29.3338,57.6742,108.7652
217.2477,36.7143,55.2323,112.1815
219.4035,36.2849,55.2322,112.5795
220.6517,35.8568,54.8527,113.5714
221.7505,36.1748,54.1350,114.9728
229.2051,35.8897,53.6053,114.4119
221.6488,45.8002,53.3344,115.1857
229.0644,45.0420,53.5378,114.6618
227.5552,52.9843,52.4907,117.2581
226.7088,54.0176,52.1352,117.1902
228.0783,62.9439,50.9743,118.5557
227.2559,61.8596,49.9429,120.5608
228.8409,59.8710,49.5818,121.6030
236.1263,53.2435,54.4736,115.2232
234.0273,54.7188,55.3253,113.7402
233.5741,60.7778,52.9613,119.8124
235.7196,58.7912,51.9039,121.1280
237.4843,57.7286,51.5424,122.3183
244.9262,55.8307,51.2885,123.8936
242.7390,54.6681,51.2427,125.2116
249.7051,54.9440,51.8812,124.4058
246.8222,55.4021,52.2411,125.0431
248.8570,54.3676,52.5173,126.4449
256.1115,55.3481,53.1054,125.1071
252.9840,56.6990,53.6684,124.4597
253.4251,57.3897,53.9865,124.3190
254.4557,57.4897,53.9299,123.9848
255.4252,57.6128,53.7749,124.1992
256.6901,58.5930,53.4787,125.2375
256.2757,59.0952,53.0746,126.4401
256.9709,60.2406,52.8528,126.6364
256.5155,60.4402,52.3107,126.8620
256.7519,60.5756,51.1910,128.2379
2
0
0
0
0
1
265.6641,53.8338,39.9955,139.1411
269.0192,51.1567,38.0493,141.5913
271.2307,48.0600,37.3544,143.5905
273.2483,47.4732,38.3943,143.1308
274.8130,47.3325,39.0926,142.0492
277.1228,46.7393,38.5762,140.9158
280.0095,45.6733,37.6132,143.1612
281.9944,44.6060,37.2045,144.6953
284.8644,46.1116,36.1353,143.7170
286.9775,46.3335,35.4109,144.8918
289.4801,45.0595,34.9727,147.0788
292.1897,44.8755,34.6022,147.8401
295.9857,46.3237,34.0693,148.0031
298.8356,48.2232,34.4633,145.9826
301.1972,50.5074,34.5848,141.5158
301.7015,49.9132,35.2267,139.6619
303.6883,49.5550,35.9764,139.0552
303.2039,50.7265,37.1818,136.8275
305.0064,51.7092,37.2990,134.8539
306.3595,52.9680,36.9861,132.3390
307.0457,54.6447,36.9778,131.5733
307.3084,54.5541,37.5526,133.5643
308.0771,54.2238,38.4140,136.1435
309.2190,55.1518,39.6212,136.4751
309.8596,53.5190,39.8015,138.5140
310.9649,51.2021,39.6242,141.1725
311.1969,49.4782,39.5984,143.9732
313.1185,49.8663,40.0676,144.1409
312.7684,49.7825,40.8636,143.5547
313.2076,49.8761,41.1534,142.1896
313.5640,48.9493,40.8927,142.4579
313.7271,47.4545,40.8474,142.9633
313.8786,47.1098,41.5153,142.4706
314.8800,47.2386,42.1310,141.5864
315.7343,48.2294,43.8378,139.6874
315.0853,48.1008,44.5786,138.9288
316.1104,47.4098,44.6705,138.3111
318.3785,46.1164,43.9218,139.8725
319.2016,44.1494,43.7838,142.2856
321.2406,42.9212,42.7419,144.7272
322.0043,40.1659,42.3126,149.6275
322.0935,39.9981,41.5494,150.8942
322.9630,39.7957,41.7703,153.7221
322.9499,40.0772,42.0259,154.8848
324.1520,39.9328,42.6005,156.6804
323.5614,39.8408,42.8444,157.0552
323.8228,38.7791,43.6182,159.6579
323.5012,37.7988,44.3495,161.4856
324.0134,37.9368,45.2961,162.1411
326.2166,39.1544,46.6266,160.3304
328.9526,39.0019,46.9430,159.4850
331.6065,40.2776,46.8877,157.7697
334.4850,38.4443,46.2658,159.6840
336.9718,37.6409,45.3903,161.5388
338.7034,37.2441,45.4328,161.6443
340.2626,36.8889,45.6431,160.3100
341.0822,38.1551,46.4590,158.7085
341.2207,39.1859,47.3726,157.3793
341.0472,39.0340,48.3287,156.1751
340.5117,37.8289,48.8518,156.3231
339.0505,37.2958,49.5889,157.7084
339.9131,37.3768,50.1686,158.1152
340.5620,36.8126,50.5098,156.8031
342.2022,36.7947,49.4113,157.0827
343.3013,36.8954,47.8885,157.7927
344.6775,37.8140,46.8315,157.0661
345.6723,39.5539,45.8198,154.3212
346.2824,42.2774,45.3414,150.8848
349.0405,54.3321,43.5226,141.3731
351.7111,54.4827,41.9799,137.4555
354.0833,52.6436,40.4113,137.3951
355.2285,50.4139,39.2983,138.3195
356.3154,47.7780,39.9872,138.8974
355.8677,44.0602,40.3999,140.6762
357.6195,40.1264,40.0720,142.6750
357.7828,36.2999,39.3389,144.5645
358.0475,33.3665,38.8020,146.8911
358.8781,30.6681,38.9191,147.3060
359.3611,28.4736,39.2178,147.7375
359.1290,26.1736,39.2579,148.0255
360.5654,24.2068,39.1465,148.3132
360.7177,21.7254,39.4167,149.8155
361.1298,20.4912,39.6533,151.1152
360.7421,18.9380,40.4588,152.5388
360.5468,17.4926,41.0400,153.6947
360.3997,16.9058,41.6341,153.7894
360.9984,16.6716,40.9846,153.3289
361.2461,17.0708,41.4049,152.6047
361.4377,17.4057,40.6216,151.8761
360.8568,17.0056,41.2449,152.3154
360.4626,18.2387,41.7382,151.0754
360.5033,19.0585,41.9473,150.4247
361.3389,18.3601,42.2491,152.2560
360.8444,20.3148,42.4364,150.7299
361.1173,18.9228,41.9632,152.3405
360.5369,21.5101,42.8461,150.3223
360.3798,20.4145,43.1641,153.6673
359.2411,21.0340,44.1377,153.2404
358.5383,20.8835,45.2465,153.9955
358.5465,19.7993,46.0436,156.2490
358.3022,19.8536,47.2367,156.7060
358.9532,19.2407,47.5141,157.2773
358.9891,20.7633,48.5634,155.7106
359.9233,22.2079,48.4294,153.9691
359.9305,21.5119,48.6632,153.0793
359.5079,21.1528,48.7251,152.4654
359.1247,21.2737,47.7091,152.1437
359.6477,21.9394,47.1092,153.2979
361.1712,22.8610,47.1254,153.8943
361.3731,22.2385,46.6994,153.6594
360.9316,23.0927,47.0508,152.8312
361.0092,24.4392,47.2532,152.1420
362.4779,25.6088,47.7966,151.0977
362.0453,25.5534,47.2875,151.8492
362.5110,25.8875,47.4080,152.3164
362.2867,25.3106,47.8566,151.5194
362.0442,25.8305,48.2446,151.6689
361.5772,26.3716,48.4606,149.6617
360.7507,27.9933,48.6728,150.0560
363.0500,26.9272,47.7819,150.3044
362.2673,26.7116,47.6202,152.4388
363.6209,26.3184,47.1835,151.7648
363.3600,25.9796,47.0455,151.4513
356.0298,37.4462,45.5972,146.1801
359.7016,37.5697,43.5591,142.5030
361.7866,37.9902,40.7510,140.3476
360.0811,40.2609,40.0347,138.3420
358.3533,41.6741,38.2864,136.1752
357.0763,43.2207,36.6443,134.1371
355.7269,46.5991,36.1711,130.4086
354.1357,49.1611,35.6201,127.3087
353.0162,49.0948,35.1449,126.0444
353.4557,49.4049,34.9801,125.3345
351.9717,49.5493,35.0477,124.4221
351.4709,48.1496,35.0030,125.8845
349.9593,47.3969,35.2432,126.3571
348.6284,48.2654,35.0207,125.2453
348.1584,48.0817,35.2269,124.8515
346.3943,48.3888,35.4986,123.6425
345.0572,48.4512,35.9191,122.6865
343.0852,47.4284,35.5087,122.4748
341.0705,45.7563,35.0847,122.1008
339.0938,45.0355,35.2670,121.9910
337.1743,44.3846,35.4579,122.2565
335.8345,42.8175,36.2854,122.8602
334.4106,42.2649,36.2333,122.2413
332.4336,41.1861,36.3872,122.5703
331.4870,40.2339,36.3909,123.5193
328.8648,39.2354,37.2222,123.0558
327.1449,38.4473,36.8192,123.3090
324.9948,37.9616,37.2844,123.4339
322.7411,37.9419,38.1730,123.5476
323.2860,37.5372,37.8126,123.2946
322.5770,37.3040,37.6978,122.4272
321.6942,37.9578,37.0358,122.5422
321.0335,40.1130,36.5739,121.5319
318.7257,40.7290,36.1296,119.7815
318.3992,41.4325,35.4374,118.2816
316.4910,42.8333,35.2442,115.8883
314.8864,43.4725,35.0480,114.6722
313.3289,42.8215,35.1574,115.0024
311.6577,42.6825,35.4556,115.2180
310.3924,43.3161,35.4306,114.5321
309.6439,43.2923,35.5308,114.8720
306.2758,42.9793,36.3030,115.2463
305.3633,44.2218,36.5703,113.3251
303.7315,42.8142,35.7018,115.0697
303.5078,44.9251,34.8602,114.0120
302.0478,43.0453,34.1810,115.9347
300.2127,43.5770,33.3405,116.1370
299.3148,45.7608,32.7473,114.5397
297.2440,46.1224,31.9594,114.9211
295.6205,46.5515,32.1239,115.5077
294.3796,47.8229,32.5405,114.2492
291.9219,47.9192,33.1320,114.0537
290.6302,47.2161,32.9536,116.2258
287.8995,46.1822,33.4594,117.6311
286.6607,44.9475,34.2050,120.4711
284.4005,43.9313,35.5081,122.9788
282.8518,42.6207,37.7565,125.5123
282.2725,42.0195,40.0594,126.9737
282.0317,43.1665,42.1193,127.1829
282.7898,45.0861,43.5329,125.6146
283.1525,47.3612,43.5112,122.7887
284.2462,48.6537,42.7038,122.3011
284.7695,48.4081,41.9906,122.8403
284.2414,47.4788,42.2298,125.0448
285.7421,47.4661,42.1248,125.0162
285.5833,47.7150,42.5877,124.8065
286.5888,47.1091,41.6038,125.1703
286.3726,47.6933,41.6204,124.4151
295.5376,45.5275,43.0143,126.4446
285.1771,54.8274,43.2266,121.9543
285.3123,53.5440,41.7796,120.6347
284.0526,54.5473,40.2347,119.4617
281.6042,56.0621,38.8742,118.3914
281.6902,58.8193,36.2321,115.2050
282.2353,59.5862,33.6562,112.0988
282.9704,59.6618,31.6471,111.8637
284.0061,60.7955,30.6942,110.4445
285.2344,61.4902,29.7925,109.6903
285.8012,60.8718,29.0280,111.0002
286.1890,61.3444,29.1053,111.0076
286.6695,61.0016,30.4769,111.6763
285.1868,60.3867,31.4995,111.9802
285.9234,62.0014,32.6511,109.8948
285.8132,63.7822,34.5132,106.3727
285.6404,64.2420,35.6416,105.4088
286.2277,65.7113,36.7020,103.5413
287.6541,66.5895,37.3575,102.6130
289.2930,66.3422,37.9332,102.1241
291.7328,67.0568,38.2256,100.6783
294.7829,67.6036,37.5853,101.3095
298.2859,66.6579,36.3624,101.9518
301.5548,65.2435,34.9849,102.5068
304.3368,64.6196,33.5299,103.0749
307.0902,64.4288,32.0145,104.0668
309.2753,64.0546,30.6049,103.8076
311.1793,62.7993,29.1766,104.9741
313.3878,61.6726,28.1111,106.2941
315.5693,60.5894,27.4703,107.6997
317.8763,59.6913,27.2881,108.1412
320.1321,57.7052,27.3197,110.2781
322.2908,56.8749,27.8597,111.1223
322.8188,56.3093,29.1292,112.1551
323.8443,56.3157,30.4147,111.0977
325.4421,55.8689,31.3284,111.5601
327.2396,55.2613,32.2249,112.4300
329.2577,54.8160,33.4180,114.4179
331.0627,54.6564,34.6155,114.8085
332.5037,53.0614,35.2063,117.9407
331.8643,50.9215,35.4237,120.1088
331.9891,49.3311,35.2219,122.5335
333.0184,47.6121,35.9068,125.3007
333.6349,47.4204,37.4384,126.7904
334.8523,48.7939,38.5766,124.9433
335.8008,50.0933,39.7660,123.7903
335.5899,51.7443,40.1585,122.0824
336.1338,53.6770,39.8685,119.3688
334.6552,56.0413,39.2561,117.7482
333.6816,54.5908,37.0527,118.4829
331.8491,52.9153,36.3973,119.8626
330.8789,51.7535,35.9265,120.0941
323.2712,43.7925,36.5033,122.4320
323.8751,43.4178,37.3469,125.1385
324.9041,40.5171,37.4808,127.8454
324.9121,39.9728,38.4739,129.3782
324.6224,39.8717,39.1773,130.4211
323.7094,40.2609,40.0914,131.5850
323.3803,40.3261,40.8296,131.7118
322.9869,39.5772,42.2202,131.1339
321.4526,38.8367,43.1149,131.0197
320.5959,39.7931,43.5138,131.0387
321.0235,39.5077,43.8862,131.1198
320.7144,40.6781,44.1287,130.8815
2
0
0
0
0
1
385.0618,63.5043,30.1672,106.3569
385.6389,64.4301,30.7639,108.0473
386.7797,63.9847,31.3701,109.0910
388.8849,63.3243,31.3513,111.2314
390.7774,65.3633,30.9333,109.3038
392.8869,63.5800,31.1387,111.8735
394.5257,64.8677,33.1121,110.6633
396.2474,63.0602,34.1791,111.3123
397.4674,62.2951,35.6227,112.0124
398.2245,63.5185,36.9244,111.0216
399.4176,62.4868,38.3073,110.0343
397.8575,61.8832,40.1268,110.8791
397.9946,64.2564,39.8931,108.9645
396.7469,65.1586,39.8417,108.6678
394.6111,64.6392,40.7215,109.4169
393.5480,66.0275,40.0854,108.7893
393.9554,67.1352,37.4707,108.2525
394.4163,67.4235,35.3706,108.1362
394.2116,68.3554,33.8112,106.2730
393.6043,70.7341,32.3400,104.1689
392.7421,71.5336,31.6616,103.4842
392.4545,70.4766,30.7130,105.7967
392.2482,71.1094,30.4246,106.7053
391.5059,72.4077,31.0258,106.8065
391.0953,73.7581,30.9046,106.3304
390.4801,74.3987,32.0972,106.5157
389.2684,76.5923,32.4813,107.1342
389.6515,79.5153,33.2366,106.2212
389.8044,82.2486,33.0132,106.0964
390.3863,85.4842,31.6827,104.5695
390.9473,87.8816,31.1638,104.0492
391.7157,87.5561,29.8713,106.3365
392.0983,88.1730,28.9882,108.2038
392.1669,87.4023,29.2269,110.1299
391.2285,87.4479,29.1981,110.8328
390.6658,86.9842,29.4844,112.5551
390.2624,87.7717,30.3132,112.9529
388.4291,90.0753,31.7279,111.7585
387.4824,91.4601,32.7684,111.5346
386.3479,93.9776,33.9240,109.7872
386.4212,93.7200,34.9349,110.9182
386.6952,93.0905,34.8707,112.1892
385.9090,91.6839,34.8069,115.7168
386.2053,91.4609,34.8796,117.0197
385.4701,92.7686,35.5638,116.0766
384.4239,95.6277,36.0535,113.9095
384.9962,99.5117,36.2966,109.5899
386.4302,102.6468,35.4854,107.0295
387.5541,104.8803,35.6121,105.6889
387.9773,106.0019,35.7169,104.6317
388.9601,107.4571,35.0206,103.1566
390.0052,108.0587,34.0784,102.1365
390.8401,110.1387,33.6355,101.6111
392.1567,111.2193,33.4391,100.6851
392.2751,110.8165,33.5042,100.9495
392.3817,111.6279,33.7948,101.6996
392.0794,110.9499,33.4896,102.1059
391.9224,111.6784,33.3080,103.4527
391.1689,111.7090,33.9390,104.7313
390.4521,113.2548,34.3611,104.6263
389.1415,114.8402,35.3172,103.5876
388.2100,116.4911,35.8606,103.0179
386.2793,119.7588,35.7510,102.2404
386.6056,121.6517,34.8890,102.4921
384.7740,123.7943,34.3627,101.5502
383.6814,126.7900,33.9669,100.9792
382.8973,130.0217,34.1964,99.0013
383.3756,132.6646,34.2003,99.0106
384.9501,135.1552,35.4857,98.6401
385.8124,137.3834,36.3477,98.5648
384.3060,140.5145,37.7384,95.8147
382.8973,143.7766,37.3206,93.4029
381.4189,146.3150,36.7739,91.3455
379.8559,147.8156,37.0374,89.9195
378.3631,147.5492,37.8526,90.7652
376.1331,146.9619,39.2139,92.4091
374.4710,148.1608,40.8719,92.2743
372.2659,147.6789,42.9893,92.0857
370.5158,146.9212,43.5173,91.4762
368.9182,148.2698,43.1329,91.8319
368.6726,147.9743,42.4343,91.7025
367.9164,148.9765,41.0826,91.9492
368.1154,149.5753,39.9753,92.0313
368.8356,147.9975,38.7053,94.1758
367.6039,148.2147,38.3624,93.2431
367.5772,145.1848,37.5702,95.0316
366.2054,141.4380,37.7305,98.2778
364.4979,140.1498,37.9523,100.0422
365.6498,136.6808,37.6445,102.6697
366.5182,133.8404,37.4478,105.1588
365.6841,130.5912,37.5164,107.4482
366.0208,128.0976,37.5435,110.5516
364.7779,127.4963,38.1852,111.9098
364.2994,124.2736,38.5735,114.8995
362.3503,123.8800,39.5049,115.9135
361.3839,123.3828,39.7962,118.3853
362.6938,124.3328,40.9890,118.0393
363.5145,124.9649,41.2328,118.4679
363.8359,125.8398,41.0248,119.6058
364.4840,125.9157,40.8027,121.2515
365.9680,126.1884,41.1774,122.6409
367.5789,127.4893,41.1069,122.7075
368.3947,128.4667,41.1011,123.3334
369.9296,130.8884,41.4073,123.2870
370.1109,131.2867,41.5833,124.9372
371.1240,133.6719,42.0204,124.2267
372.4404,134.3699,42.0413,124.4491
373.4465,136.0386,42.0215,125.0987
375.0306,136.9738,42.4227,125.2361
376.9327,134.5493,43.5310,127.3709
377.0096,136.5032,44.1623,126.4461
377.0237,137.0413,44.9589,126.1301
377.4789,137.6292,45.4169,126.0938
378.7245,138.7117,45.3798,125.7832
378.7253,136.2127,44.8615,127.4047
379.4847,137.6793,45.7015,125.9687
380.8805,137.8893,45.8613,124.7818
382.4001,137.4545,45.9965,124.8138
383.7415,138.5250,46.5931,125.3006
385.9076,137.6280,47.1011,127.4120
387.8496,135.7055,47.2146,129.7339
390.3130,133.5506,47.8962,132.8717
392.2428,132.1061,48.3391,136.8052
394.6689,130.6872,49.2129,139.4267
395.7805,129.1870,50.1618,141.7873
397.1654,128.2538,50.7415,143.2160
399.1437,126.9620,51.1639,143.9551
400.9745,126.3254,52.0255,145.4430
401.2715,124.4781,53.2068,148.2633
402.5325,125.5594,54.0788,150.1561
401.9462,127.8786,55.3600,150.3833
401.6598,128.8841,55.5789,150.7910
401.6041,128.5158,55.3086,150.0990
400.1564,125.8578,55.1085,151.7625
399.2867,124.8606,54.6002,152.1005
398.5377,123.8711,53.8165,153.6853
398.1854,122.9636,53.8966,154.5104
398.2372,120.6857,54.2836,157.2965
398.1422,118.9988,54.5212,159.1758
395.9072,117.7202,55.8096,161.6187
396.1573,116.4299,56.6577,163.8581
395.7077,115.6362,57.4534,164.7941
394.5280,114.8158,58.3188,166.5651
395.1163,113.8223,58.5574,167.6080
394.9158,111.8623,58.1968,168.6865
397.0010,108.1757,58.0394,171.3202
399.8430,106.6500,58.2928,173.4782
402.1924,110.2121,58.1979,171.6146
403.3120,111.6972,59.1136,172.0107
404.7359,111.5878,59.7703,173.6840
405.8039,113.6484,60.8173,173.0914
406.3268,110.1544,61.1457,176.0933
406.4539,111.1244,62.4957,176.5522
406.5328,107.1334,62.4329,176.9028
406.5395,106.8673,63.6926,177.7975
406.9733,106.2043,64.6460,177.1303
405.2071,107.7448,65.4562,178.0272
405.2283,108.1497,66.3774,179.0843
403.9030,110.0520,65.5966,179.8342
403.7080,108.8417,65.0508,184.0109
404.6015,110.0690,65.3357,184.7631
405.6746,112.4965,66.5943,183.6637
406.8762,114.4659,66.6331,180.6271
409.4873,115.7874,65.9819,178.8273
411.8481,120.8276,66.0592,175.5163
415.1804,121.6150,67.7716,171.9858
416.5470,119.9478,65.3011,174.8978
417.7339,119.8882,65.2217,176.1460
419.0774,119.3990,64.9110,175.1021
420.0091,120.9003,65.3043,174.3026
420.4918,119.0206,64.8781,175.0656
421.6844,116.6759,64.7643,175.1660
422.3200,112.3019,63.6714,177.7517
423.8958,108.3384,62.6420,177.7015
425.7444,105.9630,62.7427,176.9982
428.2459,103.1912,62.4713,176.0815
426.3938,101.3086,61.4600,178.7734
425.2060,98.1325,60.4754,182.0276
425.9165,103.1360,61.5969,178.8633
426.9239,103.7770,61.2791,178.9800
425.8685,107.0083,60.4747,177.6524
424.0036,109.8899,59.8712,178.2258
423.2580,111.0272,59.0822,177.0514
425.0161,112.8411,58.5859,177.2463
425.3789,115.5175,58.6702,176.6700
423.2527,117.2746,57.4225,176.6700
424.1967,119.2351,56.0450,175.0702
423.4077,118.7346,54.0306,174.8508
422.0057,120.9381,54.7396,173.9234
421.8708,122.9480,54.8682,174.8265
421.8817,123.8197,54.8585,174.8699
420.9931,123.0955,55.8932,177.0979
421.0038,123.3026,56.4357,178.3273
421.4521,121.4964,56.8297,178.4915
423.3856,119.5689,57.0846,180.3982
423.6904,118.5327,57.2521,181.7304
424.2559,118.3983,57.6796,183.2351
426.6684,118.5657,58.2226,183.0646
428.4448,118.2728,58.0949,182.1353
429.9101,118.5780,57.5466,181.7159
431.3716,119.8134,56.8347,180.7105
432.0973,120.9666,56.5152,178.4635
433.2954,122.6473,55.8693,175.8338
433.5523,123.8789,55.2277,176.0379
434.0021,125.1600,55.3103,175.5334
433.3583,126.1362,55.8463,174.2197
431.8272,126.7016,56.1940,174.3594
431.4690,128.2293,55.7684,173.4258
431.6114,129.3956,55.5549,171.8102
430.9109,129.8485,54.7549,171.5921
431.3586,130.7173,53.7889,171.6340
430.4767,130.2661,53.1735,173.1381
431.4192,131.2994,53.0806,173.8916
429.6577,131.9360,53.4587,171.5094
430.5947,135.2932,53.1685,167.8403
430.2407,137.6663,51.5367,164.7971
430.9513,141.4174,50.5323,160.2597
427.7149,141.1604,50.5981,159.1204
428.4773,141.8709,50.0814,159.0049
427.6887,139.7436,49.0609,162.8831
427.2643,138.0158,49.3228,162.8716
426.8768,133.6250,49.4373,166.4251
422.2241,131.7036,51.1934,166.8350
421.4454,131.4867,50.5314,167.9558
421.6830,129.1593,50.1512,169.3667
417.7946,125.4064,51.1321,169.6085
415.8055,122.5345,50.6416,169.2620
410.9388,121.1226,53.0922,167.3271
407.8773,117.8815,53.7813,167.4416
405.9037,114.7143,52.7529,168.4559
406.1276,113.0488,51.3773,169.5045
406.2623,110.5375,50.3711,170.5519
406.3196,107.6799,49.1761,171.5774
408.3328,105.2059,49.3644,171.3567
407.8265,102.3051,51.0925,170.9435
408.8824,100.2359,52.0829,171.3453
412.4612,95.8525,51.6029,174.0739
416.0042,93.5490,50.1826,176.2871
414.3820,91.6724,49.8463,174.8850
415.0823,95.8092,50.4953,169.8238
416.2850,96.4815,50.7977,165.8478
416.7320,97.0421,51.2367,162.3478
417.3250,97.9420,50.7677,159.3855
417.8290,97.8216,49.9890,157.4906
417.7274,97.6247,49.0782,157.0135
417.6936,97.8428,48.8015,155.7410
416.8508,99.0359,49.1106,154.1068
417.1024,96.4929,49.2087,154.9395
417.5965,96.3862,49.3679,154.2550
418.3063,95.4842,47.8913,154.8926
419.1004,94.0879,46.8569,156.5138
418.9222,94.0236,46.1227,155.6365
418.7173,90.5329,46.6541,158.3302
419.4015,90.4497,47.4943,156.9471
419.5672,88.3166,47.5895,158.1030
420.8591,88.2018,47.5277,159.7083
422.0465,90.7915,48.6866,157.1990
422.3652,90.1141,49.0867,157.5051
422.0565,88.6181,49.4650,158.8191
423.1490,90.1872,50.1265,157.1072
422.3967,90.2113,49.9031,156.6015
424.4365,90.1391,49.9883,155.3205
425.1110,87.8457,48.5963,158.8737
423.8469,87.8370,47.8917,161.2115
425.2187,89.1578,48.4833,160.7679
424.3190,88.5115,48.3491,162.0099
425.7907,89.0003,47.3807,162.7992
426.0385,89.2791,46.7117,164.3567
426.6744,92.5713,46.4409,162.2055
426.5263,95.0876,47.1979,159.9443
426.3481,97.3817,48.0987,156.8252
426.5696,96.5881,48.0019,160.6874
427.0741,100.2805,48.9730,157.7950
426.1926,99.7327,49.3073,159.2286
425.6741,103.2011,49.9320,157.3550
426.5309,105.7848,50.2535,157.9926
427.2364,108.2824,50.3623,157.7410
427.0315,111.0540,49.9276,157.5731
426.3354,113.0887,49.8508,158.0575
426.1800,115.5009,50.1025,158.2979
425.5087,118.3325,50.4910,158.0386
422.8581,121.5824,51.1716,156.4928
422.8750,124.4227,50.7429,156.2393
422.1258,127.7789,50.4753,154.4960
420.7490,131.5220,50.1099,153.6948
420.3527,132.5525,49.9883,155.4779
418.5695,137.0732,50.4953,152.7201
418.6209,140.3598,50.7972,152.3050
418.7327,142.6970,50.7114,151.8503
418.4123,142.9826,50.0399,153.6590
418.9779,143.7164,50.2065,153.4885
419.0030,144.6039,49.3353,152.2117
419.3366,144.8778,49.7887,152.2492
420.0877,145.4261,49.7577,153.0258
419.1264,145.9772,49.3235,152.0850
420.1629,144.6063,50.1130,154.0563
419.3126,145.5071,49.4805,153.3802
421.1785,145.6743,49.8032,153.5639
420.5739,145.4411,49.6425,152.3295
421.0382,146.0787,49.3140,152.1083
422.1965,146.8278,49.6526,151.5757
419.3086,148.9205,49.9045,149.4901
418.2895,148.9045,51.3584,149.9071
421.3355,149.3559,50.2896,150.5421
422.1349,149.9146,49.7868,151.6361
422.8010,148.6830,48.3245,153.8340
426.0125,146.2407,46.8925,156.1418
424.6082,147.8003,46.7241,156.3628
426.8408,144.4134,46.2846,159.2611
425.8712,143.9983,45.4052,159.6262
426.4918,143.5372,44.8077,160.7143
428.6654,139.8003,44.6927,162.6059
426.0130,138.7619,46.4854,161.8037
427.6211,140.5765,46.1327,160.5374
427.3629,141.3401,46.7871,159.0518
424.7131,141.3146,47.7325,157.9089
423.4523,139.9444,48.6450,160.5760
426.2833,138.6937,48.0934,162.9547
425.6578,137.8314,47.9232,163.9136
426.6596,136.6835,47.3800,164.8787
427.1349,136.4248,46.8890,165.2657
426.6700,136.4379,47.1862,165.3333
424.7878,137.6727,48.6534,164.9041
425.6007,138.2050,47.6515,164.8058
425.6422,137.4115,47.0349,165.3864
423.6604,136.8331,47.7656,165.0028
420.4441,137.8081,48.6517,161.9068
422.0151,138.7241,48.4648,161.8566
421.1217,136.1984,47.2916,164.0452
420.0555,135.5148,46.7791,163.6895
416.8024,135.2609,48.8647,162.1902
412.1088,135.7060,51.2090,159.5700
410.3665,138.3182,52.0814,159.9312
409.8092,139.4118,53.1736,157.0660
410.0472,142.8179,53.2904,155.3090
410.5528,141.5335,52.6277,155.8057
411.2543,143.6582,53.0696,152.7895
411.0557,143.3991,52.1664,151.9820
411.3914,143.2617,51.1891,151.8399
411.9638,142.8310,50.7865,153.2213
412.4605,141.4863,50.8959,154.7842
412.4308,142.6302,51.2706,154.8581
412.5202,143.8516,52.2039,154.5299
413.0354,144.9722,51.7722,153.6115
414.2520,145.4351,51.0400,153.4328
413.4332,146.2637,50.4088,153.5930
415.1016,144.1956,49.6359,154.9628
414.8536,145.0810,49.8071,154.9310
414.9496,145.6451,50.2436,154.1122
415.5258,144.7161,50.3509,154.2697
415.6590,145.5638,50.5798,154.5187
415.8442,144.7954,51.0996,155.2556
416.4424,144.9281,51.9437,155.6051
416.7744,142.8718,52.5671,158.5358
417.7085,141.4254,53.1405,161.0962
418.2094,138.3816,54.0714,163.8478
418.5984,135.2773,55.4313,167.1181
418.5998,135.2742,56.2709,167.2983
417.9394,135.0259,56.7149,168.6564
418.0054,134.6997,56.8679,169.4863
416.3593,134.9172,57.4930,170.4169
414.9023,132.9749,58.1169,172.3328
414.9290,129.6788,58.2105,175.6608
413.1266,124.7067,58.4370,179.6697
413.4571,123.4260,59.6302,178.9778
410.9196,122.4688,58.8198,180.6937
409.2802,120.6986,59.3366,185.0256
407.6606,118.2982,60.3495,190.3037
405.9687,116.0338,58.6281,192.9654
407.5916,117.3696,56.5287,192.0581
406.9436,119.3897,55.3829,190.5184
406.2714,123.7627,54.8982,187.8557
406.6398,126.2613,53.9216,183.6977
405.7742,128.7806,53.7482,179.7871
404.1882,129.5871,54.4517,177.6005
402.9928,132.8675,56.4613,173.2448
402.4917,135.0906,57.3075,169.0565
401.9208,139.0480,57.3788,165.5514
400.8622,140.6817,57.0905,161.3472
401.0807,141.7318,56.9679,158.7766
400.0319,140.6838,57.1567,158.3925
399.4533,139.0172,57.1017,157.8908
400.0078,135.5543,57.3101,158.8445
399.7580,134.5190,57.1206,160.2098
400.0913,132.8471,57.7737,160.4474
400.0650,129.0736,58.9349,164.0390
398.8152,130.6917,62.2029,163.8689
398.4351,134.5214,65.6390,161.5034
395.3841,132.3883,68.5330,160.3254
392.1826,129.6088,70.9572,160.9220
388.9478,129.4668,73.8170,161.6420
385.4485,128.0877,76.1713,160.4924
382.0262,126.6222,76.8772,160.3002
379.2384,122.2473,77.0245,162.9072
377.0269,118.9673,79.7288,165.0827
372.3817,118.5430,82.9474,167.0730
368.2953,119.0558,85.0319,167.1790
367.7072,120.1776,87.1191,165.4781
365.6244,119.2818,83.9378,167.1561
364.7427,118.6617,80.9159,165.8580
363.6864,120.3784,78.4352,163.9766
362.4818,121.9223,77.9310,161.6301
360.3027,120.4040,76.3115,161.7966
358.4727,122.1413,74.3633,160.2882
358.0056,120.7047,71.8488,161.5352
356.5237,118.6827,69.6148,163.0288
355.7182,117.9156,67.1258,164.6979
354.4246,115.1216,65.6196,167.9709
354.2474,115.8853,64.0401,167.9522
354.4780,120.1933,63.4477,165.7941
353.9168,120.6336,64.0350,165.3601
353.4729,120.1329,63.6819,167.3895
354.4160,120.2106,64.7958,169.5132
356.2332,121.0676,65.0969,171.0148
360.5847,121.3957,62.7827,171.7203
363.7642,124.1202,61.6428,170.7588
367.5714,126.5776,60.9384,168.8741
371.0583,129.0312,59.9858,168.2838
372.3756,128.5093,59.3997,169.7368
371.1537,128.7068,59.5352,169.8261
371.7784,129.7854,61.9138,171.0476
372.7788,133.5426,62.8422,169.2917
372.6331,137.3459,62.2648,167.6084
373.7123,140.2970,61.4297,165.4869
374.1274,142.8792,59.9059,164.4890
375.5345,142.4699,59.4094,166.3718
376.0844,143.7354,59.9398,166.3402
374.7040,146.9266,60.7116,164.6587
375.9461,147.4162,60.7388,164.5688
375.9112,147.9310,60.4341,163.9352
375.9875,147.3161,60.5635,163.7508
377.2066,147.0278,61.4053,166.1860
379.3434,147.1319,60.6857,166.7872
380.7299,150.3672,60.8472,166.6724
383.1737,151.3486,60.7509,165.0943
385.0649,154.8902,60.7963,162.2103
387.0538,155.8701,59.9610,161.0997
388.5943,160.7890,59.1782,157.1692
388.7735,164.4145,59.9093,154.4608
388.4538,168.6907,60.7646,150.3778
391.9348,180.7951,59.3726,143.1771
392.6353,183.9039,59.8423,136.2600
393.9377,186.7949,59.4139,132.4114
394.4244,188.3098,57.8682,130.5463
394.4347,188.6502,56.3268,128.9620
393.6270,190.6055,56.3314,127.0717
394.1100,189.3798,55.6949,126.1420
393.1356,190.9881,56.4466,125.0103
392.4600,191.1938,56.8880,125.9644
391.7430,192.7708,57.9808,124.9867
391.1844,191.1313,58.2692,126.9687
390.8835,192.0708,59.1398,127.2683
390.3241,189.5801,58.7858,129.2059
389.2779,186.1813,59.8295,132.8133
388.2759,185.0960,60.9003,134.3440
385.8736,184.4549,62.7310,134.1022
383.4660,183.6973,64.3955,134.0067
382.0375,182.2799,67.5577,134.6897
379.1449,184.1365,71.8150,131.9779
377.1204,186.3203,77.1880,129.0208
375.8939,186.9460,78.7026,127.5305
375.1778,185.1598,79.5820,127.0424
374.7565,182.1365,78.2693,127.9099
374.1771,180.4382,76.7048,127.4836
373.1205,177.8152,75.9778,127.0389
373.1856,174.0218,72.1600,127.4139
374.0076,171.6113,69.0923,127.6073
373.5322,169.3862,66.1262,127.8171
373.8110,168.4217,62.3575,128.0279
374.1978,165.5763,59.3688,128.7466
375.3369,161.9564,55.9271,129.7366
376.1887,159.7586,53.5481,130.0652
375.5247,156.1070,52.1703,131.5336
374.7411,154.2787,51.5300,131.1970
374.0643,151.1158,50.8926,131.2840
373.3215,147.5910,51.4449,130.8723
373.6420,145.5323,51.4845,131.0036
375.8018,144.8657,50.3204,131.3270
378.8672,146.1151,48.9177,129.7117
382.9774,146.0809,46.3881,128.2594
386.4049,148.1342,44.4839,125.2194
390.0479,149.1788,41.1656,122.7878
393.0823,151.3344,38.2348,119.9349
394.6607,151.0847,36.8515,117.6561
384.8624,138.7278,36.7349,119.1477
353.7857,149.6343,38.5113,117.9504
344.6268,157.2586,41.5404,115.6683
344.0792,150.1583,43.1779,114.6039
375.3387,138.8795,41.8164,116.3093
375.8150,139.0634,41.3358,117.9011
375.5314,139.2999,41.1920,118.0960
375.7727,138.8073,41.8259,117.3772
383.3882,134.4609,41.8240,119.5896
380.8699,131.8885,43.5026,120.2975
378.3604,133.9287,46.1935,119.5891
376.8723,135.4595,47.6008,120.8733
375.7787,138.5654,47.9180,118.5740
373.5256,142.0453,48.5922,115.1773
371.9870,143.4369,48.4824,113.1357
370.0729,144.2408,49.2232,111.3896
367.1512,143.7643,51.1252,110.6955
364.4631,143.4049,51.8774,110.0277
362.0692,145.0097,53.1915,108.8293
360.7424,143.5773,53.5815,109.4884
358.8846,143.0962,53.3544,111.1682
357.5752,141.2143,54.0286,113.7238
357.2994,140.4881,54.3054,116.1763
357.1942,141.0840,54.5296,117.8775
356.2982,142.9886,54.4038,118.5290
355.2930,141.6794,54.3568,120.0871
355.2764,141.9102,54.1476,122.0523
354.8981,142.5879,54.0667,122.6596
354.6753,145.6555,54.0837,122.0790
354.9953,146.6119,53.8132,123.0811
355.2726,146.6061,53.4291,124.5342
354.3891,146.1875,53.9253,126.7345
354.8971,145.0150,54.4349,129.2282
353.8116,146.1375,55.2783,129.3666
352.9985,147.7894,55.3627,128.9396
353.0841,149.7910,55.1448,127.7015
351.9072,151.6438,54.7574,126.2141
351.7948,155.8651,54.2014,123.9737
351.1241,156.7249,53.7607,124.0863
350.1580,158.2759,53.3560,124.6271
350.9256,160.4685,53.2592,123.4704
350.1881,159.6002,52.7300,125.0488
350.6534,160.2237,52.7416,125.6877
349.3174,161.8992,52.7139,125.6466
349.2815,161.5670,52.8044,125.6102
349.2972,163.2511,52.3142,124.8135
349.2360,164.3338,51.9884,124.0508
347.9030,166.1054,51.8264,122.9140
347.9664,168.2618,52.2412,122.8851
347.5744,170.0811,51.0977,122.0208
347.1711,171.4003,50.5810,121.8360
346.8140,171.0634,50.0016,122.3200
346.3071,172.5396,48.9879,121.3226
346.3681,171.2554,48.9354,121.7137
344.3137,171.8584,48.8990,120.5394
343.7463,172.6940,48.0157,119.5053
343.7100,174.5647,47.8167,117.9196
342.2444,173.6631,48.0541,118.9568
340.6004,176.4539,48.3894,118.3530
338.8362,177.1880,48.7643,118.3788
337.0746,177.4791,48.8345,119.8078
335.7582,178.5403,49.1543,120.0439
333.9139,179.7355,49.8930,119.6125
331.3771,180.5566,49.7148,119.4104
330.1312,179.9137,49.2034,121.2093
327.5563,179.8799,50.6486,121.7337
326.6268,180.6553,50.6411,122.1637
326.2834,180.5852,50.6862,123.0199
324.3954,181.2926,50.6371,123.6113
323.2579,181.7413,50.5757,124.2215
320.7030,183.6190,50.8726,124.3744
319.3824,183.6460,51.0134,125.6247
317.7623,183.4213,50.6153,126.6910
315.5287,184.2768,50.2958,126.6339
314.1923,183.4319,50.7530,127.1485
311.5182,183.1468,51.7502,126.8844
309.3675,183.0921,50.9250,127.6086
306.9878,182.7523,50.9362,127.8857
304.6608,184.9328,50.5579,127.9166
302.1741,187.0495,50.2337,126.0174
299.7104,186.6890,50.8359,125.6316
297.0567,187.4062,50.5919,124.3690
294.3318,187.6826,50.2325,123.9193
291.8953,189.3073,49.3815,123.0932
290.4510,186.7932,49.5256,124.1440
287.3965,189.4264,49.2178,122.7525
285.1293,188.5614,48.9366,122.7247
282.4480,187.0916,49.3131,123.5172
279.4122,187.1320,49.8348,124.2513
277.1809,186.9142,50.5853,124.0150
274.5558,187.6952,50.0795,123.7043
272.3853,187.8550,50.1356,123.1866
269.6853,187.0363,49.9927,123.2414
267.7184,189.1111,48.9556,122.4805
266.0075,190.6767,47.7541,121.5733
262.8436,192.0147,47.6467,120.6091
262.8382,192.0529,46.7085,120.5270
255.4816,192.8383,47.8233,120.4683
255.7308,195.7615,46.9200,118.0123
253.4238,194.3604,46.7097,119.5855
250.5509,195.4654,46.9460,118.7596
247.9476,195.3017,47.4688,118.8131
245.1640,197.1558,47.7810,117.5994
243.2344,198.7921,48.3514,116.4001
240.7419,199.7155,49.9577,115.2549
238.0720,201.4050,49.6383,114.1682
236.3293,202.2899,49.7849,112.3957
234.0953,203.7419,50.6645,110.7348
231.6165,203.2159,50.2971,111.0691
229.0211,203.9106,50.5028,110.5251
226.8067,202.6192,49.3746,111.2242
