1
329.5201,161.5326,42.1299,64.6658
330.9167,159.6624,38.6823,63.3907
2
0
0
0
0
1
2
0
0
0
0
1
313.4770,173.4343,41.4361,72.9691
2
0
0
0
0
1
2
0
0
0
0
1
2
0
0
0
0
1
329.6379,156.4108,22.2096,63.2540
2
0
0
0
0
1
2
0
0
0
0
1
2
0
0
0
0
1
333.8148,152.6836,34.8014,69.8287
2
0
0
0
0
1
2
0
0
0
0
1
330.7788,148.1268,41.8028,79.3727
2
0
0
0
0
1
2
0
0
0
0
1
2
0
0
0
0
1
2
0
0
0
0
1
331.8838,144.3793,43.5242,84.5817
2
0
0
0
0
1
335.8607,145.6082,31.5673,66.3776
343.3985,144.3219,41.6437,71.0866
2
0
0
0
0
1
325.0288,149.5522,41.0792,82.6664
2
0
0
0
0
1
351.8283,151.5482,32.3808,67.1554
348.9681,162.2506,41.5904,75.3262
353.2165,149.3202,31.4255,63.8494
365.3771,144.7533,36.5483,65.6092
364.0977,146.5821,50.6328,68.9604
386.7773,129.8450,42.2335,70.7656
386.7773,129.8450,42.2335,70.7656
386.7773,129.8450,42.2335,70.7656
386.7773,129.8450,42.2335,70.7656
386.7773,129.8450,42.2335,70.7656
386.7773,129.8450,42.2335,70.7656
386.7773,129.8450,42.2335,70.7656
386.7773,129.8450,42.2335,70.7656
386.7773,129.8450,42.2335,70.7656
386.7773,129.8450,42.2335,70.7656
386.7773,129.8450,42.2335,70.7656
386.7773,129.8450,42.2335,70.7656
386.7773,129.8450,42.2335,70.7656
386.7773,129.8450,42.2335,70.7656
386.7773,129.8450,42.2335,70.7656
355.4350,144.4266,46.4784,70.6318
350.9143,141.7405,40.7496,73.4009
2
0
0
0
0
1
385.7771,141.9333,33.3473,84.3344
386.2347,187.4818,41.3449,91.7763
2
0
0
0
0
1
402.0880,159.3562,47.0994,97.8990
403.5893,164.8645,43.0448,88.6674
411.8979,167.5002,32.8374,79.8607
403.4788,156.6025,35.4364,73.4159
2
0
0
0
0
1
404.0261,156.1352,40.3261,105.5863
404.5970,181.2963,47.1759,113.0870
404.5970,181.2963,47.1759,113.0870
404.5970,181.2963,47.1759,113.0870
404.5970,181.2963,47.1759,113.0870
392.9570,125.0389,50.2288,100.5079
2
0
0
0
0
1
429.0292,160.2236,47.3367,94.6368
429.0292,160.2236,47.3367,94.6368
2
0
0
0
0
1
473.0821,142.0654,53.5121,87.8740
2
0
0
0
0
1
470.1226,152.7938,26.3768,81.0716
470.8738,159.6490,30.7058,72.1716
470.3115,160.7977,27.5793,67.6327
475.8783,171.9132,33.7311,71.7390
465.3405,163.9682,31.0005,74.6053
2
0
0
0
0
1
456.7460,171.3078,22.5192,92.9842
463.1704,168.6591,26.6205,95.7080
2
0
0
0
0
1
455.0442,159.0702,30.1317,68.7467
454.7036,157.4869,28.2341,61.9097
449.3218,163.8049,34.0874,59.6679
447.5715,169.0259,34.3258,72.5759
447.5715,169.0259,34.3258,72.5759
447.5715,169.0259,34.3258,72.5759
449.9626,154.7028,25.8245,60.9060
2
0
0
0
0
1
455.0991,143.9658,39.1858,67.4983
2
0
0
0
0
1
447.8379,143.8093,44.1092,77.8148
450.8029,147.6445,49.5361,73.6922
450.8029,147.6445,49.5361,73.6922
445.2308,147.5047,43.8061,65.1551
445.3986,146.7650,43.8948,59.0442
447.0327,142.1353,42.8672,67.0449
451.9988,143.2086,30.8875,60.8625
449.6366,142.5537,39.9658,61.4189
466.2643,147.1427,47.5119,67.6687
2
0
0
0
0
1
494.5400,132.9300,35.0600,63.4100
494.5400,132.9300,35.0600,63.4100
494.5400,132.9300,35.0600,63.4100
2
0
0
0
0
1
2
0
0
0
0
1
530.5156,116.7620,24.7590,60.6443
528.0991,118.6137,25.0650,54.1619
491.7130,157.3298,33.6200,54.7633
2
0
0
0
0
1
478.0678,162.5480,32.8811,70.9127
2
0
0
0
0
1
491.4326,103.4950,30.4975,64.4701
486.0503,123.4918,36.0585,69.5310
486.0503,123.4918,36.0585,69.5310
469.6799,122.1736,40.7824,79.8441
2
0
0
0
0
1
481.1251,91.9357,39.1194,88.1102
2
0
0
0
0
1
479.6890,85.8942,38.3362,81.5302
475.1268,129.1947,34.2818,87.8311
475.1268,129.1947,34.2818,87.8311
475.1268,129.1947,34.2818,87.8311
475.1268,129.1947,34.2818,87.8311
2
0
0
0
0
1
455.7050,135.4586,34.5877,73.8795
455.7050,135.4586,34.5877,73.8795
2
0
0
0
0
1
452.7600,88.5470,31.8600,77.7630
452.7600,88.5470,31.8600,77.7630
452.7600,88.5470,31.8600,77.7630
452.7600,88.5470,31.8600,77.7630
452.7600,88.5470,31.8600,77.7630
452.7600,88.5470,31.8600,77.7630
2
0
0
0
0
1
419.3240,102.1143,55.8800,63.5772
425.8589,98.0252,42.4407,55.7816
425.0741,121.9473,46.7893,53.6324
2
0
0
0
0
1
421.4394,96.2455,35.5410,53.6794
407.7345,127.0266,39.3775,48.1322
2
0
0
0
0
1
399.4446,88.8553,32.0521,65.7114
404.7468,79.6907,26.2775,70.4658
401.7577,85.3500,30.0524,76.9739
396.1135,85.8350,32.4086,73.0709
396.1837,91.2622,39.8900,81.0377
2
0
0
0
0
1
349.6826,74.9308,49.5183,78.8307
349.6826,74.9308,49.5183,78.8307
349.6826,74.9308,49.5183,78.8307
