1
431.9499,224.7676,53.3271,50.3488
2
0
0
0
0
1
460.8009,163.0091,47.7916,48.7576
416.8728,167.3053,36.2442,37.4505
415.5960,165.9018,34.8517,37.7080
407.8372,162.3182,44.4408,29.2713
405.7382,161.5863,38.3986,34.5512
405.3761,159.4522,39.8898,34.9021
402.2726,157.6380,46.0160,34.7814
401.7279,152.3401,44.2851,33.8946
404.3778,153.5254,39.4729,36.0289
2
0
0
0
0
1
365.6882,132.7735,74.5507,81.5209
2
0
0
0
0
1
424.1851,169.7986,91.5464,113.6367
2
0
0
0
0
1
461.0244,2.6210,152.3809,164.1841
438.4424,11.5165,174.6135,245.6473
404.8322,7.2811,198.4080,277.3898
326.5467,33.3074,246.8586,313.1106
2
0
0
0
0
1
300.9944,43.9120,279.4616,250.1636
294.7953,38.5268,258.7387,243.2918
291.9575,6.5850,181.5178,290.6998
273.4481,4.6815,128.5691,299.4222
257.8723,6.7044,120.2667,256.9147
246.4030,2.7884,130.0486,239.2899
229.5004,0.3469,148.4910,222.4910
215.1270,1.4292,166.0401,259.7399
181.6804,0.4943,195.7143,281.6263
152.6655,0.4126,224.2195,279.9868
122.1551,0.0000,247.9937,282.4440
97.5071,1.6039,265.7198,281.5563
72.3257,1.9382,323.2058,289.3306
52.7907,0.0000,322.6588,300.1915
43.3297,0.0000,318.5045,312.0849
23.1899,0.0000,325.8285,318.9208
14.0775,0.0000,322.4565,328.5267
22.5647,1.8438,309.8752,343.7165
36.8193,0.0000,319.8171,335.1669
52.1060,0.0000,334.5629,364.4091
73.4630,0.0000,320.3083,343.6826
90.9400,1.3920,282.4148,350.8975
104.8956,8.5172,269.7714,332.0615
117.7183,27.6988,252.3370,324.3523
136.5500,28.0093,235.5564,318.2954
339.2508,3.8665,217.6407,438.3524
347.6700,0.0000,173.7465,429.3794
372.5125,6.1179,160.4446,455.5562
348.9810,4.8608,210.2660,455.6255
349.6772,1.3109,225.6318,466.6485
351.5162,2.8985,231.1703,428.3703
344.7015,0.0000,254.3353,469.5391
342.1507,2.4873,269.1393,450.6316
342.2969,0.0000,294.4039,449.6523
357.5958,0.0000,466.1692,468.6455
308.0876,0.0000,545.9124,478.9550
0.0000,2.2999,439.3437,472.7077
358.4271,0.0000,493.3630,480.0000
337.4075,0.0000,516.5925,479.6343
183.8132,130.2528,389.3208,349.7472
268.0873,288.1342,281.8824,191.1372
354.1858,3.0070,390.9880,292.9956
295.5039,280.5289,287.1793,195.4987
352.8903,0.7997,422.2195,306.5946
335.7722,33.5520,310.5181,446.4480
365.2770,0.4213,381.6535,381.0843
306.1589,24.1177,307.3993,432.8369
352.7954,1.1104,468.3465,474.3608
303.6530,0.0059,550.3469,479.9941
282.3245,4.2429,329.3362,327.2682
347.6251,0.0000,229.4825,476.0575
293.2940,14.5385,230.0630,457.8097
223.5959,42.7636,252.1592,383.7814
343.1899,2.1301,483.4744,466.6418
71.3057,63.9135,357.5324,415.3200
378.5931,0.7374,475.4069,476.5044
343.2326,0.0000,509.0448,390.2015
42.2715,87.0265,341.5849,383.0653
322.8554,2.3633,380.3705,472.8836
2
0
0
0
0
1
262.3344,134.9972,62.3211,71.0243
263.6705,140.6720,58.1580,66.8829
265.8274,144.0304,55.4945,65.9615
270.8775,145.8737,51.4092,56.4453
278.0757,148.5701,47.6233,53.9272
285.6249,149.9028,45.1449,49.7527
291.3908,151.8189,42.7742,46.1629
296.1416,154.0963,40.3255,44.2110
300.0273,158.3480,38.7592,41.0338
303.5008,163.6468,36.8430,43.8244
305.1013,170.2613,35.1291,43.2663
303.9133,176.1346,35.4712,40.6537
306.1756,181.1948,34.1820,42.2538
308.7809,185.8303,32.9511,40.6330
311.3586,189.6066,32.6704,38.8684
314.8246,192.7555,32.3066,37.5774
318.2391,194.5806,30.6381,30.6618
321.6347,197.0046,30.0216,31.1962
325.4081,198.8043,28.8388,32.0772
